month,town,flat_type,block,street_name,storey_range,floor_area_sqm,flat_model,lease_commence_date,remaining_lease,resale_price
2024-01-01,ANG MO KIO,2 ROOM,116,ANG MO KIO AVE 4,07 TO 09,44.0,Improved,1978,53 years 06 months,288000.0
2024-01-01,ANG MO KIO,2 ROOM,510,ANG MO KIO AVE 8,04 TO 06,44.0,Improved,1980,55 years 07 months,322500.0
2024-01-01,ANG MO KIO,3 ROOM,308B,ANG MO KIO AVE 1,01 TO 03,70.0,Model A,2012,87 years 09 months,520000.0
2024-01-01,ANG MO KIO,3 ROOM,308B,ANG MO KIO AVE 1,25 TO 27,70.0,Model A,2012,87 years 09 months,650000.0
2024-01-01,ANG MO KIO,3 ROOM,223,ANG MO KIO AVE 1,04 TO 06,67.0,New Generation,1978,53 years 01 month,343800.0
2024-01-01,ANG MO KIO,3 ROOM,319,ANG MO KIO AVE 1,01 TO 03,88.0,New Generation,1977,52 years 06 months,450000.0
2024-01-01,ANG MO KIO,3 ROOM,333,ANG MO KIO AVE 1,10 TO 12,68.0,New Generation,1981,56 years 01 month,380000.0
2024-01-01,ANG MO KIO,3 ROOM,307C,ANG MO KIO AVE 1,13 TO 15,70.0,Model A,2012,87 years 08 months,600888.0
2024-01-01,ANG MO KIO,3 ROOM,462,ANG MO KIO AVE 10,04 TO 06,68.0,New Generation,1980,55 years 02 months,340000.0
2024-01-01,ANG MO KIO,3 ROOM,559,ANG MO KIO AVE 10,07 TO 09,68.0,New Generation,1980,55 years 01 month,375000.0
2024-01-01,ANG MO KIO,3 ROOM,440,ANG MO KIO AVE 10,10 TO 12,67.0,New Generation,1979,54 years 01 month,418000.0
2024-01-01,ANG MO KIO,3 ROOM,441,ANG MO KIO AVE 10,10 TO 12,67.0,New Generation,1979,54 years 01 month,408000.0
2024-01-01,ANG MO KIO,3 ROOM,557,ANG MO KIO AVE 10,01 TO 03,68.0,New Generation,1980,55 years 01 month,350000.0
2024-01-01,ANG MO KIO,3 ROOM,440,ANG MO KIO AVE 10,01 TO 03,67.0,New Generation,1979,54 years 01 month,340000.0
2024-01-01,ANG MO KIO,3 ROOM,554,ANG MO KIO AVE 10,01 TO 03,68.0,New Generation,1981,56 years 01 month,367000.0
2024-01-01,ANG MO KIO,3 ROOM,457,ANG MO KIO AVE 10,04 TO 06,75.0,New Generation,1980,55 years 01 month,365000.0
2024-01-01,ANG MO KIO,3 ROOM,462,ANG MO KIO AVE 10,01 TO 03,68.0,New Generation,1980,55 years 02 months,358000.0
2024-01-01,ANG MO KIO,3 ROOM,419,ANG MO KIO AVE 10,10 TO 12,74.0,New Generation,1979,54 years 08 months,420000.0
2024-01-01,ANG MO KIO,3 ROOM,457,ANG MO KIO AVE 10,01 TO 03,75.0,New Generation,1980,55 years,370000.0
2024-01-01,ANG MO KIO,3 ROOM,434,ANG MO KIO AVE 10,10 TO 12,82.0,New Generation,1979,54 years,460000.0
2024-01-01,ANG MO KIO,3 ROOM,417,ANG MO KIO AVE 10,13 TO 15,74.0,New Generation,1979,54 years 07 months,400000.0
2024-01-01,ANG MO KIO,3 ROOM,549,ANG MO KIO AVE 10,04 TO 06,68.0,New Generation,1981,56 years,370000.0
2024-01-01,ANG MO KIO,3 ROOM,202,ANG MO KIO AVE 3,07 TO 09,67.0,New Generation,1977,52 years 05 months,380000.0
2024-01-01,ANG MO KIO,3 ROOM,328,ANG MO KIO AVE 3,01 TO 03,73.0,New Generation,1978,53 years 09 months,398000.0
2024-01-01,ANG MO KIO,3 ROOM,328,ANG MO KIO AVE 3,07 TO 09,73.0,New Generation,1978,53 years 09 months,440888.0
2024-01-01,ANG MO KIO,3 ROOM,214,ANG MO KIO AVE 3,04 TO 06,67.0,New Generation,1976,51 years 04 months,343000.0
2024-01-01,ANG MO KIO,3 ROOM,571,ANG MO KIO AVE 3,10 TO 12,67.0,New Generation,1979,54 years 05 months,410000.0
2024-01-01,ANG MO KIO,3 ROOM,126,ANG MO KIO AVE 3,04 TO 06,67.0,New Generation,1978,53 years 09 months,370000.0
2024-01-01,ANG MO KIO,3 ROOM,130,ANG MO KIO AVE 3,01 TO 03,73.0,New Generation,1979,54 years 01 month,358000.0
2024-01-01,ANG MO KIO,3 ROOM,570,ANG MO KIO AVE 3,04 TO 06,67.0,New Generation,1979,54 years 05 months,353000.0
2024-01-01,ANG MO KIO,3 ROOM,127,ANG MO KIO AVE 3,07 TO 09,82.0,New Generation,1978,53 years 09 months,450000.0
2024-01-01,ANG MO KIO,3 ROOM,424,ANG MO KIO AVE 3,10 TO 12,73.0,New Generation,1979,54 years 01 month,440888.0
2024-01-01,ANG MO KIO,3 ROOM,571,ANG MO KIO AVE 3,07 TO 09,67.0,New Generation,1979,54 years 04 months,388000.0
2024-01-01,ANG MO KIO,3 ROOM,570,ANG MO KIO AVE 3,04 TO 06,67.0,New Generation,1979,54 years 05 months,378000.0
2024-01-01,ANG MO KIO,3 ROOM,201,ANG MO KIO AVE 3,04 TO 06,67.0,New Generation,1977,52 years 03 months,370000.0
2024-01-01,ANG MO KIO,3 ROOM,571,ANG MO KIO AVE 3,01 TO 03,67.0,New Generation,1979,54 years 04 months,398000.0
2024-01-01,ANG MO KIO,3 ROOM,107,ANG MO KIO AVE 4,04 TO 06,74.0,New Generation,1978,53 years 05 months,415000.0
2024-01-01,ANG MO KIO,3 ROOM,256,ANG MO KIO AVE 4,07 TO 09,73.0,New Generation,1977,52 years 07 months,430000.0
2024-01-01,ANG MO KIO,3 ROOM,163,ANG MO KIO AVE 4,01 TO 03,69.0,New Generation,1980,55 years 10 months,395000.0
2024-01-01,ANG MO KIO,3 ROOM,610,ANG MO KIO AVE 4,10 TO 12,68.0,New Generation,1980,55 years 11 months,385888.0
2024-01-01,ANG MO KIO,3 ROOM,156,ANG MO KIO AVE 4,07 TO 09,68.0,New Generation,1981,56 years 05 months,380000.0
2024-01-01,ANG MO KIO,3 ROOM,181,ANG MO KIO AVE 5,07 TO 09,68.0,New Generation,1981,56 years 04 months,388888.0
2024-01-01,ANG MO KIO,3 ROOM,152,ANG MO KIO AVE 5,04 TO 06,68.0,New Generation,1981,56 years 05 months,390000.0
2024-01-01,ANG MO KIO,3 ROOM,606,ANG MO KIO AVE 5,04 TO 06,82.0,New Generation,1980,55 years 06 months,421000.0
2024-01-01,ANG MO KIO,3 ROOM,523,ANG MO KIO AVE 5,10 TO 12,68.0,New Generation,1980,55 years 07 months,410000.0
2024-01-01,ANG MO KIO,3 ROOM,633,ANG MO KIO AVE 6,01 TO 03,67.0,New Generation,1985,60 years 01 month,376000.0
2024-01-01,ANG MO KIO,3 ROOM,646,ANG MO KIO AVE 6,10 TO 12,75.0,New Generation,1980,55 years 11 months,450000.0
2024-01-01,ANG MO KIO,3 ROOM,509,ANG MO KIO AVE 8,10 TO 12,67.0,New Generation,1980,55 years 05 months,380000.0
2024-01-01,ANG MO KIO,3 ROOM,455A,ANG MO KIO ST 44,25 TO 27,68.0,Model A,2018,93 years 02 months,660000.0
2024-01-01,ANG MO KIO,3 ROOM,650,ANG MO KIO ST 61,13 TO 15,67.0,Model A,2015,91 years,565000.0
2024-01-01,ANG MO KIO,4 ROOM,216,ANG MO KIO AVE 1,04 TO 06,88.0,New Generation,1976,51 years 04 months,485800.0
2024-01-01,ANG MO KIO,4 ROOM,334,ANG MO KIO AVE 1,10 TO 12,91.0,New Generation,1982,57 years 02 months,600000.0
2024-01-01,ANG MO KIO,4 ROOM,415,ANG MO KIO AVE 10,07 TO 09,92.0,New Generation,1979,54 years 08 months,510000.0
2024-01-01,ANG MO KIO,4 ROOM,534,ANG MO KIO AVE 10,01 TO 03,93.0,New Generation,1980,55 years 02 months,462000.0
2024-01-01,ANG MO KIO,4 ROOM,471,ANG MO KIO AVE 10,10 TO 12,92.0,New Generation,1979,54 years 07 months,486000.0
2024-01-01,ANG MO KIO,4 ROOM,415,ANG MO KIO AVE 10,07 TO 09,92.0,New Generation,1979,54 years 08 months,490000.0
2024-01-01,ANG MO KIO,4 ROOM,412,ANG MO KIO AVE 10,10 TO 12,92.0,New Generation,1979,54 years 08 months,518888.0
2024-01-01,ANG MO KIO,4 ROOM,345,ANG MO KIO AVE 3,04 TO 06,98.0,New Generation,1978,53 years 05 months,628000.0
2024-01-01,ANG MO KIO,4 ROOM,573,ANG MO KIO AVE 3,10 TO 12,92.0,New Generation,1979,54 years 05 months,522800.0
2024-01-01,ANG MO KIO,4 ROOM,209,ANG MO KIO AVE 3,01 TO 03,91.0,New Generation,1977,52 years 04 months,470000.0
2024-01-01,ANG MO KIO,4 ROOM,428,ANG MO KIO AVE 3,04 TO 06,92.0,New Generation,1978,53 years 10 months,524000.0
2024-01-01,ANG MO KIO,4 ROOM,325,ANG MO KIO AVE 3,04 TO 06,98.0,New Generation,1978,53 years 09 months,588000.0
2024-01-01,ANG MO KIO,4 ROOM,326,ANG MO KIO AVE 3,01 TO 03,92.0,New Generation,1977,52 years 05 months,500000.0
2024-01-01,ANG MO KIO,4 ROOM,344,ANG MO KIO AVE 3,04 TO 06,98.0,New Generation,1978,53 years 03 months,570000.0
2024-01-01,ANG MO KIO,4 ROOM,118,ANG MO KIO AVE 4,07 TO 09,90.0,New Generation,1978,53 years 06 months,470000.0
2024-01-01,ANG MO KIO,4 ROOM,642,ANG MO KIO AVE 5,07 TO 09,100.0,New Generation,1980,55 years 11 months,523000.0
2024-01-01,ANG MO KIO,4 ROOM,522,ANG MO KIO AVE 5,01 TO 03,92.0,New Generation,1980,55 years 08 months,501000.0
2024-01-01,ANG MO KIO,4 ROOM,179,ANG MO KIO AVE 5,04 TO 06,91.0,New Generation,1981,56 years 04 months,490000.0
2024-01-01,ANG MO KIO,4 ROOM,638,ANG MO KIO AVE 6,10 TO 12,91.0,New Generation,1980,55 years 07 months,530000.0
2024-01-01,ANG MO KIO,4 ROOM,636,ANG MO KIO AVE 6,07 TO 09,91.0,New Generation,1980,55 years 07 months,516300.0
2024-01-01,ANG MO KIO,4 ROOM,620,ANG MO KIO AVE 9,04 TO 06,100.0,New Generation,1980,55 years 09 months,520000.0
2024-01-01,ANG MO KIO,4 ROOM,260B,ANG MO KIO ST 21,13 TO 15,93.0,Model A,2018,93 years 06 months,957000.0
2024-01-01,ANG MO KIO,4 ROOM,315A,ANG MO KIO ST 31,07 TO 09,90.0,Model A,2006,81 years 04 months,732000.0
2024-01-01,ANG MO KIO,4 ROOM,351,ANG MO KIO ST 32,01 TO 03,95.0,Model A,2001,76 years 09 months,690000.0
2024-01-01,ANG MO KIO,4 ROOM,455A,ANG MO KIO ST 44,01 TO 03,93.0,Model A,2018,93 years 03 months,780000.0
2024-01-01,ANG MO KIO,4 ROOM,455A,ANG MO KIO ST 44,13 TO 15,93.0,Model A,2018,93 years 03 months,920000.0
2024-01-01,ANG MO KIO,4 ROOM,455C,ANG MO KIO ST 44,22 TO 24,93.0,Model A,2018,93 years 03 months,950800.0
2024-01-01,ANG MO KIO,4 ROOM,590B,ANG MO KIO ST 51,07 TO 09,93.0,Model A,2019,94 years 02 months,968000.0
2024-01-01,ANG MO KIO,5 ROOM,460,ANG MO KIO AVE 10,04 TO 06,120.0,Improved,1980,55 years 01 month,645000.0
2024-01-01,ANG MO KIO,5 ROOM,259,ANG MO KIO AVE 2,22 TO 24,135.0,Model A,1982,57 years 04 months,950000.0
2024-01-01,ANG MO KIO,5 ROOM,430,ANG MO KIO AVE 3,13 TO 15,119.0,Improved,1979,54 years 01 month,748888.0
2024-01-01,ANG MO KIO,5 ROOM,609,ANG MO KIO AVE 4,04 TO 06,132.0,Model A,1993,68 years 04 months,645000.0
2024-01-01,ANG MO KIO,5 ROOM,700B,ANG MO KIO AVE 6,25 TO 27,110.0,Improved,2003,78 years 08 months,1050000.0
2024-01-01,ANG MO KIO,5 ROOM,260B,ANG MO KIO ST 21,25 TO 27,113.0,Improved,2018,93 years 07 months,1145000.0
2024-01-01,ANG MO KIO,5 ROOM,260B,ANG MO KIO ST 21,07 TO 09,113.0,Improved,2018,93 years 07 months,1080000.0
2024-01-01,ANG MO KIO,5 ROOM,253,ANG MO KIO ST 21,07 TO 09,136.0,Model A,1996,71 years 03 months,965888.0
2024-01-01,ANG MO KIO,5 ROOM,317,ANG MO KIO ST 31,04 TO 06,138.0,Model A,1994,70 years,920000.0
2024-01-01,ANG MO KIO,5 ROOM,455A,ANG MO KIO ST 44,19 TO 21,113.0,Improved,2018,93 years 03 months,1080000.0
2024-01-01,ANG MO KIO,5 ROOM,588D,ANG MO KIO ST 52,07 TO 09,117.0,DBSS,2011,86 years 08 months,1050000.0
2024-01-01,ANG MO KIO,5 ROOM,588B,ANG MO KIO ST 52,28 TO 30,112.0,DBSS,2011,86 years 07 months,1100000.0
2024-01-01,ANG MO KIO,5 ROOM,596A,ANG MO KIO ST 52,16 TO 18,110.0,Improved,2002,78 years,880000.0
2024-01-01,ANG MO KIO,5 ROOM,588A,ANG MO KIO ST 52,04 TO 06,120.0,DBSS,2011,86 years 08 months,1020000.0
2024-01-01,BEDOK,2 ROOM,620,BEDOK RESERVOIR RD,01 TO 03,45.0,Improved,1986,61 years 09 months,280000.0
2024-01-01,BEDOK,3 ROOM,220A,BEDOK CTRL,01 TO 03,62.0,Model A,2010,85 years 05 months,558000.0
2024-01-01,BEDOK,3 ROOM,549,BEDOK NTH AVE 1,10 TO 12,67.0,New Generation,1984,59 years 10 months,372800.0
2024-01-01,BEDOK,3 ROOM,424,BEDOK NTH AVE 1,07 TO 09,67.0,New Generation,1979,54 years 01 month,380000.0
2024-01-01,BEDOK,3 ROOM,550,BEDOK NTH AVE 1,07 TO 09,68.0,New Generation,1980,55 years 06 months,372000.0
2024-01-01,BEDOK,3 ROOM,521,BEDOK NTH AVE 1,04 TO 06,67.0,New Generation,1979,54 years 07 months,393000.0
2024-01-01,BEDOK,3 ROOM,521,BEDOK NTH AVE 1,07 TO 09,67.0,New Generation,1979,54 years 06 months,388000.0
2024-01-01,BEDOK,3 ROOM,520,BEDOK NTH AVE 1,04 TO 06,67.0,New Generation,1979,54 years 07 months,358000.0
2024-01-01,BEDOK,3 ROOM,549,BEDOK NTH AVE 1,04 TO 06,67.0,New Generation,1984,59 years 10 months,375000.0
2024-01-01,BEDOK,3 ROOM,409,BEDOK NTH AVE 2,07 TO 09,68.0,New Generation,1980,55 years 04 months,390000.0
2024-01-01,BEDOK,3 ROOM,116,BEDOK NTH RD,13 TO 15,88.0,New Generation,1978,53 years 06 months,430000.0
2024-01-01,BEDOK,3 ROOM,77,BEDOK NTH RD,10 TO 12,60.0,Improved,1986,61 years 05 months,365000.0
2024-01-01,BEDOK,3 ROOM,75,BEDOK NTH RD,07 TO 09,59.0,Improved,1978,53 years 01 month,325000.0
2024-01-01,BEDOK,3 ROOM,74,BEDOK NTH RD,04 TO 06,59.0,Improved,1978,53 years 01 month,360000.0
2024-01-01,BEDOK,3 ROOM,125,BEDOK NTH RD,10 TO 12,82.0,New Generation,1978,53 years 04 months,420000.0
2024-01-01,BEDOK,3 ROOM,77,BEDOK NTH RD,07 TO 09,60.0,Improved,1986,61 years 04 months,360000.0
2024-01-01,BEDOK,3 ROOM,75,BEDOK NTH RD,13 TO 15,59.0,Improved,1978,53 years,325888.0
2024-01-01,BEDOK,3 ROOM,426,BEDOK NTH RD,04 TO 06,67.0,New Generation,1979,54 years,382000.0
2024-01-01,BEDOK,3 ROOM,419,BEDOK NTH ST 1,07 TO 09,68.0,New Generation,1979,54 years,420000.0
2024-01-01,BEDOK,3 ROOM,134,BEDOK NTH ST 2,07 TO 09,67.0,New Generation,1978,53 years 05 months,370000.0
2024-01-01,BEDOK,3 ROOM,504,BEDOK NTH ST 3,01 TO 03,59.0,Improved,1978,53 years 04 months,326000.0
2024-01-01,BEDOK,3 ROOM,532,BEDOK NTH ST 3,01 TO 03,68.0,New Generation,1980,55 years 01 month,350000.0
2024-01-01,BEDOK,3 ROOM,545,BEDOK NTH ST 3,01 TO 03,82.0,New Generation,1980,55 years 05 months,408000.0
2024-01-01,BEDOK,3 ROOM,525,BEDOK NTH ST 3,13 TO 15,67.0,New Generation,1979,54 years 07 months,360000.0
2024-01-01,BEDOK,3 ROOM,533,BEDOK NTH ST 3,01 TO 03,82.0,New Generation,1980,55 years 01 month,412000.0
2024-01-01,BEDOK,3 ROOM,535,BEDOK NTH ST 3,07 TO 09,60.0,Improved,1986,61 years 01 month,360000.0
2024-01-01,BEDOK,3 ROOM,501,BEDOK NTH ST 3,04 TO 06,59.0,Improved,1978,53 years 04 months,365000.0
2024-01-01,BEDOK,3 ROOM,529,BEDOK NTH ST 3,01 TO 03,68.0,New Generation,1979,54 years 08 months,356888.0
2024-01-01,BEDOK,3 ROOM,502,BEDOK NTH ST 3,13 TO 15,59.0,Improved,1978,53 years 04 months,333000.0
2024-01-01,BEDOK,3 ROOM,525,BEDOK NTH ST 3,04 TO 06,67.0,New Generation,1979,54 years 06 months,354288.0
2024-01-01,BEDOK,3 ROOM,501,BEDOK NTH ST 3,10 TO 12,59.0,Improved,1978,53 years 03 months,353000.0
2024-01-01,BEDOK,3 ROOM,533,BEDOK NTH ST 3,13 TO 15,68.0,New Generation,1980,55 years,383888.0
2024-01-01,BEDOK,3 ROOM,188A,BEDOK NTH ST 4,10 TO 12,68.0,Model A,2018,93 years 11 months,563000.0
2024-01-01,BEDOK,3 ROOM,619,BEDOK RESERVOIR RD,04 TO 06,68.0,New Generation,1981,56 years 03 months,380000.0
2024-01-01,BEDOK,3 ROOM,103,BEDOK RESERVOIR RD,07 TO 09,67.0,New Generation,1985,60 years 07 months,398000.0
2024-01-01,BEDOK,3 ROOM,709,BEDOK RESERVOIR RD,01 TO 03,68.0,New Generation,1981,56 years 07 months,370000.0
2024-01-01,BEDOK,3 ROOM,703,BEDOK RESERVOIR RD,01 TO 03,68.0,New Generation,1980,55 years 11 months,393000.0
2024-01-01,BEDOK,3 ROOM,709,BEDOK RESERVOIR RD,04 TO 06,68.0,New Generation,1981,56 years 07 months,398000.0
2024-01-01,BEDOK,3 ROOM,709,BEDOK RESERVOIR RD,01 TO 03,82.0,New Generation,1981,56 years 06 months,420000.0
2024-01-01,BEDOK,3 ROOM,619,BEDOK RESERVOIR RD,10 TO 12,68.0,New Generation,1981,56 years 02 months,405000.0
2024-01-01,BEDOK,3 ROOM,23,BEDOK STH AVE 1,13 TO 15,88.0,New Generation,1977,52 years 05 months,469000.0
2024-01-01,BEDOK,3 ROOM,3,BEDOK STH AVE 1,07 TO 09,59.0,Improved,1976,51 years 01 month,345000.0
2024-01-01,BEDOK,3 ROOM,3,BEDOK STH AVE 1,01 TO 03,59.0,Improved,1976,51 years,355000.0
2024-01-01,BEDOK,3 ROOM,40,BEDOK STH RD,04 TO 06,67.0,New Generation,1978,53 years 09 months,362000.0
2024-01-01,BEDOK,3 ROOM,39,BEDOK STH RD,10 TO 12,67.0,New Generation,1978,53 years 08 months,375000.0
2024-01-01,BEDOK,3 ROOM,32,CHAI CHEE AVE,07 TO 09,65.0,Improved,1974,49 years 01 month,358000.0
2024-01-01,BEDOK,3 ROOM,55,CHAI CHEE DR,10 TO 12,79.0,Model A,1984,59 years 04 months,420000.0
2024-01-01,BEDOK,3 ROOM,20,CHAI CHEE RD,04 TO 06,75.0,Improved,1972,47 years 07 months,378000.0
2024-01-01,BEDOK,3 ROOM,59,CHAI CHEE RD,10 TO 12,80.0,Model A,1984,59 years,400000.0
2024-01-01,BEDOK,3 ROOM,50,CHAI CHEE ST,10 TO 12,68.0,New Generation,1981,56 years 07 months,363000.0
2024-01-01,BEDOK,3 ROOM,57,NEW UPP CHANGI RD,13 TO 15,60.0,Improved,1985,60 years 10 months,345000.0
2024-01-01,BEDOK,3 ROOM,210,NEW UPP CHANGI RD,01 TO 03,68.0,New Generation,1980,55 years 02 months,440800.0
2024-01-01,BEDOK,3 ROOM,29,NEW UPP CHANGI RD,10 TO 12,76.0,Improved,1977,52 years 04 months,405000.0
2024-01-01,BEDOK,4 ROOM,221A,BEDOK CTRL,04 TO 06,97.0,Model A,2010,85 years 05 months,808888.0
2024-01-01,BEDOK,4 ROOM,219C,BEDOK CTRL,01 TO 03,87.0,Model A,2010,85 years 05 months,808000.0
2024-01-01,BEDOK,4 ROOM,219B,BEDOK CTRL,01 TO 03,97.0,Model A,2010,85 years 05 months,750000.0
2024-01-01,BEDOK,4 ROOM,550,BEDOK NTH AVE 1,07 TO 09,93.0,New Generation,1980,55 years 07 months,470000.0
2024-01-01,BEDOK,4 ROOM,519,BEDOK NTH AVE 1,01 TO 03,92.0,New Generation,1979,54 years 07 months,475000.0
2024-01-01,BEDOK,4 ROOM,512,BEDOK NTH AVE 2,01 TO 03,92.0,New Generation,1979,54 years 07 months,458000.0
2024-01-01,BEDOK,4 ROOM,507,BEDOK NTH AVE 3,04 TO 06,92.0,New Generation,1978,53 years 11 months,485000.0
2024-01-01,BEDOK,4 ROOM,403,BEDOK NTH AVE 3,01 TO 03,92.0,New Generation,1980,55 years 04 months,490000.0
2024-01-01,BEDOK,4 ROOM,421,BEDOK NTH RD,01 TO 03,92.0,New Generation,1979,54 years 01 month,495000.0
2024-01-01,BEDOK,4 ROOM,181,BEDOK NTH RD,07 TO 09,92.0,Model A,2006,81 years 02 months,718000.0
2024-01-01,BEDOK,4 ROOM,82,BEDOK NTH RD,01 TO 03,92.0,New Generation,1978,53 years 06 months,467000.0
2024-01-01,BEDOK,4 ROOM,183,BEDOK NTH RD,10 TO 12,92.0,Model A,2005,81 years,700000.0
2024-01-01,BEDOK,4 ROOM,528,BEDOK NTH ST 3,01 TO 03,92.0,New Generation,1979,54 years 08 months,485000.0
2024-01-01,BEDOK,4 ROOM,547,BEDOK NTH ST 3,07 TO 09,92.0,New Generation,1980,55 years 05 months,485000.0
2024-01-01,BEDOK,4 ROOM,188B,BEDOK NTH ST 4,07 TO 09,93.0,Model A,2018,94 years 01 month,820000.0
2024-01-01,BEDOK,4 ROOM,188B,BEDOK NTH ST 4,10 TO 12,93.0,Model A,2018,93 years 11 months,840000.0
2024-01-01,BEDOK,4 ROOM,602,BEDOK RESERVOIR RD,04 TO 06,98.0,New Generation,1982,57 years 05 months,500000.0
2024-01-01,BEDOK,4 ROOM,151,BEDOK RESERVOIR RD,07 TO 09,84.0,Simplified,1988,63 years 09 months,514000.0
2024-01-01,BEDOK,4 ROOM,121,BEDOK RESERVOIR RD,04 TO 06,93.0,New Generation,1985,60 years 07 months,520000.0
2024-01-01,BEDOK,4 ROOM,148,BEDOK RESERVOIR RD,10 TO 12,85.0,Simplified,1987,62 years 03 months,522000.0
2024-01-01,BEDOK,4 ROOM,151,BEDOK RESERVOIR RD,04 TO 06,84.0,Simplified,1988,63 years 09 months,500000.0
2024-01-01,BEDOK,4 ROOM,133,BEDOK RESERVOIR RD,07 TO 09,84.0,Simplified,1987,62 years,520000.0
2024-01-01,BEDOK,4 ROOM,149,BEDOK RESERVOIR RD,07 TO 09,104.0,Model A,1987,62 years 05 months,593000.0
2024-01-01,BEDOK,4 ROOM,110,BEDOK RESERVOIR RD,04 TO 06,93.0,New Generation,1985,60 years 06 months,530000.0
2024-01-01,BEDOK,4 ROOM,124,BEDOK RESERVOIR RD,10 TO 12,84.0,Simplified,1987,62 years 03 months,518000.0
2024-01-01,BEDOK,4 ROOM,774,BEDOK RESERVOIR VIEW,10 TO 12,105.0,Premium Apartment,2000,75 years 11 months,690000.0
2024-01-01,BEDOK,4 ROOM,772,BEDOK RESERVOIR VIEW,07 TO 09,105.0,Premium Apartment,2000,75 years 11 months,660000.0
2024-01-01,BEDOK,4 ROOM,37,BEDOK STH AVE 2,16 TO 18,84.0,Improved,1977,52 years 09 months,462888.0
2024-01-01,BEDOK,4 ROOM,36,BEDOK STH AVE 2,10 TO 12,84.0,Improved,1977,52 years 08 months,418000.0
2024-01-01,BEDOK,4 ROOM,8,BEDOK STH AVE 2,01 TO 03,82.0,Improved,1976,51 years,430000.0
2024-01-01,BEDOK,4 ROOM,159,BEDOK STH AVE 3,04 TO 06,83.0,Simplified,1985,60 years 03 months,490000.0
2024-01-01,BEDOK,4 ROOM,43,BEDOK STH RD,13 TO 15,84.0,Improved,1977,52 years 09 months,459888.0
2024-01-01,BEDOK,4 ROOM,35,CHAI CHEE AVE,10 TO 12,82.0,Improved,1975,50 years 01 month,440000.0
2024-01-01,BEDOK,4 ROOM,808A,CHAI CHEE RD,10 TO 12,93.0,Model A,2016,91 years 11 months,768000.0
2024-01-01,BEDOK,4 ROOM,54,CHAI CHEE ST,07 TO 09,94.0,New Generation,1981,56 years 05 months,480000.0
2024-01-01,BEDOK,4 ROOM,672,JLN DAMAI,04 TO 06,108.0,Model A,1996,71 years 07 months,666000.0
2024-01-01,BEDOK,4 ROOM,671,JLN DAMAI,07 TO 09,108.0,Model A,1996,71 years 07 months,675888.0
2024-01-01,BEDOK,4 ROOM,657,JLN TENAGA,04 TO 06,108.0,Model A,1996,71 years 07 months,648000.0
2024-01-01,BEDOK,4 ROOM,62,NEW UPP CHANGI RD,10 TO 12,92.0,New Generation,1978,53 years 05 months,480000.0
2024-01-01,BEDOK,4 ROOM,52,NEW UPP CHANGI RD,16 TO 18,84.0,Improved,1977,52 years 08 months,450000.0
2024-01-01,BEDOK,5 ROOM,413,BEDOK NTH AVE 2,04 TO 06,119.0,Improved,1979,54 years 05 months,612800.0
2024-01-01,BEDOK,5 ROOM,97,BEDOK NTH AVE 4,22 TO 24,123.0,Standard,1978,53 years 11 months,660000.0
2024-01-01,BEDOK,5 ROOM,140,BEDOK NTH ST 2,04 TO 06,121.0,Improved,1998,73 years 06 months,805000.0
2024-01-01,BEDOK,5 ROOM,140,BEDOK NTH ST 2,10 TO 12,121.0,Improved,1998,73 years 05 months,855000.0
2024-01-01,BEDOK,5 ROOM,187B,BEDOK NTH ST 4,01 TO 03,113.0,Improved,2018,94 years,858000.0
2024-01-01,BEDOK,5 ROOM,187B,BEDOK NTH ST 4,01 TO 03,113.0,Improved,2018,93 years 11 months,885000.0
2024-01-01,BEDOK,5 ROOM,187A,BEDOK NTH ST 4,07 TO 09,113.0,Improved,2018,94 years,955000.0
2024-01-01,BEDOK,5 ROOM,717,BEDOK RESERVOIR RD,01 TO 03,137.0,Model A-Maisonette,1984,59 years 01 month,750000.0
2024-01-01,BEDOK,5 ROOM,722,BEDOK RESERVOIR RD,04 TO 06,137.0,Model A-Maisonette,1984,59 years 07 months,830000.0
2024-01-01,BEDOK,5 ROOM,715,BEDOK RESERVOIR RD,07 TO 09,121.0,Improved,1980,55 years 11 months,660000.0
2024-01-01,BEDOK,5 ROOM,710,BEDOK RESERVOIR RD,01 TO 03,121.0,Improved,1980,55 years 11 months,545000.0
2024-01-01,BEDOK,5 ROOM,607,BEDOK RESERVOIR RD,01 TO 03,121.0,Improved,1983,58 years,570000.0
2024-01-01,BEDOK,5 ROOM,602,BEDOK RESERVOIR RD,13 TO 15,126.0,Improved,1982,57 years 04 months,630000.0
2024-01-01,BEDOK,5 ROOM,769,BEDOK RESERVOIR VIEW,13 TO 15,115.0,Premium Apartment,2000,76 years,781000.0
2024-01-01,BEDOK,5 ROOM,761,BEDOK RESERVOIR VIEW,13 TO 15,115.0,Premium Apartment,2000,76 years,810500.0
2024-01-01,BEDOK,5 ROOM,769,BEDOK RESERVOIR VIEW,16 TO 18,117.0,Premium Apartment,2000,76 years,785000.0
2024-01-01,BEDOK,5 ROOM,31,BEDOK STH AVE 2,04 TO 06,118.0,Standard,1978,53 years 02 months,575000.0
2024-01-01,BEDOK,5 ROOM,66,BEDOK STH AVE 3,16 TO 18,125.0,Standard,1977,52 years 10 months,740000.0
2024-01-01,BEDOK,5 ROOM,66,BEDOK STH AVE 3,01 TO 03,123.0,Standard,1977,52 years 11 months,685000.0
2024-01-01,BEDOK,5 ROOM,10,CHAI CHEE RD,13 TO 15,120.0,Improved,2001,76 years 02 months,870000.0
2024-01-01,BEDOK,5 ROOM,26,CHAI CHEE RD,04 TO 06,122.0,Improved,1993,68 years 05 months,810000.0
2024-01-01,BEDOK,5 ROOM,10,CHAI CHEE RD,01 TO 03,115.0,Improved,2001,76 years 01 month,718000.0
2024-01-01,BEDOK,5 ROOM,666,JLN DAMAI,13 TO 15,126.0,Improved,1996,71 years 10 months,880000.0
2024-01-01,BEDOK,5 ROOM,116,LENGKONG TIGA,16 TO 18,125.0,Improved,1989,64 years 01 month,998000.0
2024-01-01,BEDOK,5 ROOM,61,NEW UPP CHANGI RD,10 TO 12,115.0,Standard,1977,52 years 07 months,692000.0
2024-01-01,BEDOK,EXECUTIVE,94B,BEDOK NTH AVE 4,10 TO 12,143.0,Apartment,1993,68 years 05 months,988888.0
2024-01-01,BEDOK,EXECUTIVE,94C,BEDOK NTH AVE 4,10 TO 12,143.0,Apartment,1993,68 years 04 months,1018888.0
2024-01-01,BEDOK,EXECUTIVE,721,BEDOK RESERVOIR RD,04 TO 06,148.0,Maisonette,1984,59 years 01 month,865000.0
2024-01-01,BEDOK,EXECUTIVE,633,BEDOK RESERVOIR RD,04 TO 06,144.0,Apartment,1993,68 years 05 months,935000.0
2024-01-01,BEDOK,EXECUTIVE,635,BEDOK RESERVOIR RD,10 TO 12,146.0,Apartment,1993,68 years 04 months,985000.0
2024-01-01,BEDOK,EXECUTIVE,641,BEDOK RESERVOIR RD,04 TO 06,146.0,Apartment,1993,69 years,915000.0
2024-01-01,BEDOK,EXECUTIVE,725,BEDOK RESERVOIR RD,10 TO 12,151.0,Maisonette,1984,59 years 08 months,868000.0
2024-01-01,BEDOK,EXECUTIVE,721,BEDOK RESERVOIR RD,04 TO 06,147.0,Maisonette,1984,59 years,855000.0
2024-01-01,BEDOK,EXECUTIVE,665,JLN DAMAI,04 TO 06,146.0,Maisonette,1996,71 years 10 months,950000.0
2024-01-01,BEDOK,EXECUTIVE,665,JLN DAMAI,01 TO 03,146.0,Maisonette,1996,71 years 09 months,908888.0
2024-01-01,BEDOK,EXECUTIVE,104,LENGKONG TIGA,04 TO 06,146.0,Maisonette,1989,64 years 02 months,968000.0
2024-01-01,BISHAN,3 ROOM,180,BISHAN ST 13,07 TO 09,64.0,Simplified,1988,63 years 04 months,480000.0
2024-01-01,BISHAN,4 ROOM,127,BISHAN ST 12,01 TO 03,83.0,Simplified,1986,62 years 01 month,613000.0
2024-01-01,BISHAN,4 ROOM,131,BISHAN ST 12,04 TO 06,84.0,Simplified,1986,61 years 01 month,605000.0
2024-01-01,BISHAN,4 ROOM,106,BISHAN ST 12,07 TO 09,105.0,Model A,1985,60 years 10 months,660000.0
2024-01-01,BISHAN,4 ROOM,182,BISHAN ST 13,04 TO 06,83.0,Simplified,1987,62 years 07 months,680000.0
2024-01-01,BISHAN,4 ROOM,170,BISHAN ST 13,01 TO 03,83.0,Simplified,1987,62 years 09 months,530000.0
2024-01-01,BISHAN,4 ROOM,167,BISHAN ST 13,04 TO 06,103.0,Model A,1988,63 years 08 months,630000.0
2024-01-01,BISHAN,4 ROOM,235,BISHAN ST 22,07 TO 09,107.0,Model A,1992,67 years 05 months,765888.0
2024-01-01,BISHAN,4 ROOM,224,BISHAN ST 23,22 TO 24,102.0,Model A,1992,67 years 09 months,818000.0
2024-01-01,BISHAN,4 ROOM,229,BISHAN ST 23,16 TO 18,102.0,Model A,1992,67 years 04 months,780000.0
2024-01-01,BISHAN,4 ROOM,209,BISHAN ST 23,10 TO 12,103.0,Model A,1992,67 years 05 months,738000.0
2024-01-01,BISHAN,4 ROOM,272,BISHAN ST 24,10 TO 12,103.0,Model A,1992,67 years 08 months,780000.0
2024-01-01,BISHAN,4 ROOM,309,SHUNFU RD,10 TO 12,95.0,New Generation,1984,59 years 11 months,680000.0
2024-01-01,BISHAN,4 ROOM,449,SIN MING AVE,10 TO 12,105.0,Model A,1990,65 years 02 months,845000.0
2024-01-01,BISHAN,5 ROOM,179,BISHAN ST 13,13 TO 15,121.0,Improved,1987,62 years 08 months,958000.0
2024-01-01,BISHAN,5 ROOM,163,BISHAN ST 13,19 TO 21,121.0,Improved,1988,63 years 07 months,942000.0
2024-01-01,BISHAN,5 ROOM,161,BISHAN ST 13,19 TO 21,121.0,Improved,1988,63 years 07 months,962000.0
2024-01-01,BISHAN,5 ROOM,292,BISHAN ST 22,19 TO 21,123.0,Premium Apartment,1998,73 years 06 months,1000000.0
2024-01-01,BISHAN,5 ROOM,275A,BISHAN ST 24,10 TO 12,120.0,DBSS,2011,86 years 08 months,1311000.0
2024-01-01,BISHAN,5 ROOM,273B,BISHAN ST 24,40 TO 42,120.0,DBSS,2011,86 years 08 months,1458000.0
2024-01-01,BISHAN,5 ROOM,447,BRIGHT HILL DR,01 TO 03,120.0,Improved,1990,65 years 01 month,858000.0
2024-01-01,BISHAN,EXECUTIVE,102,BISHAN ST 12,22 TO 24,163.0,Maisonette,1987,62 years 01 month,1380000.0
2024-01-01,BISHAN,EXECUTIVE,128,BISHAN ST 12,22 TO 24,150.0,Maisonette,1987,62 years 03 months,1290000.0
2024-01-01,BISHAN,EXECUTIVE,159,BISHAN ST 13,01 TO 03,144.0,Maisonette,1988,63 years 06 months,1088888.0
2024-01-01,BISHAN,EXECUTIVE,186,BISHAN ST 13,04 TO 06,153.0,Maisonette,1987,62 years 08 months,1260000.0
2024-01-01,BISHAN,EXECUTIVE,261,BISHAN ST 22,04 TO 06,151.0,Maisonette,1992,67 years 07 months,1165000.0
2024-01-01,BISHAN,EXECUTIVE,245,BISHAN ST 22,04 TO 06,149.0,Maisonette,1992,67 years 07 months,1143000.0
2024-01-01,BISHAN,EXECUTIVE,231,BISHAN ST 23,07 TO 09,146.0,Maisonette,1992,67 years 05 months,1200000.0
2024-01-01,BISHAN,EXECUTIVE,301,SHUNFU RD,04 TO 06,158.0,Maisonette,1985,60 years 07 months,1200000.0
2024-01-01,BISHAN,EXECUTIVE,404,SIN MING AVE,01 TO 03,154.0,Maisonette,1986,61 years 07 months,1038888.0
2024-01-01,BISHAN,EXECUTIVE,453,SIN MING AVE,16 TO 18,174.0,Maisonette,1990,65 years 01 month,1400000.0
2024-01-01,BUKIT BATOK,2 ROOM,292A,BT BATOK EAST AVE 6,22 TO 24,47.0,Model A,2019,94 years,368000.0
2024-01-01,BUKIT BATOK,2 ROOM,436A,BT BATOK WEST AVE 5,10 TO 12,47.0,Model A,2020,95 years 02 months,342888.0
2024-01-01,BUKIT BATOK,2 ROOM,451A,BT BATOK WEST AVE 6,13 TO 15,47.0,Model A,2019,94 years 03 months,343000.0
2024-01-01,BUKIT BATOK,2 ROOM,450A,BT BATOK WEST AVE 6,16 TO 18,47.0,Model A,2019,94 years 03 months,372000.0
2024-01-01,BUKIT BATOK,2 ROOM,445B,BT BATOK WEST AVE 8,19 TO 21,47.0,Model A,2019,94 years,350000.0
2024-01-01,BUKIT BATOK,3 ROOM,227,BT BATOK CTRL,10 TO 12,67.0,New Generation,1985,60 years 03 months,390000.0
2024-01-01,BUKIT BATOK,3 ROOM,267,BT BATOK EAST AVE 4,01 TO 03,64.0,Simplified,1987,62 years 02 months,354000.0
2024-01-01,BUKIT BATOK,3 ROOM,231,BT BATOK EAST AVE 5,07 TO 09,69.0,New Generation,1985,60 years 06 months,363000.0
2024-01-01,BUKIT BATOK,3 ROOM,247,BT BATOK EAST AVE 5,07 TO 09,73.0,Model A,1985,60 years 03 months,380000.0
2024-01-01,BUKIT BATOK,3 ROOM,150,BT BATOK ST 11,01 TO 03,67.0,New Generation,1998,73 years 01 month,345000.0
2024-01-01,BUKIT BATOK,3 ROOM,206,BT BATOK ST 21,13 TO 15,73.0,Model A,1983,59 years 01 month,400000.0
2024-01-01,BUKIT BATOK,3 ROOM,293D,BT BATOK ST 21,04 TO 06,68.0,Model A,2019,94 years 02 months,470000.0
2024-01-01,BUKIT BATOK,3 ROOM,205,BT BATOK ST 21,07 TO 09,73.0,Model A,1985,60 years 02 months,400000.0
2024-01-01,BUKIT BATOK,3 ROOM,296B,BT BATOK ST 22,07 TO 09,68.0,Premium Apartment,2018,93 years 04 months,478000.0
2024-01-01,BUKIT BATOK,3 ROOM,377,BT BATOK ST 31,16 TO 18,67.0,Model A,2019,94 years 04 months,522000.0
2024-01-01,BUKIT BATOK,3 ROOM,367,BT BATOK ST 31,04 TO 06,68.0,New Generation,1987,62 years 08 months,380000.0
2024-01-01,BUKIT BATOK,3 ROOM,363,BT BATOK ST 31,04 TO 06,68.0,New Generation,1987,62 years 10 months,355000.0
2024-01-01,BUKIT BATOK,3 ROOM,368,BT BATOK ST 31,10 TO 12,68.0,New Generation,1987,62 years 01 month,383000.0
2024-01-01,BUKIT BATOK,3 ROOM,374,BT BATOK ST 31,01 TO 03,64.0,Simplified,1988,63 years 03 months,395000.0
2024-01-01,BUKIT BATOK,3 ROOM,377,BT BATOK ST 31,22 TO 24,67.0,Model A,2019,94 years 04 months,550000.0
2024-01-01,BUKIT BATOK,3 ROOM,377,BT BATOK ST 31,16 TO 18,67.0,Model A,2019,94 years 03 months,535000.0
2024-01-01,BUKIT BATOK,3 ROOM,374,BT BATOK ST 31,01 TO 03,64.0,Simplified,1988,63 years 02 months,380000.0
2024-01-01,BUKIT BATOK,3 ROOM,321,BT BATOK ST 33,07 TO 09,68.0,New Generation,1986,61 years 04 months,380000.0
2024-01-01,BUKIT BATOK,3 ROOM,324,BT BATOK ST 33,01 TO 03,64.0,Simplified,1988,63 years 04 months,345000.0
2024-01-01,BUKIT BATOK,3 ROOM,321,BT BATOK ST 33,01 TO 03,68.0,New Generation,1986,61 years 02 months,348000.0
2024-01-01,BUKIT BATOK,3 ROOM,346,BT BATOK ST 34,01 TO 03,73.0,Model A,1986,61 years 01 month,375000.0
2024-01-01,BUKIT BATOK,3 ROOM,341,BT BATOK ST 34,04 TO 06,73.0,Model A,1986,61 years 04 months,398000.0
2024-01-01,BUKIT BATOK,3 ROOM,534,BT BATOK ST 51,07 TO 09,69.0,Improved,1987,62 years 06 months,370000.0
2024-01-01,BUKIT BATOK,3 ROOM,530,BT BATOK ST 51,01 TO 03,64.0,Simplified,1987,62 years 06 months,368000.0
2024-01-01,BUKIT BATOK,3 ROOM,523,BT BATOK ST 52,04 TO 06,60.0,Improved,1987,62 years 05 months,348000.0
2024-01-01,BUKIT BATOK,3 ROOM,506,BT BATOK ST 52,10 TO 12,69.0,Improved,1987,62 years 08 months,380000.0
2024-01-01,BUKIT BATOK,3 ROOM,505,BT BATOK ST 52,07 TO 09,60.0,Improved,1988,63 years 01 month,350000.0
2024-01-01,BUKIT BATOK,3 ROOM,504,BT BATOK ST 52,10 TO 12,60.0,Improved,1988,63 years 01 month,352800.0
2024-01-01,BUKIT BATOK,3 ROOM,409,BT BATOK WEST AVE 4,01 TO 03,68.0,New Generation,1988,63 years 03 months,365000.0
2024-01-01,BUKIT BATOK,3 ROOM,130,BT BATOK WEST AVE 6,10 TO 12,73.0,Model A,1984,59 years 11 months,388888.0
2024-01-01,BUKIT BATOK,3 ROOM,450D,BT BATOK WEST AVE 6,01 TO 03,67.0,Model A,2019,94 years 03 months,440000.0
2024-01-01,BUKIT BATOK,3 ROOM,450A,BT BATOK WEST AVE 6,16 TO 18,67.0,Model A,2019,94 years 04 months,485000.0
2024-01-01,BUKIT BATOK,3 ROOM,450A,BT BATOK WEST AVE 6,13 TO 15,67.0,Model A,2019,94 years 02 months,485000.0
2024-01-01,BUKIT BATOK,3 ROOM,451A,BT BATOK WEST AVE 6,01 TO 03,67.0,Model A,2019,94 years 03 months,440000.0
2024-01-01,BUKIT BATOK,3 ROOM,451A,BT BATOK WEST AVE 6,07 TO 09,67.0,Model A,2019,94 years 02 months,463000.0
2024-01-01,BUKIT BATOK,3 ROOM,441A,BT BATOK WEST AVE 8,04 TO 06,67.0,Model A,2019,94 years 03 months,430000.0
2024-01-01,BUKIT BATOK,3 ROOM,441A,BT BATOK WEST AVE 8,04 TO 06,67.0,Model A,2019,94 years 03 months,433000.0
2024-01-01,BUKIT BATOK,3 ROOM,448A,BT BATOK WEST AVE 9,19 TO 21,68.0,Model A,2019,94 years 03 months,480000.0
2024-01-01,BUKIT BATOK,4 ROOM,104,BT BATOK CTRL,04 TO 06,107.0,Model A,1985,60 years 04 months,530000.0
2024-01-01,BUKIT BATOK,4 ROOM,623,BT BATOK CTRL,01 TO 03,102.0,Model A,1997,72 years 07 months,588000.0
2024-01-01,BUKIT BATOK,4 ROOM,104,BT BATOK CTRL,01 TO 03,104.0,Model A,1985,60 years 03 months,500000.0
2024-01-01,BUKIT BATOK,4 ROOM,104,BT BATOK CTRL,01 TO 03,104.0,Model A,1985,60 years 03 months,525000.0
2024-01-01,BUKIT BATOK,4 ROOM,290D,BT BATOK EAST AVE 3,07 TO 09,103.0,Model A,1998,73 years 02 months,575000.0
2024-01-01,BUKIT BATOK,4 ROOM,260,BT BATOK EAST AVE 4,04 TO 06,103.0,Model A,1985,60 years 06 months,445000.0
2024-01-01,BUKIT BATOK,4 ROOM,260,BT BATOK EAST AVE 4,01 TO 03,103.0,Model A,1985,60 years 06 months,430000.0
2024-01-01,BUKIT BATOK,4 ROOM,292B,BT BATOK EAST AVE 6,01 TO 03,93.0,Model A,2019,94 years,613000.0
2024-01-01,BUKIT BATOK,4 ROOM,293B,BT BATOK ST 21,04 TO 06,92.0,Model A,2019,94 years 01 month,620000.0
2024-01-01,BUKIT BATOK,4 ROOM,293D,BT BATOK ST 21,10 TO 12,93.0,Model A,2019,94 years 01 month,650000.0
2024-01-01,BUKIT BATOK,4 ROOM,293A,BT BATOK ST 21,01 TO 03,93.0,Model A,2019,94 years 01 month,600000.0
2024-01-01,BUKIT BATOK,4 ROOM,203,BT BATOK ST 21,01 TO 03,104.0,Model A,1985,60 years 06 months,535000.0
2024-01-01,BUKIT BATOK,4 ROOM,293D,BT BATOK ST 21,07 TO 09,93.0,Model A,2019,94 years 01 month,630000.0
2024-01-01,BUKIT BATOK,4 ROOM,212,BT BATOK ST 21,07 TO 09,99.0,New Generation,1985,60 years 08 months,505000.0
2024-01-01,BUKIT BATOK,4 ROOM,211,BT BATOK ST 21,04 TO 06,108.0,Model A,1985,60 years 03 months,490000.0
2024-01-01,BUKIT BATOK,4 ROOM,296B,BT BATOK ST 22,04 TO 06,92.0,Premium Apartment,2018,93 years 03 months,640000.0
2024-01-01,BUKIT BATOK,4 ROOM,291A,BT BATOK ST 24,01 TO 03,104.0,Model A,1997,73 years,515000.0
2024-01-01,BUKIT BATOK,4 ROOM,289E,BT BATOK ST 25,13 TO 15,102.0,Model A,1998,73 years 02 months,518000.0
2024-01-01,BUKIT BATOK,4 ROOM,305,BT BATOK ST 31,10 TO 12,93.0,New Generation,1985,60 years 06 months,480000.0
2024-01-01,BUKIT BATOK,4 ROOM,304,BT BATOK ST 31,04 TO 06,93.0,New Generation,1985,60 years 05 months,468888.0
2024-01-01,BUKIT BATOK,4 ROOM,312,BT BATOK ST 32,10 TO 12,93.0,New Generation,1985,60 years 08 months,495000.0
2024-01-01,BUKIT BATOK,4 ROOM,343,BT BATOK ST 34,07 TO 09,103.0,Model A,1987,62 years 03 months,515000.0
2024-01-01,BUKIT BATOK,4 ROOM,350,BT BATOK ST 34,07 TO 09,84.0,Simplified,1987,62 years 01 month,440000.0
2024-01-01,BUKIT BATOK,4 ROOM,530,BT BATOK ST 51,01 TO 03,88.0,Simplified,1987,62 years 05 months,410000.0
2024-01-01,BUKIT BATOK,4 ROOM,408,BT BATOK WEST AVE 4,01 TO 03,94.0,New Generation,1988,63 years 05 months,480000.0
2024-01-01,BUKIT BATOK,4 ROOM,386,BT BATOK WEST AVE 5,07 TO 09,90.0,Model A,2004,80 years,538000.0
2024-01-01,BUKIT BATOK,4 ROOM,436A,BT BATOK WEST AVE 5,04 TO 06,93.0,Model A,2020,95 years 02 months,590000.0
2024-01-01,BUKIT BATOK,4 ROOM,394,BT BATOK WEST AVE 5,25 TO 27,92.0,Model A,2004,79 years 09 months,568000.0
2024-01-01,BUKIT BATOK,4 ROOM,384,BT BATOK WEST AVE 5,16 TO 18,90.0,Model A,2005,80 years 01 month,530000.0
2024-01-01,BUKIT BATOK,4 ROOM,437A,BT BATOK WEST AVE 5,07 TO 09,93.0,Model A,2020,95 years 02 months,612000.0
2024-01-01,BUKIT BATOK,4 ROOM,386,BT BATOK WEST AVE 5,07 TO 09,92.0,Model A,2004,80 years,518000.0
2024-01-01,BUKIT BATOK,4 ROOM,436A,BT BATOK WEST AVE 5,10 TO 12,93.0,Model A,2020,95 years 02 months,622000.0
2024-01-01,BUKIT BATOK,4 ROOM,435B,BT BATOK WEST AVE 5,10 TO 12,93.0,Model A,2020,95 years 02 months,630000.0
2024-01-01,BUKIT BATOK,4 ROOM,384,BT BATOK WEST AVE 5,25 TO 27,90.0,Model A,2005,80 years,530000.0
2024-01-01,BUKIT BATOK,4 ROOM,113,BT BATOK WEST AVE 6,10 TO 12,104.0,Model A,1984,59 years 07 months,520000.0
2024-01-01,BUKIT BATOK,4 ROOM,191,BT BATOK WEST AVE 6,13 TO 15,100.0,Model A,1997,72 years 04 months,578000.0
2024-01-01,BUKIT BATOK,4 ROOM,134,BT BATOK WEST AVE 6,04 TO 06,93.0,New Generation,1984,60 years,430000.0
2024-01-01,BUKIT BATOK,4 ROOM,453A,BT BATOK WEST AVE 6,19 TO 21,93.0,Model A,2019,94 years 03 months,670000.0
2024-01-01,BUKIT BATOK,4 ROOM,116,BT BATOK WEST AVE 6,04 TO 06,103.0,Model A,1984,60 years,530000.0
2024-01-01,BUKIT BATOK,4 ROOM,450C,BT BATOK WEST AVE 6,19 TO 21,93.0,Model A,2019,94 years 04 months,650000.0
2024-01-01,BUKIT BATOK,4 ROOM,451B,BT BATOK WEST AVE 6,13 TO 15,93.0,Model A,2019,94 years 03 months,658000.0
2024-01-01,BUKIT BATOK,4 ROOM,137,BT BATOK WEST AVE 6,01 TO 03,93.0,New Generation,1984,59 years 09 months,440000.0
2024-01-01,BUKIT BATOK,4 ROOM,450B,BT BATOK WEST AVE 6,07 TO 09,93.0,Model A,2019,94 years 02 months,605000.0
2024-01-01,BUKIT BATOK,4 ROOM,108,BT BATOK WEST AVE 6,04 TO 06,104.0,Model A,1985,60 years 04 months,543000.0
2024-01-01,BUKIT BATOK,4 ROOM,136,BT BATOK WEST AVE 6,04 TO 06,93.0,New Generation,1984,59 years 09 months,468000.0
2024-01-01,BUKIT BATOK,4 ROOM,443B,BT BATOK WEST AVE 8,13 TO 15,92.0,Model A,2019,94 years 03 months,650000.0
2024-01-01,BUKIT BATOK,4 ROOM,440D,BT BATOK WEST AVE 8,13 TO 15,92.0,Model A,2019,94 years 03 months,630000.0
2024-01-01,BUKIT BATOK,4 ROOM,440B,BT BATOK WEST AVE 8,07 TO 09,92.0,Model A,2019,94 years 03 months,615000.0
2024-01-01,BUKIT BATOK,4 ROOM,440B,BT BATOK WEST AVE 8,07 TO 09,92.0,Model A,2019,94 years 03 months,610000.0
2024-01-01,BUKIT BATOK,4 ROOM,445A,BT BATOK WEST AVE 8,16 TO 18,92.0,Model A,2019,94 years 01 month,648000.0
2024-01-01,BUKIT BATOK,4 ROOM,176,BT BATOK WEST AVE 8,10 TO 12,103.0,Model A,1984,60 years,515000.0
2024-01-01,BUKIT BATOK,4 ROOM,170,BT BATOK WEST AVE 8,10 TO 12,103.0,Model A,1985,60 years 09 months,519000.0
2024-01-01,BUKIT BATOK,4 ROOM,440D,BT BATOK WEST AVE 8,01 TO 03,92.0,Model A,2019,94 years 02 months,557000.0
2024-01-01,BUKIT BATOK,4 ROOM,461B,BT BATOK WEST AVE 8,01 TO 03,93.0,Model A,2019,94 years 08 months,600000.0
2024-01-01,BUKIT BATOK,4 ROOM,448C,BT BATOK WEST AVE 9,13 TO 15,93.0,Model A,2019,94 years 04 months,635000.0
2024-01-01,BUKIT BATOK,4 ROOM,460A,BT BATOK WEST AVE 9,04 TO 06,93.0,Model A,2020,95 years 05 months,559500.0
2024-01-01,BUKIT BATOK,4 ROOM,449A,BT BATOK WEST AVE 9,10 TO 12,93.0,Model A,2019,94 years 03 months,645000.0
2024-01-01,BUKIT BATOK,4 ROOM,449B,BT BATOK WEST AVE 9,07 TO 09,93.0,Model A,2019,94 years 03 months,630000.0
2024-01-01,BUKIT BATOK,4 ROOM,448C,BT BATOK WEST AVE 9,13 TO 15,93.0,Model A,2019,94 years 03 months,630000.0
2024-01-01,BUKIT BATOK,4 ROOM,449B,BT BATOK WEST AVE 9,16 TO 18,93.0,Model A,2019,94 years 04 months,665000.0
2024-01-01,BUKIT BATOK,4 ROOM,449B,BT BATOK WEST AVE 9,16 TO 18,93.0,Model A,2019,94 years 04 months,670000.0
2024-01-01,BUKIT BATOK,4 ROOM,449B,BT BATOK WEST AVE 9,07 TO 09,93.0,Model A,2019,94 years 02 months,615000.0
2024-01-01,BUKIT BATOK,4 ROOM,448C,BT BATOK WEST AVE 9,13 TO 15,93.0,Model A,2019,94 years 02 months,620000.0
2024-01-01,BUKIT BATOK,5 ROOM,620,BT BATOK CTRL,01 TO 03,113.0,Improved,2003,78 years 11 months,728000.0
2024-01-01,BUKIT BATOK,5 ROOM,620,BT BATOK CTRL,13 TO 15,113.0,Improved,2003,78 years 11 months,848000.0
2024-01-01,BUKIT BATOK,5 ROOM,286,BT BATOK EAST AVE 3,07 TO 09,127.0,Improved,1995,71 years,722000.0
2024-01-01,BUKIT BATOK,5 ROOM,236,BT BATOK EAST AVE 5,01 TO 03,121.0,Improved,1985,60 years 06 months,620000.0
2024-01-01,BUKIT BATOK,5 ROOM,292B,BT BATOK EAST AVE 6,31 TO 33,113.0,Improved,2019,94 years 01 month,862000.0
2024-01-01,BUKIT BATOK,5 ROOM,292C,BT BATOK EAST AVE 6,10 TO 12,113.0,Improved,2019,94 years 01 month,820000.0
2024-01-01,BUKIT BATOK,5 ROOM,293B,BT BATOK ST 21,16 TO 18,113.0,Improved,2019,94 years 02 months,885000.0
2024-01-01,BUKIT BATOK,5 ROOM,296A,BT BATOK ST 22,19 TO 21,115.0,Premium Apartment,2018,93 years 03 months,923888.0
2024-01-01,BUKIT BATOK,5 ROOM,296A,BT BATOK ST 22,22 TO 24,113.0,Premium Apartment,2018,93 years 03 months,920000.0
2024-01-01,BUKIT BATOK,5 ROOM,426,BT BATOK WEST AVE 2,10 TO 12,120.0,Improved,1987,62 years 05 months,608000.0
2024-01-01,BUKIT BATOK,5 ROOM,383,BT BATOK WEST AVE 5,04 TO 06,115.0,Improved,2005,80 years 02 months,645000.0
2024-01-01,BUKIT BATOK,5 ROOM,435C,BT BATOK WEST AVE 5,10 TO 12,113.0,Improved,2020,95 years 01 month,740000.0
2024-01-01,BUKIT BATOK,5 ROOM,453A,BT BATOK WEST AVE 6,13 TO 15,115.0,Improved,2019,94 years 03 months,813000.0
2024-01-01,BUKIT BATOK,5 ROOM,110,BT BATOK WEST AVE 6,10 TO 12,132.0,Model A,1985,60 years 02 months,718888.0
2024-01-01,BUKIT BATOK,5 ROOM,452A,BT BATOK WEST AVE 6,04 TO 06,113.0,Improved,2019,94 years 04 months,735000.0
2024-01-01,BUKIT BATOK,5 ROOM,461C,BT BATOK WEST AVE 8,01 TO 03,114.0,Improved,2019,94 years 10 months,693000.0
2024-01-01,BUKIT BATOK,5 ROOM,439C,BT BATOK WEST AVE 8,07 TO 09,113.0,Improved,2020,95 years 02 months,793000.0
2024-01-01,BUKIT BATOK,5 ROOM,440B,BT BATOK WEST AVE 8,10 TO 12,112.0,Improved,2019,94 years 03 months,760000.0
2024-01-01,BUKIT BATOK,5 ROOM,443C,BT BATOK WEST AVE 8,04 TO 06,112.0,Improved,2019,94 years 03 months,725000.0
2024-01-01,BUKIT BATOK,5 ROOM,461D,BT BATOK WEST AVE 8,04 TO 06,114.0,Improved,2019,94 years 09 months,748888.0
2024-01-01,BUKIT BATOK,5 ROOM,461D,BT BATOK WEST AVE 8,10 TO 12,114.0,Improved,2019,94 years 09 months,788888.0
2024-01-01,BUKIT BATOK,5 ROOM,461A,BT BATOK WEST AVE 8,01 TO 03,114.0,Improved,2019,94 years 08 months,700000.0
2024-01-01,BUKIT BATOK,5 ROOM,442A,BT BATOK WEST AVE 8,04 TO 06,112.0,Improved,2019,94 years 03 months,740000.0
2024-01-01,BUKIT BATOK,5 ROOM,461C,BT BATOK WEST AVE 8,07 TO 09,114.0,Improved,2019,94 years 09 months,777777.0
2024-01-01,BUKIT BATOK,5 ROOM,170,BT BATOK WEST AVE 8,13 TO 15,139.0,Model A,1985,60 years 09 months,730000.0
2024-01-01,BUKIT BATOK,5 ROOM,440C,BT BATOK WEST AVE 8,07 TO 09,112.0,Improved,2019,94 years 03 months,775000.0
2024-01-01,BUKIT BATOK,5 ROOM,461B,BT BATOK WEST AVE 8,04 TO 06,114.0,Improved,2019,94 years 08 months,752000.0
2024-01-01,BUKIT BATOK,5 ROOM,442A,BT BATOK WEST AVE 8,07 TO 09,112.0,Improved,2019,94 years 02 months,752000.0
2024-01-01,BUKIT BATOK,EXECUTIVE,120,BT BATOK CTRL,01 TO 03,148.0,Apartment,1985,60 years 04 months,888000.0
2024-01-01,BUKIT BATOK,EXECUTIVE,121,BT BATOK CTRL,10 TO 12,148.0,Maisonette,1985,60 years 04 months,860000.0
2024-01-01,BUKIT BATOK,EXECUTIVE,289A,BT BATOK ST 25,10 TO 12,144.0,Apartment,1997,72 years 11 months,950000.0
2024-01-01,BUKIT BATOK,EXECUTIVE,288A,BT BATOK ST 25,01 TO 03,144.0,Apartment,1997,72 years 11 months,888888.0
2024-01-01,BUKIT BATOK,EXECUTIVE,326,BT BATOK ST 33,01 TO 03,149.0,Maisonette,1985,60 years 10 months,749000.0
2024-01-01,BUKIT BATOK,EXECUTIVE,330,BT BATOK ST 33,13 TO 15,143.0,Apartment,1986,61 years 09 months,768888.0
2024-01-01,BUKIT MERAH,2 ROOM,48,LOWER DELTA RD,10 TO 12,42.0,Standard,1970,45 years 03 months,255000.0
2024-01-01,BUKIT MERAH,2 ROOM,76,TELOK BLANGAH DR,10 TO 12,44.0,Improved,1978,53 years 01 month,290000.0
2024-01-01,BUKIT MERAH,3 ROOM,38,BEO CRES,10 TO 12,59.0,Standard,1971,46 years 01 month,342000.0
2024-01-01,BUKIT MERAH,3 ROOM,38,BEO CRES,07 TO 09,59.0,Standard,1971,46 years 01 month,318000.0
2024-01-01,BUKIT MERAH,3 ROOM,112,BT PURMEI RD,04 TO 06,74.0,Model A,1985,60 years 02 months,458000.0
2024-01-01,BUKIT MERAH,3 ROOM,11,CANTONMENT CL,07 TO 09,60.0,Model A,2002,77 years 11 months,630000.0
2024-01-01,BUKIT MERAH,3 ROOM,58,HAVELOCK RD,28 TO 30,69.0,Model A,2013,88 years 05 months,735000.0
2024-01-01,BUKIT MERAH,3 ROOM,57,HAVELOCK RD,28 TO 30,69.0,Model A,2013,88 years 05 months,780000.0
2024-01-01,BUKIT MERAH,3 ROOM,95B,HENDERSON RD,25 TO 27,68.0,Model A,2019,94 years 06 months,757500.0
2024-01-01,BUKIT MERAH,3 ROOM,95B,HENDERSON RD,25 TO 27,68.0,Model A,2019,94 years 05 months,763888.0
2024-01-01,BUKIT MERAH,3 ROOM,95C,HENDERSON RD,16 TO 18,68.0,Model A,2019,94 years 05 months,725000.0
2024-01-01,BUKIT MERAH,3 ROOM,95C,HENDERSON RD,13 TO 15,68.0,Model A,2019,94 years 05 months,730000.0
2024-01-01,BUKIT MERAH,3 ROOM,6,JLN BT HO SWEE,04 TO 06,56.0,Standard,1971,46 years 07 months,309000.0
2024-01-01,BUKIT MERAH,3 ROOM,107,JLN BT MERAH,10 TO 12,63.0,Standard,1970,45 years 01 month,330000.0
2024-01-01,BUKIT MERAH,3 ROOM,28,JLN BT MERAH,07 TO 09,60.0,Standard,1967,42 years 06 months,315000.0
2024-01-01,BUKIT MERAH,3 ROOM,137,JLN BT MERAH,10 TO 12,59.0,Improved,1975,50 years 05 months,373000.0
2024-01-01,BUKIT MERAH,3 ROOM,12,TAMAN HO SWEE,04 TO 06,54.0,Standard,1970,45 years,305000.0
2024-01-01,BUKIT MERAH,3 ROOM,5,TELOK BLANGAH CRES,04 TO 06,66.0,Improved,1983,58 years 05 months,390000.0
2024-01-01,BUKIT MERAH,3 ROOM,5,TELOK BLANGAH CRES,13 TO 15,75.0,Improved,1983,58 years 06 months,415000.0
2024-01-01,BUKIT MERAH,3 ROOM,12,TELOK BLANGAH CRES,13 TO 15,70.0,Improved,1975,50 years 04 months,398000.0
2024-01-01,BUKIT MERAH,3 ROOM,18,TELOK BLANGAH CRES,04 TO 06,65.0,Improved,1975,50 years 04 months,357000.0
2024-01-01,BUKIT MERAH,3 ROOM,5,TELOK BLANGAH CRES,13 TO 15,66.0,Improved,1983,58 years 05 months,360000.0
2024-01-01,BUKIT MERAH,3 ROOM,15,TELOK BLANGAH CRES,01 TO 03,65.0,Improved,1975,50 years 03 months,330000.0
2024-01-01,BUKIT MERAH,3 ROOM,64,TELOK BLANGAH DR,10 TO 12,67.0,New Generation,1978,53 years 08 months,410000.0
2024-01-01,BUKIT MERAH,3 ROOM,44,TELOK BLANGAH DR,07 TO 09,65.0,Improved,1976,51 years 01 month,330000.0
2024-01-01,BUKIT MERAH,3 ROOM,65,TELOK BLANGAH DR,01 TO 03,67.0,New Generation,1978,53 years 07 months,390188.0
2024-01-01,BUKIT MERAH,3 ROOM,70B,TELOK BLANGAH HTS,07 TO 09,68.0,Model A,2017,92 years 05 months,650000.0
2024-01-01,BUKIT MERAH,3 ROOM,80C,TELOK BLANGAH ST 31,28 TO 30,68.0,Premium Apartment,2013,88 years 08 months,756888.0
2024-01-01,BUKIT MERAH,3 ROOM,91A,TELOK BLANGAH ST 31,22 TO 24,68.0,Model A,2018,94 years,702888.0
2024-01-01,BUKIT MERAH,3 ROOM,91A,TELOK BLANGAH ST 31,13 TO 15,68.0,Model A,2018,94 years,688000.0
2024-01-01,BUKIT MERAH,3 ROOM,92B,TELOK BLANGAH ST 31,28 TO 30,68.0,Model A,2018,94 years,740000.0
2024-01-01,BUKIT MERAH,3 ROOM,92B,TELOK BLANGAH ST 31,19 TO 21,68.0,Model A,2018,94 years,725000.0
2024-01-01,BUKIT MERAH,4 ROOM,4B,BOON TIONG RD,07 TO 09,100.0,Model A,2005,80 years 09 months,980000.0
2024-01-01,BUKIT MERAH,4 ROOM,12,CANTONMENT CL,22 TO 24,90.0,Model A,2003,78 years 01 month,952000.0
2024-01-01,BUKIT MERAH,4 ROOM,12,CANTONMENT CL,16 TO 18,90.0,Model A,2003,78 years,915000.0
2024-01-01,BUKIT MERAH,4 ROOM,8,CANTONMENT CL,28 TO 30,90.0,Model A,2002,78 years,968000.0
2024-01-01,BUKIT MERAH,4 ROOM,105A,DEPOT RD,01 TO 03,92.0,Model A,2017,92 years 11 months,772000.0
2024-01-01,BUKIT MERAH,4 ROOM,110A,DEPOT RD,04 TO 06,92.0,Model A,2017,92 years 11 months,798000.0
2024-01-01,BUKIT MERAH,4 ROOM,53,HAVELOCK RD,31 TO 33,94.0,Model A,2013,88 years 04 months,1050000.0
2024-01-01,BUKIT MERAH,4 ROOM,103,HENDERSON CRES,13 TO 15,74.0,Standard,1970,45 years 06 months,438000.0
2024-01-01,BUKIT MERAH,4 ROOM,95A,HENDERSON RD,01 TO 03,83.0,Model A,2019,94 years 05 months,830000.0
2024-01-01,BUKIT MERAH,4 ROOM,96A,HENDERSON RD,37 TO 39,83.0,Model A,2019,94 years 05 months,980000.0
2024-01-01,BUKIT MERAH,4 ROOM,95A,HENDERSON RD,19 TO 21,93.0,Model A,2019,94 years 05 months,1030000.0
2024-01-01,BUKIT MERAH,4 ROOM,95C,HENDERSON RD,40 TO 42,93.0,Model A,2019,94 years 05 months,1155000.0
2024-01-01,BUKIT MERAH,4 ROOM,95A,HENDERSON RD,19 TO 21,83.0,Model A,2019,94 years 05 months,950000.0
2024-01-01,BUKIT MERAH,4 ROOM,95C,HENDERSON RD,25 TO 27,93.0,Model A,2019,94 years 05 months,1028888.0
2024-01-01,BUKIT MERAH,4 ROOM,95B,HENDERSON RD,10 TO 12,83.0,Model A,2019,94 years 04 months,900000.0
2024-01-01,BUKIT MERAH,4 ROOM,27B,JLN MEMBINA,10 TO 12,90.0,Model A,2008,83 years 10 months,920000.0
2024-01-01,BUKIT MERAH,4 ROOM,27A,JLN MEMBINA,07 TO 09,90.0,Model A,2008,84 years 01 month,870000.0
2024-01-01,BUKIT MERAH,4 ROOM,27A,JLN MEMBINA,19 TO 21,90.0,Model A,2008,83 years 11 months,905000.0
2024-01-01,BUKIT MERAH,4 ROOM,25B,JLN MEMBINA,07 TO 09,90.0,Model A,2009,84 years,875000.0
2024-01-01,BUKIT MERAH,4 ROOM,39,JLN RUMAH TINGGI,07 TO 09,100.0,Model A,1997,72 years 06 months,700000.0
2024-01-01,BUKIT MERAH,4 ROOM,126C,KIM TIAN RD,22 TO 24,93.0,Model A,2013,88 years 02 months,935888.0
2024-01-01,BUKIT MERAH,4 ROOM,119C,KIM TIAN RD,13 TO 15,92.0,Model A,2003,78 years 05 months,860000.0
2024-01-01,BUKIT MERAH,4 ROOM,48,LENGKOK BAHRU,10 TO 12,84.0,Simplified,1986,61 years 07 months,600000.0
2024-01-01,BUKIT MERAH,4 ROOM,69,REDHILL CL,07 TO 09,85.0,Model A,2001,76 years 02 months,699000.0
2024-01-01,BUKIT MERAH,4 ROOM,75C,REDHILL RD,01 TO 03,100.0,Model A,2007,82 years 01 month,850000.0
2024-01-01,BUKIT MERAH,4 ROOM,75C,REDHILL RD,13 TO 15,100.0,Model A,2007,82 years 01 month,920000.0
2024-01-01,BUKIT MERAH,4 ROOM,57,TELOK BLANGAH HTS,04 TO 06,91.0,New Generation,1976,51 years 09 months,575000.0
2024-01-01,BUKIT MERAH,4 ROOM,70C,TELOK BLANGAH HTS,22 TO 24,93.0,Model A,2017,92 years 05 months,915000.0
2024-01-01,BUKIT MERAH,4 ROOM,56,TELOK BLANGAH HTS,07 TO 09,91.0,New Generation,1976,51 years 08 months,580000.0
2024-01-01,BUKIT MERAH,4 ROOM,70A,TELOK BLANGAH HTS,13 TO 15,93.0,Model A,2017,92 years 04 months,895000.0
2024-01-01,BUKIT MERAH,4 ROOM,91A,TELOK BLANGAH ST 31,04 TO 06,93.0,Model A,2018,94 years 01 month,800000.0
2024-01-01,BUKIT MERAH,4 ROOM,80A,TELOK BLANGAH ST 31,10 TO 12,95.0,Premium Apartment,2013,88 years 08 months,938000.0
2024-01-01,BUKIT MERAH,4 ROOM,93B,TELOK BLANGAH ST 31,10 TO 12,93.0,Model A,2018,94 years,850000.0
2024-01-01,BUKIT MERAH,4 ROOM,90B,TELOK BLANGAH ST 31,10 TO 12,93.0,Model A,2018,94 years,900000.0
2024-01-01,BUKIT MERAH,4 ROOM,92B,TELOK BLANGAH ST 31,19 TO 21,93.0,Model A,2018,94 years,902000.0
2024-01-01,BUKIT MERAH,4 ROOM,93B,TELOK BLANGAH ST 31,04 TO 06,93.0,Model A,2018,94 years,850000.0
2024-01-01,BUKIT MERAH,4 ROOM,93B,TELOK BLANGAH ST 31,07 TO 09,93.0,Model A,2018,94 years,870000.0
2024-01-01,BUKIT MERAH,4 ROOM,90B,TELOK BLANGAH ST 31,25 TO 27,93.0,Model A,2018,94 years 01 month,975000.0
2024-01-01,BUKIT MERAH,4 ROOM,92B,TELOK BLANGAH ST 31,22 TO 24,93.0,Model A,2018,94 years,915000.0
2024-01-01,BUKIT MERAH,4 ROOM,90A,TELOK BLANGAH ST 31,07 TO 09,93.0,Model A,2018,94 years,825000.0
2024-01-01,BUKIT MERAH,4 ROOM,90B,TELOK BLANGAH ST 31,04 TO 06,93.0,Model A,2018,93 years 11 months,888000.0
2024-01-01,BUKIT MERAH,4 ROOM,90A,TELOK BLANGAH ST 31,13 TO 15,93.0,Model A,2018,94 years,922000.0
2024-01-01,BUKIT MERAH,4 ROOM,90B,TELOK BLANGAH ST 31,13 TO 15,93.0,Model A,2018,93 years 11 months,905000.0
2024-01-01,BUKIT MERAH,5 ROOM,116,BT MERAH CTRL,13 TO 15,117.0,Improved,1977,52 years 11 months,680000.0
2024-01-01,BUKIT MERAH,5 ROOM,115,BT MERAH CTRL,22 TO 24,117.0,Improved,1977,52 years 10 months,720000.0
2024-01-01,BUKIT MERAH,5 ROOM,124A,BT MERAH VIEW,10 TO 12,127.0,Improved,1996,71 years 08 months,1086000.0
2024-01-01,BUKIT MERAH,5 ROOM,5,EVERTON PK,01 TO 03,127.0,Improved,1980,55 years 11 months,828000.0
2024-01-01,BUKIT MERAH,5 ROOM,3,EVERTON PK,04 TO 06,137.0,Improved,1980,55 years 10 months,865000.0
2024-01-01,BUKIT MERAH,5 ROOM,3,EVERTON PK,10 TO 12,133.0,Improved,1980,55 years 10 months,800000.0
2024-01-01,BUKIT MERAH,5 ROOM,95C,HENDERSON RD,19 TO 21,113.0,Improved,2019,94 years 05 months,1328888.0
2024-01-01,BUKIT MERAH,5 ROOM,49,HOY FATT RD,04 TO 06,122.0,Improved,1986,61 years 06 months,740000.0
2024-01-01,BUKIT MERAH,5 ROOM,140,JLN BT MERAH,19 TO 21,119.0,Improved,1979,54 years 02 months,778000.0
2024-01-01,BUKIT MERAH,5 ROOM,27B,JLN MEMBINA,07 TO 09,110.0,Improved,2008,83 years 10 months,1100000.0
2024-01-01,BUKIT MERAH,5 ROOM,25A,JLN MEMBINA,19 TO 21,110.0,Improved,2008,83 years 09 months,1070000.0
2024-01-01,BUKIT MERAH,5 ROOM,7,KIM TIAN PL,10 TO 12,131.0,Model A,1984,59 years 07 months,1080888.0
2024-01-01,BUKIT MERAH,5 ROOM,119D,KIM TIAN RD,16 TO 18,110.0,Improved,2002,77 years 10 months,980000.0
2024-01-01,BUKIT MERAH,5 ROOM,131B,KIM TIAN RD,19 TO 21,110.0,Improved,2002,77 years 02 months,988888.0
2024-01-01,BUKIT MERAH,5 ROOM,119B,KIM TIAN RD,19 TO 21,110.0,Improved,2002,77 years 11 months,995000.0
2024-01-01,BUKIT MERAH,5 ROOM,110,SPOTTISWOODE PK RD,19 TO 21,121.0,Standard,1979,54 years 10 months,860000.0
2024-01-01,BUKIT MERAH,5 ROOM,110,SPOTTISWOODE PK RD,16 TO 18,121.0,Standard,1979,54 years 10 months,877777.0
2024-01-01,BUKIT MERAH,5 ROOM,87,ZION RD,13 TO 15,117.0,Improved,1974,49 years 06 months,1013888.0
2024-01-01,BUKIT PANJANG,2 ROOM,488,SEGAR RD,07 TO 09,47.0,Model A,2014,90 years,300000.0
2024-01-01,BUKIT PANJANG,2 ROOM,547D,SEGAR RD,01 TO 03,47.0,Model A,2015,90 years 07 months,313000.0
2024-01-01,BUKIT PANJANG,2 ROOM,636A,SENJA RD,10 TO 12,46.0,Model A,2015,90 years 11 months,305000.0
2024-01-01,BUKIT PANJANG,3 ROOM,252,BANGKIT RD,07 TO 09,73.0,Model A,1989,64 years 04 months,401088.0
2024-01-01,BUKIT PANJANG,3 ROOM,148,GANGSA RD,04 TO 06,73.0,Model A,1988,63 years 10 months,388000.0
2024-01-01,BUKIT PANJANG,3 ROOM,128,PENDING RD,10 TO 12,73.0,Model A,1988,63 years 06 months,375000.0
2024-01-01,BUKIT PANJANG,3 ROOM,125,PENDING RD,07 TO 09,73.0,Model A,1987,62 years 09 months,390000.0
2024-01-01,BUKIT PANJANG,3 ROOM,231,PENDING RD,01 TO 03,64.0,Simplified,1989,64 years 04 months,341000.0
2024-01-01,BUKIT PANJANG,3 ROOM,227,PENDING RD,07 TO 09,73.0,Model A,1989,64 years 01 month,382000.0
2024-01-01,BUKIT PANJANG,3 ROOM,115,PENDING RD,01 TO 03,73.0,Model A,1988,63 years 01 month,350000.0
2024-01-01,BUKIT PANJANG,3 ROOM,139,PETIR RD,10 TO 12,73.0,Model A,1988,63 years 06 months,420000.0
2024-01-01,BUKIT PANJANG,3 ROOM,206,PETIR RD,10 TO 12,73.0,Model A,1989,64 years 04 months,400000.0
2024-01-01,BUKIT PANJANG,3 ROOM,205,PETIR RD,04 TO 06,73.0,Model A,1988,63 years 11 months,380000.0
2024-01-01,BUKIT PANJANG,3 ROOM,214,PETIR RD,10 TO 12,73.0,Model A,1988,63 years 09 months,385000.0
2024-01-01,BUKIT PANJANG,3 ROOM,459,SEGAR RD,10 TO 12,68.0,Premium Apartment,2015,90 years 08 months,443000.0
2024-01-01,BUKIT PANJANG,4 ROOM,246,BANGKIT RD,04 TO 06,109.0,Model A,1988,63 years 07 months,495000.0
2024-01-01,BUKIT PANJANG,4 ROOM,246,BANGKIT RD,01 TO 03,104.0,Model A,1988,63 years 07 months,495000.0
2024-01-01,BUKIT PANJANG,4 ROOM,274,BANGKIT RD,04 TO 06,84.0,Simplified,1987,62 years 10 months,419888.0
2024-01-01,BUKIT PANJANG,4 ROOM,435,BT PANJANG RING RD,07 TO 09,104.0,Model A,1988,64 years 01 month,500000.0
2024-01-01,BUKIT PANJANG,4 ROOM,447,BT PANJANG RING RD,04 TO 06,101.0,Model A,1997,72 years 06 months,482000.0
2024-01-01,BUKIT PANJANG,4 ROOM,619,BT PANJANG RING RD,04 TO 06,90.0,Model A,2001,76 years 10 months,490000.0
2024-01-01,BUKIT PANJANG,4 ROOM,447,BT PANJANG RING RD,04 TO 06,101.0,Model A,1997,72 years 05 months,482000.0
2024-01-01,BUKIT PANJANG,4 ROOM,609,BT PANJANG RING RD,01 TO 03,90.0,Model A,2001,76 years 11 months,475000.0
2024-01-01,BUKIT PANJANG,4 ROOM,131,CASHEW RD,07 TO 09,103.0,Model A,1988,63 years 04 months,505000.0
2024-01-01,BUKIT PANJANG,4 ROOM,420,FAJAR RD,04 TO 06,104.0,Model A,1989,64 years 06 months,492000.0
2024-01-01,BUKIT PANJANG,4 ROOM,171,GANGSA RD,13 TO 15,101.0,Model A,1997,73 years,688000.0
2024-01-01,BUKIT PANJANG,4 ROOM,510,JELAPANG RD,04 TO 06,100.0,Model A2,1998,73 years 06 months,480000.0
2024-01-01,BUKIT PANJANG,4 ROOM,502,JELAPANG RD,07 TO 09,102.0,Model A,1998,73 years 02 months,510000.0
2024-01-01,BUKIT PANJANG,4 ROOM,534,JELAPANG RD,07 TO 09,101.0,Model A,1999,74 years 05 months,526000.0
2024-01-01,BUKIT PANJANG,4 ROOM,519,JELAPANG RD,01 TO 03,103.0,Model A,1998,73 years 11 months,465000.0
2024-01-01,BUKIT PANJANG,4 ROOM,506,JELAPANG RD,01 TO 03,101.0,Model A,1998,73 years 04 months,430000.0
2024-01-01,BUKIT PANJANG,4 ROOM,181,JELEBU RD,07 TO 09,93.0,Premium Apartment,2003,78 years 04 months,705888.0
2024-01-01,BUKIT PANJANG,4 ROOM,178,LOMPANG RD,13 TO 15,90.0,Model A,2001,77 years,630000.0
2024-01-01,BUKIT PANJANG,4 ROOM,176,LOMPANG RD,16 TO 18,101.0,Model A,1997,72 years 10 months,680000.0
2024-01-01,BUKIT PANJANG,4 ROOM,115,PENDING RD,04 TO 06,103.0,Model A,1988,63 years 02 months,450000.0
2024-01-01,BUKIT PANJANG,4 ROOM,143,PETIR RD,07 TO 09,107.0,Model A,1988,63 years 11 months,550000.0
2024-01-01,BUKIT PANJANG,4 ROOM,208,PETIR RD,07 TO 09,84.0,Simplified,1988,63 years 03 months,430000.0
2024-01-01,BUKIT PANJANG,4 ROOM,206,PETIR RD,01 TO 03,103.0,Model A,1989,64 years 04 months,448000.0
2024-01-01,BUKIT PANJANG,4 ROOM,548A,SEGAR RD,13 TO 15,92.0,Model A,2015,91 years 01 month,546888.0
2024-01-01,BUKIT PANJANG,4 ROOM,549B,SEGAR RD,16 TO 18,92.0,Model A,2015,91 years,583000.0
2024-01-01,BUKIT PANJANG,4 ROOM,457,SEGAR RD,07 TO 09,93.0,Premium Apartment,2012,87 years 11 months,552000.0
2024-01-01,BUKIT PANJANG,4 ROOM,458,SEGAR RD,13 TO 15,93.0,Premium Apartment,2012,87 years 11 months,560000.0
2024-01-01,BUKIT PANJANG,4 ROOM,478,SEGAR RD,04 TO 06,92.0,Premium Apartment,2003,78 years 01 month,485000.0
2024-01-01,BUKIT PANJANG,4 ROOM,548A,SEGAR RD,13 TO 15,92.0,Model A,2015,90 years 11 months,578000.0
2024-01-01,BUKIT PANJANG,4 ROOM,457,SEGAR RD,04 TO 06,93.0,Premium Apartment,2012,87 years 10 months,560000.0
2024-01-01,BUKIT PANJANG,4 ROOM,636C,SENJA RD,10 TO 12,92.0,Model A,2015,90 years 11 months,588888.0
2024-01-01,BUKIT PANJANG,4 ROOM,616,SENJA RD,16 TO 18,85.0,Model A2,2002,77 years 05 months,495000.0
2024-01-01,BUKIT PANJANG,4 ROOM,629,SENJA RD,13 TO 15,93.0,Premium Apartment,2004,79 years 10 months,560000.0
2024-01-01,BUKIT PANJANG,4 ROOM,625,SENJA RD,13 TO 15,93.0,Premium Apartment,2004,80 years,570000.0
2024-01-01,BUKIT PANJANG,4 ROOM,633B,SENJA RD,07 TO 09,93.0,Model A,2013,88 years 11 months,535000.0
2024-01-01,BUKIT PANJANG,4 ROOM,633A,SENJA RD,10 TO 12,93.0,Model A,2013,88 years 11 months,580000.0
2024-01-01,BUKIT PANJANG,5 ROOM,545,BT PANJANG RING RD,01 TO 03,120.0,Improved,1999,74 years 07 months,630000.0
2024-01-01,BUKIT PANJANG,5 ROOM,539,BT PANJANG RING RD,22 TO 24,122.0,Improved,1999,74 years 06 months,750000.0
2024-01-01,BUKIT PANJANG,5 ROOM,533,BT PANJANG RING RD,01 TO 03,122.0,Improved,1999,74 years 05 months,650000.0
2024-01-01,BUKIT PANJANG,5 ROOM,418,FAJAR RD,01 TO 03,122.0,Improved,1989,64 years 02 months,588000.0
2024-01-01,BUKIT PANJANG,5 ROOM,442,FAJAR RD,04 TO 06,118.0,Improved,1997,73 years,560000.0
2024-01-01,BUKIT PANJANG,5 ROOM,154,GANGSA RD,10 TO 12,121.0,Improved,1998,73 years 10 months,705000.0
2024-01-01,BUKIT PANJANG,5 ROOM,540,JELAPANG RD,13 TO 15,120.0,Improved,1999,74 years 05 months,783000.0
2024-01-01,BUKIT PANJANG,5 ROOM,516,JELAPANG RD,01 TO 03,121.0,Improved,1998,73 years 07 months,595000.0
2024-01-01,BUKIT PANJANG,5 ROOM,501,JELAPANG RD,10 TO 12,121.0,Improved,1998,73 years 04 months,668888.0
2024-01-01,BUKIT PANJANG,5 ROOM,525,JELAPANG RD,07 TO 09,121.0,Improved,1998,73 years 10 months,663888.0
2024-01-01,BUKIT PANJANG,5 ROOM,203,PETIR RD,07 TO 09,122.0,Improved,1988,63 years 11 months,590000.0
2024-01-01,BUKIT PANJANG,5 ROOM,168,PETIR RD,01 TO 03,120.0,Improved,1998,73 years 08 months,685000.0
2024-01-01,BUKIT PANJANG,5 ROOM,211,PETIR RD,13 TO 15,122.0,Improved,1988,63 years 06 months,620000.0
2024-01-01,BUKIT PANJANG,5 ROOM,413,SAUJANA RD,04 TO 06,122.0,Improved,1988,64 years 01 month,560000.0
2024-01-01,BUKIT PANJANG,5 ROOM,546C,SEGAR RD,16 TO 18,112.0,Improved,2015,90 years 07 months,738888.0
2024-01-01,BUKIT PANJANG,5 ROOM,481,SEGAR RD,01 TO 03,110.0,Premium Apartment,2002,77 years 09 months,503000.0
2024-01-01,BUKIT PANJANG,5 ROOM,549A,SEGAR RD,10 TO 12,113.0,Improved,2015,91 years,660000.0
2024-01-01,BUKIT PANJANG,5 ROOM,547B,SEGAR RD,10 TO 12,112.0,Improved,2015,90 years 06 months,655000.0
2024-01-01,BUKIT PANJANG,5 ROOM,653,SENJA LINK,04 TO 06,110.0,Premium Apartment,2001,76 years 09 months,580000.0
2024-01-01,BUKIT PANJANG,5 ROOM,610,SENJA RD,04 TO 06,110.0,Improved,2002,77 years 04 months,605000.0
2024-01-01,BUKIT PANJANG,5 ROOM,623,SENJA RD,04 TO 06,110.0,Improved,2001,77 years,628000.0
2024-01-01,BUKIT PANJANG,5 ROOM,608,SENJA RD,04 TO 06,110.0,Improved,2001,77 years,598000.0
2024-01-01,BUKIT PANJANG,5 ROOM,603,SENJA RD,19 TO 21,121.0,Improved,1999,74 years 06 months,780000.0
2024-01-01,BUKIT PANJANG,5 ROOM,635A,SENJA RD,31 TO 33,112.0,Improved,2015,90 years 09 months,765000.0
2024-01-01,BUKIT PANJANG,5 ROOM,623,SENJA RD,19 TO 21,111.0,Improved,2001,77 years,600000.0
2024-01-01,BUKIT PANJANG,5 ROOM,604,SENJA RD,22 TO 24,120.0,Improved,1999,74 years 04 months,815888.0
2024-01-01,BUKIT PANJANG,5 ROOM,612,SENJA RD,16 TO 18,112.0,Improved,2002,77 years 03 months,648888.0
2024-01-01,BUKIT PANJANG,5 ROOM,627,SENJA RD,13 TO 15,110.0,Premium Apartment,2004,79 years 09 months,628000.0
2024-01-01,BUKIT PANJANG,EXECUTIVE,130,CASHEW RD,10 TO 12,142.0,Apartment,1988,63 years 10 months,869000.0
2024-01-01,BUKIT PANJANG,EXECUTIVE,453,FAJAR RD,10 TO 12,142.0,Apartment,1997,72 years 08 months,770000.0
2024-01-01,BUKIT PANJANG,EXECUTIVE,422,FAJAR RD,07 TO 09,146.0,Maisonette,1988,64 years,830888.0
2024-01-01,BUKIT PANJANG,EXECUTIVE,155,GANGSA RD,16 TO 18,140.0,Apartment,1998,74 years,878000.0
2024-01-01,BUKIT PANJANG,EXECUTIVE,529,JELAPANG RD,04 TO 06,145.0,Apartment,1999,74 years 03 months,800000.0
2024-01-01,BUKIT PANJANG,EXECUTIVE,528,JELAPANG RD,16 TO 18,143.0,Maisonette,1999,74 years 02 months,888000.0
2024-01-01,BUKIT PANJANG,EXECUTIVE,228,PENDING RD,07 TO 09,144.0,Apartment,1988,63 years 02 months,818000.0
2024-01-01,BUKIT PANJANG,EXECUTIVE,465,SEGAR RD,13 TO 15,133.0,Premium Apartment,2002,77 years 07 months,640000.0
2024-01-01,BUKIT TIMAH,3 ROOM,4,QUEEN'S RD,07 TO 09,74.0,Improved,1974,49 years 03 months,450000.0
2024-01-01,BUKIT TIMAH,4 ROOM,11,TOH YI DR,01 TO 03,108.0,Model A,1989,64 years 06 months,850000.0
2024-01-01,BUKIT TIMAH,4 ROOM,12,TOH YI DR,04 TO 06,104.0,Model A,1989,64 years 05 months,838000.0
2024-01-01,BUKIT TIMAH,5 ROOM,5,FARRER RD,10 TO 12,120.0,Standard,1974,49 years 04 months,955000.0
2024-01-01,BUKIT TIMAH,5 ROOM,1,QUEEN'S RD,19 TO 21,120.0,Standard,1974,49 years 04 months,983000.0
2024-01-01,BUKIT TIMAH,EXECUTIVE,2,TOH YI DR,04 TO 06,154.0,Maisonette,1988,63 years 08 months,1360000.0
2024-01-01,BUKIT TIMAH,EXECUTIVE,6,TOH YI DR,07 TO 09,146.0,Maisonette,1989,64 years 07 months,1300000.0
2024-01-01,BUKIT TIMAH,EXECUTIVE,7,TOH YI DR,04 TO 06,150.0,Maisonette,1989,64 years 08 months,1208000.0
2024-01-01,CENTRAL AREA,2 ROOM,10,JLN KUKOH,10 TO 12,54.0,Improved,1971,46 years 06 months,293000.0
2024-01-01,CENTRAL AREA,2 ROOM,10,JLN KUKOH,07 TO 09,53.0,Improved,1971,46 years 05 months,288000.0
2024-01-01,CENTRAL AREA,3 ROOM,10,SELEGIE RD,04 TO 06,57.0,Standard,1974,49 years,388000.0
2024-01-01,CENTRAL AREA,3 ROOM,335A,SMITH ST,04 TO 06,69.0,Improved,1984,59 years 03 months,515000.0
2024-01-01,CENTRAL AREA,3 ROOM,34,UPP CROSS ST,19 TO 21,65.0,Improved,1975,50 years 05 months,410000.0
2024-01-01,CENTRAL AREA,3 ROOM,532,UPP CROSS ST,07 TO 09,60.0,Improved,1980,55 years 07 months,588000.0
2024-01-01,CENTRAL AREA,4 ROOM,663,BUFFALO RD,10 TO 12,82.0,Improved,1982,57 years 05 months,540000.0
2024-01-01,CENTRAL AREA,4 ROOM,8,TG PAGAR PLAZA,16 TO 18,83.0,Improved,1980,55 years 04 months,755000.0
2024-01-01,CENTRAL AREA,4 ROOM,637,VEERASAMY RD,10 TO 12,103.0,Model A,1985,60 years 05 months,700000.0
2024-01-01,CENTRAL AREA,5 ROOM,1A,CANTONMENT RD,46 TO 48,105.0,Type S2,2011,86 years 01 month,1450000.0
2024-01-01,CENTRAL AREA,5 ROOM,672B,KLANG LANE,13 TO 15,105.0,Improved,2002,77 years 06 months,810000.0
2024-01-01,CHOA CHU KANG,2 ROOM,807A,CHOA CHU KANG AVE 1,10 TO 12,47.0,Model A,2017,92 years 05 months,320000.0
2024-01-01,CHOA CHU KANG,3 ROOM,818A,CHOA CHU KANG AVE 1,13 TO 15,67.0,Model A,2017,92 years 09 months,470000.0
2024-01-01,CHOA CHU KANG,3 ROOM,535,CHOA CHU KANG ST 51,07 TO 09,69.0,Model A,2011,86 years 08 months,421500.0
2024-01-01,CHOA CHU KANG,3 ROOM,571,CHOA CHU KANG ST 52,01 TO 03,67.0,Model A,2015,90 years 01 month,420000.0
2024-01-01,CHOA CHU KANG,3 ROOM,572,CHOA CHU KANG ST 52,10 TO 12,67.0,Model A,2015,90 years,440000.0
2024-01-01,CHOA CHU KANG,3 ROOM,10,TECK WHYE AVE,07 TO 09,82.0,New Generation,1978,53 years 05 months,395000.0
2024-01-01,CHOA CHU KANG,3 ROOM,115,TECK WHYE LANE,01 TO 03,73.0,Model A,1989,64 years 04 months,360000.0
2024-01-01,CHOA CHU KANG,4 ROOM,808C,CHOA CHU KANG AVE 1,07 TO 09,92.0,Model A,2017,92 years 04 months,560000.0
2024-01-01,CHOA CHU KANG,4 ROOM,808C,CHOA CHU KANG AVE 1,10 TO 12,92.0,Model A,2017,92 years 04 months,568000.0
2024-01-01,CHOA CHU KANG,4 ROOM,809A,CHOA CHU KANG AVE 1,04 TO 06,92.0,Model A,2017,92 years 04 months,548000.0
2024-01-01,CHOA CHU KANG,4 ROOM,252,CHOA CHU KANG AVE 2,04 TO 06,104.0,Model A,1994,70 years,481000.0
2024-01-01,CHOA CHU KANG,4 ROOM,250,CHOA CHU KANG AVE 2,10 TO 12,104.0,Model A,1993,68 years 06 months,500000.0
2024-01-01,CHOA CHU KANG,4 ROOM,411,CHOA CHU KANG AVE 3,10 TO 12,104.0,Model A,1992,67 years 07 months,530000.0
2024-01-01,CHOA CHU KANG,4 ROOM,413,CHOA CHU KANG AVE 3,04 TO 06,104.0,Model A,1992,67 years 08 months,508000.0
2024-01-01,CHOA CHU KANG,4 ROOM,413,CHOA CHU KANG AVE 3,10 TO 12,104.0,Model A,1992,67 years 07 months,570000.0
2024-01-01,CHOA CHU KANG,4 ROOM,285,CHOA CHU KANG AVE 3,04 TO 06,105.0,Model A,1993,68 years 06 months,500000.0
2024-01-01,CHOA CHU KANG,4 ROOM,412,CHOA CHU KANG AVE 3,10 TO 12,104.0,Model A,1992,67 years 07 months,520000.0
2024-01-01,CHOA CHU KANG,4 ROOM,473,CHOA CHU KANG AVE 3,07 TO 09,101.0,Model A,1999,74 years 03 months,490000.0
2024-01-01,CHOA CHU KANG,4 ROOM,417,CHOA CHU KANG AVE 4,04 TO 06,105.0,Model A,1993,68 years 07 months,538000.0
2024-01-01,CHOA CHU KANG,4 ROOM,421,CHOA CHU KANG AVE 4,07 TO 09,104.0,Model A,1992,67 years 07 months,504888.0
2024-01-01,CHOA CHU KANG,4 ROOM,464,CHOA CHU KANG AVE 4,04 TO 06,104.0,Premium Apartment,2000,75 years 03 months,480000.0
2024-01-01,CHOA CHU KANG,4 ROOM,440,CHOA CHU KANG AVE 4,10 TO 12,106.0,Model A,1993,68 years 05 months,498000.0
2024-01-01,CHOA CHU KANG,4 ROOM,425,CHOA CHU KANG AVE 4,01 TO 03,104.0,Model A,1992,67 years 07 months,520000.0
2024-01-01,CHOA CHU KANG,4 ROOM,452,CHOA CHU KANG AVE 4,07 TO 09,103.0,Premium Apartment,2000,75 years 02 months,500000.0
2024-01-01,CHOA CHU KANG,4 ROOM,452,CHOA CHU KANG AVE 4,01 TO 03,104.0,Premium Apartment,2000,75 years 01 month,470888.0
2024-01-01,CHOA CHU KANG,4 ROOM,430,CHOA CHU KANG AVE 4,04 TO 06,104.0,Model A,1993,68 years 05 months,515000.0
2024-01-01,CHOA CHU KANG,4 ROOM,484B,CHOA CHU KANG AVE 5,01 TO 03,102.0,Model A,1999,74 years 05 months,465000.0
2024-01-01,CHOA CHU KANG,4 ROOM,486,CHOA CHU KANG AVE 5,10 TO 12,101.0,Model A,1999,74 years 06 months,485000.0
2024-01-01,CHOA CHU KANG,4 ROOM,489B,CHOA CHU KANG AVE 5,13 TO 15,93.0,Model A,2016,91 years 06 months,540000.0
2024-01-01,CHOA CHU KANG,4 ROOM,484,CHOA CHU KANG AVE 5,01 TO 03,101.0,Model A,1999,74 years 04 months,460000.0
2024-01-01,CHOA CHU KANG,4 ROOM,489C,CHOA CHU KANG AVE 5,01 TO 03,93.0,Model A,2016,91 years 06 months,515000.0
2024-01-01,CHOA CHU KANG,4 ROOM,815B,CHOA CHU KANG AVE 7,16 TO 18,93.0,Model A,2017,92 years 03 months,572000.0
2024-01-01,CHOA CHU KANG,4 ROOM,812B,CHOA CHU KANG AVE 7,04 TO 06,93.0,Model A,2017,92 years 10 months,493000.0
2024-01-01,CHOA CHU KANG,4 ROOM,815B,CHOA CHU KANG AVE 7,19 TO 21,93.0,Model A,2017,92 years 02 months,605000.0
2024-01-01,CHOA CHU KANG,4 ROOM,690D,CHOA CHU KANG CRES,07 TO 09,91.0,Model A,2003,78 years 08 months,450000.0
2024-01-01,CHOA CHU KANG,4 ROOM,686C,CHOA CHU KANG CRES,16 TO 18,85.0,Model A2,2002,77 years 10 months,460000.0
2024-01-01,CHOA CHU KANG,4 ROOM,684A,CHOA CHU KANG CRES,13 TO 15,90.0,Model A,2002,77 years 09 months,480000.0
2024-01-01,CHOA CHU KANG,4 ROOM,690D,CHOA CHU KANG CRES,10 TO 12,91.0,Model A,2003,78 years 08 months,465000.0
2024-01-01,CHOA CHU KANG,4 ROOM,677,CHOA CHU KANG CRES,01 TO 03,106.0,Premium Apartment,1999,74 years 10 months,485000.0
2024-01-01,CHOA CHU KANG,4 ROOM,669,CHOA CHU KANG CRES,07 TO 09,104.0,Premium Apartment,1999,74 years 10 months,550000.0
2024-01-01,CHOA CHU KANG,4 ROOM,692A,CHOA CHU KANG CRES,19 TO 21,90.0,Model A,2003,78 years 02 months,488000.0
2024-01-01,CHOA CHU KANG,4 ROOM,673A,CHOA CHU KANG CRES,13 TO 15,103.0,Premium Apartment,1999,75 years,535000.0
2024-01-01,CHOA CHU KANG,4 ROOM,683B,CHOA CHU KANG CRES,07 TO 09,90.0,Model A,2002,77 years 07 months,465000.0
2024-01-01,CHOA CHU KANG,4 ROOM,234,CHOA CHU KANG CTRL,10 TO 12,104.0,Model A,1989,64 years 04 months,495000.0
2024-01-01,CHOA CHU KANG,4 ROOM,354,CHOA CHU KANG CTRL,07 TO 09,104.0,Model A,1993,68 years 06 months,552000.0
2024-01-01,CHOA CHU KANG,4 ROOM,217,CHOA CHU KANG CTRL,10 TO 12,113.0,Model A,1990,65 years 07 months,535000.0
2024-01-01,CHOA CHU KANG,4 ROOM,224,CHOA CHU KANG CTRL,07 TO 09,104.0,Model A,1993,68 years 05 months,510000.0
2024-01-01,CHOA CHU KANG,4 ROOM,223,CHOA CHU KANG CTRL,04 TO 06,104.0,Model A,1993,68 years 05 months,505000.0
2024-01-01,CHOA CHU KANG,4 ROOM,634,CHOA CHU KANG NTH 6,01 TO 03,113.0,Premium Apartment,1998,73 years 02 months,530000.0
2024-01-01,CHOA CHU KANG,4 ROOM,514,CHOA CHU KANG ST 51,01 TO 03,104.0,Model A,1995,70 years 09 months,475888.0
2024-01-01,CHOA CHU KANG,4 ROOM,564,CHOA CHU KANG ST 52,10 TO 12,111.0,Model A,1995,71 years,568000.0
2024-01-01,CHOA CHU KANG,4 ROOM,572,CHOA CHU KANG ST 52,04 TO 06,92.0,Model A,2015,90 years 01 month,498000.0
2024-01-01,CHOA CHU KANG,4 ROOM,542,CHOA CHU KANG ST 52,10 TO 12,104.0,Model A,1995,70 years 08 months,480000.0
2024-01-01,CHOA CHU KANG,4 ROOM,771,CHOA CHU KANG ST 54,13 TO 15,104.0,Model A,1996,71 years 07 months,525000.0
2024-01-01,CHOA CHU KANG,4 ROOM,608,CHOA CHU KANG ST 62,01 TO 03,107.0,Model A,1996,71 years 04 months,520000.0
2024-01-01,CHOA CHU KANG,4 ROOM,639,CHOA CHU KANG ST 64,04 TO 06,100.0,Premium Apartment,1998,73 years 01 month,550000.0
2024-01-01,CHOA CHU KANG,4 ROOM,160,JLN TECK WHYE,13 TO 15,101.0,Model A,1998,73 years 02 months,535000.0
2024-01-01,CHOA CHU KANG,4 ROOM,803B,KEAT HONG CL,04 TO 06,93.0,Model A,2017,92 years 06 months,515000.0
2024-01-01,CHOA CHU KANG,4 ROOM,804A,KEAT HONG CL,10 TO 12,93.0,Model A,2017,92 years 05 months,561000.0
2024-01-01,CHOA CHU KANG,4 ROOM,802C,KEAT HONG CL,07 TO 09,92.0,Model A,2018,93 years 02 months,560000.0
2024-01-01,CHOA CHU KANG,4 ROOM,805D,KEAT HONG CL,04 TO 06,93.0,Model A,2017,92 years 04 months,558000.0
2024-01-01,CHOA CHU KANG,4 ROOM,816A,KEAT HONG LINK,19 TO 21,92.0,Model A,2017,92 years 09 months,635000.0
2024-01-01,CHOA CHU KANG,4 ROOM,817C,KEAT HONG LINK,04 TO 06,92.0,Model A,2017,92 years 09 months,562888.0
2024-01-01,CHOA CHU KANG,4 ROOM,817C,KEAT HONG LINK,10 TO 12,92.0,Model A,2017,92 years 08 months,585000.0
2024-01-01,CHOA CHU KANG,4 ROOM,817C,KEAT HONG LINK,04 TO 06,92.0,Model A,2017,92 years 08 months,560000.0
2024-01-01,CHOA CHU KANG,4 ROOM,103,TECK WHYE LANE,04 TO 06,106.0,Model A,1989,64 years 03 months,450000.0
2024-01-01,CHOA CHU KANG,4 ROOM,15,TECK WHYE LANE,01 TO 03,92.0,New Generation,1979,54 years 03 months,425000.0
2024-01-01,CHOA CHU KANG,4 ROOM,123,TECK WHYE LANE,04 TO 06,104.0,Model A,1989,64 years 04 months,480000.0
2024-01-01,CHOA CHU KANG,4 ROOM,20,TECK WHYE LANE,07 TO 09,91.0,New Generation,1981,56 years 08 months,420000.0
2024-01-01,CHOA CHU KANG,5 ROOM,809A,CHOA CHU KANG AVE 1,07 TO 09,112.0,Improved,2017,92 years 04 months,670000.0
2024-01-01,CHOA CHU KANG,5 ROOM,297,CHOA CHU KANG AVE 2,04 TO 06,122.0,Premium Apartment,1999,74 years 06 months,550000.0
2024-01-01,CHOA CHU KANG,5 ROOM,474,CHOA CHU KANG AVE 3,13 TO 15,120.0,Improved,1999,74 years 03 months,600000.0
2024-01-01,CHOA CHU KANG,5 ROOM,446,CHOA CHU KANG AVE 4,04 TO 06,120.0,Improved,1997,72 years 04 months,552000.0
2024-01-01,CHOA CHU KANG,5 ROOM,457,CHOA CHU KANG AVE 4,13 TO 15,123.0,Premium Apartment,2000,75 years 01 month,620000.0
2024-01-01,CHOA CHU KANG,5 ROOM,815C,CHOA CHU KANG AVE 7,04 TO 06,113.0,Improved,2017,92 years 03 months,648000.0
2024-01-01,CHOA CHU KANG,5 ROOM,810B,CHOA CHU KANG AVE 7,13 TO 15,113.0,Improved,2017,92 years 11 months,680000.0
2024-01-01,CHOA CHU KANG,5 ROOM,812B,CHOA CHU KANG AVE 7,16 TO 18,113.0,Improved,2017,92 years 11 months,685000.0
2024-01-01,CHOA CHU KANG,5 ROOM,690A,CHOA CHU KANG CRES,10 TO 12,110.0,Improved,2003,78 years 05 months,514388.0
2024-01-01,CHOA CHU KANG,5 ROOM,692A,CHOA CHU KANG CRES,16 TO 18,110.0,Improved,2003,78 years 02 months,568000.0
2024-01-01,CHOA CHU KANG,5 ROOM,658,CHOA CHU KANG CRES,07 TO 09,125.0,Premium Apartment,1999,74 years 04 months,600000.0
2024-01-01,CHOA CHU KANG,5 ROOM,680,CHOA CHU KANG CRES,07 TO 09,123.0,Premium Apartment,1999,74 years 10 months,585000.0
2024-01-01,CHOA CHU KANG,5 ROOM,683B,CHOA CHU KANG CRES,07 TO 09,110.0,Improved,2002,77 years 08 months,525000.0
2024-01-01,CHOA CHU KANG,5 ROOM,686A,CHOA CHU KANG CRES,04 TO 06,111.0,Improved,2002,77 years 09 months,505000.0
2024-01-01,CHOA CHU KANG,5 ROOM,226,CHOA CHU KANG CTRL,04 TO 06,124.0,Improved,1993,68 years 06 months,631688.0
2024-01-01,CHOA CHU KANG,5 ROOM,212,CHOA CHU KANG CTRL,07 TO 09,122.0,Improved,1989,64 years 06 months,648000.0
2024-01-01,CHOA CHU KANG,5 ROOM,513,CHOA CHU KANG ST 51,10 TO 12,133.0,Model A,1995,70 years 09 months,630000.0
2024-01-01,CHOA CHU KANG,5 ROOM,612,CHOA CHU KANG ST 62,10 TO 12,134.0,Model A,1996,71 years 05 months,655000.0
2024-01-01,CHOA CHU KANG,5 ROOM,802B,KEAT HONG CL,01 TO 03,113.0,Improved,2018,93 years 02 months,615000.0
2024-01-01,CHOA CHU KANG,5 ROOM,805B,KEAT HONG CL,10 TO 12,113.0,Improved,2017,92 years 05 months,665000.0
2024-01-01,CHOA CHU KANG,5 ROOM,804B,KEAT HONG CL,01 TO 03,113.0,Improved,2017,92 years 05 months,627000.0
2024-01-01,CHOA CHU KANG,5 ROOM,805C,KEAT HONG CL,07 TO 09,113.0,Improved,2017,92 years 05 months,628888.0
2024-01-01,CHOA CHU KANG,5 ROOM,803D,KEAT HONG CL,04 TO 06,113.0,Improved,2017,92 years 04 months,605000.0
2024-01-01,CHOA CHU KANG,5 ROOM,801B,KEAT HONG CL,04 TO 06,113.0,Improved,2018,93 years 01 month,600000.0
2024-01-01,CHOA CHU KANG,5 ROOM,817C,KEAT HONG LINK,22 TO 24,112.0,Improved,2017,92 years 10 months,720000.0
2024-01-01,CHOA CHU KANG,5 ROOM,817C,KEAT HONG LINK,13 TO 15,112.0,Improved,2017,92 years 10 months,707000.0
2024-01-01,CHOA CHU KANG,5 ROOM,7,TECK WHYE AVE,13 TO 15,132.0,Model A,1984,59 years 02 months,615888.0
2024-01-01,CHOA CHU KANG,5 ROOM,136,TECK WHYE LANE,04 TO 06,123.0,Improved,1989,64 years 10 months,545000.0
2024-01-01,CHOA CHU KANG,5 ROOM,12,TECK WHYE LANE,16 TO 18,119.0,Improved,1979,54 years 01 month,510000.0
2024-01-01,CHOA CHU KANG,5 ROOM,112,TECK WHYE LANE,04 TO 06,121.0,Improved,1989,64 years 02 months,565000.0
2024-01-01,CHOA CHU KANG,EXECUTIVE,204,CHOA CHU KANG AVE 1,13 TO 15,154.0,Maisonette,1989,64 years 08 months,885888.0
2024-01-01,CHOA CHU KANG,EXECUTIVE,282,CHOA CHU KANG AVE 3,04 TO 06,152.0,Maisonette,1992,67 years 07 months,790000.0
2024-01-01,CHOA CHU KANG,EXECUTIVE,453,CHOA CHU KANG AVE 4,10 TO 12,142.0,Premium Apartment,2000,75 years 02 months,710888.0
2024-01-01,CHOA CHU KANG,EXECUTIVE,453,CHOA CHU KANG AVE 4,10 TO 12,142.0,Premium Apartment,2000,75 years 02 months,707000.0
2024-01-01,CHOA CHU KANG,EXECUTIVE,207,CHOA CHU KANG CTRL,04 TO 06,154.0,Maisonette,1989,65 years,835000.0
2024-01-01,CHOA CHU KANG,EXECUTIVE,235,CHOA CHU KANG CTRL,04 TO 06,154.0,Maisonette,1990,66 years,810000.0
2024-01-01,CHOA CHU KANG,EXECUTIVE,755,CHOA CHU KANG NTH 5,04 TO 06,154.0,Apartment,1995,70 years 08 months,777000.0
2024-01-01,CHOA CHU KANG,EXECUTIVE,164,JLN TECK WHYE,07 TO 09,140.0,Apartment,1998,73 years 03 months,710000.0
2024-01-01,CHOA CHU KANG,EXECUTIVE,109,TECK WHYE LANE,04 TO 06,146.0,Maisonette,1989,64 years 04 months,800000.0
2024-01-01,CHOA CHU KANG,EXECUTIVE,120,TECK WHYE LANE,10 TO 12,146.0,Maisonette,1989,64 years 05 months,788000.0
2024-01-01,CLEMENTI,3 ROOM,418,CLEMENTI AVE 1,28 TO 30,75.0,Model A,2013,88 years 09 months,689800.0
2024-01-01,CLEMENTI,3 ROOM,364,CLEMENTI AVE 2,07 TO 09,67.0,New Generation,1978,53 years 01 month,406000.0
2024-01-01,CLEMENTI,3 ROOM,366,CLEMENTI AVE 2,13 TO 15,61.0,Model A,2003,78 years 03 months,488888.0
2024-01-01,CLEMENTI,3 ROOM,334,CLEMENTI AVE 2,07 TO 09,67.0,New Generation,1978,53 years 06 months,450000.0
2024-01-01,CLEMENTI,3 ROOM,426,CLEMENTI AVE 3,04 TO 06,81.0,New Generation,1978,53 years 05 months,480000.0
2024-01-01,CLEMENTI,3 ROOM,430,CLEMENTI AVE 3,04 TO 06,67.0,New Generation,1979,54 years 10 months,410000.0
2024-01-01,CLEMENTI,3 ROOM,312B,CLEMENTI AVE 4,10 TO 12,69.0,Model A,2017,92 years 08 months,650000.0
2024-01-01,CLEMENTI,3 ROOM,311B,CLEMENTI AVE 4,22 TO 24,60.0,DBSS,2014,90 years,622000.0
2024-01-01,CLEMENTI,3 ROOM,312B,CLEMENTI AVE 4,16 TO 18,69.0,Model A,2017,92 years 08 months,685000.0
2024-01-01,CLEMENTI,3 ROOM,311C,CLEMENTI AVE 4,37 TO 39,60.0,DBSS,2014,90 years,630000.0
2024-01-01,CLEMENTI,3 ROOM,305,CLEMENTI AVE 4,04 TO 06,67.0,New Generation,1979,54 years 03 months,406200.0
2024-01-01,CLEMENTI,3 ROOM,308,CLEMENTI AVE 4,07 TO 09,67.0,New Generation,1980,55 years 01 month,398000.0
2024-01-01,CLEMENTI,3 ROOM,371,CLEMENTI AVE 4,01 TO 03,68.0,New Generation,1981,56 years 08 months,410000.0
2024-01-01,CLEMENTI,3 ROOM,371,CLEMENTI AVE 4,04 TO 06,68.0,New Generation,1981,56 years 08 months,388888.0
2024-01-01,CLEMENTI,3 ROOM,376,CLEMENTI AVE 4,10 TO 12,67.0,New Generation,1980,55 years 09 months,428888.0
2024-01-01,CLEMENTI,3 ROOM,377,CLEMENTI AVE 5,01 TO 03,67.0,New Generation,1980,55 years 10 months,345000.0
2024-01-01,CLEMENTI,3 ROOM,377,CLEMENTI AVE 5,01 TO 03,67.0,New Generation,1980,55 years 09 months,350000.0
2024-01-01,CLEMENTI,3 ROOM,326,CLEMENTI AVE 5,07 TO 09,82.0,New Generation,1978,53 years 08 months,515000.0
2024-01-01,CLEMENTI,3 ROOM,611,CLEMENTI WEST ST 1,01 TO 03,74.0,Model A,1983,58 years 10 months,392000.0
2024-01-01,CLEMENTI,3 ROOM,610,CLEMENTI WEST ST 1,07 TO 09,74.0,Model A,1983,58 years 08 months,390000.0
2024-01-01,CLEMENTI,3 ROOM,706,CLEMENTI WEST ST 2,10 TO 12,68.0,New Generation,1980,55 years 06 months,337000.0
2024-01-01,CLEMENTI,3 ROOM,729,CLEMENTI WEST ST 2,01 TO 03,82.0,New Generation,1983,58 years 09 months,415888.0
2024-01-01,CLEMENTI,3 ROOM,711,CLEMENTI WEST ST 2,07 TO 09,82.0,New Generation,1980,56 years 01 month,375000.0
2024-01-01,CLEMENTI,3 ROOM,510,WEST COAST DR,07 TO 09,67.0,New Generation,1978,53 years 01 month,355000.0
2024-01-01,CLEMENTI,3 ROOM,703,WEST COAST RD,04 TO 06,67.0,New Generation,1980,55 years 09 months,345000.0
2024-01-01,CLEMENTI,3 ROOM,702,WEST COAST RD,10 TO 12,67.0,New Generation,1980,55 years 09 months,330000.0
2024-01-01,CLEMENTI,3 ROOM,701,WEST COAST RD,07 TO 09,67.0,New Generation,1980,55 years 08 months,378000.0
2024-01-01,CLEMENTI,3 ROOM,703,WEST COAST RD,13 TO 15,67.0,New Generation,1980,55 years 09 months,390000.0
2024-01-01,CLEMENTI,4 ROOM,433,CLEMENTI AVE 3,10 TO 12,91.0,New Generation,1978,54 years,588888.0
2024-01-01,CLEMENTI,4 ROOM,440A,CLEMENTI AVE 3,04 TO 06,87.0,Model A,2018,93 years 08 months,933000.0
2024-01-01,CLEMENTI,4 ROOM,457,CLEMENTI AVE 3,25 TO 27,90.0,Model A,2002,77 years 11 months,820000.0
2024-01-01,CLEMENTI,4 ROOM,429,CLEMENTI AVE 3,10 TO 12,91.0,New Generation,1978,53 years 05 months,565888.0
2024-01-01,CLEMENTI,4 ROOM,312A,CLEMENTI AVE 4,28 TO 30,93.0,Model A,2017,92 years 08 months,988000.0
2024-01-01,CLEMENTI,4 ROOM,376,CLEMENTI AVE 4,01 TO 03,91.0,New Generation,1980,55 years 10 months,465000.0
2024-01-01,CLEMENTI,4 ROOM,311A,CLEMENTI AVE 4,31 TO 33,80.0,DBSS,2014,90 years,900000.0
2024-01-01,CLEMENTI,4 ROOM,302,CLEMENTI AVE 4,01 TO 03,92.0,New Generation,1979,54 years 02 months,520000.0
2024-01-01,CLEMENTI,4 ROOM,311C,CLEMENTI AVE 4,04 TO 06,82.0,DBSS,2014,90 years,780000.0
2024-01-01,CLEMENTI,4 ROOM,312B,CLEMENTI AVE 4,04 TO 06,93.0,Model A,2017,92 years 08 months,835000.0
2024-01-01,CLEMENTI,4 ROOM,305,CLEMENTI AVE 4,01 TO 03,92.0,New Generation,1979,54 years 02 months,540000.0
2024-01-01,CLEMENTI,4 ROOM,202,CLEMENTI AVE 6,07 TO 09,94.0,New Generation,1985,60 years,585000.0
2024-01-01,CLEMENTI,4 ROOM,113,CLEMENTI ST 13,07 TO 09,104.0,Model A,1984,59 years 09 months,760000.0
2024-01-01,CLEMENTI,4 ROOM,611,CLEMENTI WEST ST 1,01 TO 03,104.0,Model A,1983,58 years 10 months,513000.0
2024-01-01,CLEMENTI,4 ROOM,708,CLEMENTI WEST ST 2,04 TO 06,91.0,New Generation,1980,55 years 07 months,500000.0
2024-01-01,CLEMENTI,4 ROOM,707,CLEMENTI WEST ST 2,10 TO 12,91.0,New Generation,1980,55 years 07 months,470000.0
2024-01-01,CLEMENTI,4 ROOM,712,CLEMENTI WEST ST 2,10 TO 12,92.0,New Generation,1980,55 years 05 months,478000.0
2024-01-01,CLEMENTI,4 ROOM,712,CLEMENTI WEST ST 2,01 TO 03,91.0,New Generation,1980,55 years 05 months,480000.0
2024-01-01,CLEMENTI,5 ROOM,337,CLEMENTI AVE 2,19 TO 21,119.0,Improved,1978,53 years 11 months,850000.0
2024-01-01,CLEMENTI,5 ROOM,440C,CLEMENTI AVE 3,25 TO 27,112.0,Improved,2018,93 years 07 months,1258000.0
2024-01-01,CLEMENTI,5 ROOM,312B,CLEMENTI AVE 4,34 TO 36,113.0,Improved,2017,92 years 08 months,1240000.0
2024-01-01,CLEMENTI,5 ROOM,342,CLEMENTI AVE 5,01 TO 03,125.0,Improved,1979,54 years 04 months,638000.0
2024-01-01,CLEMENTI,5 ROOM,114,CLEMENTI ST 13,04 TO 06,142.0,Model A-Maisonette,1984,59 years 10 months,1180000.0
2024-01-01,CLEMENTI,EXECUTIVE,201,CLEMENTI AVE 6,01 TO 03,148.0,Maisonette,1985,60 years 05 months,1051692.0
2024-01-01,GEYLANG,2 ROOM,109,ALJUNIED CRES,01 TO 03,45.0,Improved,1986,61 years 01 month,285000.0
2024-01-01,GEYLANG,2 ROOM,51,CIRCUIT RD,07 TO 09,42.0,Standard,1969,44 years 01 month,250000.0
2024-01-01,GEYLANG,3 ROOM,95,ALJUNIED CRES,01 TO 03,65.0,Improved,1975,50 years 08 months,340000.0
2024-01-01,GEYLANG,3 ROOM,108,ALJUNIED CRES,04 TO 06,68.0,New Generation,1981,56 years 04 months,398000.0
2024-01-01,GEYLANG,3 ROOM,98,ALJUNIED CRES,01 TO 03,65.0,Improved,1975,50 years 08 months,390000.0
2024-01-01,GEYLANG,3 ROOM,30,BALAM RD,04 TO 06,67.0,Standard,1973,48 years 06 months,340000.0
2024-01-01,GEYLANG,3 ROOM,18A,CIRCUIT RD,04 TO 06,67.0,Model A,2016,91 years 11 months,565000.0
2024-01-01,GEYLANG,3 ROOM,18D,CIRCUIT RD,13 TO 15,67.0,Model A,2016,91 years 11 months,698888.0
2024-01-01,GEYLANG,3 ROOM,50,CIRCUIT RD,04 TO 06,56.0,Standard,1969,44 years 01 month,320000.0
2024-01-01,GEYLANG,3 ROOM,85,CIRCUIT RD,04 TO 06,60.0,Improved,1970,45 years,350000.0
2024-01-01,GEYLANG,3 ROOM,57,CIRCUIT RD,04 TO 06,56.0,Standard,1969,44 years 01 month,275000.0
2024-01-01,GEYLANG,3 ROOM,37,CIRCUIT RD,13 TO 15,59.0,Standard,1972,47 years 11 months,323000.0
2024-01-01,GEYLANG,3 ROOM,36,EUNOS CRES,10 TO 12,60.0,Model A,2006,82 years,575000.0
2024-01-01,GEYLANG,3 ROOM,18,EUNOS CRES,07 TO 09,59.0,Improved,1977,52 years 05 months,340000.0
2024-01-01,GEYLANG,3 ROOM,33,EUNOS CRES,16 TO 18,60.0,Model A,2007,82 years 02 months,590000.0
2024-01-01,GEYLANG,3 ROOM,128,GEYLANG EAST AVE 1,07 TO 09,74.0,Model A,1983,58 years 08 months,435000.0
2024-01-01,GEYLANG,3 ROOM,1,HAIG RD,07 TO 09,59.0,Improved,1982,57 years 11 months,380888.0
2024-01-01,GEYLANG,3 ROOM,97,JLN DUA,10 TO 12,56.0,Standard,1969,44 years 01 month,358000.0
2024-01-01,GEYLANG,3 ROOM,91,PAYA LEBAR WAY,07 TO 09,58.0,Improved,1972,47 years 08 months,328888.0
2024-01-01,GEYLANG,3 ROOM,93,PAYA LEBAR WAY,10 TO 12,58.0,Improved,1972,47 years 08 months,305000.0
2024-01-01,GEYLANG,3 ROOM,41,SIMS DR,04 TO 06,76.0,Improved,1981,56 years 03 months,350000.0
2024-01-01,GEYLANG,3 ROOM,316,UBI AVE 1,10 TO 12,64.0,Simplified,1985,60 years 09 months,398000.0
2024-01-01,GEYLANG,3 ROOM,316,UBI AVE 1,04 TO 06,64.0,Simplified,1985,60 years 09 months,370000.0
2024-01-01,GEYLANG,3 ROOM,301,UBI AVE 1,04 TO 06,64.0,Simplified,2000,75 years 05 months,385000.0
2024-01-01,GEYLANG,4 ROOM,27,BALAM RD,10 TO 12,107.0,Model A,1997,72 years 08 months,695500.0
2024-01-01,GEYLANG,4 ROOM,18D,CIRCUIT RD,16 TO 18,93.0,Model A,2016,91 years 11 months,930000.0
2024-01-01,GEYLANG,4 ROOM,17A,CIRCUIT RD,01 TO 03,93.0,Model A,2016,91 years 10 months,840000.0
2024-01-01,GEYLANG,4 ROOM,36,EUNOS CRES,10 TO 12,90.0,Model A,2006,82 years,785000.0
2024-01-01,GEYLANG,4 ROOM,31,EUNOS CRES,07 TO 09,90.0,Model A,2007,82 years,838000.0
2024-01-01,GEYLANG,4 ROOM,124,GEYLANG EAST AVE 1,10 TO 12,104.0,Model A,1983,58 years 11 months,720000.0
2024-01-01,GEYLANG,4 ROOM,39,JLN TIGA,19 TO 21,93.0,Model A,2005,80 years 03 months,930000.0
2024-01-01,GEYLANG,4 ROOM,122,PAYA LEBAR WAY,07 TO 09,91.0,New Generation,1980,55 years 08 months,560000.0
2024-01-01,GEYLANG,4 ROOM,7,PINE CL,10 TO 12,95.0,Model A,2000,75 years 06 months,908888.0
2024-01-01,GEYLANG,4 ROOM,338,UBI AVE 1,01 TO 03,84.0,Simplified,1986,61 years 03 months,500000.0
2024-01-01,GEYLANG,4 ROOM,348,UBI AVE 1,10 TO 12,104.0,Model A,1986,61 years 05 months,588000.0
2024-01-01,GEYLANG,4 ROOM,320,UBI AVE 1,04 TO 06,84.0,Simplified,1985,60 years 06 months,508000.0
2024-01-01,GEYLANG,4 ROOM,348,UBI AVE 1,04 TO 06,84.0,Simplified,1986,61 years 05 months,520000.0
2024-01-01,GEYLANG,4 ROOM,324,UBI AVE 1,10 TO 12,104.0,Model A,1985,60 years 06 months,603000.0
2024-01-01,GEYLANG,4 ROOM,322,UBI AVE 1,10 TO 12,84.0,Simplified,1985,60 years 10 months,485000.0
2024-01-01,GEYLANG,4 ROOM,314,UBI AVE 1,01 TO 03,104.0,Model A,1985,60 years 09 months,538000.0
2024-01-01,GEYLANG,4 ROOM,349,UBI AVE 1,01 TO 03,104.0,Model A,1986,61 years 01 month,565000.0
2024-01-01,GEYLANG,5 ROOM,23,EUNOS CRES,10 TO 12,117.0,Standard,1977,52 years 04 months,620000.0
2024-01-01,GEYLANG,5 ROOM,35,EUNOS CRES,16 TO 18,110.0,Improved,2006,81 years 10 months,949000.0
2024-01-01,GEYLANG,5 ROOM,415,EUNOS RD 5,10 TO 12,140.0,Model A-Maisonette,1984,59 years 11 months,905000.0
2024-01-01,GEYLANG,5 ROOM,6,HAIG RD,19 TO 21,118.0,Improved,1976,51 years 07 months,808000.0
2024-01-01,GEYLANG,5 ROOM,47,JLN TIGA,16 TO 18,110.0,Improved,2005,80 years 04 months,1040000.0
2024-01-01,GEYLANG,EXECUTIVE,326,UBI AVE 1,01 TO 03,146.0,Maisonette,1986,61 years 04 months,840000.0
2024-01-01,HOUGANG,2 ROOM,998B,BUANGKOK CRES,13 TO 15,47.0,Model A,2019,95 years 01 month,338000.0
2024-01-01,HOUGANG,2 ROOM,995B,BUANGKOK CRES,13 TO 15,47.0,Model A,2019,94 years 09 months,350000.0
2024-01-01,HOUGANG,2 ROOM,998A,BUANGKOK CRES,10 TO 12,47.0,Model A,2019,95 years,370000.0
2024-01-01,HOUGANG,2 ROOM,998A,BUANGKOK CRES,01 TO 03,47.0,Model A,2019,95 years,320000.0
2024-01-01,HOUGANG,2 ROOM,998B,BUANGKOK CRES,04 TO 06,47.0,Model A,2019,95 years,335000.0
2024-01-01,HOUGANG,2 ROOM,995B,BUANGKOK CRES,13 TO 15,47.0,Model A,2019,94 years 09 months,360000.0
2024-01-01,HOUGANG,2 ROOM,992A,BUANGKOK LINK,16 TO 18,38.0,Model A,2019,94 years 06 months,330000.0
2024-01-01,HOUGANG,2 ROOM,991A,BUANGKOK LINK,01 TO 03,47.0,Model A,2019,94 years 05 months,340000.0
2024-01-01,HOUGANG,3 ROOM,986B,BUANGKOK CRES,07 TO 09,67.0,Model A,2012,87 years 05 months,460000.0
2024-01-01,HOUGANG,3 ROOM,999B,BUANGKOK CRES,13 TO 15,68.0,Model A,2019,95 years,500000.0
2024-01-01,HOUGANG,3 ROOM,995C,BUANGKOK CRES,13 TO 15,68.0,Model A,2019,94 years 09 months,510000.0
2024-01-01,HOUGANG,3 ROOM,986B,BUANGKOK CRES,07 TO 09,67.0,Model A,2012,87 years 04 months,455000.0
2024-01-01,HOUGANG,3 ROOM,995B,BUANGKOK CRES,16 TO 18,68.0,Model A,2019,94 years 08 months,480000.0
2024-01-01,HOUGANG,3 ROOM,998A,BUANGKOK CRES,10 TO 12,68.0,Model A,2019,94 years 11 months,465000.0
2024-01-01,HOUGANG,3 ROOM,987C,BUANGKOK GREEN,07 TO 09,68.0,Model A,2015,90 years 02 months,435000.0
2024-01-01,HOUGANG,3 ROOM,987B,BUANGKOK GREEN,07 TO 09,68.0,Model A,2015,90 years 02 months,428000.0
2024-01-01,HOUGANG,3 ROOM,987B,BUANGKOK GREEN,07 TO 09,68.0,Model A,2015,90 years 02 months,439900.0
2024-01-01,HOUGANG,3 ROOM,992A,BUANGKOK LINK,04 TO 06,68.0,Model A,2019,94 years 05 months,450000.0
2024-01-01,HOUGANG,3 ROOM,125,HOUGANG AVE 1,07 TO 09,67.0,New Generation,1981,56 years 08 months,376000.0
2024-01-01,HOUGANG,3 ROOM,112,HOUGANG AVE 1,07 TO 09,82.0,New Generation,1981,57 years,412000.0
2024-01-01,HOUGANG,3 ROOM,114,HOUGANG AVE 1,04 TO 06,66.0,New Generation,1982,57 years 02 months,375000.0
2024-01-01,HOUGANG,3 ROOM,112,HOUGANG AVE 1,07 TO 09,67.0,New Generation,1981,57 years,410000.0
2024-01-01,HOUGANG,3 ROOM,124,HOUGANG AVE 1,04 TO 06,67.0,New Generation,1981,56 years 10 months,388000.0
2024-01-01,HOUGANG,3 ROOM,123,HOUGANG AVE 1,04 TO 06,67.0,New Generation,1981,56 years 08 months,375000.0
2024-01-01,HOUGANG,3 ROOM,117,HOUGANG AVE 1,01 TO 03,67.0,New Generation,1982,57 years 05 months,370000.0
2024-01-01,HOUGANG,3 ROOM,114,HOUGANG AVE 1,07 TO 09,66.0,New Generation,1982,57 years 01 month,390000.0
2024-01-01,HOUGANG,3 ROOM,123,HOUGANG AVE 1,07 TO 09,67.0,New Generation,1981,56 years 08 months,375000.0
2024-01-01,HOUGANG,3 ROOM,415,HOUGANG AVE 10,07 TO 09,67.0,New Generation,1985,60 years 09 months,410000.0
2024-01-01,HOUGANG,3 ROOM,19,HOUGANG AVE 3,10 TO 12,73.0,New Generation,1978,53 years 05 months,360000.0
2024-01-01,HOUGANG,3 ROOM,248,HOUGANG AVE 3,04 TO 06,67.0,New Generation,1984,59 years 10 months,402500.0
2024-01-01,HOUGANG,3 ROOM,24,HOUGANG AVE 3,10 TO 12,82.0,New Generation,1978,53 years 05 months,435500.0
2024-01-01,HOUGANG,3 ROOM,248,HOUGANG AVE 3,01 TO 03,72.0,New Generation,1984,59 years 10 months,358000.0
2024-01-01,HOUGANG,3 ROOM,248,HOUGANG AVE 3,04 TO 06,67.0,New Generation,1984,59 years 09 months,395000.0
2024-01-01,HOUGANG,3 ROOM,2,HOUGANG AVE 3,07 TO 09,59.0,Improved,1975,50 years 07 months,300000.0
2024-01-01,HOUGANG,3 ROOM,1,HOUGANG AVE 3,13 TO 15,59.0,Improved,1975,50 years 07 months,346000.0
2024-01-01,HOUGANG,3 ROOM,1,HOUGANG AVE 3,07 TO 09,59.0,Improved,1975,50 years 07 months,330000.0
2024-01-01,HOUGANG,3 ROOM,247,HOUGANG AVE 3,07 TO 09,67.0,New Generation,1984,59 years 05 months,410000.0
2024-01-01,HOUGANG,3 ROOM,327,HOUGANG AVE 5,04 TO 06,82.0,New Generation,1983,58 years 03 months,438000.0
2024-01-01,HOUGANG,3 ROOM,308,HOUGANG AVE 5,07 TO 09,67.0,New Generation,1983,58 years 10 months,393888.0
2024-01-01,HOUGANG,3 ROOM,321,HOUGANG AVE 5,07 TO 09,67.0,New Generation,1983,58 years 02 months,382000.0
2024-01-01,HOUGANG,3 ROOM,307,HOUGANG AVE 5,13 TO 15,67.0,New Generation,1983,58 years 01 month,410000.0
2024-01-01,HOUGANG,3 ROOM,311,HOUGANG AVE 5,07 TO 09,68.0,New Generation,1983,58 years 04 months,423000.0
2024-01-01,HOUGANG,3 ROOM,674,HOUGANG AVE 8,10 TO 12,64.0,Simplified,1987,62 years 02 months,400000.0
2024-01-01,HOUGANG,3 ROOM,620,HOUGANG AVE 8,07 TO 09,69.0,Improved,1985,60 years 09 months,402888.0
2024-01-01,HOUGANG,3 ROOM,684,HOUGANG AVE 8,01 TO 03,64.0,Simplified,1989,64 years 06 months,382888.0
2024-01-01,HOUGANG,3 ROOM,677,HOUGANG AVE 8,01 TO 03,64.0,Simplified,1988,63 years 10 months,390000.0
2024-01-01,HOUGANG,3 ROOM,645,HOUGANG AVE 8,01 TO 03,69.0,Improved,1987,62 years 01 month,388000.0
2024-01-01,HOUGANG,3 ROOM,620,HOUGANG AVE 8,04 TO 06,60.0,Improved,1985,60 years 07 months,378000.0
2024-01-01,HOUGANG,3 ROOM,811,HOUGANG CTRL,01 TO 03,64.0,Simplified,1988,63 years 10 months,400000.0
2024-01-01,HOUGANG,3 ROOM,154,HOUGANG ST 11,01 TO 03,67.0,New Generation,1984,60 years,425000.0
2024-01-01,HOUGANG,3 ROOM,241,HOUGANG ST 22,04 TO 06,77.0,Model A,1985,60 years 04 months,400000.0
2024-01-01,HOUGANG,3 ROOM,243,HOUGANG ST 22,01 TO 03,67.0,New Generation,1984,59 years 05 months,378000.0
2024-01-01,HOUGANG,3 ROOM,246,HOUGANG ST 22,04 TO 06,67.0,New Generation,1984,59 years 08 months,405000.0
2024-01-01,HOUGANG,3 ROOM,696,HOUGANG ST 61,07 TO 09,74.0,Model A,1987,62 years 10 months,425000.0
2024-01-01,HOUGANG,3 ROOM,365A,UPP SERANGOON RD,16 TO 18,67.0,Model A,2018,93 years 02 months,520000.0
2024-01-01,HOUGANG,4 ROOM,980D,BUANGKOK CRES,07 TO 09,90.0,Model A,2003,78 years 05 months,540000.0
2024-01-01,HOUGANG,4 ROOM,979B,BUANGKOK CRES,04 TO 06,90.0,Model A,2003,78 years 07 months,503000.0
2024-01-01,HOUGANG,4 ROOM,999B,BUANGKOK CRES,04 TO 06,93.0,Model A,2019,95 years,560000.0
2024-01-01,HOUGANG,4 ROOM,998B,BUANGKOK CRES,13 TO 15,94.0,Model A,2019,95 years,640000.0
2024-01-01,HOUGANG,4 ROOM,999B,BUANGKOK CRES,04 TO 06,94.0,Model A,2019,95 years,565000.0
2024-01-01,HOUGANG,4 ROOM,996A,BUANGKOK CRES,04 TO 06,93.0,Model A,2019,94 years 10 months,580000.0
2024-01-01,HOUGANG,4 ROOM,996C,BUANGKOK CRES,07 TO 09,93.0,Model A,2019,94 years 10 months,602000.0
2024-01-01,HOUGANG,4 ROOM,999B,BUANGKOK CRES,16 TO 18,94.0,Model A,2019,95 years,625000.0
2024-01-01,HOUGANG,4 ROOM,996B,BUANGKOK CRES,04 TO 06,93.0,Model A,2019,94 years 09 months,580000.0
2024-01-01,HOUGANG,4 ROOM,996C,BUANGKOK CRES,13 TO 15,93.0,Model A,2019,94 years 10 months,618888.0
2024-01-01,HOUGANG,4 ROOM,998B,BUANGKOK CRES,13 TO 15,93.0,Model A,2019,95 years,638000.0
2024-01-01,HOUGANG,4 ROOM,996B,BUANGKOK CRES,13 TO 15,92.0,Model A,2019,94 years 09 months,645000.0
2024-01-01,HOUGANG,4 ROOM,996B,BUANGKOK CRES,10 TO 12,92.0,Model A,2019,94 years 09 months,618888.0
2024-01-01,HOUGANG,4 ROOM,997A,BUANGKOK CRES,13 TO 15,93.0,Model A,2018,93 years 11 months,615000.0
2024-01-01,HOUGANG,4 ROOM,997C,BUANGKOK CRES,13 TO 15,93.0,Model A,2018,93 years 10 months,610000.0
2024-01-01,HOUGANG,4 ROOM,996A,BUANGKOK CRES,13 TO 15,92.0,Model A,2019,94 years 09 months,630000.0
2024-01-01,HOUGANG,4 ROOM,997C,BUANGKOK CRES,01 TO 03,93.0,Model A,2018,93 years 10 months,528000.0
2024-01-01,HOUGANG,4 ROOM,998A,BUANGKOK CRES,16 TO 18,93.0,Model A,2019,94 years 11 months,645000.0
2024-01-01,HOUGANG,4 ROOM,999B,BUANGKOK CRES,10 TO 12,93.0,Model A,2019,94 years 11 months,618000.0
2024-01-01,HOUGANG,4 ROOM,996B,BUANGKOK CRES,07 TO 09,93.0,Model A,2019,94 years 08 months,615000.0
2024-01-01,HOUGANG,4 ROOM,980D,BUANGKOK CRES,01 TO 03,90.0,Model A,2003,78 years 05 months,495000.0
2024-01-01,HOUGANG,4 ROOM,996C,BUANGKOK CRES,07 TO 09,93.0,Model A,2019,94 years 08 months,630000.0
2024-01-01,HOUGANG,4 ROOM,998B,BUANGKOK CRES,07 TO 09,94.0,Model A,2019,94 years 11 months,630000.0
2024-01-01,HOUGANG,4 ROOM,996B,BUANGKOK CRES,04 TO 06,93.0,Model A,2019,94 years 08 months,572000.0
2024-01-01,HOUGANG,4 ROOM,987C,BUANGKOK GREEN,01 TO 03,93.0,Model A,2015,90 years 02 months,518000.0
2024-01-01,HOUGANG,4 ROOM,991B,BUANGKOK LINK,16 TO 18,93.0,Model A,2019,94 years 06 months,623000.0
2024-01-01,HOUGANG,4 ROOM,992B,BUANGKOK LINK,07 TO 09,93.0,Model A,2019,94 years 05 months,595000.0
2024-01-01,HOUGANG,4 ROOM,991A,BUANGKOK LINK,13 TO 15,93.0,Model A,2019,94 years 05 months,618888.0
2024-01-01,HOUGANG,4 ROOM,984A,BUANGKOK LINK,04 TO 06,85.0,Model A2,2004,79 years 02 months,482000.0
2024-01-01,HOUGANG,4 ROOM,113,HOUGANG AVE 1,07 TO 09,95.0,New Generation,1982,57 years 01 month,535000.0
2024-01-01,HOUGANG,4 ROOM,708,HOUGANG AVE 2,01 TO 03,91.0,New Generation,1985,60 years 09 months,478500.0
2024-01-01,HOUGANG,4 ROOM,709,HOUGANG AVE 2,01 TO 03,93.0,New Generation,1985,60 years 07 months,485000.0
2024-01-01,HOUGANG,4 ROOM,603,HOUGANG AVE 4,10 TO 12,104.0,Model A,1985,60 years 10 months,598000.0
2024-01-01,HOUGANG,4 ROOM,361,HOUGANG AVE 5,01 TO 03,106.0,Model A,1992,67 years 09 months,550000.0
2024-01-01,HOUGANG,4 ROOM,308,HOUGANG AVE 5,04 TO 06,97.0,New Generation,1983,58 years 10 months,460000.0
2024-01-01,HOUGANG,4 ROOM,304,HOUGANG AVE 5,10 TO 12,109.0,Model A,1983,58 years 08 months,628000.0
2024-01-01,HOUGANG,4 ROOM,523,HOUGANG AVE 6,07 TO 09,105.0,Model A,1986,61 years 11 months,580000.0
2024-01-01,HOUGANG,4 ROOM,326,HOUGANG AVE 7,10 TO 12,104.0,Model A,1983,58 years 05 months,518000.0
2024-01-01,HOUGANG,4 ROOM,336,HOUGANG AVE 7,13 TO 15,91.0,New Generation,1985,60 years 06 months,496000.0
2024-01-01,HOUGANG,4 ROOM,417,HOUGANG AVE 8,01 TO 03,105.0,Model A,1989,64 years 08 months,540000.0
2024-01-01,HOUGANG,4 ROOM,635,HOUGANG AVE 8,10 TO 12,84.0,Simplified,1987,62 years 09 months,473000.0
2024-01-01,HOUGANG,4 ROOM,437,HOUGANG AVE 8,04 TO 06,113.0,Model A,1991,66 years 03 months,610000.0
2024-01-01,HOUGANG,4 ROOM,626,HOUGANG AVE 8,07 TO 09,104.0,Model A,1986,61 years 11 months,568888.0
2024-01-01,HOUGANG,4 ROOM,504,HOUGANG AVE 8,01 TO 03,84.0,Simplified,1987,62 years 07 months,470000.0
2024-01-01,HOUGANG,4 ROOM,611,HOUGANG AVE 8,07 TO 09,84.0,Simplified,1986,61 years,480000.0
2024-01-01,HOUGANG,4 ROOM,932A,HOUGANG AVE 9,16 TO 18,92.0,Model A,2017,92 years 11 months,690000.0
2024-01-01,HOUGANG,4 ROOM,923,HOUGANG AVE 9,07 TO 09,100.0,Model A,1998,73 years 02 months,553000.0
2024-01-01,HOUGANG,4 ROOM,932B,HOUGANG AVE 9,07 TO 09,92.0,Model A,2017,92 years 11 months,630000.0
2024-01-01,HOUGANG,4 ROOM,965,HOUGANG AVE 9,04 TO 06,101.0,Model A,1999,74 years 10 months,538888.0
2024-01-01,HOUGANG,4 ROOM,835,HOUGANG CTRL,07 TO 09,110.0,Model A,1992,67 years 09 months,620000.0
2024-01-01,HOUGANG,4 ROOM,836,HOUGANG CTRL,01 TO 03,101.0,Model A,1997,72 years 05 months,630000.0
2024-01-01,HOUGANG,4 ROOM,240,HOUGANG ST 22,10 TO 12,105.0,Model A,1984,59 years 10 months,580000.0
2024-01-01,HOUGANG,4 ROOM,371,HOUGANG ST 31,07 TO 09,100.0,Model A,1999,74 years 11 months,597000.0
2024-01-01,HOUGANG,4 ROOM,370,HOUGANG ST 31,01 TO 03,101.0,Model A,1999,74 years 10 months,556000.0
2024-01-01,HOUGANG,4 ROOM,565,HOUGANG ST 51,04 TO 06,107.0,Model A,1992,67 years 09 months,540000.0
2024-01-01,HOUGANG,4 ROOM,547,HOUGANG ST 51,04 TO 06,102.0,Model A,1992,67 years 09 months,538888.0
2024-01-01,HOUGANG,4 ROOM,567,HOUGANG ST 51,04 TO 06,99.0,Model A,1997,72 years 04 months,555000.0
2024-01-01,HOUGANG,4 ROOM,566,HOUGANG ST 51,07 TO 09,107.0,Model A,1992,67 years 09 months,555000.0
2024-01-01,HOUGANG,4 ROOM,568,HOUGANG ST 51,07 TO 09,98.0,Model A,1997,72 years 03 months,560000.0
2024-01-01,HOUGANG,4 ROOM,568,HOUGANG ST 51,01 TO 03,101.0,Model A,1997,72 years 03 months,500000.0
2024-01-01,HOUGANG,4 ROOM,547,HOUGANG ST 51,07 TO 09,106.0,Model A,1992,67 years 09 months,570000.0
2024-01-01,HOUGANG,4 ROOM,550,HOUGANG ST 51,10 TO 12,106.0,Model A,1992,67 years 10 months,625000.0
2024-01-01,HOUGANG,4 ROOM,910,HOUGANG ST 91,01 TO 03,93.0,Model A2,1997,72 years 11 months,485000.0
2024-01-01,HOUGANG,4 ROOM,970,HOUGANG ST 91,13 TO 15,101.0,Model A,1999,74 years 11 months,530000.0
2024-01-01,HOUGANG,4 ROOM,471B,UPP SERANGOON CRES,16 TO 18,92.0,Model A,2015,90 years 06 months,620000.0
2024-01-01,HOUGANG,4 ROOM,475A,UPP SERANGOON CRES,10 TO 12,92.0,DBSS,2014,89 years 10 months,755000.0
2024-01-01,HOUGANG,4 ROOM,365C,UPP SERANGOON RD,04 TO 06,93.0,Model A,2018,93 years 02 months,750000.0
2024-01-01,HOUGANG,4 ROOM,365B,UPP SERANGOON RD,10 TO 12,92.0,Model A,2018,93 years 02 months,782800.0
2024-01-01,HOUGANG,4 ROOM,476C,UPP SERANGOON VIEW,07 TO 09,92.0,Premium Apartment,2016,91 years 03 months,705000.0
2024-01-01,HOUGANG,4 ROOM,476B,UPP SERANGOON VIEW,10 TO 12,92.0,Premium Apartment,2016,91 years 03 months,620000.0
2024-01-01,HOUGANG,5 ROOM,997B,BUANGKOK CRES,04 TO 06,113.0,Improved,2018,93 years 11 months,725000.0
2024-01-01,HOUGANG,5 ROOM,997B,BUANGKOK CRES,10 TO 12,113.0,Improved,2018,93 years 11 months,730000.0
2024-01-01,HOUGANG,5 ROOM,979A,BUANGKOK CRES,10 TO 12,110.0,Improved,2003,78 years 07 months,610000.0
2024-01-01,HOUGANG,5 ROOM,984B,BUANGKOK LINK,04 TO 06,110.0,Improved,2004,79 years 02 months,600000.0
2024-01-01,HOUGANG,5 ROOM,238,HOUGANG AVE 1,10 TO 12,138.0,Model A-Maisonette,1984,59 years 08 months,895000.0
2024-01-01,HOUGANG,5 ROOM,103,HOUGANG AVE 1,01 TO 03,131.0,Model A,1983,58 years 11 months,645000.0
2024-01-01,HOUGANG,5 ROOM,512,HOUGANG AVE 10,10 TO 12,121.0,Improved,1987,62 years 05 months,710000.0
2024-01-01,HOUGANG,5 ROOM,513,HOUGANG AVE 10,07 TO 09,121.0,Improved,1986,61 years 09 months,688888.0
2024-01-01,HOUGANG,5 ROOM,416,HOUGANG AVE 10,07 TO 09,120.0,Improved,1985,60 years 09 months,670000.0
2024-01-01,HOUGANG,5 ROOM,580,HOUGANG AVE 4,04 TO 06,119.0,Improved,1997,73 years,658000.0
2024-01-01,HOUGANG,5 ROOM,424,HOUGANG AVE 6,07 TO 09,132.0,Improved,1989,65 years 01 month,812888.0
2024-01-01,HOUGANG,5 ROOM,521,HOUGANG AVE 6,10 TO 12,121.0,Improved,1987,62 years 09 months,800000.0
2024-01-01,HOUGANG,5 ROOM,616,HOUGANG AVE 8,07 TO 09,121.0,Improved,1986,61 years 08 months,600000.0
2024-01-01,HOUGANG,5 ROOM,627,HOUGANG AVE 8,04 TO 06,122.0,Improved,1986,61 years 07 months,575000.0
2024-01-01,HOUGANG,5 ROOM,504,HOUGANG AVE 8,04 TO 06,121.0,Improved,1987,62 years 08 months,650000.0
2024-01-01,HOUGANG,5 ROOM,838,HOUGANG CTRL,01 TO 03,117.0,Improved,1997,72 years 03 months,770000.0
2024-01-01,HOUGANG,5 ROOM,373,HOUGANG ST 31,04 TO 06,123.0,Improved,2000,75 years 01 month,780000.0
2024-01-01,HOUGANG,5 ROOM,567,HOUGANG ST 51,07 TO 09,118.0,Improved,1997,72 years 05 months,683000.0
2024-01-01,HOUGANG,5 ROOM,570,HOUGANG ST 51,04 TO 06,117.0,Improved,1997,72 years 05 months,678000.0
2024-01-01,HOUGANG,5 ROOM,699A,HOUGANG ST 52,10 TO 12,121.0,Improved,1999,74 years 02 months,708000.0
2024-01-01,HOUGANG,5 ROOM,699A,HOUGANG ST 52,16 TO 18,125.0,Improved,1999,74 years 02 months,760000.0
2024-01-01,HOUGANG,5 ROOM,698B,HOUGANG ST 61,01 TO 03,120.0,Improved,1999,74 years 03 months,655000.0
2024-01-01,HOUGANG,5 ROOM,950,HOUGANG ST 91,04 TO 06,121.0,Improved,1999,74 years 05 months,680000.0
2024-01-01,HOUGANG,5 ROOM,946,HOUGANG ST 92,04 TO 06,121.0,Improved,1998,73 years 09 months,688888.0
2024-01-01,HOUGANG,5 ROOM,941,HOUGANG ST 92,13 TO 15,120.0,Improved,1998,73 years 01 month,788000.0
2024-01-01,HOUGANG,5 ROOM,473A,UPP SERANGOON CRES,13 TO 15,113.0,Improved,2017,92 years 06 months,800000.0
2024-01-01,HOUGANG,5 ROOM,473D,UPP SERANGOON CRES,16 TO 18,113.0,Improved,2017,92 years 05 months,798000.0
2024-01-01,HOUGANG,5 ROOM,475B,UPP SERANGOON CRES,07 TO 09,112.0,DBSS,2014,89 years 10 months,900000.0
2024-01-01,HOUGANG,5 ROOM,477A,UPP SERANGOON VIEW,04 TO 06,112.0,Premium Apartment,2016,91 years 03 months,830888.0
2024-01-01,HOUGANG,5 ROOM,477A,UPP SERANGOON VIEW,13 TO 15,112.0,Premium Apartment,2016,91 years 03 months,841000.0
2024-01-01,HOUGANG,EXECUTIVE,508,HOUGANG AVE 10,10 TO 12,146.0,Maisonette,1987,62 years 06 months,952888.0
2024-01-01,HOUGANG,EXECUTIVE,622,HOUGANG AVE 8,01 TO 03,148.0,Maisonette,1986,61 years 03 months,800000.0
2024-01-01,HOUGANG,EXECUTIVE,638,HOUGANG AVE 8,01 TO 03,154.0,Maisonette,1987,62 years 10 months,870000.0
2024-01-01,HOUGANG,EXECUTIVE,237,HOUGANG ST 21,10 TO 12,156.0,Maisonette,1984,59 years 06 months,1080000.0
2024-01-01,HOUGANG,EXECUTIVE,375,HOUGANG ST 31,07 TO 09,141.0,Apartment,1999,74 years 11 months,1038000.0
2024-01-01,HOUGANG,EXECUTIVE,559,HOUGANG ST 51,01 TO 03,143.0,Apartment,1992,67 years 09 months,828000.0
2024-01-01,HOUGANG,EXECUTIVE,698D,HOUGANG ST 52,13 TO 15,141.0,Apartment,1999,74 years 02 months,880000.0
2024-01-01,HOUGANG,EXECUTIVE,128,LOR AH SOO,10 TO 12,149.0,Maisonette,1984,59 years 06 months,935000.0
2024-01-01,JURONG EAST,3 ROOM,101,JURONG EAST ST 13,04 TO 06,68.0,New Generation,1983,58 years 04 months,370000.0
2024-01-01,JURONG EAST,3 ROOM,214,JURONG EAST ST 21,04 TO 06,68.0,New Generation,1983,58 years 03 months,380000.0
2024-01-01,JURONG EAST,3 ROOM,208,JURONG EAST ST 21,04 TO 06,67.0,New Generation,1982,58 years,380000.0
2024-01-01,JURONG EAST,3 ROOM,210,JURONG EAST ST 21,07 TO 09,67.0,New Generation,1983,58 years 06 months,392000.0
2024-01-01,JURONG EAST,3 ROOM,241,JURONG EAST ST 24,04 TO 06,68.0,New Generation,1983,58 years 02 months,350000.0
2024-01-01,JURONG EAST,3 ROOM,306,JURONG EAST ST 32,01 TO 03,70.0,New Generation,1983,58 years 10 months,365000.0
2024-01-01,JURONG EAST,3 ROOM,303,JURONG EAST ST 32,07 TO 09,82.0,New Generation,1983,58 years 08 months,433000.0
2024-01-01,JURONG EAST,3 ROOM,304,JURONG EAST ST 32,07 TO 09,67.0,New Generation,1983,58 years 09 months,375000.0
2024-01-01,JURONG EAST,3 ROOM,304,JURONG EAST ST 32,04 TO 06,67.0,New Generation,1983,58 years 09 months,340000.0
2024-01-01,JURONG EAST,3 ROOM,416,PANDAN GDNS,04 TO 06,74.0,Improved,1982,57 years 04 months,322000.0
2024-01-01,JURONG EAST,3 ROOM,416,PANDAN GDNS,04 TO 06,74.0,Improved,1982,57 years 03 months,330000.0
2024-01-01,JURONG EAST,3 ROOM,36,TEBAN GDNS RD,07 TO 09,77.0,Improved,1977,52 years 06 months,350000.0
2024-01-01,JURONG EAST,3 ROOM,55,TEBAN GDNS RD,28 TO 30,67.0,Model A,2016,91 years 11 months,455000.0
2024-01-01,JURONG EAST,3 ROOM,36,TEBAN GDNS RD,10 TO 12,77.0,Improved,1977,52 years 07 months,345000.0
2024-01-01,JURONG EAST,3 ROOM,57,TEBAN GDNS RD,25 TO 27,67.0,Model A,2016,91 years 11 months,470000.0
2024-01-01,JURONG EAST,3 ROOM,36,TEBAN GDNS RD,13 TO 15,74.0,Improved,1977,52 years 06 months,369888.0
2024-01-01,JURONG EAST,3 ROOM,23,TEBAN GDNS RD,28 TO 30,72.0,Model A,2013,88 years 09 months,478800.0
2024-01-01,JURONG EAST,3 ROOM,47,TEBAN GDNS RD,07 TO 09,68.0,New Generation,1985,60 years 07 months,335000.0
2024-01-01,JURONG EAST,3 ROOM,38,TEBAN GDNS RD,01 TO 03,67.0,Improved,1966,41 years 09 months,315000.0
2024-01-01,JURONG EAST,4 ROOM,339,JURONG EAST AVE 1,10 TO 12,104.0,Model A,1983,58 years 07 months,450000.0
2024-01-01,JURONG EAST,4 ROOM,219,JURONG EAST ST 21,04 TO 06,92.0,New Generation,1985,60 years 03 months,475000.0
2024-01-01,JURONG EAST,4 ROOM,219,JURONG EAST ST 21,07 TO 09,92.0,New Generation,1985,60 years 03 months,480000.0
2024-01-01,JURONG EAST,4 ROOM,243,JURONG EAST ST 24,01 TO 03,94.0,New Generation,1983,58 years 02 months,475000.0
2024-01-01,JURONG EAST,4 ROOM,248,JURONG EAST ST 24,10 TO 12,105.0,New Generation,1983,58 years 03 months,470000.0
2024-01-01,JURONG EAST,4 ROOM,308,JURONG EAST ST 32,10 TO 12,104.0,Model A,1984,59 years 03 months,505000.0
2024-01-01,JURONG EAST,4 ROOM,402,PANDAN GDNS,07 TO 09,97.0,New Generation,1978,53 years 11 months,460000.0
2024-01-01,JURONG EAST,4 ROOM,30,TEBAN GDNS RD,04 TO 06,99.0,New Generation,1981,56 years 07 months,392000.0
2024-01-01,JURONG EAST,4 ROOM,43,TEBAN GDNS RD,07 TO 09,93.0,New Generation,1985,60 years 09 months,468000.0
2024-01-01,JURONG EAST,4 ROOM,30,TEBAN GDNS RD,10 TO 12,99.0,New Generation,1981,56 years 08 months,448000.0
2024-01-01,JURONG EAST,4 ROOM,63,TEBAN GDNS RD,13 TO 15,90.0,Model A,2003,78 years 05 months,510000.0
2024-01-01,JURONG EAST,4 ROOM,285B,TOH GUAN RD,04 TO 06,103.0,Model A,1998,74 years,599000.0
2024-01-01,JURONG EAST,4 ROOM,268,TOH GUAN RD,16 TO 18,101.0,Model A,1999,74 years 02 months,600000.0
2024-01-01,JURONG EAST,5 ROOM,340,JURONG EAST AVE 1,04 TO 06,155.0,Model A-Maisonette,1984,59 years 06 months,725000.0
2024-01-01,JURONG EAST,5 ROOM,331,JURONG EAST AVE 1,10 TO 12,134.0,Model A,1985,60 years 05 months,608000.0
2024-01-01,JURONG EAST,5 ROOM,331,JURONG EAST AVE 1,13 TO 15,131.0,Model A,1985,60 years 05 months,645000.0
2024-01-01,JURONG EAST,5 ROOM,331,JURONG EAST AVE 1,04 TO 06,131.0,Model A,1985,60 years 05 months,610000.0
2024-01-01,JURONG EAST,5 ROOM,106,JURONG EAST ST 13,16 TO 18,120.0,Improved,1982,57 years 10 months,665000.0
2024-01-01,JURONG EAST,5 ROOM,227,JURONG EAST ST 21,22 TO 24,120.0,Improved,1984,59 years 06 months,705000.0
2024-01-01,JURONG EAST,5 ROOM,201,JURONG EAST ST 21,16 TO 18,124.0,Improved,1989,64 years 04 months,750000.0
2024-01-01,JURONG EAST,5 ROOM,322,JURONG EAST ST 31,01 TO 03,126.0,Improved,1985,60 years 10 months,550000.0
2024-01-01,JURONG EAST,5 ROOM,305,JURONG EAST ST 32,10 TO 12,121.0,Improved,1983,58 years 01 month,618000.0
2024-01-01,JURONG EAST,5 ROOM,312,JURONG EAST ST 32,04 TO 06,132.0,Model A,1984,59 years 08 months,635000.0
2024-01-01,JURONG EAST,5 ROOM,316,JURONG EAST ST 32,07 TO 09,135.0,Model A,1984,59 years 07 months,638000.0
2024-01-01,JURONG EAST,5 ROOM,267,TOH GUAN RD,22 TO 24,121.0,Improved,1998,73 years 10 months,783000.0
2024-01-01,JURONG EAST,EXECUTIVE,216,JURONG EAST ST 21,04 TO 06,148.0,Maisonette,1985,60 years 06 months,880000.0
2024-01-01,JURONG EAST,EXECUTIVE,287D,JURONG EAST ST 21,01 TO 03,145.0,Maisonette,1998,73 years 06 months,858000.0
2024-01-01,JURONG EAST,EXECUTIVE,287D,JURONG EAST ST 21,04 TO 06,145.0,Maisonette,1998,73 years 05 months,980000.0
2024-01-01,JURONG EAST,EXECUTIVE,325,JURONG EAST ST 31,01 TO 03,141.0,Apartment,1985,60 years 05 months,622000.0
2024-01-01,JURONG WEST,2 ROOM,180B,BOON LAY DR,04 TO 06,47.0,Model A,2014,89 years 05 months,295000.0
2024-01-01,JURONG WEST,2 ROOM,188,BOON LAY DR,04 TO 06,48.0,Model A,1978,53 years 06 months,260000.0
2024-01-01,JURONG WEST,2 ROOM,140C,CORPORATION DR,04 TO 06,47.0,Model A,2019,94 years 06 months,330000.0
2024-01-01,JURONG WEST,2 ROOM,140A,CORPORATION DR,01 TO 03,38.0,Model A,2019,94 years 06 months,295000.0
2024-01-01,JURONG WEST,2 ROOM,140C,CORPORATION DR,01 TO 03,47.0,Model A,2019,94 years 06 months,270000.0
2024-01-01,JURONG WEST,2 ROOM,140C,CORPORATION DR,07 TO 09,47.0,Model A,2019,94 years 06 months,315000.0
2024-01-01,JURONG WEST,2 ROOM,140C,CORPORATION DR,10 TO 12,47.0,Model A,2019,94 years 06 months,315000.0
2024-01-01,JURONG WEST,2 ROOM,140B,CORPORATION DR,10 TO 12,47.0,Model A,2019,94 years 06 months,320000.0
2024-01-01,JURONG WEST,2 ROOM,990A,JURONG WEST ST 93,04 TO 06,56.0,Premium Apartment,2008,83 years 08 months,300000.0
2024-01-01,JURONG WEST,3 ROOM,185,BOON LAY AVE,07 TO 09,59.0,Improved,1975,50 years 10 months,280000.0
2024-01-01,JURONG WEST,3 ROOM,187,BOON LAY AVE,19 TO 21,59.0,Improved,1978,53 years 07 months,300000.0
2024-01-01,JURONG WEST,3 ROOM,185,BOON LAY AVE,04 TO 06,59.0,Improved,1975,50 years 10 months,295000.0
2024-01-01,JURONG WEST,3 ROOM,186,BOON LAY AVE,13 TO 15,59.0,Improved,1975,50 years 09 months,291000.0
2024-01-01,JURONG WEST,3 ROOM,181B,BOON LAY DR,10 TO 12,68.0,Model A,2014,89 years 05 months,430000.0
2024-01-01,JURONG WEST,3 ROOM,197B,BOON LAY DR,01 TO 03,68.0,Model A,2015,90 years 03 months,390000.0
2024-01-01,JURONG WEST,3 ROOM,213,BOON LAY PL,10 TO 12,66.0,Improved,1974,49 years 10 months,300000.0
2024-01-01,JURONG WEST,3 ROOM,209,BOON LAY PL,04 TO 06,65.0,Improved,1976,51 years 05 months,325000.0
2024-01-01,JURONG WEST,3 ROOM,215,BOON LAY PL,04 TO 06,66.0,Improved,1974,49 years 10 months,300000.0
2024-01-01,JURONG WEST,3 ROOM,211,BOON LAY PL,01 TO 03,65.0,Improved,1976,51 years 11 months,300000.0
2024-01-01,JURONG WEST,3 ROOM,215,BOON LAY PL,10 TO 12,66.0,Improved,1974,49 years 09 months,335000.0
2024-01-01,JURONG WEST,3 ROOM,140B,CORPORATION DR,07 TO 09,68.0,Model A,2019,94 years 06 months,438000.0
2024-01-01,JURONG WEST,3 ROOM,150A,CORPORATION DR,13 TO 15,68.0,Model A,2019,94 years 05 months,458000.0
2024-01-01,JURONG WEST,3 ROOM,150A,CORPORATION DR,10 TO 12,68.0,Model A,2019,94 years 05 months,438000.0
2024-01-01,JURONG WEST,3 ROOM,150A,CORPORATION DR,19 TO 21,68.0,Model A,2019,94 years 04 months,485500.0
2024-01-01,JURONG WEST,3 ROOM,140A,CORPORATION DR,04 TO 06,68.0,Model A,2019,94 years 07 months,420000.0
2024-01-01,JURONG WEST,3 ROOM,140D,CORPORATION DR,04 TO 06,68.0,Model A,2019,94 years 06 months,425000.0
2024-01-01,JURONG WEST,3 ROOM,120,HO CHING RD,04 TO 06,67.0,Improved,1972,47 years 01 month,300000.0
2024-01-01,JURONG WEST,3 ROOM,120,HO CHING RD,01 TO 03,67.0,Improved,1972,47 years,280000.0
2024-01-01,JURONG WEST,3 ROOM,477,JURONG WEST ST 41,04 TO 06,73.0,Model A,1984,59 years 07 months,370000.0
2024-01-01,JURONG WEST,3 ROOM,474,JURONG WEST ST 41,07 TO 09,73.0,Model A,1984,59 years 09 months,382000.0
2024-01-01,JURONG WEST,3 ROOM,480,JURONG WEST ST 41,10 TO 12,67.0,New Generation,1985,60 years 09 months,365000.0
2024-01-01,JURONG WEST,3 ROOM,561B,JURONG WEST ST 42,16 TO 18,68.0,Model A,2018,93 years 03 months,460000.0
2024-01-01,JURONG WEST,3 ROOM,422,JURONG WEST ST 42,04 TO 06,64.0,Simplified,1985,60 years 05 months,365000.0
2024-01-01,JURONG WEST,3 ROOM,561B,JURONG WEST ST 42,01 TO 03,68.0,Model A,2018,93 years 01 month,415000.0
2024-01-01,JURONG WEST,3 ROOM,515,JURONG WEST ST 52,07 TO 09,74.0,Model A,1984,59 years 06 months,412000.0
2024-01-01,JURONG WEST,3 ROOM,534,JURONG WEST ST 52,10 TO 12,67.0,New Generation,1982,57 years 05 months,380000.0
2024-01-01,JURONG WEST,3 ROOM,518,JURONG WEST ST 52,04 TO 06,74.0,Model A,1984,59 years 11 months,393000.0
2024-01-01,JURONG WEST,3 ROOM,521,JURONG WEST ST 52,01 TO 03,67.0,New Generation,1982,58 years,380000.0
2024-01-01,JURONG WEST,3 ROOM,536,JURONG WEST ST 52,10 TO 12,67.0,New Generation,1983,58 years 08 months,375000.0
2024-01-01,JURONG WEST,3 ROOM,936,JURONG WEST ST 91,07 TO 09,73.0,Model A,1989,64 years 04 months,365888.0
2024-01-01,JURONG WEST,3 ROOM,929,JURONG WEST ST 92,07 TO 09,73.0,Model A,1989,64 years 01 month,380000.0
2024-01-01,JURONG WEST,3 ROOM,928,JURONG WEST ST 92,04 TO 06,73.0,Model A,1988,63 years 09 months,353000.0
2024-01-01,JURONG WEST,3 ROOM,122,YUAN CHING RD,07 TO 09,61.0,Improved,1974,49 years 06 months,290000.0
2024-01-01,JURONG WEST,4 ROOM,183A,BOON LAY AVE,07 TO 09,92.0,Model A,2015,90 years 01 month,565000.0
2024-01-01,JURONG WEST,4 ROOM,267,BOON LAY DR,10 TO 12,102.0,Model A,1998,73 years 07 months,510000.0
2024-01-01,JURONG WEST,4 ROOM,140B,CORPORATION DR,13 TO 15,93.0,Model A,2019,94 years 07 months,620000.0
2024-01-01,JURONG WEST,4 ROOM,140D,CORPORATION DR,04 TO 06,93.0,Model A,2019,94 years 06 months,570000.0
2024-01-01,JURONG WEST,4 ROOM,140D,CORPORATION DR,13 TO 15,93.0,Model A,2019,94 years 06 months,600000.0
2024-01-01,JURONG WEST,4 ROOM,140A,CORPORATION DR,13 TO 15,93.0,Model A,2019,94 years 06 months,608000.0
2024-01-01,JURONG WEST,4 ROOM,140B,CORPORATION DR,10 TO 12,93.0,Model A,2019,94 years 06 months,630000.0
2024-01-01,JURONG WEST,4 ROOM,368,CORPORATION DR,04 TO 06,104.0,Model A,1997,72 years 10 months,500000.0
2024-01-01,JURONG WEST,4 ROOM,140D,CORPORATION DR,04 TO 06,93.0,Model A,2019,94 years 06 months,565000.0
2024-01-01,JURONG WEST,4 ROOM,540,JURONG WEST AVE 1,04 TO 06,103.0,Model A,1984,60 years,455000.0
2024-01-01,JURONG WEST,4 ROOM,488,JURONG WEST AVE 1,10 TO 12,91.0,New Generation,1985,60 years 02 months,438000.0
2024-01-01,JURONG WEST,4 ROOM,538,JURONG WEST AVE 1,07 TO 09,103.0,Model A,1984,59 years 09 months,490000.0
2024-01-01,JURONG WEST,4 ROOM,537,JURONG WEST AVE 1,01 TO 03,107.0,Model A,1984,59 years 10 months,475000.0
2024-01-01,JURONG WEST,4 ROOM,273A,JURONG WEST AVE 3,07 TO 09,90.0,Model A,2001,77 years,455000.0
2024-01-01,JURONG WEST,4 ROOM,723,JURONG WEST AVE 5,04 TO 06,104.0,Model A,1990,65 years 11 months,473000.0
2024-01-01,JURONG WEST,4 ROOM,722,JURONG WEST AVE 5,04 TO 06,102.0,Model A,1990,66 years,475000.0
2024-01-01,JURONG WEST,4 ROOM,686C,JURONG WEST CTRL 1,07 TO 09,94.0,Premium Apartment,2000,75 years 10 months,556000.0
2024-01-01,JURONG WEST,4 ROOM,692,JURONG WEST CTRL 1,04 TO 06,102.0,Premium Apartment,1998,73 years 03 months,600000.0
2024-01-01,JURONG WEST,4 ROOM,682C,JURONG WEST CTRL 1,04 TO 06,94.0,Premium Apartment,2000,75 years 09 months,495000.0
2024-01-01,JURONG WEST,4 ROOM,687,JURONG WEST CTRL 1,13 TO 15,99.0,Premium Apartment,1998,73 years 05 months,568000.0
2024-01-01,JURONG WEST,4 ROOM,683A,JURONG WEST CTRL 1,10 TO 12,94.0,Premium Apartment,2000,75 years 09 months,548000.0
2024-01-01,JURONG WEST,4 ROOM,697B,JURONG WEST CTRL 3,10 TO 12,93.0,Model A,2017,92 years 10 months,698000.0
2024-01-01,JURONG WEST,4 ROOM,697C,JURONG WEST CTRL 3,16 TO 18,83.0,Model A,2017,92 years 10 months,685732.0
2024-01-01,JURONG WEST,4 ROOM,697A,JURONG WEST CTRL 3,04 TO 06,93.0,Model A,2017,92 years 10 months,700000.0
2024-01-01,JURONG WEST,4 ROOM,276A,JURONG WEST ST 25,07 TO 09,85.0,Model A2,2002,77 years 02 months,448000.0
2024-01-01,JURONG WEST,4 ROOM,275A,JURONG WEST ST 25,10 TO 12,90.0,Model A,2002,77 years,454000.0
2024-01-01,JURONG WEST,4 ROOM,466,JURONG WEST ST 41,07 TO 09,91.0,New Generation,1985,60 years 01 month,460000.0
2024-01-01,JURONG WEST,4 ROOM,458,JURONG WEST ST 41,04 TO 06,91.0,New Generation,1984,59 years 09 months,448000.0
2024-01-01,JURONG WEST,4 ROOM,461,JURONG WEST ST 41,04 TO 06,98.0,New Generation,1985,60 years 01 month,485000.0
2024-01-01,JURONG WEST,4 ROOM,545,JURONG WEST ST 42,04 TO 06,103.0,Model A,1985,60 years 04 months,460000.0
2024-01-01,JURONG WEST,4 ROOM,433,JURONG WEST ST 42,04 TO 06,103.0,Model A,1985,60 years 02 months,473000.0
2024-01-01,JURONG WEST,4 ROOM,411,JURONG WEST ST 42,10 TO 12,103.0,Model A,1984,59 years 06 months,430000.0
2024-01-01,JURONG WEST,4 ROOM,554,JURONG WEST ST 42,10 TO 12,104.0,Model A,1984,59 years 11 months,470000.0
2024-01-01,JURONG WEST,4 ROOM,432,JURONG WEST ST 42,01 TO 03,104.0,Model A,1984,59 years 11 months,448000.0
2024-01-01,JURONG WEST,4 ROOM,445,JURONG WEST ST 42,01 TO 03,109.0,Model A,1985,60 years 06 months,480000.0
2024-01-01,JURONG WEST,4 ROOM,446,JURONG WEST ST 42,04 TO 06,103.0,Model A,1985,60 years 03 months,468000.0
2024-01-01,JURONG WEST,4 ROOM,420,JURONG WEST ST 42,04 TO 06,88.0,Simplified,1985,60 years 04 months,468888.0
2024-01-01,JURONG WEST,4 ROOM,453,JURONG WEST ST 42,10 TO 12,104.0,Model A,1985,60 years 04 months,485000.0
2024-01-01,JURONG WEST,4 ROOM,561A,JURONG WEST ST 42,13 TO 15,93.0,Model A,2018,93 years 01 month,590000.0
2024-01-01,JURONG WEST,4 ROOM,447,JURONG WEST ST 42,04 TO 06,103.0,Model A,1984,59 years 05 months,400000.0
2024-01-01,JURONG WEST,4 ROOM,515,JURONG WEST ST 52,07 TO 09,104.0,Model A,1984,59 years 07 months,545000.0
2024-01-01,JURONG WEST,4 ROOM,517D,JURONG WEST ST 52,13 TO 15,95.0,Model A,2000,75 years 06 months,693888.0
2024-01-01,JURONG WEST,4 ROOM,514,JURONG WEST ST 52,07 TO 09,104.0,Model A,1984,59 years 05 months,540000.0
2024-01-01,JURONG WEST,4 ROOM,531,JURONG WEST ST 52,04 TO 06,99.0,New Generation,1983,58 years 08 months,475000.0
2024-01-01,JURONG WEST,4 ROOM,646,JURONG WEST ST 61,13 TO 15,100.0,Model A,1998,73 years 09 months,510000.0
2024-01-01,JURONG WEST,4 ROOM,655B,JURONG WEST ST 61,13 TO 15,85.0,Model A2,2002,77 years 10 months,490000.0
2024-01-01,JURONG WEST,4 ROOM,655A,JURONG WEST ST 61,16 TO 18,86.0,Model A2,2002,77 years 10 months,495000.0
2024-01-01,JURONG WEST,4 ROOM,655B,JURONG WEST ST 61,10 TO 12,85.0,Model A2,2002,77 years 10 months,485000.0
2024-01-01,JURONG WEST,4 ROOM,639,JURONG WEST ST 61,07 TO 09,100.0,Model A,1998,73 years 06 months,522888.0
2024-01-01,JURONG WEST,4 ROOM,645,JURONG WEST ST 61,10 TO 12,100.0,Model A,1998,73 years 08 months,528888.0
2024-01-01,JURONG WEST,4 ROOM,605,JURONG WEST ST 62,01 TO 03,95.0,Premium Apartment,2001,76 years 04 months,500000.0
2024-01-01,JURONG WEST,4 ROOM,662B,JURONG WEST ST 64,01 TO 03,91.0,Model A,2001,76 years 07 months,478888.0
2024-01-01,JURONG WEST,4 ROOM,668A,JURONG WEST ST 64,13 TO 15,85.0,Model A2,2000,75 years 06 months,505000.0
2024-01-01,JURONG WEST,4 ROOM,662B,JURONG WEST ST 64,10 TO 12,91.0,Model A,2001,76 years 07 months,528000.0
2024-01-01,JURONG WEST,4 ROOM,684A,JURONG WEST ST 64,04 TO 06,93.0,Premium Apartment,2000,75 years 08 months,520000.0
2024-01-01,JURONG WEST,4 ROOM,678A,JURONG WEST ST 64,04 TO 06,93.0,Premium Apartment,2008,83 years 06 months,546000.0
2024-01-01,JURONG WEST,4 ROOM,661A,JURONG WEST ST 64,04 TO 06,91.0,Model A,2001,76 years 08 months,535000.0
2024-01-01,JURONG WEST,4 ROOM,678C,JURONG WEST ST 64,16 TO 18,92.0,Premium Apartment,2008,83 years 05 months,520888.0
2024-01-01,JURONG WEST,4 ROOM,663A,JURONG WEST ST 65,04 TO 06,90.0,Model A,2000,75 years 07 months,500000.0
2024-01-01,JURONG WEST,4 ROOM,674A,JURONG WEST ST 65,07 TO 09,91.0,Model A,2002,77 years 05 months,500000.0
2024-01-01,JURONG WEST,4 ROOM,636,JURONG WEST ST 65,10 TO 12,91.0,Model A,2001,76 years 11 months,490000.0
2024-01-01,JURONG WEST,4 ROOM,657A,JURONG WEST ST 65,10 TO 12,91.0,Model A,2002,77 years 04 months,502000.0
2024-01-01,JURONG WEST,4 ROOM,657B,JURONG WEST ST 65,04 TO 06,91.0,Model A,2001,76 years 06 months,475000.0
2024-01-01,JURONG WEST,4 ROOM,659D,JURONG WEST ST 65,01 TO 03,91.0,Model A,2001,76 years 07 months,480000.0
2024-01-01,JURONG WEST,4 ROOM,673A,JURONG WEST ST 65,13 TO 15,86.0,Model A2,2002,77 years 10 months,505800.0
2024-01-01,JURONG WEST,4 ROOM,743,JURONG WEST ST 73,04 TO 06,104.0,Model A,1992,67 years 09 months,480000.0
2024-01-01,JURONG WEST,4 ROOM,744,JURONG WEST ST 73,04 TO 06,107.0,Model A,1993,69 years,460000.0
2024-01-01,JURONG WEST,4 ROOM,750,JURONG WEST ST 73,07 TO 09,108.0,Model A,1993,68 years 11 months,495000.0
2024-01-01,JURONG WEST,4 ROOM,826,JURONG WEST ST 81,07 TO 09,104.0,Model A,1990,65 years 04 months,470000.0
2024-01-01,JURONG WEST,4 ROOM,824,JURONG WEST ST 81,04 TO 06,104.0,Model A,1990,65 years 04 months,435000.0
2024-01-01,JURONG WEST,4 ROOM,835,JURONG WEST ST 81,04 TO 06,104.0,Model A,1989,64 years 11 months,436000.0
2024-01-01,JURONG WEST,4 ROOM,814,JURONG WEST ST 81,04 TO 06,104.0,Model A,1990,65 years 04 months,450000.0
2024-01-01,JURONG WEST,4 ROOM,866,JURONG WEST ST 81,01 TO 03,105.0,Model A,1996,71 years 10 months,445000.0
2024-01-01,JURONG WEST,4 ROOM,903,JURONG WEST ST 91,01 TO 03,104.0,Model A,1988,63 years 08 months,425000.0
2024-01-01,JURONG WEST,4 ROOM,943,JURONG WEST ST 91,04 TO 06,105.0,Model A,1989,64 years 06 months,455000.0
2024-01-01,JURONG WEST,4 ROOM,948,JURONG WEST ST 91,04 TO 06,105.0,Model A,1989,64 years 04 months,440000.0
2024-01-01,JURONG WEST,4 ROOM,907,JURONG WEST ST 91,04 TO 06,104.0,Model A,1988,63 years 11 months,432000.0
2024-01-01,JURONG WEST,4 ROOM,938,JURONG WEST ST 91,10 TO 12,104.0,Model A,1989,64 years 05 months,470000.0
2024-01-01,JURONG WEST,4 ROOM,914,JURONG WEST ST 91,10 TO 12,103.0,Model A,1988,63 years 06 months,470000.0
2024-01-01,JURONG WEST,4 ROOM,943,JURONG WEST ST 91,10 TO 12,103.0,Model A,1989,64 years 05 months,468000.0
2024-01-01,JURONG WEST,4 ROOM,948,JURONG WEST ST 91,04 TO 06,105.0,Model A,1989,64 years 03 months,465000.0
2024-01-01,JURONG WEST,4 ROOM,933,JURONG WEST ST 91,07 TO 09,104.0,Model A,1988,63 years,450000.0
2024-01-01,JURONG WEST,4 ROOM,920,JURONG WEST ST 92,04 TO 06,104.0,Model A,1989,64 years 02 months,430000.0
2024-01-01,JURONG WEST,4 ROOM,987A,JURONG WEST ST 93,04 TO 06,93.0,Premium Apartment,2008,83 years 08 months,505000.0
2024-01-01,JURONG WEST,4 ROOM,977,JURONG WEST ST 93,07 TO 09,104.0,Model A,1989,64 years 04 months,474000.0
2024-01-01,JURONG WEST,4 ROOM,966,JURONG WEST ST 93,04 TO 06,113.0,Model A,1989,64 years 05 months,475000.0
2024-01-01,JURONG WEST,4 ROOM,337A,TAH CHING RD,16 TO 18,88.0,Model A,2010,85 years 04 months,593000.0
2024-01-01,JURONG WEST,4 ROOM,337D,TAH CHING RD,07 TO 09,94.0,Model A,2010,85 years 04 months,520000.0
2024-01-01,JURONG WEST,4 ROOM,138A,YUAN CHING RD,22 TO 24,89.0,DBSS,2014,89 years 09 months,715000.0
2024-01-01,JURONG WEST,4 ROOM,360,YUNG AN RD,10 TO 12,109.0,Model A,1995,70 years 11 months,520000.0
2024-01-01,JURONG WEST,4 ROOM,166B,YUNG KUANG RD,07 TO 09,93.0,Model A,2018,93 years 09 months,550000.0
2024-01-01,JURONG WEST,5 ROOM,263,BOON LAY DR,04 TO 06,127.0,Improved,1995,70 years 06 months,590000.0
2024-01-01,JURONG WEST,5 ROOM,268B,BOON LAY DR,10 TO 12,111.0,Improved,2002,77 years 01 month,570000.0
2024-01-01,JURONG WEST,5 ROOM,436,JURONG WEST AVE 1,07 TO 09,133.0,Model A,1985,60 years 07 months,590000.0
2024-01-01,JURONG WEST,5 ROOM,728,JURONG WEST AVE 5,07 TO 09,121.0,Improved,1989,64 years 10 months,540000.0
2024-01-01,JURONG WEST,5 ROOM,680A,JURONG WEST CTRL 1,04 TO 06,115.0,Premium Apartment,2000,75 years 06 months,590000.0
2024-01-01,JURONG WEST,5 ROOM,680A,JURONG WEST CTRL 1,01 TO 03,116.0,Premium Apartment,2000,75 years 06 months,527000.0
2024-01-01,JURONG WEST,5 ROOM,693,JURONG WEST CTRL 1,10 TO 12,123.0,Premium Apartment,1998,73 years 04 months,683000.0
2024-01-01,JURONG WEST,5 ROOM,680B,JURONG WEST CTRL 1,16 TO 18,115.0,Premium Apartment,2000,75 years 08 months,688888.0
2024-01-01,JURONG WEST,5 ROOM,697C,JURONG WEST CTRL 3,10 TO 12,113.0,Improved,2017,92 years 10 months,820888.0
2024-01-01,JURONG WEST,5 ROOM,276C,JURONG WEST ST 25,07 TO 09,111.0,Improved,2002,77 years 03 months,533000.0
2024-01-01,JURONG WEST,5 ROOM,275A,JURONG WEST ST 25,13 TO 15,111.0,Improved,2002,77 years 01 month,535000.0
2024-01-01,JURONG WEST,5 ROOM,404,JURONG WEST ST 42,07 TO 09,136.0,Model A,1984,59 years 09 months,618000.0
2024-01-01,JURONG WEST,5 ROOM,551,JURONG WEST ST 42,07 TO 09,133.0,Model A,1985,60 years 03 months,623000.0
2024-01-01,JURONG WEST,5 ROOM,559,JURONG WEST ST 42,04 TO 06,137.0,Model A-Maisonette,1985,60 years 06 months,625000.0
2024-01-01,JURONG WEST,5 ROOM,529,JURONG WEST ST 52,22 TO 24,118.0,Improved,1982,57 years 07 months,650000.0
2024-01-01,JURONG WEST,5 ROOM,523,JURONG WEST ST 52,07 TO 09,118.0,Improved,1982,57 years 05 months,583000.0
2024-01-01,JURONG WEST,5 ROOM,522,JURONG WEST ST 52,07 TO 09,118.0,Improved,1982,57 years 06 months,570000.0
2024-01-01,JURONG WEST,5 ROOM,517D,JURONG WEST ST 52,16 TO 18,116.0,Improved,2000,75 years 05 months,820000.0
2024-01-01,JURONG WEST,5 ROOM,652A,JURONG WEST ST 61,01 TO 03,111.0,Improved,2002,77 years 06 months,575000.0
2024-01-01,JURONG WEST,5 ROOM,648D,JURONG WEST ST 61,13 TO 15,110.0,Improved,2001,76 years 04 months,600000.0
2024-01-01,JURONG WEST,5 ROOM,645,JURONG WEST ST 61,04 TO 06,120.0,Improved,1998,73 years 09 months,585000.0
2024-01-01,JURONG WEST,5 ROOM,654A,JURONG WEST ST 61,04 TO 06,111.0,Improved,2002,77 years 08 months,590000.0
2024-01-01,JURONG WEST,5 ROOM,602,JURONG WEST ST 62,13 TO 15,115.0,Premium Apartment,2001,76 years 02 months,630000.0
2024-01-01,JURONG WEST,5 ROOM,603,JURONG WEST ST 62,13 TO 15,115.0,Premium Apartment,2001,76 years 02 months,646000.0
2024-01-01,JURONG WEST,5 ROOM,676B,JURONG WEST ST 64,13 TO 15,110.0,Premium Apartment,2008,83 years 06 months,595000.0
2024-01-01,JURONG WEST,5 ROOM,662A,JURONG WEST ST 64,13 TO 15,110.0,Improved,2001,76 years 06 months,628000.0
2024-01-01,JURONG WEST,5 ROOM,678C,JURONG WEST ST 64,10 TO 12,110.0,Premium Apartment,2008,83 years 05 months,560000.0
2024-01-01,JURONG WEST,5 ROOM,676B,JURONG WEST ST 64,10 TO 12,110.0,Premium Apartment,2008,83 years 05 months,568000.0
2024-01-01,JURONG WEST,5 ROOM,678A,JURONG WEST ST 64,16 TO 18,110.0,Premium Apartment,2008,83 years 05 months,550000.0
2024-01-01,JURONG WEST,5 ROOM,610,JURONG WEST ST 65,13 TO 15,115.0,Premium Apartment,2001,76 years 03 months,620888.0
2024-01-01,JURONG WEST,5 ROOM,673C,JURONG WEST ST 65,07 TO 09,110.0,Improved,2002,77 years 11 months,530000.0
2024-01-01,JURONG WEST,5 ROOM,634,JURONG WEST ST 65,04 TO 06,109.0,Improved,2001,76 years 10 months,538000.0
2024-01-01,JURONG WEST,5 ROOM,744,JURONG WEST ST 73,13 TO 15,128.0,Improved,1993,68 years 11 months,620000.0
2024-01-01,JURONG WEST,5 ROOM,734,JURONG WEST ST 73,07 TO 09,133.0,Model A,1995,70 years 05 months,600000.0
2024-01-01,JURONG WEST,5 ROOM,758,JURONG WEST ST 74,10 TO 12,124.0,Improved,1996,71 years 09 months,625000.0
2024-01-01,JURONG WEST,5 ROOM,737,JURONG WEST ST 75,13 TO 15,124.0,Improved,1995,70 years 08 months,620000.0
2024-01-01,JURONG WEST,5 ROOM,843,JURONG WEST ST 81,01 TO 03,127.0,Improved,1993,68 years 06 months,538000.0
2024-01-01,JURONG WEST,5 ROOM,903,JURONG WEST ST 91,13 TO 15,127.0,Improved,1988,63 years 08 months,550000.0
2024-01-01,JURONG WEST,5 ROOM,920,JURONG WEST ST 92,10 TO 12,122.0,Improved,1989,64 years 01 month,530000.0
2024-01-01,JURONG WEST,5 ROOM,989A,JURONG WEST ST 93,13 TO 15,110.0,Premium Apartment,2008,83 years 08 months,580000.0
2024-01-01,JURONG WEST,5 ROOM,352,KANG CHING RD,04 TO 06,120.0,Improved,1997,72 years 01 month,623000.0
2024-01-01,JURONG WEST,5 ROOM,322,TAH CHING RD,16 TO 18,124.0,Improved,1997,72 years 09 months,660000.0
2024-01-01,JURONG WEST,5 ROOM,138C,YUAN CHING RD,04 TO 06,108.0,DBSS,2014,89 years 09 months,788000.0
2024-01-01,JURONG WEST,5 ROOM,157,YUNG LOH RD,01 TO 03,127.0,Improved,1996,71 years 02 months,570000.0
2024-01-01,JURONG WEST,5 ROOM,179,YUNG SHENG RD,07 TO 09,116.0,Improved,2001,76 years 03 months,575000.0
2024-01-01,JURONG WEST,EXECUTIVE,726,JURONG WEST AVE 5,01 TO 03,146.0,Maisonette,1992,67 years 08 months,715000.0
2024-01-01,JURONG WEST,EXECUTIVE,471,JURONG WEST ST 41,10 TO 12,151.0,Maisonette,1985,60 years 02 months,865000.0
2024-01-01,JURONG WEST,EXECUTIVE,472,JURONG WEST ST 41,13 TO 15,151.0,Maisonette,1985,60 years 09 months,895000.0
2024-01-01,JURONG WEST,EXECUTIVE,548,JURONG WEST ST 42,10 TO 12,148.0,Maisonette,1985,60 years 04 months,710000.0
2024-01-01,JURONG WEST,EXECUTIVE,558,JURONG WEST ST 42,07 TO 09,150.0,Maisonette,1985,60 years 07 months,740000.0
2024-01-01,JURONG WEST,EXECUTIVE,405,JURONG WEST ST 42,10 TO 12,150.0,Maisonette,1985,60 years 08 months,660000.0
2024-01-01,JURONG WEST,EXECUTIVE,556,JURONG WEST ST 42,04 TO 06,159.0,Maisonette,1986,61 years 06 months,778888.0
2024-01-01,JURONG WEST,EXECUTIVE,405,JURONG WEST ST 42,10 TO 12,151.0,Maisonette,1985,60 years 09 months,745000.0
2024-01-01,JURONG WEST,EXECUTIVE,605,JURONG WEST ST 62,13 TO 15,133.0,Premium Apartment,2001,76 years 04 months,730000.0
2024-01-01,JURONG WEST,EXECUTIVE,671C,JURONG WEST ST 65,07 TO 09,125.0,Apartment,2002,77 years 07 months,668000.0
2024-01-01,JURONG WEST,EXECUTIVE,666B,JURONG WEST ST 65,04 TO 06,130.0,Apartment,2000,75 years 04 months,695000.0
2024-01-01,JURONG WEST,EXECUTIVE,912,JURONG WEST ST 91,01 TO 03,146.0,Maisonette,1988,63 years 10 months,685000.0
2024-01-01,JURONG WEST,EXECUTIVE,910,JURONG WEST ST 91,01 TO 03,145.0,Maisonette,1988,63 years 09 months,670000.0
2024-01-01,JURONG WEST,EXECUTIVE,974,JURONG WEST ST 93,01 TO 03,146.0,Maisonette,1989,64 years 04 months,681288.0
2024-01-01,JURONG WEST,EXECUTIVE,362,YUNG AN RD,04 TO 06,154.0,Apartment,1995,70 years 09 months,751000.0
2024-01-01,KALLANG/WHAMPOA,3 ROOM,1,BEACH RD,07 TO 09,68.0,Improved,1979,54 years 09 months,440000.0
2024-01-01,KALLANG/WHAMPOA,3 ROOM,47,BENDEMEER RD,04 TO 06,73.0,Improved,1974,49 years 10 months,380000.0
2024-01-01,KALLANG/WHAMPOA,3 ROOM,44,BENDEMEER RD,10 TO 12,63.0,Standard,1981,56 years,368000.0
2024-01-01,KALLANG/WHAMPOA,3 ROOM,802,FRENCH RD,04 TO 06,59.0,Improved,1979,54 years 02 months,398000.0
2024-01-01,KALLANG/WHAMPOA,3 ROOM,57,GEYLANG BAHRU,16 TO 18,65.0,Improved,1974,49 years 07 months,398000.0
2024-01-01,KALLANG/WHAMPOA,3 ROOM,57,GEYLANG BAHRU,04 TO 06,65.0,Improved,1974,49 years 07 months,400000.0
2024-01-01,KALLANG/WHAMPOA,3 ROOM,97,GEYLANG BAHRU,07 TO 09,68.0,New Generation,1979,54 years 01 month,410000.0
2024-01-01,KALLANG/WHAMPOA,3 ROOM,57,GEYLANG BAHRU,10 TO 12,65.0,Improved,1974,49 years 07 months,345000.0
2024-01-01,KALLANG/WHAMPOA,3 ROOM,27,JLN BAHAGIA,01 TO 03,56.0,Standard,1970,45 years 05 months,250000.0
2024-01-01,KALLANG/WHAMPOA,3 ROOM,4,JLN BATU,04 TO 06,60.0,Standard,1969,44 years 01 month,328888.0
2024-01-01,KALLANG/WHAMPOA,3 ROOM,116A,JLN TENTERAM,10 TO 12,67.0,Model A,2017,92 years 11 months,582888.0
2024-01-01,KALLANG/WHAMPOA,3 ROOM,117A,JLN TENTERAM,28 TO 30,67.0,Model A,2017,92 years 11 months,595000.0
2024-01-01,KALLANG/WHAMPOA,3 ROOM,117A,JLN TENTERAM,01 TO 03,67.0,Model A,2017,92 years 11 months,528888.0
2024-01-01,KALLANG/WHAMPOA,3 ROOM,117B,JLN TENTERAM,16 TO 18,67.0,Model A,2017,92 years 11 months,585000.0
2024-01-01,KALLANG/WHAMPOA,3 ROOM,117B,JLN TENTERAM,01 TO 03,67.0,Model A,2017,92 years 10 months,540888.0
2024-01-01,KALLANG/WHAMPOA,3 ROOM,804,KING GEORGE'S AVE,13 TO 15,68.0,Improved,1981,56 years 07 months,466800.0
2024-01-01,KALLANG/WHAMPOA,3 ROOM,684,RACE COURSE RD,01 TO 03,63.0,Simplified,1986,61 years 01 month,440000.0
2024-01-01,KALLANG/WHAMPOA,3 ROOM,14,ST. GEORGE'S RD,01 TO 03,67.0,New Generation,1984,59 years 10 months,400000.0
2024-01-01,KALLANG/WHAMPOA,3 ROOM,3,ST. GEORGE'S RD,04 TO 06,59.0,Improved,1976,51 years 06 months,340000.0
2024-01-01,KALLANG/WHAMPOA,3 ROOM,3,ST. GEORGE'S RD,07 TO 09,59.0,Improved,1976,51 years 04 months,345000.0
2024-01-01,KALLANG/WHAMPOA,3 ROOM,11,UPP BOON KENG RD,04 TO 06,65.0,Improved,1974,49 years 01 month,380000.0
2024-01-01,KALLANG/WHAMPOA,3 ROOM,86,WHAMPOA DR,04 TO 06,66.0,Improved,1974,49 years 07 months,355000.0
2024-01-01,KALLANG/WHAMPOA,4 ROOM,10C,BENDEMEER RD,04 TO 06,93.0,Model A,2017,93 years,885000.0
2024-01-01,KALLANG/WHAMPOA,4 ROOM,38B,BENDEMEER RD,19 TO 21,89.0,Model A,2012,87 years 05 months,880000.0
2024-01-01,KALLANG/WHAMPOA,4 ROOM,10B,BENDEMEER RD,19 TO 21,93.0,Model A,2017,93 years,1000000.0
2024-01-01,KALLANG/WHAMPOA,4 ROOM,10C,BENDEMEER RD,40 TO 42,93.0,Model A,2017,93 years,1150000.0
2024-01-01,KALLANG/WHAMPOA,4 ROOM,28,BENDEMEER RD,16 TO 18,83.0,Improved,1972,47 years 01 month,605000.0
2024-01-01,KALLANG/WHAMPOA,4 ROOM,10A,BENDEMEER RD,04 TO 06,93.0,Model A,2017,92 years 11 months,965000.0
2024-01-01,KALLANG/WHAMPOA,4 ROOM,6,BOON KENG RD,04 TO 06,108.0,Model A,1996,71 years 11 months,795000.0
2024-01-01,KALLANG/WHAMPOA,4 ROOM,8,BOON KENG RD,34 TO 36,94.0,DBSS,2011,85 years 11 months,1005000.0
2024-01-01,KALLANG/WHAMPOA,4 ROOM,59C,GEYLANG BAHRU,04 TO 06,101.0,Model A,1998,74 years,745000.0
2024-01-01,KALLANG/WHAMPOA,4 ROOM,59A,GEYLANG BAHRU,10 TO 12,102.0,Model A,1998,74 years,722000.0
2024-01-01,KALLANG/WHAMPOA,4 ROOM,9,GLOUCESTER RD,01 TO 03,91.0,New Generation,1976,51 years 11 months,620000.0
2024-01-01,KALLANG/WHAMPOA,4 ROOM,815,JELLICOE RD,19 TO 21,90.0,Model A,2003,78 years 03 months,890000.0
2024-01-01,KALLANG/WHAMPOA,4 ROOM,117A,JLN TENTERAM,16 TO 18,93.0,Model A,2017,92 years 11 months,812000.0
2024-01-01,KALLANG/WHAMPOA,4 ROOM,17,JLN TENTERAM,07 TO 09,75.0,Model A,2001,76 years 11 months,537000.0
2024-01-01,KALLANG/WHAMPOA,4 ROOM,78,LOR LIMAU,22 TO 24,93.0,Model A,2018,93 years 05 months,893000.0
2024-01-01,KALLANG/WHAMPOA,4 ROOM,112,MCNAIR RD,13 TO 15,104.0,Model A,1987,62 years 04 months,680000.0
2024-01-01,KALLANG/WHAMPOA,4 ROOM,124,MCNAIR RD,01 TO 03,83.0,Simplified,1987,62 years 06 months,520000.0
2024-01-01,KALLANG/WHAMPOA,4 ROOM,113C,MCNAIR RD,16 TO 18,93.0,Premium Apartment,2017,93 years,1020000.0
2024-01-01,KALLANG/WHAMPOA,4 ROOM,113A,MCNAIR RD,07 TO 09,93.0,Premium Apartment,2017,92 years 11 months,988000.0
2024-01-01,KALLANG/WHAMPOA,4 ROOM,26A,ST. GEORGE'S LANE,22 TO 24,92.0,Model A,2020,95 years 05 months,1020000.0
2024-01-01,KALLANG/WHAMPOA,4 ROOM,18,ST. GEORGE'S RD,07 TO 09,91.0,New Generation,1984,60 years,605000.0
2024-01-01,KALLANG/WHAMPOA,4 ROOM,683,TESSENSOHN RD,01 TO 03,103.0,Model A,1986,62 years,670000.0
2024-01-01,KALLANG/WHAMPOA,4 ROOM,8C,UPP BOON KENG RD,10 TO 12,88.0,Premium Apartment,2017,92 years 07 months,940000.0
2024-01-01,KALLANG/WHAMPOA,4 ROOM,2D,UPP BOON KENG RD,01 TO 03,90.0,Model A,2006,81 years 09 months,778888.0
2024-01-01,KALLANG/WHAMPOA,4 ROOM,14,UPP BOON KENG RD,04 TO 06,101.0,Model A,1999,74 years 05 months,792888.0
2024-01-01,KALLANG/WHAMPOA,4 ROOM,104,WHAMPOA DR,13 TO 15,101.0,Model A,1998,73 years 10 months,715000.0
2024-01-01,KALLANG/WHAMPOA,4 ROOM,99,WHAMPOA DR,22 TO 24,91.0,Improved,1974,49 years 02 months,493000.0
2024-01-01,KALLANG/WHAMPOA,4 ROOM,110,WHAMPOA RD,04 TO 06,103.0,Model A,1997,72 years 11 months,680800.0
2024-01-01,KALLANG/WHAMPOA,5 ROOM,7,BOON KENG RD,07 TO 09,107.0,DBSS,2011,86 years 01 month,1020000.0
2024-01-01,KALLANG/WHAMPOA,5 ROOM,8,BOON KENG RD,07 TO 09,115.0,DBSS,2011,85 years 11 months,1200000.0
2024-01-01,KALLANG/WHAMPOA,5 ROOM,54,GEYLANG BAHRU,22 TO 24,117.0,Standard,1974,49 years 07 months,800000.0
2024-01-01,KALLANG/WHAMPOA,5 ROOM,11,JLN BATU,07 TO 09,129.0,Improved,1986,61 years 01 month,800000.0
2024-01-01,KALLANG/WHAMPOA,5 ROOM,103,JLN RAJAH,25 TO 27,135.0,Model A,1984,59 years 04 months,980000.0
2024-01-01,KALLANG/WHAMPOA,5 ROOM,107,JLN RAJAH,01 TO 03,134.0,Model A,1984,59 years 06 months,808000.0
2024-01-01,KALLANG/WHAMPOA,5 ROOM,18,JLN TENTERAM,25 TO 27,105.0,Improved,2004,79 years 06 months,790000.0
2024-01-01,KALLANG/WHAMPOA,5 ROOM,63,KALLANG BAHRU,07 TO 09,130.0,Adjoined flat,1974,49 years,705000.0
2024-01-01,KALLANG/WHAMPOA,5 ROOM,104,TOWNER RD,04 TO 06,137.0,Model A-Maisonette,1983,58 years 06 months,1060000.0
2024-01-01,KALLANG/WHAMPOA,5 ROOM,2A,UPP BOON KENG RD,07 TO 09,110.0,Improved,2006,82 years 01 month,988888.0
2024-01-01,KALLANG/WHAMPOA,5 ROOM,3A,UPP BOON KENG RD,13 TO 15,110.0,Improved,2006,81 years 09 months,1024000.0
2024-01-01,KALLANG/WHAMPOA,5 ROOM,16,UPP BOON KENG RD,07 TO 09,141.0,Adjoined flat,1975,50 years 01 month,875000.0
2024-01-01,KALLANG/WHAMPOA,EXECUTIVE,105,JLN RAJAH,04 TO 06,153.0,Maisonette,1984,59 years 06 months,965000.0
2024-01-01,MARINE PARADE,3 ROOM,31,MARINE CRES,16 TO 18,65.0,Improved,1975,50 years 05 months,432000.0
2024-01-01,MARINE PARADE,3 ROOM,33,MARINE CRES,04 TO 06,65.0,Improved,1975,50 years 04 months,354800.0
2024-01-01,MARINE PARADE,3 ROOM,67,MARINE DR,04 TO 06,65.0,Improved,1976,51 years 03 months,425000.0
2024-01-01,MARINE PARADE,3 ROOM,66,MARINE DR,04 TO 06,76.0,Improved,1976,51 years 03 months,495000.0
2024-01-01,MARINE PARADE,3 ROOM,6,MARINE TER,01 TO 03,65.0,Improved,1975,50 years 01 month,350000.0
2024-01-01,MARINE PARADE,3 ROOM,20,MARINE TER,07 TO 09,65.0,Improved,1975,50 years 01 month,430000.0
2024-01-01,MARINE PARADE,3 ROOM,19,MARINE TER,04 TO 06,65.0,Improved,1975,50 years,448000.0
2024-01-01,MARINE PARADE,3 ROOM,8,MARINE TER,07 TO 09,65.0,Improved,1975,50 years 01 month,435000.0
2024-01-01,MARINE PARADE,4 ROOM,61,MARINE DR,04 TO 06,87.0,Improved,1976,51 years 01 month,627000.0
2024-01-01,MARINE PARADE,4 ROOM,60,MARINE DR,07 TO 09,87.0,Improved,1976,51 years,610000.0
2024-01-01,MARINE PARADE,4 ROOM,18,MARINE TER,04 TO 06,88.0,Improved,1975,50 years 03 months,515000.0
2024-01-01,MARINE PARADE,4 ROOM,55,MARINE TER,01 TO 03,88.0,Improved,1975,50 years,470000.0
2024-01-01,MARINE PARADE,5 ROOM,27,MARINE CRES,07 TO 09,126.0,Standard,1975,50 years 04 months,848800.0
2024-01-01,PASIR RIS,2 ROOM,528A,PASIR RIS ST 51,07 TO 09,47.0,Model A,2015,90 years 07 months,395000.0
2024-01-01,PASIR RIS,3 ROOM,5,CHANGI VILLAGE RD,01 TO 03,66.0,Improved,1981,56 years 07 months,353000.0
2024-01-01,PASIR RIS,3 ROOM,530C,PASIR RIS DR 1,13 TO 15,65.0,DBSS,2015,90 years 05 months,643500.0
2024-01-01,PASIR RIS,3 ROOM,528A,PASIR RIS ST 51,07 TO 09,68.0,Model A,2015,90 years 06 months,545000.0
2024-01-01,PASIR RIS,4 ROOM,530B,PASIR RIS DR 1,01 TO 03,86.0,DBSS,2015,90 years 05 months,735000.0
2024-01-01,PASIR RIS,4 ROOM,530A,PASIR RIS DR 1,04 TO 06,86.0,DBSS,2015,90 years 06 months,768000.0
2024-01-01,PASIR RIS,4 ROOM,530D,PASIR RIS DR 1,04 TO 06,86.0,DBSS,2015,90 years 05 months,755000.0
2024-01-01,PASIR RIS,4 ROOM,530B,PASIR RIS DR 1,13 TO 15,86.0,DBSS,2015,90 years 06 months,816888.0
2024-01-01,PASIR RIS,4 ROOM,701,PASIR RIS DR 10,04 TO 06,112.0,Model A,1996,71 years 01 month,583000.0
2024-01-01,PASIR RIS,4 ROOM,708,PASIR RIS DR 10,04 TO 06,104.0,Model A,1996,71 years,570000.0
2024-01-01,PASIR RIS,4 ROOM,481,PASIR RIS DR 4,07 TO 09,107.0,Model A,1992,68 years,545000.0
2024-01-01,PASIR RIS,4 ROOM,440,PASIR RIS DR 4,04 TO 06,113.0,Model A,1989,64 years 05 months,610000.0
2024-01-01,PASIR RIS,4 ROOM,478,PASIR RIS DR 4,07 TO 09,105.0,Model A,1992,68 years,560000.0
2024-01-01,PASIR RIS,4 ROOM,482,PASIR RIS DR 4,04 TO 06,103.0,Model A,1989,64 years 11 months,510000.0
2024-01-01,PASIR RIS,4 ROOM,479,PASIR RIS DR 4,04 TO 06,110.0,Model A,1992,68 years,595000.0
2024-01-01,PASIR RIS,4 ROOM,486,PASIR RIS DR 4,04 TO 06,104.0,Model A,1992,67 years 11 months,520000.0
2024-01-01,PASIR RIS,4 ROOM,486,PASIR RIS DR 4,01 TO 03,104.0,Model A,1992,68 years,532000.0
2024-01-01,PASIR RIS,4 ROOM,482,PASIR RIS DR 4,10 TO 12,103.0,Model A,1989,64 years 10 months,560000.0
2024-01-01,PASIR RIS,4 ROOM,483,PASIR RIS DR 4,01 TO 03,103.0,Model A,1989,64 years 07 months,506888.0
2024-01-01,PASIR RIS,4 ROOM,469,PASIR RIS DR 6,04 TO 06,105.0,Model A,1989,64 years 07 months,543888.0
2024-01-01,PASIR RIS,4 ROOM,184,PASIR RIS ST 11,07 TO 09,106.0,Model A,1993,68 years 08 months,565000.0
2024-01-01,PASIR RIS,4 ROOM,127,PASIR RIS ST 11,01 TO 03,105.0,Model A,1989,64 years 06 months,565000.0
2024-01-01,PASIR RIS,4 ROOM,142,PASIR RIS ST 11,07 TO 09,108.0,Model A,1994,69 years 03 months,535000.0
2024-01-01,PASIR RIS,4 ROOM,113,PASIR RIS ST 11,07 TO 09,106.0,Model A,1990,65 years 04 months,565000.0
2024-01-01,PASIR RIS,4 ROOM,104,PASIR RIS ST 12,07 TO 09,104.0,Model A,1989,64 years 04 months,550000.0
2024-01-01,PASIR RIS,4 ROOM,528B,PASIR RIS ST 51,04 TO 06,93.0,Model A,2015,90 years 07 months,670000.0
2024-01-01,PASIR RIS,4 ROOM,525A,PASIR RIS ST 51,10 TO 12,93.0,Model A,2015,90 years 07 months,700000.0
2024-01-01,PASIR RIS,4 ROOM,525C,PASIR RIS ST 51,07 TO 09,93.0,Model A,2015,90 years 07 months,730000.0
2024-01-01,PASIR RIS,4 ROOM,526D,PASIR RIS ST 51,10 TO 12,93.0,Model A,2015,90 years 07 months,720000.0
2024-01-01,PASIR RIS,4 ROOM,524A,PASIR RIS ST 51,04 TO 06,93.0,Model A,2015,90 years 07 months,680000.0
2024-01-01,PASIR RIS,4 ROOM,514,PASIR RIS ST 52,07 TO 09,104.0,Model A,1993,69 years,605000.0
2024-01-01,PASIR RIS,4 ROOM,571,PASIR RIS ST 53,07 TO 09,109.0,Model A,1995,70 years 11 months,630000.0
2024-01-01,PASIR RIS,4 ROOM,573,PASIR RIS ST 53,01 TO 03,112.0,Model A,1995,70 years 10 months,635000.0
2024-01-01,PASIR RIS,4 ROOM,776,PASIR RIS ST 71,04 TO 06,104.0,Model A,1996,71 years 10 months,548000.0
2024-01-01,PASIR RIS,4 ROOM,752,PASIR RIS ST 71,01 TO 03,105.0,Model A,1996,71 years 11 months,555000.0
2024-01-01,PASIR RIS,4 ROOM,722,PASIR RIS ST 72,07 TO 09,113.0,Model A,1996,71 years 07 months,615000.0
2024-01-01,PASIR RIS,4 ROOM,722,PASIR RIS ST 72,04 TO 06,115.0,Model A,1996,71 years 06 months,615000.0
2024-01-01,PASIR RIS,5 ROOM,706,PASIR RIS DR 10,01 TO 03,126.0,Improved,1996,71 years 02 months,640000.0
2024-01-01,PASIR RIS,5 ROOM,706,PASIR RIS DR 10,07 TO 09,126.0,Improved,1996,71 years 01 month,688000.0
2024-01-01,PASIR RIS,5 ROOM,736,PASIR RIS DR 10,01 TO 03,126.0,Improved,1996,71 years 07 months,650000.0
2024-01-01,PASIR RIS,5 ROOM,738,PASIR RIS DR 10,13 TO 15,122.0,Improved,1996,71 years 07 months,708000.0
2024-01-01,PASIR RIS,5 ROOM,461,PASIR RIS DR 4,04 TO 06,122.0,Improved,1992,68 years,645000.0
2024-01-01,PASIR RIS,5 ROOM,412,PASIR RIS DR 6,04 TO 06,122.0,Improved,1989,64 years 09 months,710000.0
2024-01-01,PASIR RIS,5 ROOM,411,PASIR RIS DR 6,07 TO 09,124.0,Improved,1990,65 years 01 month,700000.0
2024-01-01,PASIR RIS,5 ROOM,196,PASIR RIS ST 12,07 TO 09,124.0,Improved,1993,68 years 09 months,660000.0
2024-01-01,PASIR RIS,5 ROOM,199,PASIR RIS ST 12,10 TO 12,123.0,Improved,1993,68 years 08 months,700000.0
2024-01-01,PASIR RIS,5 ROOM,228,PASIR RIS ST 21,01 TO 03,124.0,Improved,1993,68 years 07 months,655000.0
2024-01-01,PASIR RIS,5 ROOM,528C,PASIR RIS ST 51,04 TO 06,113.0,Improved,2015,90 years 07 months,820000.0
2024-01-01,PASIR RIS,5 ROOM,517,PASIR RIS ST 52,16 TO 18,127.0,Improved,1993,69 years,720999.0
2024-01-01,PASIR RIS,5 ROOM,511,PASIR RIS ST 52,16 TO 18,134.0,Model A,1993,69 years,770000.0
2024-01-01,PASIR RIS,5 ROOM,577,PASIR RIS ST 53,07 TO 09,124.0,Improved,1995,70 years 11 months,750000.0
2024-01-01,PASIR RIS,5 ROOM,577,PASIR RIS ST 53,10 TO 12,138.0,Model A,1995,70 years 10 months,788000.0
2024-01-01,PASIR RIS,5 ROOM,762,PASIR RIS ST 71,01 TO 03,126.0,Improved,1996,71 years 10 months,615000.0
2024-01-01,PASIR RIS,5 ROOM,777,PASIR RIS ST 71,10 TO 12,128.0,Improved,1996,71 years 10 months,698000.0
2024-01-01,PASIR RIS,5 ROOM,766,PASIR RIS ST 71,07 TO 09,125.0,Improved,1996,71 years 10 months,680000.0
2024-01-01,PASIR RIS,5 ROOM,740,PASIR RIS ST 71,01 TO 03,127.0,Improved,1996,71 years 09 months,670000.0
2024-01-01,PASIR RIS,5 ROOM,765,PASIR RIS ST 71,07 TO 09,125.0,Improved,1996,71 years 06 months,680000.0
2024-01-01,PASIR RIS,5 ROOM,743,PASIR RIS ST 71,10 TO 12,127.0,Improved,1996,71 years 09 months,705000.0
2024-01-01,PASIR RIS,5 ROOM,756,PASIR RIS ST 71,07 TO 09,128.0,Improved,1996,71 years 10 months,715000.0
2024-01-01,PASIR RIS,5 ROOM,758,PASIR RIS ST 71,01 TO 03,128.0,Improved,1996,71 years 10 months,625000.0
2024-01-01,PASIR RIS,EXECUTIVE,603,ELIAS RD,01 TO 03,149.0,Maisonette,1995,70 years 03 months,910000.0
2024-01-01,PASIR RIS,EXECUTIVE,609,ELIAS RD,07 TO 09,148.0,Apartment,1995,70 years 07 months,840888.0
2024-01-01,PASIR RIS,EXECUTIVE,643,PASIR RIS DR 10,01 TO 03,148.0,Apartment,1995,70 years 08 months,840000.0
2024-01-01,PASIR RIS,EXECUTIVE,645,PASIR RIS DR 10,07 TO 09,148.0,Apartment,1995,70 years 08 months,828000.0
2024-01-01,PASIR RIS,EXECUTIVE,643,PASIR RIS DR 10,01 TO 03,149.0,Apartment,1995,70 years 08 months,758000.0
2024-01-01,PASIR RIS,EXECUTIVE,134,PASIR RIS ST 11,04 TO 06,149.0,Apartment,1994,69 years 04 months,808888.0
2024-01-01,PASIR RIS,EXECUTIVE,238,PASIR RIS ST 21,10 TO 12,147.0,Apartment,1993,68 years 08 months,840000.0
2024-01-01,PASIR RIS,EXECUTIVE,242,PASIR RIS ST 21,04 TO 06,148.0,Apartment,1993,68 years 08 months,742000.0
2024-01-01,PASIR RIS,EXECUTIVE,247,PASIR RIS ST 21,04 TO 06,148.0,Apartment,1993,68 years 07 months,785000.0
2024-01-01,PASIR RIS,EXECUTIVE,203,PASIR RIS ST 21,10 TO 12,146.0,Apartment,1993,68 years 09 months,788000.0
2024-01-01,PASIR RIS,EXECUTIVE,249,PASIR RIS ST 21,01 TO 03,149.0,Apartment,1993,68 years 07 months,788000.0
2024-01-01,PASIR RIS,EXECUTIVE,246,PASIR RIS ST 21,04 TO 06,147.0,Apartment,1993,68 years 06 months,820000.0
2024-01-01,PASIR RIS,EXECUTIVE,243,PASIR RIS ST 21,04 TO 06,148.0,Apartment,1993,68 years 06 months,802000.0
2024-01-01,PASIR RIS,EXECUTIVE,466,PASIR RIS ST 41,07 TO 09,148.0,Maisonette,1992,68 years,840000.0
2024-01-01,PASIR RIS,EXECUTIVE,504,PASIR RIS ST 52,10 TO 12,145.0,Apartment,1993,68 years 08 months,878000.0
2024-01-01,PASIR RIS,EXECUTIVE,582,PASIR RIS ST 53,07 TO 09,146.0,Apartment,1995,70 years 10 months,885000.0
2024-01-01,PASIR RIS,EXECUTIVE,584,PASIR RIS ST 53,10 TO 12,151.0,Maisonette,1995,70 years 10 months,1030000.0
2024-01-01,PASIR RIS,EXECUTIVE,714,PASIR RIS ST 72,13 TO 15,148.0,Apartment,1996,71 years 06 months,880000.0
2024-01-01,PUNGGOL,2 ROOM,672B,EDGEFIELD PLAINS,10 TO 12,44.0,Model A,2015,91 years,350000.0
2024-01-01,PUNGGOL,2 ROOM,624C,PUNGGOL CTRL,04 TO 06,46.0,Model A,2014,89 years 03 months,338000.0
2024-01-01,PUNGGOL,2 ROOM,659B,PUNGGOL EAST,07 TO 09,47.0,Model A,2018,93 years 11 months,350000.0
2024-01-01,PUNGGOL,2 ROOM,659C,PUNGGOL EAST,13 TO 15,38.0,2-room,2018,93 years 11 months,325000.0
2024-01-01,PUNGGOL,2 ROOM,659B,PUNGGOL EAST,07 TO 09,47.0,2-room,2018,93 years 10 months,338000.0
2024-01-01,PUNGGOL,2 ROOM,209C,PUNGGOL PL,16 TO 18,46.0,Model A,2014,90 years,351000.0
2024-01-01,PUNGGOL,2 ROOM,221B,SUMANG LANE,13 TO 15,37.0,Model A,2018,93 years 11 months,307000.0
2024-01-01,PUNGGOL,2 ROOM,327B,SUMANG WALK,13 TO 15,47.0,Model A,2018,93 years 11 months,370000.0
2024-01-01,PUNGGOL,2 ROOM,256A,SUMANG WALK,13 TO 15,47.0,Model A,2016,91 years 11 months,343000.0
2024-01-01,PUNGGOL,2 ROOM,256C,SUMANG WALK,16 TO 18,47.0,Model A,2016,91 years 11 months,370000.0
2024-01-01,PUNGGOL,3 ROOM,682C,EDGEDALE PLAINS,04 TO 06,68.0,Premium Apartment,2018,93 years 08 months,458000.0
2024-01-01,PUNGGOL,3 ROOM,682C,EDGEDALE PLAINS,04 TO 06,68.0,Premium Apartment,2018,93 years 08 months,452500.0
2024-01-01,PUNGGOL,3 ROOM,683A,EDGEDALE PLAINS,10 TO 12,68.0,Premium Apartment,2018,93 years 09 months,478000.0
2024-01-01,PUNGGOL,3 ROOM,662A,EDGEDALE PLAINS,04 TO 06,67.0,Premium Apartment,2017,92 years 05 months,482000.0
2024-01-01,PUNGGOL,3 ROOM,661A,EDGEDALE PLAINS,10 TO 12,67.0,Premium Apartment,2017,92 years 04 months,490000.0
2024-01-01,PUNGGOL,3 ROOM,602B,PUNGGOL CTRL,16 TO 18,70.0,Model A,2012,87 years 07 months,512000.0
2024-01-01,PUNGGOL,3 ROOM,622A,PUNGGOL CTRL,13 TO 15,69.0,Model A,2014,89 years 04 months,490000.0
2024-01-01,PUNGGOL,3 ROOM,601A,PUNGGOL CTRL,10 TO 12,70.0,Model A,2012,87 years 07 months,493000.0
2024-01-01,PUNGGOL,3 ROOM,666A,PUNGGOL DR,10 TO 12,68.0,Premium Apartment,2016,91 years 03 months,473600.0
2024-01-01,PUNGGOL,3 ROOM,664A,PUNGGOL DR,16 TO 18,65.0,Model A,2016,91 years 05 months,510000.0
2024-01-01,PUNGGOL,3 ROOM,659B,PUNGGOL EAST,16 TO 18,68.0,Model A,2018,94 years,500000.0
2024-01-01,PUNGGOL,3 ROOM,659C,PUNGGOL EAST,04 TO 06,68.0,Model A,2018,93 years 11 months,446000.0
2024-01-01,PUNGGOL,3 ROOM,288B,PUNGGOL PL,01 TO 03,70.0,Premium Apartment,2013,88 years 03 months,503888.0
2024-01-01,PUNGGOL,3 ROOM,208C,PUNGGOL PL,10 TO 12,67.0,Model A,2014,89 years 06 months,500000.0
2024-01-01,PUNGGOL,3 ROOM,212B,PUNGGOL WALK,07 TO 09,67.0,Model A,2015,90 years 04 months,470000.0
2024-01-01,PUNGGOL,3 ROOM,310C,PUNGGOL WALK,10 TO 12,67.0,Premium Apartment,2016,91 years 06 months,518000.0
2024-01-01,PUNGGOL,3 ROOM,314B,PUNGGOL WAY,10 TO 12,68.0,Premium Apartment,2017,92 years 09 months,505000.0
2024-01-01,PUNGGOL,3 ROOM,221A,SUMANG LANE,13 TO 15,68.0,Model A,2018,94 years,480000.0
2024-01-01,PUNGGOL,3 ROOM,322C,SUMANG WALK,13 TO 15,68.0,Premium Apartment,2019,94 years 04 months,505000.0
2024-01-01,PUNGGOL,3 ROOM,256B,SUMANG WALK,10 TO 12,68.0,Model A,2016,92 years,490000.0
2024-01-01,PUNGGOL,3 ROOM,327C,SUMANG WALK,19 TO 21,68.0,Model A,2018,93 years 11 months,500000.0
2024-01-01,PUNGGOL,3 ROOM,327A,SUMANG WALK,19 TO 21,68.0,Model A,2018,93 years 11 months,510000.0
2024-01-01,PUNGGOL,3 ROOM,327C,SUMANG WALK,04 TO 06,68.0,Model A,2018,93 years 10 months,475000.0
2024-01-01,PUNGGOL,4 ROOM,661A,EDGEDALE PLAINS,10 TO 12,92.0,Premium Apartment,2017,92 years 05 months,612000.0
2024-01-01,PUNGGOL,4 ROOM,661A,EDGEDALE PLAINS,07 TO 09,92.0,Premium Apartment,2017,92 years 05 months,592000.0
2024-01-01,PUNGGOL,4 ROOM,683B,EDGEDALE PLAINS,10 TO 12,93.0,Premium Apartment,2018,93 years 08 months,647500.0
2024-01-01,PUNGGOL,4 ROOM,661B,EDGEDALE PLAINS,13 TO 15,92.0,Premium Apartment,2017,92 years 05 months,618000.0
2024-01-01,PUNGGOL,4 ROOM,662D,EDGEDALE PLAINS,07 TO 09,92.0,Premium Apartment,2017,92 years 05 months,610000.0
2024-01-01,PUNGGOL,4 ROOM,684A,EDGEDALE PLAINS,07 TO 09,93.0,Premium Apartment,2018,93 years 08 months,678888.0
2024-01-01,PUNGGOL,4 ROOM,684C,EDGEDALE PLAINS,07 TO 09,93.0,Premium Apartment,2018,93 years 07 months,646000.0
2024-01-01,PUNGGOL,4 ROOM,134,EDGEDALE PLAINS,16 TO 18,91.0,Premium Apartment,2003,78 years 11 months,524800.0
2024-01-01,PUNGGOL,4 ROOM,683A,EDGEDALE PLAINS,10 TO 12,93.0,Premium Apartment,2018,93 years 07 months,655000.0
2024-01-01,PUNGGOL,4 ROOM,662B,EDGEDALE PLAINS,04 TO 06,92.0,Premium Apartment,2017,92 years 04 months,585000.0
2024-01-01,PUNGGOL,4 ROOM,684D,EDGEDALE PLAINS,01 TO 03,93.0,Premium Apartment,2018,93 years 08 months,615000.0
2024-01-01,PUNGGOL,4 ROOM,614B,EDGEFIELD PLAINS,04 TO 06,92.0,Model A,2012,88 years,608000.0
2024-01-01,PUNGGOL,4 ROOM,672D,EDGEFIELD PLAINS,04 TO 06,90.0,Model A,2015,91 years,550000.0
2024-01-01,PUNGGOL,4 ROOM,614B,EDGEFIELD PLAINS,01 TO 03,92.0,Model A,2012,88 years,545000.0
2024-01-01,PUNGGOL,4 ROOM,670B,EDGEFIELD PLAINS,10 TO 12,93.0,Premium Apartment,2016,91 years 06 months,595000.0
2024-01-01,PUNGGOL,4 ROOM,668A,EDGEFIELD PLAINS,04 TO 06,93.0,Premium Apartment,2016,91 years 06 months,605888.0
2024-01-01,PUNGGOL,4 ROOM,668B,EDGEFIELD PLAINS,10 TO 12,93.0,Premium Apartment,2016,91 years 05 months,650000.0
2024-01-01,PUNGGOL,4 ROOM,673C,EDGEFIELD PLAINS,07 TO 09,90.0,Model A,2015,91 years,570000.0
2024-01-01,PUNGGOL,4 ROOM,615A,EDGEFIELD PLAINS,13 TO 15,97.0,Model A,2012,87 years 11 months,650000.0
2024-01-01,PUNGGOL,4 ROOM,298,PUNGGOL CTRL,13 TO 15,95.0,Premium Apartment,2003,78 years 10 months,590000.0
2024-01-01,PUNGGOL,4 ROOM,624A,PUNGGOL CTRL,13 TO 15,95.0,Model A,2014,89 years 03 months,615000.0
2024-01-01,PUNGGOL,4 ROOM,303A,PUNGGOL CTRL,07 TO 09,93.0,Premium Apartment,2010,85 years 06 months,650000.0
2024-01-01,PUNGGOL,4 ROOM,624B,PUNGGOL CTRL,10 TO 12,95.0,Model A,2014,89 years 04 months,620000.0
2024-01-01,PUNGGOL,4 ROOM,602C,PUNGGOL CTRL,01 TO 03,93.0,Model A,2012,87 years 07 months,535000.0
2024-01-01,PUNGGOL,4 ROOM,613C,PUNGGOL DR,13 TO 15,93.0,Model A,2012,88 years,645000.0
2024-01-01,PUNGGOL,4 ROOM,667A,PUNGGOL DR,01 TO 03,93.0,Premium Apartment,2016,91 years 02 months,635888.0
2024-01-01,PUNGGOL,4 ROOM,633B,PUNGGOL DR,10 TO 12,90.0,Premium Apartment,2007,83 years,560000.0
2024-01-01,PUNGGOL,4 ROOM,619D,PUNGGOL DR,07 TO 09,93.0,Premium Apartment,2013,88 years 09 months,608888.0
2024-01-01,PUNGGOL,4 ROOM,619A,PUNGGOL DR,13 TO 15,95.0,Premium Apartment,2013,88 years 09 months,633000.0
2024-01-01,PUNGGOL,4 ROOM,633B,PUNGGOL DR,10 TO 12,91.0,Premium Apartment,2007,83 years,589988.0
2024-01-01,PUNGGOL,4 ROOM,619B,PUNGGOL DR,16 TO 18,93.0,Premium Apartment,2013,88 years 08 months,653000.0
2024-01-01,PUNGGOL,4 ROOM,618A,PUNGGOL DR,04 TO 06,93.0,Premium Apartment,2013,88 years 09 months,565000.0
2024-01-01,PUNGGOL,4 ROOM,665C,PUNGGOL DR,04 TO 06,93.0,Premium Apartment,2016,91 years 02 months,610000.0
2024-01-01,PUNGGOL,4 ROOM,678B,PUNGGOL DR,13 TO 15,93.0,Premium Apartment,2016,91 years 08 months,650000.0
2024-01-01,PUNGGOL,4 ROOM,617D,PUNGGOL DR,04 TO 06,93.0,Premium Apartment,2013,88 years 09 months,612000.0
2024-01-01,PUNGGOL,4 ROOM,678B,PUNGGOL DR,07 TO 09,93.0,Premium Apartment,2016,91 years 08 months,650000.0
2024-01-01,PUNGGOL,4 ROOM,167C,PUNGGOL EAST,07 TO 09,92.0,Premium Apartment,2009,84 years 03 months,565000.0
2024-01-01,PUNGGOL,4 ROOM,659C,PUNGGOL EAST,16 TO 18,93.0,Model A,2018,93 years 10 months,630000.0
2024-01-01,PUNGGOL,4 ROOM,167A,PUNGGOL EAST,16 TO 18,92.0,Premium Apartment,2009,84 years 02 months,620000.0
2024-01-01,PUNGGOL,4 ROOM,658C,PUNGGOL EAST,04 TO 06,93.0,Model A,2018,93 years 11 months,578000.0
2024-01-01,PUNGGOL,4 ROOM,267A,PUNGGOL FIELD,13 TO 15,99.0,Premium Apartment,2013,88 years 01 month,740000.0
2024-01-01,PUNGGOL,4 ROOM,268B,PUNGGOL FIELD,07 TO 09,93.0,Premium Apartment,2013,88 years 01 month,630000.0
2024-01-01,PUNGGOL,4 ROOM,175A,PUNGGOL FIELD,13 TO 15,90.0,Model A,2003,78 years 08 months,520000.0
2024-01-01,PUNGGOL,4 ROOM,268C,PUNGGOL FIELD,13 TO 15,93.0,Premium Apartment,2013,88 years 01 month,693000.0
2024-01-01,PUNGGOL,4 ROOM,268B,PUNGGOL FIELD,10 TO 12,93.0,Premium Apartment,2013,88 years,660000.0
2024-01-01,PUNGGOL,4 ROOM,169C,PUNGGOL FIELD,10 TO 12,92.0,Model A,2014,89 years 03 months,573000.0
2024-01-01,PUNGGOL,4 ROOM,268B,PUNGGOL FIELD,07 TO 09,97.0,Premium Apartment,2013,88 years 01 month,690000.0
2024-01-01,PUNGGOL,4 ROOM,128A,PUNGGOL FIELD WALK,01 TO 03,90.0,Model A,2003,78 years 06 months,533000.0
2024-01-01,PUNGGOL,4 ROOM,302D,PUNGGOL PL,10 TO 12,93.0,Premium Apartment,2011,86 years 03 months,680000.0
2024-01-01,PUNGGOL,4 ROOM,274D,PUNGGOL PL,16 TO 18,96.0,Premium Apartment,2013,88 years 07 months,720000.0
2024-01-01,PUNGGOL,4 ROOM,273B,PUNGGOL PL,07 TO 09,93.0,Premium Apartment,2013,88 years 07 months,708000.0
2024-01-01,PUNGGOL,4 ROOM,207B,PUNGGOL PL,10 TO 12,92.0,Model A,2014,89 years 06 months,641888.0
2024-01-01,PUNGGOL,4 ROOM,306A,PUNGGOL PL,10 TO 12,97.0,Premium Apartment,2012,87 years 07 months,720000.0
2024-01-01,PUNGGOL,4 ROOM,207D,PUNGGOL PL,16 TO 18,92.0,Model A,2014,89 years 06 months,650000.0
2024-01-01,PUNGGOL,4 ROOM,289A,PUNGGOL PL,10 TO 12,95.0,Premium Apartment,2013,88 years 03 months,715000.0
2024-01-01,PUNGGOL,4 ROOM,210A,PUNGGOL PL,13 TO 15,92.0,Model A,2014,90 years,648000.0
2024-01-01,PUNGGOL,4 ROOM,274A,PUNGGOL PL,10 TO 12,96.0,Premium Apartment,2013,88 years 06 months,720000.0
2024-01-01,PUNGGOL,4 ROOM,289B,PUNGGOL PL,10 TO 12,98.0,Premium Apartment,2013,88 years 02 months,735000.0
2024-01-01,PUNGGOL,4 ROOM,603B,PUNGGOL RD,07 TO 09,93.0,Model A,2012,87 years 09 months,580000.0
2024-01-01,PUNGGOL,4 ROOM,603A,PUNGGOL RD,13 TO 15,92.0,Model A,2012,87 years 09 months,618000.0
2024-01-01,PUNGGOL,4 ROOM,195C,PUNGGOL RD,10 TO 12,90.0,Premium Apartment,2007,82 years 08 months,575000.0
2024-01-01,PUNGGOL,4 ROOM,603B,PUNGGOL RD,04 TO 06,93.0,Model A,2012,87 years 08 months,580000.0
2024-01-01,PUNGGOL,4 ROOM,211B,PUNGGOL WALK,16 TO 18,95.0,Model A,2014,89 years 04 months,662000.0
2024-01-01,PUNGGOL,4 ROOM,310B,PUNGGOL WALK,07 TO 09,92.0,Premium Apartment,2016,91 years 06 months,645000.0
2024-01-01,PUNGGOL,4 ROOM,212B,PUNGGOL WALK,10 TO 12,93.0,Model A,2015,90 years 04 months,608000.0
2024-01-01,PUNGGOL,4 ROOM,310A,PUNGGOL WALK,13 TO 15,92.0,Premium Apartment,2016,91 years 05 months,660000.0
2024-01-01,PUNGGOL,4 ROOM,211C,PUNGGOL WALK,10 TO 12,92.0,Model A,2014,89 years 04 months,605000.0
2024-01-01,PUNGGOL,4 ROOM,310A,PUNGGOL WALK,10 TO 12,92.0,Premium Apartment,2016,91 years 06 months,660000.0
2024-01-01,PUNGGOL,4 ROOM,308C,PUNGGOL WALK,01 TO 03,92.0,Premium Apartment,2016,91 years 03 months,590000.0
2024-01-01,PUNGGOL,4 ROOM,272D,PUNGGOL WALK,07 TO 09,93.0,Premium Apartment,2014,89 years 03 months,715000.0
2024-01-01,PUNGGOL,4 ROOM,310A,PUNGGOL WALK,04 TO 06,92.0,Premium Apartment,2016,91 years 05 months,630000.0
2024-01-01,PUNGGOL,4 ROOM,310C,PUNGGOL WALK,04 TO 06,92.0,Premium Apartment,2016,91 years 05 months,615000.0
2024-01-01,PUNGGOL,4 ROOM,314A,PUNGGOL WAY,04 TO 06,93.0,Premium Apartment,2017,92 years 10 months,600000.0
2024-01-01,PUNGGOL,4 ROOM,220A,SUMANG LANE,04 TO 06,93.0,Model A,2018,94 years,580000.0
2024-01-01,PUNGGOL,4 ROOM,232A,SUMANG LANE,07 TO 09,93.0,Model A,2018,93 years 11 months,570000.0
2024-01-01,PUNGGOL,4 ROOM,221A,SUMANG LANE,10 TO 12,93.0,Model A,2018,94 years,600000.0
2024-01-01,PUNGGOL,4 ROOM,313B,SUMANG LINK,13 TO 15,92.0,Model A,2015,90 years 06 months,635000.0
2024-01-01,PUNGGOL,4 ROOM,323C,SUMANG WALK,01 TO 03,93.0,Premium Apartment,2020,95 years 01 month,630000.0
2024-01-01,PUNGGOL,4 ROOM,323A,SUMANG WALK,04 TO 06,93.0,Premium Apartment,2020,95 years 02 months,580000.0
2024-01-01,PUNGGOL,4 ROOM,323A,SUMANG WALK,10 TO 12,93.0,Premium Apartment,2020,95 years,675000.0
2024-01-01,PUNGGOL,4 ROOM,323D,SUMANG WALK,13 TO 15,93.0,Premium Apartment,2020,95 years 01 month,748888.0
2024-01-01,PUNGGOL,4 ROOM,325B,SUMANG WALK,07 TO 09,96.0,Premium Apartment,2020,95 years 01 month,700000.0
2024-01-01,PUNGGOL,4 ROOM,256B,SUMANG WALK,16 TO 18,93.0,Model A,2016,91 years 11 months,630000.0
2024-01-01,PUNGGOL,4 ROOM,323B,SUMANG WALK,16 TO 18,93.0,Premium Apartment,2020,95 years 01 month,690000.0
2024-01-01,PUNGGOL,4 ROOM,256C,SUMANG WALK,13 TO 15,93.0,Model A,2016,91 years 11 months,638000.0
2024-01-01,PUNGGOL,5 ROOM,174A,EDGEDALE PLAINS,01 TO 03,110.0,Improved,2003,78 years 10 months,580000.0
2024-01-01,PUNGGOL,5 ROOM,661C,EDGEDALE PLAINS,07 TO 09,112.0,Premium Apartment,2017,92 years 05 months,710000.0
2024-01-01,PUNGGOL,5 ROOM,684B,EDGEDALE PLAINS,01 TO 03,113.0,Premium Apartment,2018,93 years 08 months,800000.0
2024-01-01,PUNGGOL,5 ROOM,661C,EDGEDALE PLAINS,04 TO 06,112.0,Premium Apartment,2017,92 years 05 months,703000.0
2024-01-01,PUNGGOL,5 ROOM,172C,EDGEDALE PLAINS,13 TO 15,110.0,Improved,2004,79 years 04 months,614888.0
2024-01-01,PUNGGOL,5 ROOM,684C,EDGEDALE PLAINS,07 TO 09,113.0,Premium Apartment,2018,93 years 08 months,768888.0
2024-01-01,PUNGGOL,5 ROOM,661B,EDGEDALE PLAINS,07 TO 09,112.0,Premium Apartment,2017,92 years 05 months,745000.0
2024-01-01,PUNGGOL,5 ROOM,109C,EDGEDALE PLAINS,13 TO 15,110.0,Improved,2003,78 years 05 months,615000.0
2024-01-01,PUNGGOL,5 ROOM,661B,EDGEDALE PLAINS,16 TO 18,112.0,Premium Apartment,2017,92 years 05 months,758888.0
2024-01-01,PUNGGOL,5 ROOM,121B,EDGEDALE PLAINS,13 TO 15,113.0,Improved,2017,92 years 04 months,687000.0
2024-01-01,PUNGGOL,5 ROOM,121B,EDGEDALE PLAINS,04 TO 06,113.0,Improved,2017,92 years 04 months,645000.0
2024-01-01,PUNGGOL,5 ROOM,103A,EDGEFIELD PLAINS,13 TO 15,110.0,Improved,2003,78 years 05 months,620000.0
2024-01-01,PUNGGOL,5 ROOM,669A,EDGEFIELD PLAINS,13 TO 15,112.0,Premium Apartment,2016,91 years 05 months,780888.0
2024-01-01,PUNGGOL,5 ROOM,296,PUNGGOL CTRL,01 TO 03,110.0,Premium Apartment,2003,78 years 10 months,620000.0
2024-01-01,PUNGGOL,5 ROOM,296,PUNGGOL CTRL,04 TO 06,110.0,Premium Apartment,2003,78 years 10 months,630000.0
2024-01-01,PUNGGOL,5 ROOM,299,PUNGGOL CTRL,13 TO 15,110.0,Premium Apartment,2003,78 years 10 months,665000.0
2024-01-01,PUNGGOL,5 ROOM,678B,PUNGGOL DR,07 TO 09,113.0,Premium Apartment,2016,91 years 09 months,791888.0
2024-01-01,PUNGGOL,5 ROOM,677D,PUNGGOL DR,13 TO 15,113.0,Premium Apartment,2016,91 years 09 months,838888.0
2024-01-01,PUNGGOL,5 ROOM,676C,PUNGGOL DR,01 TO 03,113.0,Premium Apartment,2016,91 years 09 months,755000.0
2024-01-01,PUNGGOL,5 ROOM,663A,PUNGGOL DR,13 TO 15,110.0,Improved,2016,91 years 05 months,745000.0
2024-01-01,PUNGGOL,5 ROOM,658C,PUNGGOL EAST,07 TO 09,113.0,Improved,2018,93 years 11 months,755000.0
2024-01-01,PUNGGOL,5 ROOM,658A,PUNGGOL EAST,07 TO 09,113.0,Improved,2018,93 years 10 months,755000.0
2024-01-01,PUNGGOL,5 ROOM,201D,PUNGGOL FIELD,04 TO 06,110.0,Improved,2004,79 years 07 months,600000.0
2024-01-01,PUNGGOL,5 ROOM,106D,PUNGGOL FIELD,04 TO 06,110.0,Improved,2003,78 years 02 months,570000.0
2024-01-01,PUNGGOL,5 ROOM,267A,PUNGGOL FIELD,16 TO 18,149.0,Premium Apartment Loft,2013,88 years 01 month,1100888.0
2024-01-01,PUNGGOL,5 ROOM,110A,PUNGGOL FIELD,04 TO 06,110.0,Improved,2003,78 years 06 months,558000.0
2024-01-01,PUNGGOL,5 ROOM,199D,PUNGGOL FIELD,13 TO 15,110.0,Improved,2003,78 years 07 months,622800.0
2024-01-01,PUNGGOL,5 ROOM,267A,PUNGGOL FIELD,16 TO 18,115.0,Premium Apartment,2013,88 years 01 month,868000.0
2024-01-01,PUNGGOL,5 ROOM,106A,PUNGGOL FIELD,13 TO 15,110.0,Improved,2003,78 years 04 months,615000.0
2024-01-01,PUNGGOL,5 ROOM,175D,PUNGGOL FIELD,13 TO 15,110.0,Improved,2003,78 years 06 months,638888.0
2024-01-01,PUNGGOL,5 ROOM,202A,PUNGGOL FIELD,07 TO 09,110.0,Improved,2004,79 years 06 months,600000.0
2024-01-01,PUNGGOL,5 ROOM,270B,PUNGGOL FIELD,07 TO 09,116.0,Premium Apartment,2013,88 years,860000.0
2024-01-01,PUNGGOL,5 ROOM,110D,PUNGGOL FIELD,10 TO 12,110.0,Improved,2003,78 years 03 months,575000.0
2024-01-01,PUNGGOL,5 ROOM,203B,PUNGGOL FIELD,04 TO 06,110.0,Improved,2004,79 years 10 months,580000.0
2024-01-01,PUNGGOL,5 ROOM,289D,PUNGGOL PL,04 TO 06,115.0,Premium Apartment,2013,88 years 03 months,800000.0
2024-01-01,PUNGGOL,5 ROOM,273C,PUNGGOL PL,07 TO 09,114.0,Premium Apartment,2013,88 years 07 months,820000.0
2024-01-01,PUNGGOL,5 ROOM,310B,PUNGGOL WALK,01 TO 03,112.0,Premium Apartment,2016,91 years 07 months,685000.0
2024-01-01,PUNGGOL,5 ROOM,213A,PUNGGOL WALK,10 TO 12,113.0,Improved,2015,90 years 04 months,705000.0
2024-01-01,PUNGGOL,5 ROOM,260B,PUNGGOL WAY,04 TO 06,113.0,Improved,2016,91 years 06 months,728000.0
2024-01-01,PUNGGOL,5 ROOM,316B,PUNGGOL WAY,01 TO 03,113.0,Premium Apartment,2017,92 years 09 months,770000.0
2024-01-01,PUNGGOL,5 ROOM,316A,PUNGGOL WAY,04 TO 06,113.0,Premium Apartment,2017,92 years 08 months,830000.0
2024-01-01,PUNGGOL,5 ROOM,233C,SUMANG LANE,10 TO 12,113.0,Improved,2018,93 years 11 months,710000.0
2024-01-01,PUNGGOL,5 ROOM,231B,SUMANG LANE,10 TO 12,113.0,Improved,2018,93 years 11 months,740000.0
2024-01-01,PUNGGOL,5 ROOM,234B,SUMANG LANE,16 TO 18,113.0,Improved,2018,93 years 10 months,740000.0
2024-01-01,PUNGGOL,5 ROOM,231B,SUMANG LANE,04 TO 06,113.0,Improved,2018,93 years 10 months,685000.0
2024-01-01,PUNGGOL,5 ROOM,226C,SUMANG LANE,16 TO 18,114.0,Premium Apartment,2018,93 years 03 months,778000.0
2024-01-01,PUNGGOL,5 ROOM,322C,SUMANG WALK,04 TO 06,116.0,Premium Apartment,2019,94 years 03 months,878000.0
2024-01-01,PUNGGOL,5 ROOM,323D,SUMANG WALK,01 TO 03,121.0,Premium Apartment,2020,95 years 01 month,929000.0
2024-01-01,PUNGGOL,5 ROOM,325A,SUMANG WALK,04 TO 06,116.0,Premium Apartment,2020,95 years 01 month,868000.0
2024-01-01,PUNGGOL,5 ROOM,322C,SUMANG WALK,01 TO 03,116.0,Premium Apartment,2019,94 years 03 months,835000.0
2024-01-01,PUNGGOL,5 ROOM,217C,SUMANG WALK,04 TO 06,112.0,Improved,2017,92 years 07 months,678888.0
2024-01-01,PUNGGOL,5 ROOM,325B,SUMANG WALK,01 TO 03,116.0,Premium Apartment,2020,95 years,880000.0
2024-01-01,PUNGGOL,5 ROOM,323D,SUMANG WALK,07 TO 09,121.0,Premium Apartment,2020,95 years 01 month,980000.0
2024-01-01,PUNGGOL,5 ROOM,325B,SUMANG WALK,07 TO 09,116.0,Premium Apartment,2020,95 years 01 month,893000.0
2024-01-01,PUNGGOL,EXECUTIVE,118,EDGEFIELD PLAINS,04 TO 06,130.0,Premium Apartment,2003,78 years 06 months,725000.0
2024-01-01,PUNGGOL,EXECUTIVE,117,EDGEFIELD PLAINS,10 TO 12,130.0,Premium Apartment,2003,78 years 05 months,790000.0
2024-01-01,PUNGGOL,EXECUTIVE,188,PUNGGOL CTRL,10 TO 12,128.0,Premium Apartment,2004,79 years 04 months,750000.0
2024-01-01,QUEENSTOWN,2 ROOM,83,C'WEALTH CL,16 TO 18,46.0,Standard,1967,42 years 02 months,285000.0
2024-01-01,QUEENSTOWN,2 ROOM,100,C'WEALTH CRES,04 TO 06,47.0,Standard,1970,45 years 05 months,260000.0
2024-01-01,QUEENSTOWN,3 ROOM,85,C'WEALTH CL,04 TO 06,69.0,Standard,1967,42 years 02 months,415000.0
2024-01-01,QUEENSTOWN,3 ROOM,112,C'WEALTH CRES,01 TO 03,60.0,Standard,1969,44 years 01 month,305000.0
2024-01-01,QUEENSTOWN,3 ROOM,100,C'WEALTH CRES,01 TO 03,59.0,Standard,1970,45 years 05 months,308000.0
2024-01-01,QUEENSTOWN,3 ROOM,96,C'WEALTH CRES,01 TO 03,59.0,Standard,1970,45 years 05 months,350000.0
2024-01-01,QUEENSTOWN,3 ROOM,91,C'WEALTH DR,07 TO 09,68.0,Standard,1967,42 years 01 month,352888.0
2024-01-01,QUEENSTOWN,3 ROOM,5,DOVER CRES,07 TO 09,67.0,New Generation,1979,54 years 11 months,388000.0
2024-01-01,QUEENSTOWN,3 ROOM,1,DOVER RD,04 TO 06,65.0,Improved,1975,50 years 07 months,366000.0
2024-01-01,QUEENSTOWN,3 ROOM,27,GHIM MOH LINK,04 TO 06,67.0,Model A,2013,88 years 04 months,625000.0
2024-01-01,QUEENSTOWN,3 ROOM,32,GHIM MOH LINK,01 TO 03,68.0,Model A,2018,93 years 06 months,620000.0
2024-01-01,QUEENSTOWN,3 ROOM,21,GHIM MOH RD,04 TO 06,65.0,Improved,1977,52 years 05 months,400000.0
2024-01-01,QUEENSTOWN,3 ROOM,3,GHIM MOH RD,01 TO 03,76.0,Improved,1976,51 years 07 months,385000.0
2024-01-01,QUEENSTOWN,3 ROOM,6,GHIM MOH RD,04 TO 06,65.0,Improved,1976,51 years 06 months,360000.0
2024-01-01,QUEENSTOWN,3 ROOM,21,GHIM MOH RD,10 TO 12,65.0,Improved,1977,52 years 04 months,408888.0
2024-01-01,QUEENSTOWN,3 ROOM,5,GHIM MOH RD,04 TO 06,65.0,Improved,1976,51 years 06 months,340000.0
2024-01-01,QUEENSTOWN,3 ROOM,9,HOLLAND AVE,07 TO 09,73.0,Improved,1974,49 years 05 months,458000.0
2024-01-01,QUEENSTOWN,3 ROOM,12,HOLLAND AVE,10 TO 12,73.0,Improved,1975,50 years 01 month,570000.0
2024-01-01,QUEENSTOWN,3 ROOM,2,HOLLAND AVE,07 TO 09,73.0,Improved,1974,49 years 05 months,540000.0
2024-01-01,QUEENSTOWN,3 ROOM,6,HOLLAND CL,13 TO 15,65.0,Improved,1974,49 years 06 months,485000.0
2024-01-01,QUEENSTOWN,3 ROOM,32,HOLLAND CL,07 TO 09,59.0,Improved,1974,49 years 05 months,370000.0
2024-01-01,QUEENSTOWN,3 ROOM,11,HOLLAND DR,13 TO 15,65.0,Improved,1975,50 years 01 month,442000.0
2024-01-01,QUEENSTOWN,3 ROOM,13,HOLLAND DR,19 TO 21,65.0,Improved,1975,50 years 01 month,438000.0
2024-01-01,QUEENSTOWN,3 ROOM,13,HOLLAND DR,04 TO 06,65.0,Improved,1975,50 years,432000.0
2024-01-01,QUEENSTOWN,3 ROOM,40,HOLLAND DR,04 TO 06,59.0,Improved,1975,50 years 07 months,353000.0
2024-01-01,QUEENSTOWN,3 ROOM,18A,HOLLAND DR,10 TO 12,67.0,Model A,2012,87 years 08 months,680000.0
2024-01-01,QUEENSTOWN,3 ROOM,158,MEI LING ST,10 TO 12,66.0,Improved,1970,45 years 01 month,362000.0
2024-01-01,QUEENSTOWN,3 ROOM,160,MEI LING ST,10 TO 12,72.0,Improved,1970,45 years 07 months,408000.0
2024-01-01,QUEENSTOWN,3 ROOM,160,MEI LING ST,13 TO 15,72.0,Improved,1970,45 years 07 months,380000.0
2024-01-01,QUEENSTOWN,3 ROOM,160,MEI LING ST,04 TO 06,72.0,Improved,1970,45 years 06 months,404000.0
2024-01-01,QUEENSTOWN,3 ROOM,167,STIRLING RD,01 TO 03,60.0,Improved,1971,46 years 01 month,330000.0
2024-01-01,QUEENSTOWN,3 ROOM,61C,STRATHMORE AVE,22 TO 24,69.0,Model A,2011,86 years 08 months,640000.0
2024-01-01,QUEENSTOWN,3 ROOM,62B,STRATHMORE AVE,16 TO 18,69.0,Model A,2011,86 years 07 months,700000.0
2024-01-01,QUEENSTOWN,4 ROOM,53,C'WEALTH DR,19 TO 21,93.0,Model A,2015,90 years 01 month,950000.0
2024-01-01,QUEENSTOWN,4 ROOM,87,DAWSON RD,04 TO 06,87.0,Premium Apartment,2016,91 years 08 months,935000.0
2024-01-01,QUEENSTOWN,4 ROOM,90,DAWSON RD,16 TO 18,97.0,Premium Apartment Loft,2016,91 years 04 months,1150000.0
2024-01-01,QUEENSTOWN,4 ROOM,87,DAWSON RD,22 TO 24,87.0,Premium Apartment,2016,91 years 08 months,1089999.0
2024-01-01,QUEENSTOWN,4 ROOM,88,DAWSON RD,07 TO 09,83.0,Premium Apartment,2016,91 years 08 months,908000.0
2024-01-01,QUEENSTOWN,4 ROOM,93,DAWSON RD,10 TO 12,83.0,Premium Apartment,2016,91 years 04 months,916888.0
2024-01-01,QUEENSTOWN,4 ROOM,86,DAWSON RD,25 TO 27,83.0,Premium Apartment,2016,91 years 07 months,1020888.0
2024-01-01,QUEENSTOWN,4 ROOM,18,DOVER CRES,01 TO 03,87.0,Model A,2003,78 years 09 months,670000.0
2024-01-01,QUEENSTOWN,4 ROOM,28B,DOVER CRES,01 TO 03,88.0,Model A,2012,87 years 03 months,700000.0
2024-01-01,QUEENSTOWN,4 ROOM,28B,DOVER CRES,13 TO 15,88.0,Model A,2012,87 years 02 months,808000.0
2024-01-01,QUEENSTOWN,4 ROOM,28C,DOVER CRES,19 TO 21,95.0,Model A,2012,87 years 03 months,850000.0
2024-01-01,QUEENSTOWN,4 ROOM,33,GHIM MOH LINK,25 TO 27,93.0,Model A,2018,93 years 06 months,1100000.0
2024-01-01,QUEENSTOWN,4 ROOM,23,GHIM MOH LINK,10 TO 12,87.0,Model A,2013,88 years 04 months,888000.0
2024-01-01,QUEENSTOWN,4 ROOM,30,GHIM MOH LINK,31 TO 33,93.0,Model A,2018,93 years 05 months,988000.0
2024-01-01,QUEENSTOWN,4 ROOM,22,GHIM MOH LINK,16 TO 18,93.0,Model A,2013,88 years 03 months,980000.0
2024-01-01,QUEENSTOWN,4 ROOM,22,GHIM MOH LINK,19 TO 21,92.0,Model A,2013,88 years 04 months,925000.0
2024-01-01,QUEENSTOWN,4 ROOM,31,GHIM MOH LINK,04 TO 06,93.0,Model A,2018,93 years 05 months,845000.0
2024-01-01,QUEENSTOWN,4 ROOM,29,GHIM MOH LINK,07 TO 09,93.0,Model A,2018,93 years 05 months,937000.0
2024-01-01,QUEENSTOWN,4 ROOM,12,HOLLAND AVE,10 TO 12,88.0,Improved,1975,50 years 01 month,590000.0
2024-01-01,QUEENSTOWN,4 ROOM,18D,HOLLAND DR,40 TO 42,87.0,Model A,2012,87 years 09 months,991000.0
2024-01-01,QUEENSTOWN,4 ROOM,18B,HOLLAND DR,10 TO 12,87.0,Model A,2012,87 years 09 months,888000.0
2024-01-01,QUEENSTOWN,4 ROOM,160,MEI LING ST,04 TO 06,85.0,Improved,1970,45 years 07 months,465000.0
2024-01-01,QUEENSTOWN,4 ROOM,23B,QUEEN'S CL,07 TO 09,89.0,Improved,1973,48 years 05 months,500000.0
2024-01-01,QUEENSTOWN,4 ROOM,21,QUEEN'S CL,10 TO 12,108.0,Model A,1996,71 years 10 months,755000.0
2024-01-01,QUEENSTOWN,4 ROOM,56,STRATHMORE AVE,13 TO 15,85.0,Model A,2002,77 years 05 months,780000.0
2024-01-01,QUEENSTOWN,4 ROOM,61A,STRATHMORE AVE,13 TO 15,96.0,Model A,2011,86 years 08 months,878000.0
2024-01-01,QUEENSTOWN,4 ROOM,60,STRATHMORE AVE,01 TO 03,96.0,Model A,2000,75 years 09 months,730000.0
2024-01-01,QUEENSTOWN,4 ROOM,61B,STRATHMORE AVE,25 TO 27,94.0,Model A,2011,86 years 07 months,920888.0
2024-01-01,QUEENSTOWN,4 ROOM,56,STRATHMORE AVE,04 TO 06,95.0,Model A,2002,77 years 04 months,830000.0
2024-01-01,QUEENSTOWN,4 ROOM,61C,STRATHMORE AVE,28 TO 30,95.0,Model A,2011,86 years 08 months,1200000.0
2024-01-01,QUEENSTOWN,4 ROOM,91,TANGLIN HALT RD,31 TO 33,85.0,Model A,2008,83 years 08 months,868000.0
2024-01-01,QUEENSTOWN,5 ROOM,26,DOVER CRES,22 TO 24,123.0,Standard,1978,53 years 01 month,840000.0
2024-01-01,QUEENSTOWN,5 ROOM,7,GHIM MOH RD,13 TO 15,117.0,Standard,1977,52 years 01 month,825000.0
2024-01-01,QUEENSTOWN,5 ROOM,48,STRATHMORE AVE,31 TO 33,110.0,Improved,2006,82 years 01 month,1100000.0
2024-01-01,QUEENSTOWN,EXECUTIVE,150,MEI LING ST,04 TO 06,147.0,Maisonette,1995,70 years 10 months,1228000.0
2024-01-01,SEMBAWANG,2 ROOM,128B,CANBERRA ST,07 TO 09,47.0,Model A,2018,93 years 10 months,355000.0
2024-01-01,SEMBAWANG,2 ROOM,104D,CANBERRA ST,07 TO 09,47.0,Model A,2018,93 years 07 months,358000.0
2024-01-01,SEMBAWANG,2 ROOM,128B,CANBERRA ST,13 TO 15,47.0,Model A,2018,93 years 10 months,355000.0
2024-01-01,SEMBAWANG,2 ROOM,104B,CANBERRA ST,10 TO 12,47.0,Model A,2018,93 years 07 months,350000.0
2024-01-01,SEMBAWANG,2 ROOM,115B,CANBERRA WALK,01 TO 03,47.0,Model A,2018,93 years 07 months,318000.0
2024-01-01,SEMBAWANG,2 ROOM,115A,CANBERRA WALK,04 TO 06,47.0,Model A,2018,93 years 06 months,340000.0
2024-01-01,SEMBAWANG,2 ROOM,591A,MONTREAL LINK,04 TO 06,47.0,Model A,2015,90 years 05 months,325000.0
2024-01-01,SEMBAWANG,2 ROOM,591A,MONTREAL LINK,10 TO 12,47.0,Model A,2015,90 years 04 months,329000.0
2024-01-01,SEMBAWANG,2 ROOM,363B,SEMBAWANG CRES,07 TO 09,47.0,Model A,2019,94 years 06 months,340000.0
2024-01-01,SEMBAWANG,2 ROOM,363B,SEMBAWANG CRES,04 TO 06,47.0,Model A,2019,94 years 06 months,345000.0
2024-01-01,SEMBAWANG,2 ROOM,362B,SEMBAWANG CRES,07 TO 09,38.0,Model A,2019,94 years 04 months,328000.0
2024-01-01,SEMBAWANG,3 ROOM,104D,CANBERRA ST,13 TO 15,68.0,Model A,2018,93 years 07 months,460000.0
2024-01-01,SEMBAWANG,3 ROOM,129B,CANBERRA ST,07 TO 09,68.0,Model A,2018,93 years 10 months,475000.0
2024-01-01,SEMBAWANG,3 ROOM,115C,CANBERRA WALK,07 TO 09,68.0,Model A,2018,93 years 06 months,478500.0
2024-01-01,SEMBAWANG,3 ROOM,363A,SEMBAWANG CRES,10 TO 12,68.0,Model A,2019,94 years 05 months,458000.0
2024-01-01,SEMBAWANG,3 ROOM,365C,SEMBAWANG CRES,13 TO 15,68.0,Model A,2019,94 years 04 months,458000.0
2024-01-01,SEMBAWANG,3 ROOM,366B,SEMBAWANG CRES,01 TO 03,68.0,Model A,2019,94 years 05 months,425000.0
2024-01-01,SEMBAWANG,3 ROOM,365A,SEMBAWANG CRES,10 TO 12,68.0,Model A,2019,94 years 03 months,450000.0
2024-01-01,SEMBAWANG,4 ROOM,469A,ADMIRALTY DR,07 TO 09,102.0,Premium Apartment,2001,76 years 09 months,518000.0
2024-01-01,SEMBAWANG,4 ROOM,467B,ADMIRALTY DR,07 TO 09,102.0,Premium Apartment,2001,76 years 08 months,528000.0
2024-01-01,SEMBAWANG,4 ROOM,357C,ADMIRALTY DR,07 TO 09,95.0,Premium Apartment,2001,76 years 07 months,560000.0
2024-01-01,SEMBAWANG,4 ROOM,467,ADMIRALTY DR,10 TO 12,102.0,Premium Apartment,2001,76 years 06 months,500000.0
2024-01-01,SEMBAWANG,4 ROOM,356A,ADMIRALTY DR,16 TO 18,95.0,Premium Apartment,2001,76 years 05 months,580000.0
2024-01-01,SEMBAWANG,4 ROOM,485,ADMIRALTY LINK,07 TO 09,85.0,Model A2,2003,78 years 07 months,478000.0
2024-01-01,SEMBAWANG,4 ROOM,489,ADMIRALTY LINK,01 TO 03,96.0,Model A,2010,85 years 08 months,471000.0
2024-01-01,SEMBAWANG,4 ROOM,488,ADMIRALTY LINK,13 TO 15,94.0,Model A,2010,85 years 07 months,495000.0
2024-01-01,SEMBAWANG,4 ROOM,119A,CANBERRA CRES,01 TO 03,93.0,Model A,2018,93 years 02 months,590000.0
2024-01-01,SEMBAWANG,4 ROOM,350C,CANBERRA RD,13 TO 15,93.0,Model A,2001,76 years 10 months,555000.0
2024-01-01,SEMBAWANG,4 ROOM,306,CANBERRA RD,10 TO 12,100.0,Model A,1998,73 years 10 months,560000.0
2024-01-01,SEMBAWANG,4 ROOM,425,CANBERRA RD,10 TO 12,91.0,Model A,2001,76 years 05 months,475000.0
2024-01-01,SEMBAWANG,4 ROOM,107A,CANBERRA ST,13 TO 15,93.0,Model A,2018,93 years 08 months,600000.0
2024-01-01,SEMBAWANG,4 ROOM,104C,CANBERRA ST,07 TO 09,93.0,Model A,2018,93 years 08 months,600000.0
2024-01-01,SEMBAWANG,4 ROOM,129B,CANBERRA ST,04 TO 06,93.0,Model A,2018,93 years 10 months,595000.0
2024-01-01,SEMBAWANG,4 ROOM,104B,CANBERRA ST,10 TO 12,93.0,Model A,2018,93 years 08 months,590000.0
2024-01-01,SEMBAWANG,4 ROOM,107B,CANBERRA ST,10 TO 12,93.0,Model A,2018,93 years 07 months,625000.0
2024-01-01,SEMBAWANG,4 ROOM,121A,CANBERRA ST,10 TO 12,93.0,Model A,2018,93 years 01 month,578888.0
2024-01-01,SEMBAWANG,4 ROOM,107C,CANBERRA ST,10 TO 12,93.0,Model A,2018,93 years 07 months,598000.0
2024-01-01,SEMBAWANG,4 ROOM,121D,CANBERRA ST,10 TO 12,93.0,Model A,2018,93 years 01 month,590000.0
2024-01-01,SEMBAWANG,4 ROOM,104D,CANBERRA ST,01 TO 03,93.0,Model A,2018,93 years 07 months,531000.0
2024-01-01,SEMBAWANG,4 ROOM,104C,CANBERRA ST,10 TO 12,93.0,Model A,2018,93 years 07 months,590000.0
2024-01-01,SEMBAWANG,4 ROOM,129A,CANBERRA ST,10 TO 12,93.0,Model A,2018,93 years 10 months,675000.0
2024-01-01,SEMBAWANG,4 ROOM,104A,CANBERRA ST,10 TO 12,93.0,Model A,2018,93 years 06 months,620000.0
2024-01-01,SEMBAWANG,4 ROOM,104C,CANBERRA ST,04 TO 06,93.0,Model A,2018,93 years 06 months,585000.0
2024-01-01,SEMBAWANG,4 ROOM,104A,CANBERRA ST,04 TO 06,93.0,Model A,2018,93 years 06 months,598888.0
2024-01-01,SEMBAWANG,4 ROOM,107B,CANBERRA ST,04 TO 06,93.0,Model A,2018,93 years 06 months,565000.0
2024-01-01,SEMBAWANG,4 ROOM,104D,CANBERRA ST,04 TO 06,93.0,Model A,2018,93 years 06 months,580000.0
2024-01-01,SEMBAWANG,4 ROOM,108B,CANBERRA WALK,04 TO 06,93.0,Model A,2018,93 years 05 months,570000.0
2024-01-01,SEMBAWANG,4 ROOM,108B,CANBERRA WALK,07 TO 09,93.0,Model A,2018,93 years 05 months,616000.0
2024-01-01,SEMBAWANG,4 ROOM,589A,MONTREAL DR,04 TO 06,85.0,Model A2,2002,77 years 11 months,480000.0
2024-01-01,SEMBAWANG,4 ROOM,593A,MONTREAL LINK,01 TO 03,93.0,Model A,2015,90 years 04 months,490000.0
2024-01-01,SEMBAWANG,4 ROOM,592A,MONTREAL LINK,10 TO 12,93.0,Model A,2015,90 years 03 months,550000.0
2024-01-01,SEMBAWANG,4 ROOM,593A,MONTREAL LINK,07 TO 09,93.0,Model A,2015,90 years 03 months,535000.0
2024-01-01,SEMBAWANG,4 ROOM,593A,MONTREAL LINK,04 TO 06,93.0,Model A,2015,90 years 03 months,530000.0
2024-01-01,SEMBAWANG,4 ROOM,329,SEMBAWANG CL,07 TO 09,101.0,Model A,1999,74 years 07 months,550888.0
2024-01-01,SEMBAWANG,4 ROOM,320,SEMBAWANG CL,10 TO 12,102.0,Model A,1999,74 years 05 months,528000.0
2024-01-01,SEMBAWANG,4 ROOM,365B,SEMBAWANG CRES,04 TO 06,93.0,Model A,2019,94 years 04 months,565000.0
2024-01-01,SEMBAWANG,4 ROOM,362A,SEMBAWANG CRES,07 TO 09,93.0,Model A,2019,94 years 05 months,592888.0
2024-01-01,SEMBAWANG,4 ROOM,366A,SEMBAWANG CRES,04 TO 06,93.0,Model A,2019,94 years 04 months,555000.0
2024-01-01,SEMBAWANG,4 ROOM,362A,SEMBAWANG CRES,04 TO 06,93.0,Model A,2019,94 years 05 months,545000.0
2024-01-01,SEMBAWANG,4 ROOM,363A,SEMBAWANG CRES,04 TO 06,93.0,Model A,2019,94 years 05 months,585000.0
2024-01-01,SEMBAWANG,4 ROOM,365B,SEMBAWANG CRES,13 TO 15,93.0,Model A,2019,94 years 04 months,590000.0
2024-01-01,SEMBAWANG,4 ROOM,365A,SEMBAWANG CRES,10 TO 12,93.0,Model A,2019,94 years 04 months,590000.0
2024-01-01,SEMBAWANG,4 ROOM,362A,SEMBAWANG CRES,04 TO 06,93.0,Model A,2019,94 years 05 months,570000.0
2024-01-01,SEMBAWANG,4 ROOM,365B,SEMBAWANG CRES,04 TO 06,93.0,Model A,2019,94 years 07 months,565000.0
2024-01-01,SEMBAWANG,4 ROOM,362B,SEMBAWANG CRES,04 TO 06,93.0,Model A,2019,94 years 04 months,573888.0
2024-01-01,SEMBAWANG,4 ROOM,365C,SEMBAWANG CRES,10 TO 12,93.0,Model A,2019,94 years 04 months,610000.0
2024-01-01,SEMBAWANG,4 ROOM,365C,SEMBAWANG CRES,04 TO 06,93.0,Model A,2019,94 years 04 months,565000.0
2024-01-01,SEMBAWANG,4 ROOM,314,SEMBAWANG DR,04 TO 06,91.0,Model A2,1999,74 years 02 months,459000.0
2024-01-01,SEMBAWANG,4 ROOM,463B,SEMBAWANG DR,10 TO 12,92.0,Model A,2015,90 years 05 months,530000.0
2024-01-01,SEMBAWANG,4 ROOM,466C,SEMBAWANG DR,07 TO 09,90.0,Premium Apartment,2006,81 years 02 months,495888.0
2024-01-01,SEMBAWANG,4 ROOM,470,SEMBAWANG DR,04 TO 06,91.0,Model A,2000,75 years 09 months,470000.0
2024-01-01,SEMBAWANG,4 ROOM,412,SEMBAWANG DR,01 TO 03,90.0,Model A,2001,76 years 04 months,444000.0
2024-01-01,SEMBAWANG,4 ROOM,314,SEMBAWANG DR,07 TO 09,90.0,Model A2,1999,74 years 01 month,465000.0
2024-01-01,SEMBAWANG,4 ROOM,501C,WELLINGTON CIRCLE,07 TO 09,91.0,Model A,2001,76 years 08 months,510000.0
2024-01-01,SEMBAWANG,4 ROOM,508B,WELLINGTON CIRCLE,01 TO 03,90.0,Model A,2004,79 years 08 months,455000.0
2024-01-01,SEMBAWANG,5 ROOM,468B,ADMIRALTY DR,01 TO 03,118.0,Premium Apartment,2001,76 years 05 months,550000.0
2024-01-01,SEMBAWANG,5 ROOM,467,ADMIRALTY DR,01 TO 03,118.0,Premium Apartment,2001,76 years 07 months,520000.0
2024-01-01,SEMBAWANG,5 ROOM,357,ADMIRALTY DR,04 TO 06,111.0,Premium Apartment,2001,76 years 06 months,595000.0
2024-01-01,SEMBAWANG,5 ROOM,359A,ADMIRALTY DR,13 TO 15,110.0,Premium Apartment,2001,76 years 09 months,600000.0
2024-01-01,SEMBAWANG,5 ROOM,467,ADMIRALTY DR,13 TO 15,115.0,Premium Apartment,2001,76 years 06 months,635000.0
2024-01-01,SEMBAWANG,5 ROOM,402,ADMIRALTY LINK,07 TO 09,110.0,Improved,2001,76 years 04 months,528000.0
2024-01-01,SEMBAWANG,5 ROOM,491,ADMIRALTY LINK,07 TO 09,110.0,Improved,2004,79 years 06 months,530000.0
2024-01-01,SEMBAWANG,5 ROOM,484,ADMIRALTY LINK,01 TO 03,110.0,Improved,2003,78 years 06 months,500000.0
2024-01-01,SEMBAWANG,5 ROOM,120D,CANBERRA CRES,01 TO 03,113.0,Improved,2018,93 years 02 months,688000.0
2024-01-01,SEMBAWANG,5 ROOM,421,CANBERRA RD,07 TO 09,110.0,Improved,2001,76 years 03 months,545000.0
2024-01-01,SEMBAWANG,5 ROOM,308,CANBERRA RD,04 TO 06,123.0,Improved,1998,74 years,618000.0
2024-01-01,SEMBAWANG,5 ROOM,420,CANBERRA RD,10 TO 12,110.0,Improved,2001,76 years 03 months,620000.0
2024-01-01,SEMBAWANG,5 ROOM,128A,CANBERRA ST,10 TO 12,113.0,Improved,2018,93 years 10 months,750000.0
2024-01-01,SEMBAWANG,5 ROOM,121D,CANBERRA ST,04 TO 06,113.0,Improved,2018,93 years 01 month,688000.0
2024-01-01,SEMBAWANG,5 ROOM,121A,CANBERRA ST,07 TO 09,113.0,Improved,2018,93 years 01 month,728888.0
2024-01-01,SEMBAWANG,5 ROOM,129A,CANBERRA ST,01 TO 03,113.0,Improved,2018,93 years 10 months,700000.0
2024-01-01,SEMBAWANG,5 ROOM,121A,CANBERRA ST,01 TO 03,113.0,Improved,2018,93 years 01 month,650000.0
2024-01-01,SEMBAWANG,5 ROOM,108A,CANBERRA WALK,04 TO 06,113.0,Improved,2018,93 years 05 months,710000.0
2024-01-01,SEMBAWANG,5 ROOM,108C,CANBERRA WALK,04 TO 06,113.0,Improved,2018,93 years 04 months,715000.0
2024-01-01,SEMBAWANG,5 ROOM,339B,SEMBAWANG CL,10 TO 12,110.0,Premium Apartment,2001,76 years 06 months,578000.0
2024-01-01,SEMBAWANG,5 ROOM,330,SEMBAWANG CL,07 TO 09,120.0,Improved,1999,74 years 07 months,640000.0
2024-01-01,SEMBAWANG,5 ROOM,340A,SEMBAWANG CL,04 TO 06,111.0,Premium Apartment,2001,76 years 06 months,560000.0
2024-01-01,SEMBAWANG,5 ROOM,327,SEMBAWANG CRES,10 TO 12,123.0,Improved,1999,74 years 05 months,618888.0
2024-01-01,SEMBAWANG,5 ROOM,336,SEMBAWANG CRES,13 TO 15,121.0,Improved,1999,74 years 07 months,620000.0
2024-01-01,SEMBAWANG,5 ROOM,466C,SEMBAWANG DR,16 TO 18,113.0,Premium Apartment,2006,81 years 03 months,590100.0
2024-01-01,SEMBAWANG,5 ROOM,480,SEMBAWANG DR,07 TO 09,110.0,Improved,2000,75 years 09 months,505000.0
2024-01-01,SEMBAWANG,5 ROOM,473,SEMBAWANG DR,04 TO 06,110.0,Improved,2000,75 years 10 months,525000.0
2024-01-01,SEMBAWANG,5 ROOM,501A,WELLINGTON CIRCLE,10 TO 12,110.0,Improved,2001,76 years 08 months,603000.0
2024-01-01,SEMBAWANG,5 ROOM,507A,WELLINGTON CIRCLE,10 TO 12,110.0,Improved,2001,77 years,578000.0
2024-01-01,SEMBAWANG,EXECUTIVE,468C,ADMIRALTY DR,07 TO 09,137.0,Premium Apartment,2001,76 years 05 months,620000.0
2024-01-01,SEMBAWANG,EXECUTIVE,468A,ADMIRALTY DR,07 TO 09,137.0,Premium Apartment,2001,76 years 05 months,671000.0
2024-01-01,SEMBAWANG,EXECUTIVE,469A,ADMIRALTY DR,10 TO 12,142.0,Premium Apartment,2001,76 years 08 months,670000.0
2024-01-01,SEMBAWANG,EXECUTIVE,354D,ADMIRALTY DR,07 TO 09,126.0,Apartment,2002,77 years 01 month,663800.0
2024-01-01,SEMBAWANG,EXECUTIVE,501D,WELLINGTON CIRCLE,07 TO 09,130.0,Apartment,2001,76 years 07 months,712888.0
2024-01-01,SENGKANG,2 ROOM,180A,RIVERVALE CRES,01 TO 03,47.0,Model A,2015,90 years 03 months,320000.0
2024-01-01,SENGKANG,2 ROOM,180B,RIVERVALE CRES,16 TO 18,47.0,Model A,2015,90 years 02 months,365000.0
2024-01-01,SENGKANG,2 ROOM,448B,SENGKANG WEST WAY,07 TO 09,46.0,Model A,2014,89 years 07 months,335000.0
2024-01-01,SENGKANG,3 ROOM,351B,ANCHORVALE RD,01 TO 03,67.0,Model A,2019,94 years 05 months,440000.0
2024-01-01,SENGKANG,3 ROOM,329A,ANCHORVALE ST,01 TO 03,67.0,Model A,2015,90 years 08 months,460000.0
2024-01-01,SENGKANG,3 ROOM,289A,COMPASSVALE CRES,04 TO 06,68.0,Premium Apartment,2017,92 years 11 months,433000.0
2024-01-01,SENGKANG,3 ROOM,209A,COMPASSVALE LANE,07 TO 09,67.0,Model A,2011,86 years 11 months,465000.0
2024-01-01,SENGKANG,3 ROOM,211B,COMPASSVALE LANE,13 TO 15,68.0,Model A,2013,88 years 01 month,475000.0
2024-01-01,SENGKANG,3 ROOM,211D,COMPASSVALE LANE,13 TO 15,68.0,Model A,2013,88 years 01 month,443000.0
2024-01-01,SENGKANG,3 ROOM,470B,FERNVALE LINK,25 TO 27,68.0,Model A,2016,91 years 09 months,488000.0
2024-01-01,SENGKANG,3 ROOM,430B,FERNVALE LINK,22 TO 24,67.0,Model A,2015,90 years 06 months,505888.0
2024-01-01,SENGKANG,3 ROOM,418A,FERNVALE LINK,13 TO 15,68.0,Model A,2018,93 years 07 months,488000.0
2024-01-01,SENGKANG,3 ROOM,441D,FERNVALE RD,16 TO 18,69.0,Model A,2012,87 years 02 months,510000.0
2024-01-01,SENGKANG,3 ROOM,453A,FERNVALE RD,13 TO 15,67.0,Model A,2015,90 years 06 months,475000.0
2024-01-01,SENGKANG,3 ROOM,453D,FERNVALE RD,13 TO 15,67.0,Model A,2015,90 years 06 months,476000.0
2024-01-01,SENGKANG,3 ROOM,436D,FERNVALE RD,01 TO 03,69.0,Model A,2010,85 years 02 months,435000.0
2024-01-01,SENGKANG,3 ROOM,447A,JLN KAYU,04 TO 06,67.0,Model A,2013,88 years 11 months,432888.0
2024-01-01,SENGKANG,3 ROOM,279C,SENGKANG EAST AVE,01 TO 03,67.0,Premium Apartment,2015,90 years 08 months,475000.0
2024-01-01,SENGKANG,3 ROOM,438A,SENGKANG WEST AVE,04 TO 06,69.0,Model A,2011,86 years 02 months,470000.0
2024-01-01,SENGKANG,3 ROOM,450B,SENGKANG WEST WAY,04 TO 06,67.0,Model A,2014,89 years 07 months,450000.0
2024-01-01,SENGKANG,3 ROOM,448A,SENGKANG WEST WAY,10 TO 12,67.0,Model A,2014,89 years 07 months,460000.0
2024-01-01,SENGKANG,3 ROOM,448A,SENGKANG WEST WAY,25 TO 27,67.0,Model A,2014,89 years 07 months,500000.0
2024-01-01,SENGKANG,3 ROOM,432A,SENGKANG WEST WAY,25 TO 27,67.0,Model A,2014,89 years 09 months,485000.0
2024-01-01,SENGKANG,4 ROOM,338B,ANCHORVALE CRES,07 TO 09,93.0,Model A,2018,93 years 05 months,578000.0
2024-01-01,SENGKANG,4 ROOM,338B,ANCHORVALE CRES,01 TO 03,93.0,Model A,2018,93 years 05 months,543000.0
2024-01-01,SENGKANG,4 ROOM,320A,ANCHORVALE DR,01 TO 03,85.0,Model A2,2002,77 years 09 months,510000.0
2024-01-01,SENGKANG,4 ROOM,306C,ANCHORVALE LINK,13 TO 15,90.0,Model A,2002,77 years 01 month,522000.0
2024-01-01,SENGKANG,4 ROOM,304A,ANCHORVALE LINK,04 TO 06,90.0,Model A,2002,77 years 01 month,485000.0
2024-01-01,SENGKANG,4 ROOM,305A,ANCHORVALE LINK,01 TO 03,90.0,Model A,2002,77 years 02 months,480000.0
2024-01-01,SENGKANG,4 ROOM,303B,ANCHORVALE LINK,07 TO 09,88.0,Model A2,2001,76 years 07 months,520000.0
2024-01-01,SENGKANG,4 ROOM,326A,ANCHORVALE RD,07 TO 09,92.0,Premium Apartment,2015,90 years 04 months,608000.0
2024-01-01,SENGKANG,4 ROOM,351A,ANCHORVALE RD,04 TO 06,92.0,Model A,2019,94 years 05 months,585000.0
2024-01-01,SENGKANG,4 ROOM,351D,ANCHORVALE RD,13 TO 15,92.0,Model A,2019,94 years 05 months,635888.0
2024-01-01,SENGKANG,4 ROOM,351A,ANCHORVALE RD,16 TO 18,92.0,Model A,2019,94 years 05 months,681788.0
2024-01-01,SENGKANG,4 ROOM,351A,ANCHORVALE RD,07 TO 09,92.0,Model A,2019,94 years 04 months,622000.0
2024-01-01,SENGKANG,4 ROOM,351A,ANCHORVALE RD,10 TO 12,92.0,Model A,2019,94 years 04 months,620000.0
2024-01-01,SENGKANG,4 ROOM,327C,ANCHORVALE RD,07 TO 09,92.0,Premium Apartment,2015,90 years 03 months,624000.0
2024-01-01,SENGKANG,4 ROOM,330B,ANCHORVALE ST,13 TO 15,92.0,Model A,2015,90 years 08 months,610000.0
2024-01-01,SENGKANG,4 ROOM,329A,ANCHORVALE ST,13 TO 15,92.0,Model A,2015,90 years 07 months,613000.0
2024-01-01,SENGKANG,4 ROOM,329B,ANCHORVALE ST,13 TO 15,93.0,Model A,2015,90 years 07 months,640000.0
2024-01-01,SENGKANG,4 ROOM,264C,COMPASSVALE BOW,10 TO 12,92.0,Premium Apartment,2008,83 years 05 months,690000.0
2024-01-01,SENGKANG,4 ROOM,264D,COMPASSVALE BOW,10 TO 12,92.0,Premium Apartment,2008,83 years 04 months,675000.0
2024-01-01,SENGKANG,4 ROOM,296B,COMPASSVALE CRES,13 TO 15,90.0,Model A,2002,77 years 01 month,510000.0
2024-01-01,SENGKANG,4 ROOM,288B,COMPASSVALE CRES,07 TO 09,93.0,Premium Apartment,2017,92 years 11 months,648888.0
2024-01-01,SENGKANG,4 ROOM,289A,COMPASSVALE CRES,04 TO 06,93.0,Premium Apartment,2017,92 years 11 months,582000.0
2024-01-01,SENGKANG,4 ROOM,293B,COMPASSVALE CRES,13 TO 15,93.0,Model A,2016,91 years 11 months,628000.0
2024-01-01,SENGKANG,4 ROOM,293B,COMPASSVALE CRES,04 TO 06,93.0,Model A,2016,91 years 11 months,620888.0
2024-01-01,SENGKANG,4 ROOM,295B,COMPASSVALE CRES,07 TO 09,90.0,Model A,2002,77 years 03 months,505000.0
2024-01-01,SENGKANG,4 ROOM,289A,COMPASSVALE CRES,10 TO 12,93.0,Premium Apartment,2017,92 years 11 months,620000.0
2024-01-01,SENGKANG,4 ROOM,289B,COMPASSVALE CRES,04 TO 06,93.0,Premium Apartment,2017,93 years,580000.0
2024-01-01,SENGKANG,4 ROOM,286B,COMPASSVALE CRES,07 TO 09,93.0,Premium Apartment,2017,92 years 10 months,628000.0
2024-01-01,SENGKANG,4 ROOM,217C,COMPASSVALE DR,01 TO 03,92.0,Premium Apartment,2017,92 years 05 months,650000.0
2024-01-01,SENGKANG,4 ROOM,212A,COMPASSVALE DR,01 TO 03,95.0,Premium Apartment,2012,87 years 10 months,580000.0
2024-01-01,SENGKANG,4 ROOM,227C,COMPASSVALE DR,10 TO 12,101.0,Model A,2000,75 years,538000.0
2024-01-01,SENGKANG,4 ROOM,216B,COMPASSVALE DR,01 TO 03,92.0,Premium Apartment,2017,92 years 04 months,650000.0
2024-01-01,SENGKANG,4 ROOM,211D,COMPASSVALE LANE,10 TO 12,93.0,Model A,2013,88 years 02 months,600000.0
2024-01-01,SENGKANG,4 ROOM,211A,COMPASSVALE LANE,01 TO 03,93.0,Model A,2013,88 years 01 month,490000.0
2024-01-01,SENGKANG,4 ROOM,207A,COMPASSVALE LANE,07 TO 09,92.0,Model A,2005,80 years 02 months,538000.0
2024-01-01,SENGKANG,4 ROOM,211A,COMPASSVALE LANE,04 TO 06,93.0,Model A,2013,88 years 02 months,580000.0
2024-01-01,SENGKANG,4 ROOM,211A,COMPASSVALE LANE,10 TO 12,93.0,Model A,2013,88 years 01 month,608088.0
2024-01-01,SENGKANG,4 ROOM,273A,COMPASSVALE LINK,10 TO 12,90.0,Premium Apartment,2009,84 years 08 months,756800.0
2024-01-01,SENGKANG,4 ROOM,268A,COMPASSVALE LINK,16 TO 18,90.0,Premium Apartment,2006,81 years 01 month,661000.0
2024-01-01,SENGKANG,4 ROOM,259B,COMPASSVALE RD,01 TO 03,90.0,Model A2,2001,76 years 01 month,545000.0
2024-01-01,SENGKANG,4 ROOM,258B,COMPASSVALE RD,01 TO 03,92.0,Model A,2001,76 years 01 month,525000.0
2024-01-01,SENGKANG,4 ROOM,259B,COMPASSVALE RD,01 TO 03,85.0,Model A2,2001,76 years 01 month,505000.0
2024-01-01,SENGKANG,4 ROOM,291D,COMPASSVALE ST,01 TO 03,90.0,Model A,2001,76 years 10 months,485000.0
2024-01-01,SENGKANG,4 ROOM,298A,COMPASSVALE ST,04 TO 06,94.0,Premium Apartment,2001,76 years 09 months,493000.0
2024-01-01,SENGKANG,4 ROOM,297A,COMPASSVALE ST,04 TO 06,94.0,Premium Apartment,2001,76 years 08 months,505000.0
2024-01-01,SENGKANG,4 ROOM,231,COMPASSVALE WALK,04 TO 06,101.0,Model A,1999,74 years 09 months,509000.0
2024-01-01,SENGKANG,4 ROOM,467A,FERNVALE LINK,25 TO 27,93.0,Model A,2016,91 years 08 months,615000.0
2024-01-01,SENGKANG,4 ROOM,418C,FERNVALE LINK,04 TO 06,94.0,Model A,2018,93 years 07 months,630000.0
2024-01-01,SENGKANG,4 ROOM,416C,FERNVALE LINK,10 TO 12,93.0,Model A,2016,91 years,605000.0
2024-01-01,SENGKANG,4 ROOM,409B,FERNVALE RD,07 TO 09,95.0,Premium Apartment,2004,80 years 01 month,543000.0
2024-01-01,SENGKANG,4 ROOM,411B,FERNVALE RD,19 TO 21,96.0,Premium Apartment,2012,87 years 11 months,598000.0
2024-01-01,SENGKANG,4 ROOM,445A,FERNVALE RD,22 TO 24,95.0,Model A,2012,87 years 11 months,630000.0
2024-01-01,SENGKANG,4 ROOM,441D,FERNVALE RD,01 TO 03,93.0,Model A,2012,87 years 02 months,532000.0
2024-01-01,SENGKANG,4 ROOM,443C,FERNVALE RD,25 TO 27,95.0,Model A,2012,87 years 11 months,620000.0
2024-01-01,SENGKANG,4 ROOM,441C,FERNVALE RD,07 TO 09,93.0,Model A,2012,87 years 02 months,592000.0
2024-01-01,SENGKANG,4 ROOM,441B,FERNVALE RD,16 TO 18,92.0,Model A,2012,87 years 02 months,608888.0
2024-01-01,SENGKANG,4 ROOM,436A,FERNVALE RD,19 TO 21,96.0,Model A,2010,85 years 03 months,625000.0
2024-01-01,SENGKANG,4 ROOM,406A,FERNVALE RD,01 TO 03,91.0,Premium Apartment,2004,79 years 11 months,500000.0
2024-01-01,SENGKANG,4 ROOM,435A,FERNVALE RD,01 TO 03,94.0,Premium Apartment,2013,88 years 05 months,525000.0
2024-01-01,SENGKANG,4 ROOM,407A,FERNVALE RD,10 TO 12,90.0,Premium Apartment,2005,80 years 01 month,498000.0
2024-01-01,SENGKANG,4 ROOM,410C,FERNVALE RD,04 TO 06,95.0,Premium Apartment,2012,87 years 10 months,585000.0
2024-01-01,SENGKANG,4 ROOM,472C,FERNVALE ST,22 TO 24,93.0,Model A,2016,91 years 09 months,645000.0
2024-01-01,SENGKANG,4 ROOM,471A,FERNVALE ST,25 TO 27,93.0,Model A,2016,91 years 09 months,605000.0
2024-01-01,SENGKANG,4 ROOM,142,RIVERVALE CRES,07 TO 09,100.0,Model A,1999,74 years 11 months,530000.0
2024-01-01,SENGKANG,4 ROOM,178D,RIVERVALE CRES,16 TO 18,93.0,Model A,2015,90 years 03 months,535000.0
2024-01-01,SENGKANG,4 ROOM,164C,RIVERVALE CRES,10 TO 12,93.0,Model A,2017,92 years 05 months,575000.0
2024-01-01,SENGKANG,4 ROOM,163A,RIVERVALE CRES,13 TO 15,93.0,Model A,2017,92 years 05 months,570000.0
2024-01-01,SENGKANG,4 ROOM,180C,RIVERVALE CRES,13 TO 15,93.0,Model A,2015,90 years 03 months,546000.0
2024-01-01,SENGKANG,4 ROOM,162B,RIVERVALE CRES,07 TO 09,93.0,Model A,2017,92 years 05 months,588000.0
2024-01-01,SENGKANG,4 ROOM,180C,RIVERVALE CRES,04 TO 06,93.0,Model A,2015,90 years 03 months,528000.0
2024-01-01,SENGKANG,4 ROOM,185D,RIVERVALE CRES,13 TO 15,91.0,Model A2,2000,76 years,522888.0
2024-01-01,SENGKANG,4 ROOM,158B,RIVERVALE CRES,01 TO 03,91.0,Premium Apartment,2003,78 years 11 months,508000.0
2024-01-01,SENGKANG,4 ROOM,158B,RIVERVALE CRES,10 TO 12,94.0,Premium Apartment,2003,78 years 11 months,525000.0
2024-01-01,SENGKANG,4 ROOM,178A,RIVERVALE CRES,04 TO 06,93.0,Model A,2015,90 years 02 months,570888.0
2024-01-01,SENGKANG,4 ROOM,156,RIVERVALE CRES,13 TO 15,91.0,Model A,2005,81 years,530000.0
2024-01-01,SENGKANG,4 ROOM,178B,RIVERVALE CRES,07 TO 09,93.0,Model A,2015,90 years 02 months,538000.0
2024-01-01,SENGKANG,4 ROOM,156,RIVERVALE CRES,01 TO 03,90.0,Model A,2005,81 years,500000.0
2024-01-01,SENGKANG,4 ROOM,185D,RIVERVALE CRES,01 TO 03,87.0,Model A2,2000,75 years 11 months,465888.0
2024-01-01,SENGKANG,4 ROOM,163B,RIVERVALE CRES,01 TO 03,93.0,Model A,2017,92 years 04 months,526000.0
2024-01-01,SENGKANG,4 ROOM,163C,RIVERVALE CRES,13 TO 15,93.0,Model A,2017,92 years 04 months,599888.0
2024-01-01,SENGKANG,4 ROOM,121B,RIVERVALE DR,01 TO 03,89.0,Model A,2000,75 years 07 months,455000.0
2024-01-01,SENGKANG,4 ROOM,119A,RIVERVALE DR,13 TO 15,102.0,Premium Apartment,2001,76 years 03 months,566000.0
2024-01-01,SENGKANG,4 ROOM,190B,RIVERVALE DR,01 TO 03,95.0,Model A,2000,75 years 05 months,475000.0
2024-01-01,SENGKANG,4 ROOM,186C,RIVERVALE DR,04 TO 06,90.0,Model A,2001,76 years 01 month,510000.0
2024-01-01,SENGKANG,4 ROOM,130,RIVERVALE ST,13 TO 15,100.0,Model A,1999,74 years 03 months,523888.0
2024-01-01,SENGKANG,4 ROOM,271B,SENGKANG CTRL,10 TO 12,93.0,Premium Apartment,2010,85 years 05 months,740288.0
2024-01-01,SENGKANG,4 ROOM,272A,SENGKANG CTRL,10 TO 12,90.0,Premium Apartment,2009,85 years,720000.0
2024-01-01,SENGKANG,4 ROOM,272D,SENGKANG CTRL,04 TO 06,90.0,Premium Apartment,2009,85 years,720000.0
2024-01-01,SENGKANG,4 ROOM,272B,SENGKANG CTRL,04 TO 06,90.0,Premium Apartment,2009,85 years,720000.0
2024-01-01,SENGKANG,4 ROOM,271C,SENGKANG CTRL,01 TO 03,93.0,Premium Apartment,2010,85 years 05 months,580000.0
2024-01-01,SENGKANG,4 ROOM,272A,SENGKANG CTRL,13 TO 15,90.0,Premium Apartment,2009,85 years,808888.0
2024-01-01,SENGKANG,4 ROOM,282A,SENGKANG EAST AVE,13 TO 15,92.0,Premium Apartment,2015,90 years 08 months,775000.0
2024-01-01,SENGKANG,4 ROOM,280B,SENGKANG EAST AVE,13 TO 15,92.0,Premium Apartment,2015,90 years 07 months,765000.0
2024-01-01,SENGKANG,4 ROOM,324A,SENGKANG EAST WAY,07 TO 09,85.0,Model A2,2003,78 years 03 months,573000.0
2024-01-01,SENGKANG,4 ROOM,121D,SENGKANG EAST WAY,10 TO 12,90.0,Model A,2000,75 years 09 months,499000.0
2024-01-01,SENGKANG,4 ROOM,260D,SENGKANG EAST WAY,04 TO 06,90.0,Model A,2001,76 years 04 months,540000.0
2024-01-01,SENGKANG,4 ROOM,323B,SENGKANG EAST WAY,10 TO 12,90.0,Model A,2002,77 years 05 months,579000.0
2024-01-01,SENGKANG,4 ROOM,438A,SENGKANG WEST AVE,13 TO 15,94.0,Model A,2011,86 years 02 months,620000.0
2024-01-01,SENGKANG,4 ROOM,452B,SENGKANG WEST WAY,10 TO 12,92.0,Model A,2015,90 years 05 months,570000.0
2024-01-01,SENGKANG,4 ROOM,448A,SENGKANG WEST WAY,04 TO 06,92.0,Model A,2014,89 years 07 months,540000.0
2024-01-01,SENGKANG,4 ROOM,452A,SENGKANG WEST WAY,16 TO 18,92.0,Model A,2015,90 years 05 months,608888.0
2024-01-01,SENGKANG,4 ROOM,432B,SENGKANG WEST WAY,13 TO 15,93.0,Model A,2014,89 years 10 months,608000.0
2024-01-01,SENGKANG,4 ROOM,452B,SENGKANG WEST WAY,19 TO 21,92.0,Model A,2015,90 years 04 months,590000.0
2024-01-01,SENGKANG,4 ROOM,451A,SENGKANG WEST WAY,16 TO 18,92.0,Model A,2015,90 years 05 months,570000.0
2024-01-01,SENGKANG,5 ROOM,338D,ANCHORVALE CRES,01 TO 03,113.0,Improved,2018,93 years 05 months,720000.0
2024-01-01,SENGKANG,5 ROOM,335A,ANCHORVALE CRES,04 TO 06,111.0,Premium Apartment,2015,91 years,710000.0
2024-01-01,SENGKANG,5 ROOM,335A,ANCHORVALE CRES,10 TO 12,111.0,Premium Apartment,2015,91 years,748000.0
2024-01-01,SENGKANG,5 ROOM,335A,ANCHORVALE CRES,01 TO 03,111.0,Premium Apartment,2015,91 years,698000.0
2024-01-01,SENGKANG,5 ROOM,320B,ANCHORVALE DR,01 TO 03,110.0,Improved,2002,77 years 08 months,580000.0
2024-01-01,SENGKANG,5 ROOM,321B,ANCHORVALE DR,04 TO 06,110.0,Improved,2002,77 years 02 months,645000.0
2024-01-01,SENGKANG,5 ROOM,301A,ANCHORVALE DR,10 TO 12,110.0,Improved,2001,76 years 07 months,605000.0
2024-01-01,SENGKANG,5 ROOM,311A,ANCHORVALE LANE,04 TO 06,111.0,Premium Apartment,2002,77 years 09 months,548000.0
2024-01-01,SENGKANG,5 ROOM,312B,ANCHORVALE LANE,07 TO 09,111.0,Premium Apartment,2002,77 years 11 months,590000.0
2024-01-01,SENGKANG,5 ROOM,305C,ANCHORVALE LINK,07 TO 09,110.0,Improved,2001,76 years 11 months,620000.0
2024-01-01,SENGKANG,5 ROOM,314B,ANCHORVALE LINK,04 TO 06,110.0,Premium Apartment,2003,78 years 09 months,550000.0
2024-01-01,SENGKANG,5 ROOM,317A,ANCHORVALE RD,10 TO 12,110.0,Premium Apartment,2003,78 years 06 months,585000.0
2024-01-01,SENGKANG,5 ROOM,307A,ANCHORVALE RD,16 TO 18,110.0,Improved,2001,76 years 09 months,620000.0
2024-01-01,SENGKANG,5 ROOM,278B,COMPASSVALE BOW,04 TO 06,113.0,Improved,2017,92 years 10 months,818888.0
2024-01-01,SENGKANG,5 ROOM,293C,COMPASSVALE CRES,01 TO 03,113.0,Improved,2016,91 years 11 months,695000.0
2024-01-01,SENGKANG,5 ROOM,295C,COMPASSVALE CRES,07 TO 09,110.0,Improved,2002,77 years 03 months,560000.0
2024-01-01,SENGKANG,5 ROOM,294A,COMPASSVALE CRES,04 TO 06,113.0,Improved,2016,91 years 11 months,735000.0
2024-01-01,SENGKANG,5 ROOM,293A,COMPASSVALE CRES,07 TO 09,113.0,Improved,2016,91 years 11 months,746000.0
2024-01-01,SENGKANG,5 ROOM,289B,COMPASSVALE CRES,01 TO 03,113.0,Premium Apartment,2017,92 years 11 months,690000.0
2024-01-01,SENGKANG,5 ROOM,293B,COMPASSVALE CRES,13 TO 15,113.0,Improved,2016,91 years 11 months,772000.0
2024-01-01,SENGKANG,5 ROOM,286B,COMPASSVALE CRES,01 TO 03,113.0,Premium Apartment,2017,92 years 10 months,720000.0
2024-01-01,SENGKANG,5 ROOM,216A,COMPASSVALE DR,10 TO 12,112.0,Premium Apartment,2017,92 years 05 months,948000.0
2024-01-01,SENGKANG,5 ROOM,216B,COMPASSVALE DR,16 TO 18,112.0,Premium Apartment,2017,92 years 04 months,963000.0
2024-01-01,SENGKANG,5 ROOM,206C,COMPASSVALE LANE,13 TO 15,122.0,Improved,1999,74 years 10 months,628000.0
2024-01-01,SENGKANG,5 ROOM,206B,COMPASSVALE LANE,10 TO 12,122.0,Improved,1999,74 years 08 months,630000.0
2024-01-01,SENGKANG,5 ROOM,206B,COMPASSVALE LANE,07 TO 09,122.0,Improved,1999,74 years 06 months,632000.0
2024-01-01,SENGKANG,5 ROOM,205C,COMPASSVALE LANE,13 TO 15,123.0,Improved,1999,74 years 05 months,675000.0
2024-01-01,SENGKANG,5 ROOM,206D,COMPASSVALE LANE,13 TO 15,122.0,Improved,1999,74 years 08 months,655000.0
2024-01-01,SENGKANG,5 ROOM,268C,COMPASSVALE LINK,13 TO 15,111.0,Premium Apartment,2006,81 years 01 month,725000.0
2024-01-01,SENGKANG,5 ROOM,269A,COMPASSVALE LINK,10 TO 12,111.0,Premium Apartment,2006,81 years 01 month,710000.0
2024-01-01,SENGKANG,5 ROOM,257C,COMPASSVALE RD,13 TO 15,110.0,Improved,2001,76 years 02 months,733000.0
2024-01-01,SENGKANG,5 ROOM,258A,COMPASSVALE RD,13 TO 15,110.0,Improved,2001,76 years 03 months,690000.0
2024-01-01,SENGKANG,5 ROOM,203A,COMPASSVALE RD,10 TO 12,110.0,Improved,2000,76 years 01 month,608000.0
2024-01-01,SENGKANG,5 ROOM,257C,COMPASSVALE RD,13 TO 15,110.0,Improved,2001,76 years 01 month,680000.0
2024-01-01,SENGKANG,5 ROOM,291A,COMPASSVALE ST,01 TO 03,110.0,Improved,2001,76 years 07 months,565000.0
2024-01-01,SENGKANG,5 ROOM,297A,COMPASSVALE ST,07 TO 09,115.0,Premium Apartment,2001,76 years 08 months,595000.0
2024-01-01,SENGKANG,5 ROOM,262A,COMPASSVALE ST,04 TO 06,110.0,Improved,2001,76 years 05 months,575000.0
2024-01-01,SENGKANG,5 ROOM,292A,COMPASSVALE ST,01 TO 03,110.0,Improved,2002,77 years 01 month,568000.0
2024-01-01,SENGKANG,5 ROOM,291D,COMPASSVALE ST,13 TO 15,110.0,Improved,2001,76 years 09 months,600000.0
2024-01-01,SENGKANG,5 ROOM,298D,COMPASSVALE ST,13 TO 15,115.0,Premium Apartment,2001,76 years 08 months,612000.0
2024-01-01,SENGKANG,5 ROOM,298C,COMPASSVALE ST,04 TO 06,114.0,Premium Apartment,2001,76 years 08 months,580000.0
2024-01-01,SENGKANG,5 ROOM,298C,COMPASSVALE ST,04 TO 06,115.0,Premium Apartment,2001,76 years 07 months,565000.0
2024-01-01,SENGKANG,5 ROOM,238,COMPASSVALE WALK,07 TO 09,116.0,Improved,1999,74 years 11 months,680000.0
2024-01-01,SENGKANG,5 ROOM,224D,COMPASSVALE WALK,07 TO 09,122.0,Improved,1999,74 years 01 month,665000.0
2024-01-01,SENGKANG,5 ROOM,224B,COMPASSVALE WALK,07 TO 09,121.0,Improved,1999,74 years 04 months,650000.0
2024-01-01,SENGKANG,5 ROOM,413B,FERNVALE LINK,04 TO 06,114.0,Premium Apartment,2004,79 years 02 months,610000.0
2024-01-01,SENGKANG,5 ROOM,415C,FERNVALE LINK,04 TO 06,112.0,Improved,2016,91 years,735000.0
2024-01-01,SENGKANG,5 ROOM,408A,FERNVALE RD,19 TO 21,115.0,Premium Apartment,2004,80 years,680000.0
2024-01-01,SENGKANG,5 ROOM,407B,FERNVALE RD,22 TO 24,110.0,Premium Apartment,2005,80 years 01 month,650000.0
2024-01-01,SENGKANG,5 ROOM,409B,FERNVALE RD,07 TO 09,115.0,Premium Apartment,2004,79 years 11 months,660000.0
2024-01-01,SENGKANG,5 ROOM,185A,RIVERVALE CRES,01 TO 03,109.0,Improved,2000,76 years,545000.0
2024-01-01,SENGKANG,5 ROOM,164C,RIVERVALE CRES,07 TO 09,113.0,Improved,2017,92 years 05 months,688000.0
2024-01-01,SENGKANG,5 ROOM,183B,RIVERVALE CRES,04 TO 06,110.0,Improved,2003,78 years 05 months,545000.0
2024-01-01,SENGKANG,5 ROOM,185A,RIVERVALE CRES,04 TO 06,109.0,Improved,2000,76 years,535000.0
2024-01-01,SENGKANG,5 ROOM,183C,RIVERVALE CRES,10 TO 12,110.0,Improved,2003,78 years 05 months,565000.0
2024-01-01,SENGKANG,5 ROOM,162A,RIVERVALE CRES,07 TO 09,113.0,Improved,2017,92 years 05 months,685000.0
2024-01-01,SENGKANG,5 ROOM,121,RIVERVALE DR,13 TO 15,110.0,Improved,2000,75 years 08 months,581800.0
2024-01-01,SENGKANG,5 ROOM,123A,RIVERVALE DR,04 TO 06,115.0,Improved,1999,74 years 09 months,593000.0
2024-01-01,SENGKANG,5 ROOM,196,RIVERVALE DR,16 TO 18,111.0,Improved,2001,76 years 04 months,630000.0
2024-01-01,SENGKANG,5 ROOM,193,RIVERVALE DR,10 TO 12,111.0,Improved,2001,76 years 03 months,575000.0
2024-01-01,SENGKANG,5 ROOM,187B,RIVERVALE DR,07 TO 09,110.0,Improved,2000,76 years,560000.0
2024-01-01,SENGKANG,5 ROOM,117B,RIVERVALE DR,01 TO 03,114.0,Improved,2000,75 years 06 months,538000.0
2024-01-01,SENGKANG,5 ROOM,133,RIVERVALE ST,01 TO 03,121.0,Improved,1999,74 years 02 months,598000.0
2024-01-01,SENGKANG,5 ROOM,134,RIVERVALE ST,01 TO 03,121.0,Improved,1999,74 years 02 months,552000.0
2024-01-01,SENGKANG,5 ROOM,280B,SENGKANG EAST AVE,07 TO 09,112.0,Premium Apartment,2015,90 years 07 months,870000.0
2024-01-01,SENGKANG,5 ROOM,200B,SENGKANG EAST RD,07 TO 09,110.0,Improved,2001,76 years 05 months,605000.0
2024-01-01,SENGKANG,5 ROOM,202C,SENGKANG EAST RD,10 TO 12,110.0,Improved,2001,76 years 06 months,680888.0
2024-01-01,SENGKANG,5 ROOM,121D,SENGKANG EAST WAY,01 TO 03,110.0,Improved,2000,75 years 09 months,538000.0
2024-01-01,SENGKANG,5 ROOM,261B,SENGKANG EAST WAY,10 TO 12,110.0,Improved,2000,75 years 10 months,700000.0
2024-01-01,SENGKANG,5 ROOM,469A,SENGKANG WEST WAY,04 TO 06,113.0,Improved,2016,91 years 09 months,670000.0
2024-01-01,SENGKANG,EXECUTIVE,306B,ANCHORVALE LINK,01 TO 03,125.0,Apartment,2001,77 years,698000.0
2024-01-01,SENGKANG,EXECUTIVE,302D,ANCHORVALE LINK,07 TO 09,130.0,Apartment,2001,76 years 11 months,738000.0
2024-01-01,SENGKANG,EXECUTIVE,315C,ANCHORVALE RD,10 TO 12,125.0,Premium Apartment,2003,78 years 07 months,780000.0
2024-01-01,SENGKANG,EXECUTIVE,204D,COMPASSVALE DR,13 TO 15,130.0,Apartment,2001,76 years 01 month,790000.0
2024-01-01,SENGKANG,EXECUTIVE,298B,COMPASSVALE ST,10 TO 12,134.0,Premium Apartment,2001,76 years 08 months,775000.0
2024-01-01,SENGKANG,EXECUTIVE,250A,COMPASSVALE ST,13 TO 15,131.0,Apartment,2000,75 years 08 months,775000.0
2024-01-01,SENGKANG,EXECUTIVE,299A,COMPASSVALE ST,16 TO 18,134.0,Premium Apartment,2001,76 years 08 months,761888.0
2024-01-01,SENGKANG,EXECUTIVE,250B,COMPASSVALE ST,07 TO 09,131.0,Apartment,2000,75 years 06 months,770000.0
2024-01-01,SENGKANG,EXECUTIVE,147,RIVERVALE CRES,16 TO 18,135.0,Apartment,1999,74 years 09 months,785000.0
2024-01-01,SENGKANG,EXECUTIVE,136,RIVERVALE ST,04 TO 06,142.0,Apartment,1998,74 years,791000.0
2024-01-01,SENGKANG,EXECUTIVE,137,RIVERVALE ST,10 TO 12,141.0,Apartment,1998,74 years,800000.0
2024-01-01,SENGKANG,EXECUTIVE,103,RIVERVALE WALK,07 TO 09,142.0,Apartment,1999,74 years 03 months,880000.0
2024-01-01,SENGKANG,EXECUTIVE,202B,SENGKANG EAST RD,07 TO 09,130.0,Apartment,2001,76 years 06 months,758000.0
2024-01-01,SENGKANG,EXECUTIVE,202B,SENGKANG EAST RD,13 TO 15,130.0,Apartment,2001,76 years 06 months,770000.0
2024-01-01,SENGKANG,EXECUTIVE,202B,SENGKANG EAST RD,07 TO 09,130.0,Apartment,2001,76 years 04 months,770000.0
2024-01-01,SERANGOON,3 ROOM,5,LOR LEW LIAN,10 TO 12,73.0,Improved,1978,53 years 05 months,465000.0
2024-01-01,SERANGOON,3 ROOM,4,LOR LEW LIAN,10 TO 12,73.0,Improved,1978,53 years 04 months,473000.0
2024-01-01,SERANGOON,3 ROOM,305,SERANGOON AVE 2,04 TO 06,60.0,Improved,1985,60 years 04 months,395000.0
2024-01-01,SERANGOON,3 ROOM,305,SERANGOON AVE 2,10 TO 12,60.0,Improved,1985,60 years 03 months,360000.0
2024-01-01,SERANGOON,3 ROOM,230,SERANGOON AVE 4,10 TO 12,67.0,New Generation,1985,60 years 02 months,460000.0
2024-01-01,SERANGOON,3 ROOM,218,SERANGOON AVE 4,04 TO 06,67.0,New Generation,1985,60 years 01 month,400000.0
2024-01-01,SERANGOON,3 ROOM,203,SERANGOON CTRL,01 TO 03,64.0,Simplified,1986,61 years 01 month,448888.0
2024-01-01,SERANGOON,3 ROOM,115,SERANGOON NTH AVE 1,04 TO 06,81.0,New Generation,1985,60 years 03 months,430000.0
2024-01-01,SERANGOON,3 ROOM,108,SERANGOON NTH AVE 1,01 TO 03,60.0,Improved,1985,60 years 02 months,370000.0
2024-01-01,SERANGOON,3 ROOM,154,SERANGOON NTH AVE 1,04 TO 06,64.0,Simplified,1986,61 years 06 months,368888.0
2024-01-01,SERANGOON,4 ROOM,315,SERANGOON AVE 2,07 TO 09,103.0,New Generation,1985,60 years 05 months,690000.0
2024-01-01,SERANGOON,4 ROOM,309,SERANGOON AVE 2,07 TO 09,93.0,New Generation,1985,60 years 04 months,599000.0
2024-01-01,SERANGOON,4 ROOM,328,SERANGOON AVE 3,04 TO 06,104.0,Model A,1986,61 years 05 months,800000.0
2024-01-01,SERANGOON,4 ROOM,237,SERANGOON AVE 3,10 TO 12,89.0,Simplified,1985,60 years 11 months,738888.0
2024-01-01,SERANGOON,4 ROOM,335,SERANGOON AVE 3,04 TO 06,84.0,Simplified,1986,61 years 04 months,630000.0
2024-01-01,SERANGOON,4 ROOM,224,SERANGOON AVE 4,13 TO 15,91.0,New Generation,1984,59 years 07 months,618000.0
2024-01-01,SERANGOON,4 ROOM,219,SERANGOON AVE 4,04 TO 06,91.0,New Generation,1984,60 years,540000.0
2024-01-01,SERANGOON,4 ROOM,209,SERANGOON CTRL,01 TO 03,83.0,Simplified,1985,60 years 10 months,545000.0
2024-01-01,SERANGOON,4 ROOM,204,SERANGOON CTRL,01 TO 03,84.0,Simplified,1985,60 years 10 months,642000.0
2024-01-01,SERANGOON,4 ROOM,422,SERANGOON CTRL,10 TO 12,113.0,Model A,1989,64 years 03 months,843000.0
2024-01-01,SERANGOON,4 ROOM,143,SERANGOON NTH AVE 1,10 TO 12,83.0,Simplified,1987,62 years 09 months,495000.0
2024-01-01,SERANGOON,4 ROOM,549,SERANGOON NTH AVE 3,13 TO 15,100.0,Model A,1997,72 years 11 months,565000.0
2024-01-01,SERANGOON,4 ROOM,545,SERANGOON NTH AVE 3,04 TO 06,100.0,Model A,1997,72 years 08 months,530000.0
2024-01-01,SERANGOON,4 ROOM,524,SERANGOON NTH AVE 4,10 TO 12,104.0,Model A,1992,67 years 10 months,565000.0
2024-01-01,SERANGOON,5 ROOM,401,SERANGOON AVE 1,04 TO 06,121.0,Improved,1989,64 years 03 months,862000.0
2024-01-01,SERANGOON,5 ROOM,425,SERANGOON AVE 1,07 TO 09,123.0,Improved,1989,64 years 06 months,921000.0
2024-01-01,SERANGOON,5 ROOM,329,SERANGOON AVE 3,07 TO 09,122.0,Improved,1986,61 years 07 months,845000.0
2024-01-01,SERANGOON,5 ROOM,329,SERANGOON AVE 3,10 TO 12,122.0,Improved,1986,61 years 07 months,888000.0
2024-01-01,SERANGOON,5 ROOM,216,SERANGOON AVE 4,01 TO 03,121.0,Improved,1985,60 years 07 months,670000.0
2024-01-01,SERANGOON,5 ROOM,213,SERANGOON AVE 4,13 TO 15,125.0,Improved,1985,60 years 01 month,790000.0
2024-01-01,SERANGOON,5 ROOM,202,SERANGOON CTRL,07 TO 09,122.0,Improved,1985,61 years,890000.0
2024-01-01,SERANGOON,5 ROOM,410,SERANGOON CTRL,04 TO 06,121.0,Improved,1989,64 years 02 months,880000.0
2024-01-01,SERANGOON,5 ROOM,202,SERANGOON CTRL,10 TO 12,122.0,Improved,1985,61 years,880000.0
2024-01-01,SERANGOON,5 ROOM,257,SERANGOON CTRL DR,07 TO 09,115.0,Improved,1999,74 years 04 months,950000.0
2024-01-01,SERANGOON,5 ROOM,547,SERANGOON NTH AVE 3,01 TO 03,121.0,Improved,1997,72 years 10 months,618000.0
2024-01-01,SERANGOON,5 ROOM,505,SERANGOON NTH AVE 4,10 TO 12,124.0,Improved,1992,67 years 10 months,710000.0
2024-01-01,SERANGOON,EXECUTIVE,317,SERANGOON AVE 2,01 TO 03,156.0,Maisonette,1985,60 years 06 months,980000.0
2024-01-01,SERANGOON,EXECUTIVE,318,SERANGOON AVE 2,01 TO 03,156.0,Maisonette,1985,60 years 06 months,1000000.0
2024-01-01,SERANGOON,EXECUTIVE,234A,SERANGOON AVE 2,07 TO 09,141.0,Apartment,1998,73 years 06 months,1035000.0
2024-01-01,SERANGOON,EXECUTIVE,321,SERANGOON AVE 2,07 TO 09,146.0,Maisonette,1986,61 years,1180000.0
2024-01-01,TAMPINES,2 ROOM,299A,TAMPINES ST 22,07 TO 09,45.0,Model A,2012,87 years 03 months,340000.0
2024-01-01,TAMPINES,2 ROOM,299A,TAMPINES ST 22,04 TO 06,45.0,Model A,2012,87 years 02 months,328000.0
2024-01-01,TAMPINES,3 ROOM,890C,TAMPINES AVE 1,07 TO 09,69.0,Model A,2015,90 years 09 months,529000.0
2024-01-01,TAMPINES,3 ROOM,890C,TAMPINES AVE 1,13 TO 15,69.0,Model A,2015,90 years 10 months,545000.0
2024-01-01,TAMPINES,3 ROOM,808,TAMPINES AVE 4,07 TO 09,73.0,Model A,1984,59 years 04 months,440000.0
2024-01-01,TAMPINES,3 ROOM,522A,TAMPINES CTRL 7,01 TO 03,67.0,Model A,2015,90 years 08 months,500000.0
2024-01-01,TAMPINES,3 ROOM,110,TAMPINES ST 11,10 TO 12,74.0,Model A,1984,59 years 03 months,435000.0
2024-01-01,TAMPINES,3 ROOM,102,TAMPINES ST 11,01 TO 03,75.0,Model A,1983,58 years 11 months,410000.0
2024-01-01,TAMPINES,3 ROOM,109,TAMPINES ST 11,10 TO 12,74.0,Model A,1984,59 years 09 months,400000.0
2024-01-01,TAMPINES,3 ROOM,145,TAMPINES ST 12,04 TO 06,74.0,Model A,1984,60 years 01 month,438000.0
2024-01-01,TAMPINES,3 ROOM,164,TAMPINES ST 12,01 TO 03,74.0,Model A,1984,59 years 11 months,430000.0
2024-01-01,TAMPINES,3 ROOM,249,TAMPINES ST 21,07 TO 09,79.0,Model A,1984,59 years 09 months,456888.0
2024-01-01,TAMPINES,3 ROOM,201B,TAMPINES ST 21,04 TO 06,82.0,New Generation,1987,62 years 11 months,485000.0
2024-01-01,TAMPINES,3 ROOM,240,TAMPINES ST 21,01 TO 03,74.0,Model A,1984,59 years 08 months,440000.0
2024-01-01,TAMPINES,3 ROOM,243,TAMPINES ST 21,04 TO 06,74.0,Model A,1984,59 years 06 months,489000.0
2024-01-01,TAMPINES,3 ROOM,243,TAMPINES ST 21,07 TO 09,74.0,Model A,1984,59 years 06 months,465000.0
2024-01-01,TAMPINES,3 ROOM,267,TAMPINES ST 21,01 TO 03,75.0,Model A,1983,58 years 07 months,414000.0
2024-01-01,TAMPINES,3 ROOM,266,TAMPINES ST 21,07 TO 09,74.0,Model A,1984,59 years 06 months,445000.0
2024-01-01,TAMPINES,3 ROOM,271,TAMPINES ST 21,01 TO 03,75.0,Model A,1984,59 years 09 months,400000.0
2024-01-01,TAMPINES,3 ROOM,273,TAMPINES ST 22,10 TO 12,77.0,Model A,1984,59 years 07 months,430000.0
2024-01-01,TAMPINES,3 ROOM,291,TAMPINES ST 22,07 TO 09,73.0,Model A,1984,59 years 07 months,425000.0
2024-01-01,TAMPINES,3 ROOM,291,TAMPINES ST 22,01 TO 03,73.0,Model A,1984,59 years 07 months,401888.0
2024-01-01,TAMPINES,3 ROOM,277,TAMPINES ST 22,04 TO 06,76.0,Model A,1985,60 years 01 month,440000.0
2024-01-01,TAMPINES,3 ROOM,213,TAMPINES ST 23,04 TO 06,73.0,Model A,1985,60 years 03 months,406000.0
2024-01-01,TAMPINES,3 ROOM,214,TAMPINES ST 23,10 TO 12,67.0,New Generation,1985,61 years,430000.0
2024-01-01,TAMPINES,3 ROOM,217,TAMPINES ST 23,10 TO 12,67.0,New Generation,1986,61 years 01 month,410000.0
2024-01-01,TAMPINES,3 ROOM,419,TAMPINES ST 41,07 TO 09,64.0,Simplified,1985,61 years,405000.0
2024-01-01,TAMPINES,3 ROOM,406,TAMPINES ST 41,04 TO 06,64.0,Simplified,1986,61 years 10 months,435000.0
2024-01-01,TAMPINES,3 ROOM,405,TAMPINES ST 41,01 TO 03,60.0,Improved,1985,60 years 10 months,375000.0
2024-01-01,TAMPINES,3 ROOM,494E,TAMPINES ST 43,13 TO 15,67.0,Model A,2015,90 years 10 months,485000.0
2024-01-01,TAMPINES,3 ROOM,436,TAMPINES ST 43,10 TO 12,74.0,Model A,1986,61 years 10 months,483000.0
2024-01-01,TAMPINES,3 ROOM,605B,TAMPINES ST 61,13 TO 15,68.0,Model A,2020,95 years 02 months,548888.0
2024-01-01,TAMPINES,3 ROOM,606A,TAMPINES ST 61,10 TO 12,68.0,Model A,2020,95 years 03 months,540000.0
2024-01-01,TAMPINES,3 ROOM,606A,TAMPINES ST 61,10 TO 12,68.0,Model A,2020,95 years 02 months,508000.0
2024-01-01,TAMPINES,3 ROOM,605B,TAMPINES ST 61,10 TO 12,68.0,Model A,2020,95 years 01 month,545000.0
2024-01-01,TAMPINES,3 ROOM,820,TAMPINES ST 81,01 TO 03,68.0,New Generation,1984,59 years 08 months,418000.0
2024-01-01,TAMPINES,4 ROOM,167D,SIMEI LANE,04 TO 06,94.0,DBSS,2011,86 years 02 months,800000.0
2024-01-01,TAMPINES,4 ROOM,162,SIMEI RD,04 TO 06,104.0,Model A,1989,64 years 03 months,580000.0
2024-01-01,TAMPINES,4 ROOM,109,SIMEI ST 1,07 TO 09,104.0,Model A,1988,63 years 10 months,626000.0
2024-01-01,TAMPINES,4 ROOM,126,SIMEI ST 1,01 TO 03,84.0,Simplified,1988,63 years 03 months,510000.0
2024-01-01,TAMPINES,4 ROOM,107,SIMEI ST 1,10 TO 12,104.0,Model A,1988,63 years 10 months,588000.0
2024-01-01,TAMPINES,4 ROOM,146,SIMEI ST 2,07 TO 09,104.0,Model A,1988,63 years 08 months,605000.0
2024-01-01,TAMPINES,4 ROOM,232,SIMEI ST 4,10 TO 12,104.0,Model A,1989,64 years 07 months,580000.0
2024-01-01,TAMPINES,4 ROOM,890B,TAMPINES AVE 1,07 TO 09,93.0,Model A,2015,90 years 09 months,758000.0
2024-01-01,TAMPINES,4 ROOM,890B,TAMPINES AVE 1,10 TO 12,93.0,Model A,2015,90 years 09 months,760888.0
2024-01-01,TAMPINES,4 ROOM,908,TAMPINES AVE 4,01 TO 03,104.0,Model A,1983,58 years 10 months,560000.0
2024-01-01,TAMPINES,4 ROOM,805,TAMPINES AVE 4,10 TO 12,91.0,New Generation,1985,60 years 03 months,555000.0
2024-01-01,TAMPINES,4 ROOM,859,TAMPINES AVE 5,01 TO 03,104.0,Model A,1988,63 years 07 months,645000.0
2024-01-01,TAMPINES,4 ROOM,488A,TAMPINES AVE 9,07 TO 09,104.0,Model A,1989,64 years 04 months,600000.0
2024-01-01,TAMPINES,4 ROOM,505,TAMPINES CTRL 1,07 TO 09,111.0,Model A,1989,64 years 08 months,720000.0
2024-01-01,TAMPINES,4 ROOM,502,TAMPINES CTRL 1,01 TO 03,105.0,Model A,1989,64 years 04 months,650000.0
2024-01-01,TAMPINES,4 ROOM,524B,TAMPINES CTRL 7,13 TO 15,93.0,Model A,2015,90 years 08 months,738000.0
2024-01-01,TAMPINES,4 ROOM,205,TAMPINES ST 21,04 TO 06,133.0,Model A,1983,58 years 07 months,598888.0
2024-01-01,TAMPINES,4 ROOM,237,TAMPINES ST 21,10 TO 12,104.0,Model A,1984,59 years 10 months,638000.0
2024-01-01,TAMPINES,4 ROOM,262,TAMPINES ST 21,10 TO 12,110.0,Model A,1984,60 years,573168.0
2024-01-01,TAMPINES,4 ROOM,251,TAMPINES ST 21,04 TO 06,102.0,Model A,1985,60 years 01 month,570000.0
2024-01-01,TAMPINES,4 ROOM,241,TAMPINES ST 21,04 TO 06,105.0,Model A,1985,60 years,611000.0
2024-01-01,TAMPINES,4 ROOM,297,TAMPINES ST 22,04 TO 06,105.0,Model A,1984,59 years 05 months,555000.0
2024-01-01,TAMPINES,4 ROOM,275,TAMPINES ST 22,04 TO 06,103.0,Model A,1985,60 years 01 month,570000.0
2024-01-01,TAMPINES,4 ROOM,215,TAMPINES ST 23,04 TO 06,91.0,New Generation,1985,60 years 10 months,545888.0
2024-01-01,TAMPINES,4 ROOM,221,TAMPINES ST 24,07 TO 09,108.0,Model A,1984,59 years 11 months,585000.0
2024-01-01,TAMPINES,4 ROOM,230,TAMPINES ST 24,10 TO 12,99.0,New Generation,1985,60 years 02 months,578000.0
2024-01-01,TAMPINES,4 ROOM,355,TAMPINES ST 33,10 TO 12,107.0,Model A,1996,71 years 03 months,575000.0
2024-01-01,TAMPINES,4 ROOM,320,TAMPINES ST 33,04 TO 06,111.0,Model A,1995,70 years 10 months,560000.0
2024-01-01,TAMPINES,4 ROOM,341,TAMPINES ST 33,07 TO 09,108.0,Model A,1995,71 years,558000.0
2024-01-01,TAMPINES,4 ROOM,367,TAMPINES ST 34,10 TO 12,100.0,Model A,1997,72 years 05 months,556000.0
2024-01-01,TAMPINES,4 ROOM,409,TAMPINES ST 41,04 TO 06,104.0,Model A,1986,62 years,585000.0
2024-01-01,TAMPINES,4 ROOM,416,TAMPINES ST 41,10 TO 12,84.0,Simplified,1987,62 years 03 months,508000.0
2024-01-01,TAMPINES,4 ROOM,446,TAMPINES ST 42,10 TO 12,104.0,Model A,1985,60 years 06 months,568000.0
2024-01-01,TAMPINES,4 ROOM,450G,TAMPINES ST 42,01 TO 03,105.0,Model A,1996,71 years 10 months,545000.0
2024-01-01,TAMPINES,4 ROOM,437,TAMPINES ST 43,04 TO 06,104.0,Model A,1986,61 years 07 months,570000.0
2024-01-01,TAMPINES,4 ROOM,493D,TAMPINES ST 43,04 TO 06,104.0,Model A,1993,68 years 06 months,575000.0
2024-01-01,TAMPINES,4 ROOM,435,TAMPINES ST 43,04 TO 06,84.0,Simplified,1986,61 years 10 months,510000.0
2024-01-01,TAMPINES,4 ROOM,464,TAMPINES ST 44,01 TO 03,84.0,Simplified,1985,60 years 10 months,515000.0
2024-01-01,TAMPINES,4 ROOM,467,TAMPINES ST 44,10 TO 12,104.0,Model A,1987,62 years 05 months,628000.0
2024-01-01,TAMPINES,4 ROOM,498E,TAMPINES ST 45,07 TO 09,106.0,Premium Apartment,1997,72 years 04 months,608888.0
2024-01-01,TAMPINES,4 ROOM,489B,TAMPINES ST 45,07 TO 09,107.0,Model A,1993,68 years 10 months,525000.0
2024-01-01,TAMPINES,4 ROOM,489C,TAMPINES ST 45,10 TO 12,104.0,Model A,1989,64 years 06 months,548000.0
2024-01-01,TAMPINES,4 ROOM,488B,TAMPINES ST 45,07 TO 09,114.0,Model A,1989,64 years 10 months,608000.0
2024-01-01,TAMPINES,4 ROOM,498B,TAMPINES ST 45,07 TO 09,106.0,Premium Apartment,1997,72 years 07 months,605000.0
2024-01-01,TAMPINES,4 ROOM,494J,TAMPINES ST 45,04 TO 06,92.0,Model A,2018,93 years 11 months,655000.0
2024-01-01,TAMPINES,4 ROOM,497H,TAMPINES ST 45,07 TO 09,102.0,Premium Apartment,1996,71 years 05 months,595000.0
2024-01-01,TAMPINES,4 ROOM,498H,TAMPINES ST 45,04 TO 06,106.0,Premium Apartment,1997,72 years 04 months,615000.0
2024-01-01,TAMPINES,4 ROOM,605A,TAMPINES ST 61,04 TO 06,92.0,Model A,2020,95 years 02 months,710000.0
2024-01-01,TAMPINES,4 ROOM,605C,TAMPINES ST 61,13 TO 15,92.0,Model A,2020,95 years 02 months,725000.0
2024-01-01,TAMPINES,4 ROOM,606B,TAMPINES ST 61,04 TO 06,92.0,Model A,2020,95 years 02 months,705000.0
2024-01-01,TAMPINES,4 ROOM,605C,TAMPINES ST 61,07 TO 09,92.0,Model A,2020,95 years 02 months,695000.0
2024-01-01,TAMPINES,4 ROOM,606B,TAMPINES ST 61,13 TO 15,92.0,Model A,2020,95 years 02 months,725000.0
2024-01-01,TAMPINES,4 ROOM,606B,TAMPINES ST 61,10 TO 12,92.0,Model A,2020,95 years 02 months,730000.0
2024-01-01,TAMPINES,4 ROOM,606B,TAMPINES ST 61,13 TO 15,92.0,Model A,2020,95 years 02 months,730000.0
2024-01-01,TAMPINES,4 ROOM,605C,TAMPINES ST 61,13 TO 15,92.0,Model A,2020,95 years 02 months,750000.0
2024-01-01,TAMPINES,4 ROOM,606A,TAMPINES ST 61,13 TO 15,92.0,Model A,2020,95 years 02 months,720000.0
2024-01-01,TAMPINES,4 ROOM,606A,TAMPINES ST 61,13 TO 15,92.0,Model A,2020,95 years 01 month,745000.0
2024-01-01,TAMPINES,4 ROOM,605C,TAMPINES ST 61,10 TO 12,92.0,Model A,2020,95 years 02 months,695000.0
2024-01-01,TAMPINES,4 ROOM,606D,TAMPINES ST 61,16 TO 18,92.0,Model A,2020,95 years 01 month,725000.0
2024-01-01,TAMPINES,4 ROOM,605C,TAMPINES ST 61,07 TO 09,92.0,Model A,2020,95 years 01 month,722888.0
2024-01-01,TAMPINES,4 ROOM,605A,TAMPINES ST 61,13 TO 15,92.0,Model A,2020,95 years 02 months,745000.0
2024-01-01,TAMPINES,4 ROOM,605A,TAMPINES ST 61,13 TO 15,92.0,Model A,2020,95 years 02 months,730888.0
2024-01-01,TAMPINES,4 ROOM,605C,TAMPINES ST 61,07 TO 09,92.0,Model A,2020,95 years 01 month,720000.0
2024-01-01,TAMPINES,4 ROOM,605A,TAMPINES ST 61,13 TO 15,92.0,Model A,2020,95 years 01 month,755000.0
2024-01-01,TAMPINES,4 ROOM,732,TAMPINES ST 71,01 TO 03,104.0,Model A,1997,72 years 06 months,568000.0
2024-01-01,TAMPINES,4 ROOM,708,TAMPINES ST 71,01 TO 03,101.0,Model A,1997,72 years 06 months,560000.0
2024-01-01,TAMPINES,4 ROOM,727,TAMPINES ST 71,13 TO 15,103.0,Model A,1997,72 years 09 months,650000.0
2024-01-01,TAMPINES,4 ROOM,709,TAMPINES ST 71,10 TO 12,99.0,Model A,1997,72 years 06 months,592000.0
2024-01-01,TAMPINES,4 ROOM,702,TAMPINES ST 71,04 TO 06,100.0,Model A,1997,72 years 08 months,608000.0
2024-01-01,TAMPINES,4 ROOM,729,TAMPINES ST 71,01 TO 03,104.0,Model A,1997,72 years 09 months,565000.0
2024-01-01,TAMPINES,4 ROOM,706,TAMPINES ST 71,13 TO 15,99.0,Model A,1997,72 years 07 months,625000.0
2024-01-01,TAMPINES,4 ROOM,716,TAMPINES ST 71,04 TO 06,99.0,Model A,1997,72 years 03 months,588888.0
2024-01-01,TAMPINES,4 ROOM,818,TAMPINES ST 81,07 TO 09,105.0,Model A,1984,59 years 07 months,605000.0
2024-01-01,TAMPINES,4 ROOM,838,TAMPINES ST 82,04 TO 06,104.0,Model A,1985,60 years 07 months,568000.0
2024-01-01,TAMPINES,4 ROOM,842D,TAMPINES ST 82,10 TO 12,108.0,Model A,1995,70 years 02 months,635000.0
2024-01-01,TAMPINES,4 ROOM,843,TAMPINES ST 83,01 TO 03,84.0,Simplified,1988,63 years,500000.0
2024-01-01,TAMPINES,4 ROOM,841,TAMPINES ST 83,07 TO 09,84.0,Simplified,1986,61 years 06 months,510000.0
2024-01-01,TAMPINES,4 ROOM,843,TAMPINES ST 83,01 TO 03,84.0,Simplified,1988,63 years 02 months,495000.0
2024-01-01,TAMPINES,4 ROOM,841,TAMPINES ST 83,04 TO 06,84.0,Simplified,1986,61 years 05 months,520000.0
2024-01-01,TAMPINES,4 ROOM,874,TAMPINES ST 84,04 TO 06,104.0,Model A,1989,64 years 03 months,560000.0
2024-01-01,TAMPINES,4 ROOM,871A,TAMPINES ST 84,07 TO 09,104.0,Model A,1989,64 years 04 months,576888.0
2024-01-01,TAMPINES,4 ROOM,870A,TAMPINES ST 86,01 TO 03,94.0,Model A,2017,92 years 02 months,688888.0
2024-01-01,TAMPINES,4 ROOM,871C,TAMPINES ST 86,13 TO 15,94.0,Model A,2017,92 years 02 months,700000.0
2024-01-01,TAMPINES,4 ROOM,871B,TAMPINES ST 86,13 TO 15,93.0,Model A,2017,92 years 02 months,700000.0
2024-01-01,TAMPINES,4 ROOM,925,TAMPINES ST 91,01 TO 03,104.0,Model A,1983,59 years 01 month,560000.0
2024-01-01,TAMPINES,4 ROOM,924,TAMPINES ST 91,07 TO 09,104.0,Model A,1983,58 years 11 months,580000.0
2024-01-01,TAMPINES,5 ROOM,168D,SIMEI LANE,04 TO 06,111.0,DBSS,2011,86 years 03 months,888000.0
2024-01-01,TAMPINES,5 ROOM,167B,SIMEI LANE,04 TO 06,110.0,DBSS,2011,86 years 03 months,850000.0
2024-01-01,TAMPINES,5 ROOM,119,SIMEI ST 1,04 TO 06,122.0,Improved,1988,63 years 05 months,725000.0
2024-01-01,TAMPINES,5 ROOM,130,SIMEI ST 1,07 TO 09,123.0,Improved,1987,62 years 11 months,690000.0
2024-01-01,TAMPINES,5 ROOM,117,SIMEI ST 1,01 TO 03,121.0,Improved,1988,63 years 03 months,628888.0
2024-01-01,TAMPINES,5 ROOM,107,SIMEI ST 1,10 TO 12,121.0,Improved,1988,63 years 10 months,720000.0
2024-01-01,TAMPINES,5 ROOM,146,SIMEI ST 2,10 TO 12,121.0,Improved,1988,63 years 09 months,700000.0
2024-01-01,TAMPINES,5 ROOM,225,SIMEI ST 4,04 TO 06,128.0,Improved,1988,64 years,682000.0
2024-01-01,TAMPINES,5 ROOM,224,SIMEI ST 4,07 TO 09,122.0,Improved,1989,64 years 07 months,678888.0
2024-01-01,TAMPINES,5 ROOM,223,SIMEI ST 4,04 TO 06,122.0,Improved,1988,63 years 05 months,700000.0
2024-01-01,TAMPINES,5 ROOM,816,TAMPINES AVE 4,04 TO 06,123.0,Improved,1984,59 years 09 months,740000.0
2024-01-01,TAMPINES,5 ROOM,859,TAMPINES AVE 5,10 TO 12,122.0,Improved,1988,63 years 07 months,745000.0
2024-01-01,TAMPINES,5 ROOM,486C,TAMPINES AVE 9,04 TO 06,128.0,Improved,1993,68 years 09 months,680000.0
2024-01-01,TAMPINES,5 ROOM,491B,TAMPINES AVE 9,10 TO 12,124.0,Improved,1993,68 years 07 months,676000.0
2024-01-01,TAMPINES,5 ROOM,491A,TAMPINES AVE 9,01 TO 03,124.0,Improved,1993,68 years 08 months,650000.0
2024-01-01,TAMPINES,5 ROOM,491A,TAMPINES AVE 9,01 TO 03,126.0,Improved,1993,68 years 07 months,632000.0
2024-01-01,TAMPINES,5 ROOM,519B,TAMPINES CTRL 8,07 TO 09,108.0,DBSS,2014,89 years 06 months,980000.0
2024-01-01,TAMPINES,5 ROOM,127,TAMPINES ST 11,10 TO 12,133.0,Model A,1985,60 years 10 months,712000.0
2024-01-01,TAMPINES,5 ROOM,256,TAMPINES ST 21,01 TO 03,121.0,Improved,1984,60 years,630000.0
2024-01-01,TAMPINES,5 ROOM,257,TAMPINES ST 21,04 TO 06,121.0,Improved,1985,60 years 02 months,580000.0
2024-01-01,TAMPINES,5 ROOM,233,TAMPINES ST 21,10 TO 12,121.0,Improved,1985,60 years 04 months,688000.0
2024-01-01,TAMPINES,5 ROOM,279,TAMPINES ST 22,07 TO 09,133.0,Model A,1985,60 years,645000.0
2024-01-01,TAMPINES,5 ROOM,383,TAMPINES ST 32,07 TO 09,126.0,Improved,1993,68 years 10 months,730000.0
2024-01-01,TAMPINES,5 ROOM,381,TAMPINES ST 32,07 TO 09,135.0,Model A,1993,68 years 09 months,788000.0
2024-01-01,TAMPINES,5 ROOM,307,TAMPINES ST 32,04 TO 06,138.0,Model A,1993,68 years 06 months,725000.0
2024-01-01,TAMPINES,5 ROOM,317,TAMPINES ST 33,07 TO 09,126.0,Improved,1995,70 years 09 months,710800.0
2024-01-01,TAMPINES,5 ROOM,317,TAMPINES ST 33,07 TO 09,132.0,Model A,1995,70 years 07 months,695000.0
2024-01-01,TAMPINES,5 ROOM,411,TAMPINES ST 41,10 TO 12,138.0,Model A,1985,60 years 09 months,726000.0
2024-01-01,TAMPINES,5 ROOM,494J,TAMPINES ST 45,07 TO 09,112.0,Improved,2018,93 years 11 months,805000.0
2024-01-01,TAMPINES,5 ROOM,606A,TAMPINES ST 61,04 TO 06,112.0,Improved,2020,95 years 01 month,852000.0
2024-01-01,TAMPINES,5 ROOM,721,TAMPINES ST 71,10 TO 12,120.0,Improved,1997,72 years 04 months,718000.0
2024-01-01,TAMPINES,5 ROOM,708,TAMPINES ST 71,13 TO 15,119.0,Improved,1997,72 years 06 months,740000.0
2024-01-01,TAMPINES,5 ROOM,709,TAMPINES ST 71,07 TO 09,120.0,Improved,1997,72 years 05 months,700000.0
2024-01-01,TAMPINES,5 ROOM,727,TAMPINES ST 71,13 TO 15,120.0,Improved,1997,72 years 08 months,750000.0
2024-01-01,TAMPINES,5 ROOM,723,TAMPINES ST 72,04 TO 06,120.0,Improved,1997,72 years 04 months,662000.0
2024-01-01,TAMPINES,5 ROOM,742,TAMPINES ST 72,07 TO 09,122.0,Improved,1997,72 years 10 months,725000.0
2024-01-01,TAMPINES,5 ROOM,720,TAMPINES ST 72,13 TO 15,119.0,Improved,1997,72 years 03 months,689000.0
2024-01-01,TAMPINES,5 ROOM,888A,TAMPINES ST 81,04 TO 06,122.0,Improved,1989,64 years 03 months,668000.0
2024-01-01,TAMPINES,5 ROOM,897,TAMPINES ST 81,01 TO 03,122.0,Improved,1988,63 years 10 months,640000.0
2024-01-01,TAMPINES,5 ROOM,896,TAMPINES ST 81,04 TO 06,122.0,Improved,1988,63 years 09 months,708000.0
2024-01-01,TAMPINES,5 ROOM,874,TAMPINES ST 84,07 TO 09,121.0,Improved,1989,64 years 02 months,668000.0
2024-01-01,TAMPINES,5 ROOM,871B,TAMPINES ST 86,04 TO 06,113.0,Improved,2017,92 years 02 months,810000.0
2024-01-01,TAMPINES,EXECUTIVE,148,TAMPINES AVE 5,04 TO 06,142.0,Apartment,1985,60 years 02 months,905000.0
2024-01-01,TAMPINES,EXECUTIVE,124,TAMPINES ST 11,07 TO 09,148.0,Maisonette,1986,61 years 02 months,850000.0
2024-01-01,TAMPINES,EXECUTIVE,124,TAMPINES ST 11,01 TO 03,146.0,Maisonette,1986,61 years 02 months,818000.0
2024-01-01,TAMPINES,EXECUTIVE,230H,TAMPINES ST 21,07 TO 09,150.0,Apartment,1993,68 years 07 months,838000.0
2024-01-01,TAMPINES,EXECUTIVE,333,TAMPINES ST 32,04 TO 06,146.0,Maisonette,1996,71 years 01 month,855000.0
2024-01-01,TAMPINES,EXECUTIVE,332,TAMPINES ST 32,04 TO 06,147.0,Apartment,1996,71 years 01 month,845000.0
2024-01-01,TAMPINES,EXECUTIVE,327,TAMPINES ST 32,07 TO 09,147.0,Apartment,1995,71 years,850000.0
2024-01-01,TAMPINES,EXECUTIVE,429,TAMPINES ST 41,04 TO 06,148.0,Maisonette,1985,61 years,810000.0
2024-01-01,TAMPINES,EXECUTIVE,429,TAMPINES ST 41,04 TO 06,148.0,Maisonette,1985,61 years,788000.0
2024-01-01,TAMPINES,EXECUTIVE,431,TAMPINES ST 41,07 TO 09,143.0,Apartment,1986,61 years 01 month,832000.0
2024-01-01,TAMPINES,EXECUTIVE,495E,TAMPINES ST 43,04 TO 06,148.0,Apartment,1994,69 years,850888.0
2024-01-01,TAMPINES,EXECUTIVE,739,TAMPINES ST 72,01 TO 03,141.0,Apartment,1997,72 years 09 months,850000.0
2024-01-01,TAMPINES,EXECUTIVE,856E,TAMPINES ST 82,13 TO 15,151.0,Apartment,1995,70 years 11 months,1000000.0
2024-01-01,TAMPINES,EXECUTIVE,857,TAMPINES ST 83,04 TO 06,146.0,Maisonette,1988,63 years 02 months,930000.0
2024-01-01,TOA PAYOH,2 ROOM,55,LOR 5 TOA PAYOH,07 TO 09,43.0,Standard,1967,42 years 06 months,270000.0
2024-01-01,TOA PAYOH,3 ROOM,195,KIM KEAT AVE,10 TO 12,66.0,Improved,1973,48 years 06 months,325000.0
2024-01-01,TOA PAYOH,3 ROOM,107,LOR 1 TOA PAYOH,07 TO 09,67.0,Improved,1970,45 years 01 month,365000.0
2024-01-01,TOA PAYOH,3 ROOM,173,LOR 1 TOA PAYOH,01 TO 03,66.0,Improved,1972,47 years 07 months,310000.0
2024-01-01,TOA PAYOH,3 ROOM,125,LOR 1 TOA PAYOH,04 TO 06,67.0,Improved,1970,45 years 01 month,380000.0
2024-01-01,TOA PAYOH,3 ROOM,159,LOR 1 TOA PAYOH,04 TO 06,65.0,Improved,1972,47 years 01 month,370000.0
2024-01-01,TOA PAYOH,3 ROOM,174,LOR 1 TOA PAYOH,07 TO 09,65.0,Improved,1972,47 years 07 months,338000.0
2024-01-01,TOA PAYOH,3 ROOM,98,LOR 1 TOA PAYOH,16 TO 18,68.0,Improved,1970,45 years 01 month,365000.0
2024-01-01,TOA PAYOH,3 ROOM,125,LOR 1 TOA PAYOH,07 TO 09,67.0,Improved,1970,45 years 02 months,363000.0
2024-01-01,TOA PAYOH,3 ROOM,174,LOR 1 TOA PAYOH,10 TO 12,76.0,Improved,1972,47 years 06 months,440000.0
2024-01-01,TOA PAYOH,3 ROOM,98,LOR 1 TOA PAYOH,01 TO 03,68.0,Improved,1970,45 years 01 month,350000.0
2024-01-01,TOA PAYOH,3 ROOM,157,LOR 1 TOA PAYOH,07 TO 09,67.0,Improved,1971,46 years 06 months,415888.0
2024-01-01,TOA PAYOH,3 ROOM,113,LOR 1 TOA PAYOH,01 TO 03,65.0,Improved,1967,42 years 06 months,326000.0
2024-01-01,TOA PAYOH,3 ROOM,100,LOR 1 TOA PAYOH,13 TO 15,68.0,Improved,1970,45 years,342000.0
2024-01-01,TOA PAYOH,3 ROOM,83,LOR 2 TOA PAYOH,10 TO 12,67.0,Improved,1971,46 years 01 month,350000.0
2024-01-01,TOA PAYOH,3 ROOM,91,LOR 3 TOA PAYOH,10 TO 12,78.0,Improved,1970,45 years,390000.0
2024-01-01,TOA PAYOH,3 ROOM,96,LOR 3 TOA PAYOH,01 TO 03,68.0,Improved,1970,45 years,320000.0
2024-01-01,TOA PAYOH,3 ROOM,85A,LOR 4 TOA PAYOH,19 TO 21,78.0,Improved,1972,47 years 01 month,485000.0
2024-01-01,TOA PAYOH,3 ROOM,70,LOR 4 TOA PAYOH,01 TO 03,64.0,Standard,1969,44 years 01 month,340000.0
2024-01-01,TOA PAYOH,3 ROOM,57,LOR 5 TOA PAYOH,10 TO 12,61.0,Standard,1973,48 years 01 month,313000.0
2024-01-01,TOA PAYOH,3 ROOM,38,LOR 5 TOA PAYOH,01 TO 03,67.0,Improved,1970,45 years 01 month,315000.0
2024-01-01,TOA PAYOH,3 ROOM,53,LOR 5 TOA PAYOH,13 TO 15,68.0,Improved,1968,43 years 06 months,345000.0
2024-01-01,TOA PAYOH,3 ROOM,9,LOR 7 TOA PAYOH,10 TO 12,66.0,Improved,1970,45 years 08 months,348000.0
2024-01-01,TOA PAYOH,3 ROOM,8,LOR 7 TOA PAYOH,10 TO 12,66.0,Improved,1970,45 years 07 months,323000.0
2024-01-01,TOA PAYOH,3 ROOM,12,LOR 7 TOA PAYOH,04 TO 06,66.0,Improved,1970,45 years 07 months,328000.0
2024-01-01,TOA PAYOH,3 ROOM,18,LOR 7 TOA PAYOH,04 TO 06,67.0,Improved,1970,45 years 07 months,345000.0
2024-01-01,TOA PAYOH,3 ROOM,234,LOR 8 TOA PAYOH,04 TO 06,65.0,Improved,1976,51 years 09 months,355000.0
2024-01-01,TOA PAYOH,3 ROOM,235,LOR 8 TOA PAYOH,10 TO 12,65.0,Improved,1976,51 years 05 months,363000.0
2024-01-01,TOA PAYOH,3 ROOM,235,LOR 8 TOA PAYOH,01 TO 03,65.0,Improved,1976,51 years 05 months,330000.0
2024-01-01,TOA PAYOH,3 ROOM,104,POTONG PASIR AVE 1,04 TO 06,74.0,Model A,1984,59 years 11 months,510000.0
2024-01-01,TOA PAYOH,3 ROOM,118,POTONG PASIR AVE 1,01 TO 03,73.0,New Generation,1984,59 years 09 months,345000.0
2024-01-01,TOA PAYOH,3 ROOM,102,POTONG PASIR AVE 1,01 TO 03,74.0,Model A,1984,59 years 03 months,504000.0
2024-01-01,TOA PAYOH,3 ROOM,115,POTONG PASIR AVE 1,01 TO 03,73.0,New Generation,1984,59 years 09 months,378000.0
2024-01-01,TOA PAYOH,3 ROOM,139,POTONG PASIR AVE 3,04 TO 06,74.0,Model A,1984,59 years 07 months,510000.0
2024-01-01,TOA PAYOH,3 ROOM,134,POTONG PASIR AVE 3,04 TO 06,74.0,Model A,1984,59 years 07 months,466888.0
2024-01-01,TOA PAYOH,3 ROOM,177,TOA PAYOH CTRL,04 TO 06,64.0,Improved,1972,47 years 06 months,425000.0
2024-01-01,TOA PAYOH,3 ROOM,263,TOA PAYOH EAST,31 TO 33,68.0,Model A,2019,95 years,790000.0
2024-01-01,TOA PAYOH,3 ROOM,262,TOA PAYOH EAST,31 TO 33,68.0,Model A,2019,95 years,750000.0
2024-01-01,TOA PAYOH,3 ROOM,207,TOA PAYOH NTH,07 TO 09,65.0,Improved,1973,48 years 06 months,380000.0
2024-01-01,TOA PAYOH,3 ROOM,7,UPP ALJUNIED LANE,04 TO 06,68.0,Model A,2017,92 years 01 month,608000.0
2024-01-01,TOA PAYOH,4 ROOM,259,KIM KEAT AVE,04 TO 06,104.0,Model A,1989,64 years 02 months,610000.0
2024-01-01,TOA PAYOH,4 ROOM,130B,LOR 1 TOA PAYOH,25 TO 27,93.0,Model A,2018,93 years 08 months,1025000.0
2024-01-01,TOA PAYOH,4 ROOM,138C,LOR 1A TOA PAYOH,10 TO 12,91.0,DBSS,2012,87 years 05 months,940000.0
2024-01-01,TOA PAYOH,4 ROOM,138B,LOR 1A TOA PAYOH,13 TO 15,91.0,DBSS,2012,87 years 05 months,978000.0
2024-01-01,TOA PAYOH,4 ROOM,152,LOR 2 TOA PAYOH,22 TO 24,86.0,Model A,2006,81 years 01 month,750000.0
2024-01-01,TOA PAYOH,4 ROOM,144,LOR 2 TOA PAYOH,19 TO 21,90.0,Model A,2002,77 years 09 months,843800.0
2024-01-01,TOA PAYOH,4 ROOM,145,LOR 2 TOA PAYOH,28 TO 30,91.0,Model A,2006,81 years 01 month,938000.0
2024-01-01,TOA PAYOH,4 ROOM,145,LOR 2 TOA PAYOH,25 TO 27,86.0,Model A,2006,81 years 01 month,910000.0
2024-01-01,TOA PAYOH,4 ROOM,82,LOR 4 TOA PAYOH,04 TO 06,103.0,Model A,1996,71 years 09 months,790000.0
2024-01-01,TOA PAYOH,4 ROOM,220,LOR 8 TOA PAYOH,04 TO 06,82.0,Improved,1976,51 years 05 months,460888.0
2024-01-01,TOA PAYOH,4 ROOM,221,LOR 8 TOA PAYOH,16 TO 18,82.0,Improved,1976,51 years 04 months,440000.0
2024-01-01,TOA PAYOH,4 ROOM,222,LOR 8 TOA PAYOH,10 TO 12,82.0,Improved,1976,51 years 03 months,430000.0
2024-01-01,TOA PAYOH,4 ROOM,227,LOR 8 TOA PAYOH,07 TO 09,82.0,Improved,1976,51 years 05 months,430000.0
2024-01-01,TOA PAYOH,4 ROOM,121,POTONG PASIR AVE 1,04 TO 06,103.0,Model A,1984,59 years 06 months,713000.0
2024-01-01,TOA PAYOH,4 ROOM,141,POTONG PASIR AVE 3,01 TO 03,111.0,Model A,1984,59 years 07 months,670000.0
2024-01-01,TOA PAYOH,4 ROOM,134,POTONG PASIR AVE 3,10 TO 12,104.0,Model A,1984,59 years 06 months,715000.0
2024-01-01,TOA PAYOH,4 ROOM,79A,TOA PAYOH CTRL,10 TO 12,76.0,Model A,2009,84 years 04 months,838000.0
2024-01-01,TOA PAYOH,4 ROOM,79B,TOA PAYOH CTRL,31 TO 33,91.0,Model A,2009,84 years 04 months,974888.0
2024-01-01,TOA PAYOH,4 ROOM,264,TOA PAYOH EAST,25 TO 27,93.0,Model A,2019,95 years,1000088.0
2024-01-01,TOA PAYOH,4 ROOM,263,TOA PAYOH EAST,34 TO 36,93.0,Model A,2019,95 years,1050000.0
2024-01-01,TOA PAYOH,4 ROOM,261,TOA PAYOH EAST,19 TO 21,93.0,Model A,2019,95 years 01 month,950000.0
2024-01-01,TOA PAYOH,4 ROOM,263,TOA PAYOH EAST,13 TO 15,93.0,Model A,2019,95 years,940000.0
2024-01-01,TOA PAYOH,4 ROOM,263,TOA PAYOH EAST,31 TO 33,93.0,Model A,2019,94 years 11 months,1010000.0
2024-01-01,TOA PAYOH,4 ROOM,264,TOA PAYOH EAST,22 TO 24,93.0,Model A,2019,95 years,1010888.0
2024-01-01,TOA PAYOH,4 ROOM,263,TOA PAYOH EAST,07 TO 09,93.0,Model A,2019,94 years 11 months,940000.0
2024-01-01,TOA PAYOH,4 ROOM,202,TOA PAYOH NTH,07 TO 09,87.0,Improved,1973,48 years 08 months,448000.0
2024-01-01,TOA PAYOH,4 ROOM,200,TOA PAYOH NTH,07 TO 09,87.0,Improved,1973,48 years 07 months,495888.0
2024-01-01,TOA PAYOH,5 ROOM,11,JOO SENG RD,10 TO 12,123.0,Improved,1983,58 years 05 months,682000.0
2024-01-01,TOA PAYOH,5 ROOM,11,JOO SENG RD,07 TO 09,123.0,Improved,1983,58 years 04 months,643000.0
2024-01-01,TOA PAYOH,5 ROOM,248,KIM KEAT LINK,07 TO 09,125.0,Improved,1989,64 years 02 months,750000.0
2024-01-01,TOA PAYOH,5 ROOM,139A,LOR 1A TOA PAYOH,40 TO 42,117.0,DBSS,2012,87 years 04 months,1568888.0
2024-01-01,TOA PAYOH,5 ROOM,138B,LOR 1A TOA PAYOH,16 TO 18,113.0,DBSS,2012,87 years 05 months,1250000.0
2024-01-01,TOA PAYOH,5 ROOM,138C,LOR 1A TOA PAYOH,31 TO 33,117.0,DBSS,2012,87 years 03 months,1540000.0
2024-01-01,TOA PAYOH,5 ROOM,145,LOR 2 TOA PAYOH,01 TO 03,110.0,Improved,2006,81 years 01 month,855000.0
2024-01-01,TOA PAYOH,5 ROOM,48,LOR 5 TOA PAYOH,10 TO 12,125.0,Improved,1993,68 years 04 months,870000.0
2024-01-01,TOA PAYOH,5 ROOM,216,LOR 8 TOA PAYOH,19 TO 21,117.0,Standard,1975,50 years 09 months,698000.0
2024-01-01,TOA PAYOH,5 ROOM,215,LOR 8 TOA PAYOH,13 TO 15,117.0,Standard,1975,50 years 08 months,650000.0
2024-01-01,TOA PAYOH,5 ROOM,143,POTONG PASIR AVE 2,10 TO 12,157.0,Model A-Maisonette,1984,59 years 07 months,1018000.0
2024-01-01,TOA PAYOH,EXECUTIVE,254,KIM KEAT AVE,04 TO 06,146.0,Apartment,1989,64 years 01 month,968888.0
2024-01-01,WOODLANDS,2 ROOM,693C,WOODLANDS AVE 6,01 TO 03,37.0,Model A,2018,93 years 09 months,320000.0
2024-01-01,WOODLANDS,2 ROOM,573B,WOODLANDS DR 16,07 TO 09,47.0,2-room,2018,93 years 07 months,335000.0
2024-01-01,WOODLANDS,2 ROOM,573A,WOODLANDS DR 16,10 TO 12,37.0,Model A,2018,93 years 06 months,318888.0
2024-01-01,WOODLANDS,2 ROOM,694D,WOODLANDS DR 62,07 TO 09,37.0,Model A,2018,93 years 09 months,300000.0
2024-01-01,WOODLANDS,2 ROOM,182A,WOODLANDS ST 13,10 TO 12,47.0,Model A,2019,94 years 10 months,330000.0
2024-01-01,WOODLANDS,2 ROOM,185B,WOODLANDS ST 13,16 TO 18,47.0,Model A,2019,94 years 10 months,325000.0
2024-01-01,WOODLANDS,2 ROOM,182A,WOODLANDS ST 13,22 TO 24,38.0,Model A,2019,94 years 11 months,360000.0
2024-01-01,WOODLANDS,3 ROOM,204,MARSILING DR,07 TO 09,68.0,New Generation,1981,56 years 04 months,393000.0
2024-01-01,WOODLANDS,3 ROOM,204,MARSILING DR,01 TO 03,68.0,New Generation,1981,56 years 04 months,340000.0
2024-01-01,WOODLANDS,3 ROOM,204,MARSILING DR,04 TO 06,68.0,New Generation,1981,56 years 04 months,345000.0
2024-01-01,WOODLANDS,3 ROOM,23,MARSILING DR,04 TO 06,67.0,New Generation,1977,52 years 11 months,330000.0
2024-01-01,WOODLANDS,3 ROOM,1,MARSILING DR,01 TO 03,76.0,Improved,1974,49 years 07 months,310000.0
2024-01-01,WOODLANDS,3 ROOM,206,MARSILING DR,04 TO 06,82.0,New Generation,1981,56 years 03 months,365000.0
2024-01-01,WOODLANDS,3 ROOM,202,MARSILING DR,10 TO 12,68.0,New Generation,1981,56 years 07 months,365000.0
2024-01-01,WOODLANDS,3 ROOM,206,MARSILING DR,04 TO 06,68.0,New Generation,1981,56 years 03 months,320000.0
2024-01-01,WOODLANDS,3 ROOM,32,MARSILING DR,04 TO 06,73.0,New Generation,1980,55 years 01 month,330000.0
2024-01-01,WOODLANDS,3 ROOM,13,MARSILING LANE,01 TO 03,78.0,Improved,1976,51 years 04 months,335000.0
2024-01-01,WOODLANDS,3 ROOM,12A,MARSILING LANE,25 TO 27,67.0,Model A,2013,88 years 05 months,456000.0
2024-01-01,WOODLANDS,3 ROOM,15,MARSILING LANE,04 TO 06,76.0,Improved,1976,51 years 01 month,328000.0
2024-01-01,WOODLANDS,3 ROOM,130,MARSILING RISE,10 TO 12,60.0,Improved,1985,60 years 01 month,345000.0
2024-01-01,WOODLANDS,3 ROOM,129,MARSILING RISE,04 TO 06,60.0,Improved,1985,60 years 01 month,302000.0
2024-01-01,WOODLANDS,3 ROOM,693B,WOODLANDS AVE 6,13 TO 15,68.0,Model A,2018,93 years 09 months,465000.0
2024-01-01,WOODLANDS,3 ROOM,573B,WOODLANDS DR 16,07 TO 09,68.0,Model A,2018,93 years 06 months,458000.0
2024-01-01,WOODLANDS,3 ROOM,573C,WOODLANDS DR 16,07 TO 09,68.0,Model A,2018,93 years 06 months,468000.0
2024-01-01,WOODLANDS,3 ROOM,694C,WOODLANDS DR 62,07 TO 09,68.0,Model A,2018,93 years 09 months,470000.0
2024-01-01,WOODLANDS,3 ROOM,784B,WOODLANDS RISE,04 TO 06,68.0,Model A,2018,93 years 07 months,438888.0
2024-01-01,WOODLANDS,3 ROOM,148,WOODLANDS ST 13,10 TO 12,68.0,New Generation,1985,60 years 03 months,350000.0
2024-01-01,WOODLANDS,3 ROOM,182A,WOODLANDS ST 13,22 TO 24,68.0,Model A,2019,94 years 10 months,485000.0
2024-01-01,WOODLANDS,3 ROOM,161,WOODLANDS ST 13,10 TO 12,73.0,Model A,1990,65 years 04 months,400000.0
2024-01-01,WOODLANDS,3 ROOM,157,WOODLANDS ST 13,10 TO 12,73.0,Model A,1985,60 years 03 months,410000.0
2024-01-01,WOODLANDS,3 ROOM,313,WOODLANDS ST 31,10 TO 12,73.0,Model A,1993,68 years 09 months,410000.0
2024-01-01,WOODLANDS,3 ROOM,310,WOODLANDS ST 31,04 TO 06,73.0,Model A,1993,68 years 08 months,407000.0
2024-01-01,WOODLANDS,3 ROOM,316,WOODLANDS ST 31,07 TO 09,73.0,Model A,1993,68 years 04 months,378000.0
2024-01-01,WOODLANDS,4 ROOM,5,MARSILING DR,10 TO 12,90.0,Improved,1974,49 years 07 months,350000.0
2024-01-01,WOODLANDS,4 ROOM,201,MARSILING DR,07 TO 09,91.0,New Generation,1980,55 years 09 months,395000.0
2024-01-01,WOODLANDS,4 ROOM,206,MARSILING DR,07 TO 09,93.0,New Generation,1981,56 years 04 months,418000.0
2024-01-01,WOODLANDS,4 ROOM,8,MARSILING DR,10 TO 12,88.0,Improved,1976,51 years,380000.0
2024-01-01,WOODLANDS,4 ROOM,12B,MARSILING LANE,13 TO 15,93.0,Model A,2013,88 years 07 months,555000.0
2024-01-01,WOODLANDS,4 ROOM,12B,MARSILING LANE,19 TO 21,93.0,Model A,2013,88 years 05 months,555000.0
2024-01-01,WOODLANDS,4 ROOM,571B,WOODLANDS AVE 1,10 TO 12,92.0,Model A,2013,88 years 11 months,610000.0
2024-01-01,WOODLANDS,4 ROOM,349,WOODLANDS AVE 3,10 TO 12,103.0,Model A,1988,63 years 08 months,518000.0
2024-01-01,WOODLANDS,4 ROOM,616,WOODLANDS AVE 4,10 TO 12,102.0,Model A,1998,73 years 05 months,515000.0
2024-01-01,WOODLANDS,4 ROOM,618,WOODLANDS AVE 4,10 TO 12,91.0,Model A2,1998,73 years 06 months,470000.0
2024-01-01,WOODLANDS,4 ROOM,750,WOODLANDS AVE 4,01 TO 03,103.0,Model A,1998,73 years 01 month,475000.0
2024-01-01,WOODLANDS,4 ROOM,755,WOODLANDS AVE 4,10 TO 12,103.0,Model A,1997,73 years,505000.0
2024-01-01,WOODLANDS,4 ROOM,755,WOODLANDS AVE 4,01 TO 03,102.0,Model A,1997,72 years 11 months,512888.0
2024-01-01,WOODLANDS,4 ROOM,366,WOODLANDS AVE 5,01 TO 03,105.0,Model A,1996,71 years 07 months,555000.0
2024-01-01,WOODLANDS,4 ROOM,693A,WOODLANDS AVE 6,04 TO 06,92.0,Model A,2018,93 years 10 months,582000.0
2024-01-01,WOODLANDS,4 ROOM,693B,WOODLANDS AVE 6,04 TO 06,92.0,Model A,2018,93 years 09 months,588000.0
2024-01-01,WOODLANDS,4 ROOM,758,WOODLANDS AVE 6,04 TO 06,103.0,Model A,1998,73 years 02 months,493000.0
2024-01-01,WOODLANDS,4 ROOM,762,WOODLANDS AVE 6,04 TO 06,103.0,Model A,1998,73 years 02 months,508000.0
2024-01-01,WOODLANDS,4 ROOM,761,WOODLANDS AVE 6,01 TO 03,102.0,Model A,1998,73 years 02 months,475000.0
2024-01-01,WOODLANDS,4 ROOM,763,WOODLANDS AVE 6,10 TO 12,103.0,Model A,1998,73 years 04 months,497000.0
2024-01-01,WOODLANDS,4 ROOM,790,WOODLANDS AVE 6,07 TO 09,102.0,Model A,1997,72 years 09 months,520000.0
2024-01-01,WOODLANDS,4 ROOM,759,WOODLANDS AVE 6,01 TO 03,103.0,Model A,1998,73 years 04 months,465000.0
2024-01-01,WOODLANDS,4 ROOM,693C,WOODLANDS AVE 6,07 TO 09,92.0,Model A,2018,93 years 09 months,605000.0
2024-01-01,WOODLANDS,4 ROOM,762,WOODLANDS AVE 6,07 TO 09,103.0,Model A,1998,73 years 01 month,490000.0
2024-01-01,WOODLANDS,4 ROOM,758,WOODLANDS AVE 6,01 TO 03,103.0,Model A,1998,73 years 01 month,480000.0
2024-01-01,WOODLANDS,4 ROOM,680,WOODLANDS AVE 6,01 TO 03,101.0,Model A,1998,73 years 07 months,515888.0
2024-01-01,WOODLANDS,4 ROOM,693C,WOODLANDS AVE 6,07 TO 09,93.0,Model A,2018,93 years 08 months,590000.0
2024-01-01,WOODLANDS,4 ROOM,876,WOODLANDS AVE 9,07 TO 09,105.0,Model A,1996,71 years 06 months,482888.0
2024-01-01,WOODLANDS,4 ROOM,734,WOODLANDS CIRCLE,01 TO 03,101.0,Model A,1998,73 years 01 month,490888.0
2024-01-01,WOODLANDS,4 ROOM,737,WOODLANDS CIRCLE,01 TO 03,91.0,Model A2,1998,73 years 02 months,470000.0
2024-01-01,WOODLANDS,4 ROOM,729,WOODLANDS CIRCLE,04 TO 06,100.0,Model A2,1997,72 years 11 months,520000.0
2024-01-01,WOODLANDS,4 ROOM,780E,WOODLANDS CRES,07 TO 09,92.0,Model A,2015,90 years 07 months,518000.0
2024-01-01,WOODLANDS,4 ROOM,775,WOODLANDS CRES,01 TO 03,93.0,Model A2,1997,72 years 09 months,478000.0
2024-01-01,WOODLANDS,4 ROOM,526,WOODLANDS DR 14,10 TO 12,104.0,Premium Apartment,2000,75 years 03 months,540000.0
2024-01-01,WOODLANDS,4 ROOM,508,WOODLANDS DR 14,07 TO 09,101.0,Model A,1999,74 years 01 month,535000.0
2024-01-01,WOODLANDS,4 ROOM,533,WOODLANDS DR 14,10 TO 12,104.0,Premium Apartment,1999,74 years 08 months,555000.0
2024-01-01,WOODLANDS,4 ROOM,508,WOODLANDS DR 14,01 TO 03,101.0,Model A,1999,74 years 01 month,510000.0
2024-01-01,WOODLANDS,4 ROOM,531,WOODLANDS DR 14,01 TO 03,106.0,Premium Apartment,1999,74 years 07 months,515000.0
2024-01-01,WOODLANDS,4 ROOM,533,WOODLANDS DR 14,10 TO 12,104.0,Premium Apartment,1999,74 years 11 months,530000.0
2024-01-01,WOODLANDS,4 ROOM,508,WOODLANDS DR 14,01 TO 03,101.0,Model A,1999,74 years,520000.0
2024-01-01,WOODLANDS,4 ROOM,535,WOODLANDS DR 14,01 TO 03,106.0,Premium Apartment,1999,74 years 07 months,530000.0
2024-01-01,WOODLANDS,4 ROOM,574A,WOODLANDS DR 16,10 TO 12,93.0,Model A,2018,93 years 06 months,608000.0
2024-01-01,WOODLANDS,4 ROOM,573A,WOODLANDS DR 16,04 TO 06,93.0,Model A,2018,93 years 06 months,578888.0
2024-01-01,WOODLANDS,4 ROOM,577,WOODLANDS DR 16,10 TO 12,91.0,Model A,2000,75 years 10 months,495888.0
2024-01-01,WOODLANDS,4 ROOM,541,WOODLANDS DR 16,07 TO 09,101.0,Model A,2000,75 years 05 months,526888.0
2024-01-01,WOODLANDS,4 ROOM,542,WOODLANDS DR 16,10 TO 12,101.0,Model A,2000,75 years 04 months,520000.0
2024-01-01,WOODLANDS,4 ROOM,897A,WOODLANDS DR 50,01 TO 03,100.0,Model A,1997,72 years 09 months,485000.0
2024-01-01,WOODLANDS,4 ROOM,890B,WOODLANDS DR 50,13 TO 15,93.0,Model A,2017,92 years 07 months,594000.0
2024-01-01,WOODLANDS,4 ROOM,887A,WOODLANDS DR 50,10 TO 12,92.0,Premium Apartment,2015,90 years 03 months,588888.0
2024-01-01,WOODLANDS,4 ROOM,886B,WOODLANDS DR 50,13 TO 15,92.0,Premium Apartment,2015,90 years 02 months,640000.0
2024-01-01,WOODLANDS,4 ROOM,897A,WOODLANDS DR 50,01 TO 03,97.0,Model A,1997,72 years 09 months,480000.0
2024-01-01,WOODLANDS,4 ROOM,889A,WOODLANDS DR 50,01 TO 03,93.0,Model A,2017,92 years 07 months,505000.0
2024-01-01,WOODLANDS,4 ROOM,889A,WOODLANDS DR 50,01 TO 03,93.0,Model A,2017,92 years 07 months,540000.0
2024-01-01,WOODLANDS,4 ROOM,886B,WOODLANDS DR 50,10 TO 12,92.0,Premium Apartment,2015,90 years 02 months,600000.0
2024-01-01,WOODLANDS,4 ROOM,889A,WOODLANDS DR 50,04 TO 06,93.0,Model A,2017,92 years 07 months,555000.0
2024-01-01,WOODLANDS,4 ROOM,898B,WOODLANDS DR 50,07 TO 09,100.0,Model A,1997,72 years 06 months,570000.0
2024-01-01,WOODLANDS,4 ROOM,622,WOODLANDS DR 52,07 TO 09,102.0,Model A,1998,73 years 08 months,500000.0
2024-01-01,WOODLANDS,4 ROOM,620,WOODLANDS DR 52,07 TO 09,96.0,Model A2,1998,73 years 07 months,505000.0
2024-01-01,WOODLANDS,4 ROOM,620,WOODLANDS DR 52,07 TO 09,95.0,Model A2,1998,73 years 07 months,490000.0
2024-01-01,WOODLANDS,4 ROOM,557,WOODLANDS DR 53,10 TO 12,102.0,Model A,1999,75 years,500000.0
2024-01-01,WOODLANDS,4 ROOM,778,WOODLANDS DR 60,04 TO 06,100.0,Model A,1997,73 years,472800.0
2024-01-01,WOODLANDS,4 ROOM,716,WOODLANDS DR 70,07 TO 09,100.0,Model A,1997,72 years 05 months,555000.0
2024-01-01,WOODLANDS,4 ROOM,682C,WOODLANDS DR 73,10 TO 12,105.0,Premium Apartment,2000,75 years 02 months,548000.0
2024-01-01,WOODLANDS,4 ROOM,684A,WOODLANDS DR 73,04 TO 06,105.0,Premium Apartment,2000,75 years 02 months,518000.0
2024-01-01,WOODLANDS,4 ROOM,691A,WOODLANDS DR 73,13 TO 15,93.0,Model A,2018,93 years 06 months,595000.0
2024-01-01,WOODLANDS,4 ROOM,691B,WOODLANDS DR 73,07 TO 09,93.0,Model A,2018,93 years 05 months,575000.0
2024-01-01,WOODLANDS,4 ROOM,690F,WOODLANDS DR 75,04 TO 06,90.0,Premium Apartment,2004,79 years,480000.0
2024-01-01,WOODLANDS,4 ROOM,689F,WOODLANDS DR 75,10 TO 12,90.0,Premium Apartment,2004,79 years,505000.0
2024-01-01,WOODLANDS,4 ROOM,611,WOODLANDS RING RD,10 TO 12,102.0,Model A,1998,73 years 03 months,496000.0
2024-01-01,WOODLANDS,4 ROOM,662,WOODLANDS RING RD,01 TO 03,100.0,Model A,1998,73 years 02 months,485000.0
2024-01-01,WOODLANDS,4 ROOM,609,WOODLANDS RING RD,10 TO 12,101.0,Model A,1998,73 years 07 months,540888.0
2024-01-01,WOODLANDS,4 ROOM,649,WOODLANDS RING RD,10 TO 12,100.0,Model A,1998,73 years 06 months,541000.0
2024-01-01,WOODLANDS,4 ROOM,661,WOODLANDS RING RD,04 TO 06,100.0,Model A,1998,73 years 02 months,480000.0
2024-01-01,WOODLANDS,4 ROOM,628B,WOODLANDS RING RD,07 TO 09,102.0,Model A,1998,73 years 10 months,490000.0
2024-01-01,WOODLANDS,4 ROOM,669,WOODLANDS RING RD,04 TO 06,85.0,Model A2,2000,75 years 10 months,508000.0
2024-01-01,WOODLANDS,4 ROOM,783A,WOODLANDS RISE,01 TO 03,93.0,Model A,2018,93 years 07 months,528000.0
2024-01-01,WOODLANDS,4 ROOM,171,WOODLANDS ST 11,04 TO 06,96.0,New Generation,1985,61 years,472000.0
2024-01-01,WOODLANDS,4 ROOM,183C,WOODLANDS ST 13,07 TO 09,93.0,Model A,2019,94 years 10 months,584888.0
2024-01-01,WOODLANDS,4 ROOM,185B,WOODLANDS ST 13,07 TO 09,93.0,Model A,2019,94 years 10 months,585000.0
2024-01-01,WOODLANDS,4 ROOM,154,WOODLANDS ST 13,07 TO 09,91.0,New Generation,1986,61 years 09 months,440000.0
2024-01-01,WOODLANDS,4 ROOM,113,WOODLANDS ST 13,10 TO 12,93.0,New Generation,1987,62 years 03 months,469288.0
2024-01-01,WOODLANDS,4 ROOM,185B,WOODLANDS ST 13,07 TO 09,93.0,Model A,2019,94 years 10 months,610000.0
2024-01-01,WOODLANDS,4 ROOM,184A,WOODLANDS ST 13,07 TO 09,93.0,Model A,2019,94 years 10 months,595000.0
2024-01-01,WOODLANDS,4 ROOM,158,WOODLANDS ST 13,04 TO 06,103.0,Model A,1990,65 years 05 months,480000.0
2024-01-01,WOODLANDS,4 ROOM,185C,WOODLANDS ST 13,16 TO 18,93.0,Model A,2019,94 years 10 months,624000.0
2024-01-01,WOODLANDS,4 ROOM,184A,WOODLANDS ST 13,01 TO 03,93.0,Model A,2019,94 years 10 months,565000.0
2024-01-01,WOODLANDS,4 ROOM,110,WOODLANDS ST 13,10 TO 12,91.0,New Generation,1987,62 years 01 month,458000.0
2024-01-01,WOODLANDS,4 ROOM,318,WOODLANDS ST 31,07 TO 09,119.0,Model A,1993,69 years 01 month,590000.0
2024-01-01,WOODLANDS,4 ROOM,436,WOODLANDS ST 41,04 TO 06,84.0,Simplified,1996,71 years 08 months,430000.0
2024-01-01,WOODLANDS,4 ROOM,424,WOODLANDS ST 41,01 TO 03,100.0,Model A,1997,72 years 04 months,500000.0
2024-01-01,WOODLANDS,4 ROOM,824,WOODLANDS ST 81,04 TO 06,84.0,Simplified,1989,64 years 10 months,485000.0
2024-01-01,WOODLANDS,4 ROOM,801,WOODLANDS ST 81,07 TO 09,83.0,Simplified,1989,64 years 10 months,435000.0
2024-01-01,WOODLANDS,4 ROOM,825,WOODLANDS ST 81,01 TO 03,84.0,Simplified,1990,65 years 07 months,450000.0
2024-01-01,WOODLANDS,4 ROOM,853,WOODLANDS ST 83,10 TO 12,104.0,Model A,1993,68 years 08 months,528888.0
2024-01-01,WOODLANDS,5 ROOM,11,MARSILING DR,01 TO 03,126.0,Standard,1976,51 years 06 months,482000.0
2024-01-01,WOODLANDS,5 ROOM,570C,WOODLANDS AVE 1,07 TO 09,112.0,Improved,2013,88 years 11 months,660000.0
2024-01-01,WOODLANDS,5 ROOM,756,WOODLANDS AVE 4,01 TO 03,121.0,Improved,1998,73 years 02 months,575000.0
2024-01-01,WOODLANDS,5 ROOM,364,WOODLANDS AVE 5,07 TO 09,120.0,Improved,1996,71 years 06 months,670000.0
2024-01-01,WOODLANDS,5 ROOM,364,WOODLANDS AVE 5,10 TO 12,124.0,Improved,1996,71 years 06 months,690000.0
2024-01-01,WOODLANDS,5 ROOM,758,WOODLANDS AVE 6,10 TO 12,123.0,Improved,1998,73 years 03 months,610000.0
2024-01-01,WOODLANDS,5 ROOM,763,WOODLANDS AVE 6,04 TO 06,121.0,Improved,1998,73 years 04 months,585000.0
2024-01-01,WOODLANDS,5 ROOM,719,WOODLANDS AVE 6,10 TO 12,122.0,Improved,1997,72 years 05 months,640000.0
2024-01-01,WOODLANDS,5 ROOM,791,WOODLANDS AVE 6,10 TO 12,121.0,Improved,1997,72 years 11 months,660000.0
2024-01-01,WOODLANDS,5 ROOM,741,WOODLANDS CIRCLE,04 TO 06,122.0,Improved,1997,72 years 09 months,550000.0
2024-01-01,WOODLANDS,5 ROOM,777,WOODLANDS CRES,01 TO 03,123.0,Improved,1998,73 years 01 month,565000.0
2024-01-01,WOODLANDS,5 ROOM,782A,WOODLANDS CRES,10 TO 12,112.0,Improved,2015,90 years 06 months,620000.0
2024-01-01,WOODLANDS,5 ROOM,787D,WOODLANDS CRES,04 TO 06,122.0,Improved,1997,72 years 08 months,600000.0
2024-01-01,WOODLANDS,5 ROOM,535,WOODLANDS DR 14,04 TO 06,126.0,Premium Apartment,1999,74 years 08 months,625000.0
2024-01-01,WOODLANDS,5 ROOM,547,WOODLANDS DR 16,10 TO 12,115.0,Improved,2000,75 years 09 months,613000.0
2024-01-01,WOODLANDS,5 ROOM,585,WOODLANDS DR 16,10 TO 12,111.0,Improved,2001,76 years 10 months,598000.0
2024-01-01,WOODLANDS,5 ROOM,589,WOODLANDS DR 16,07 TO 09,111.0,Improved,2001,76 years 04 months,597000.0
2024-01-01,WOODLANDS,5 ROOM,585,WOODLANDS DR 16,04 TO 06,111.0,Improved,2001,76 years 09 months,550000.0
2024-01-01,WOODLANDS,5 ROOM,701,WOODLANDS DR 40,10 TO 12,118.0,Improved,1996,71 years 10 months,628000.0
2024-01-01,WOODLANDS,5 ROOM,897C,WOODLANDS DR 50,10 TO 12,118.0,Improved,1997,72 years 07 months,605000.0
2024-01-01,WOODLANDS,5 ROOM,621,WOODLANDS DR 52,10 TO 12,122.0,Improved,1998,73 years 06 months,585000.0
2024-01-01,WOODLANDS,5 ROOM,621,WOODLANDS DR 52,07 TO 09,122.0,Improved,1998,73 years 06 months,584000.0
2024-01-01,WOODLANDS,5 ROOM,683A,WOODLANDS DR 62,13 TO 15,123.0,Premium Apartment,2000,75 years 02 months,645888.0
2024-01-01,WOODLANDS,5 ROOM,682B,WOODLANDS DR 62,01 TO 03,125.0,Premium Apartment,2000,75 years 02 months,669000.0
2024-01-01,WOODLANDS,5 ROOM,715,WOODLANDS DR 70,04 TO 06,122.0,Improved,1997,72 years 05 months,655000.0
2024-01-01,WOODLANDS,5 ROOM,709,WOODLANDS DR 70,07 TO 09,118.0,Improved,1996,71 years 11 months,630000.0
2024-01-01,WOODLANDS,5 ROOM,795,WOODLANDS DR 72,04 TO 06,123.0,Improved,1998,73 years 01 month,612000.0
2024-01-01,WOODLANDS,5 ROOM,691C,WOODLANDS DR 73,10 TO 12,113.0,Improved,2018,93 years 07 months,700000.0
2024-01-01,WOODLANDS,5 ROOM,691D,WOODLANDS DR 73,01 TO 03,113.0,Improved,2018,93 years 06 months,690000.0
2024-01-01,WOODLANDS,5 ROOM,686C,WOODLANDS DR 73,01 TO 03,115.0,Premium Apartment,2003,78 years 01 month,530000.0
2024-01-01,WOODLANDS,5 ROOM,691D,WOODLANDS DR 73,07 TO 09,113.0,Improved,2018,93 years 05 months,700000.0
2024-01-01,WOODLANDS,5 ROOM,689A,WOODLANDS DR 75,13 TO 15,110.0,Premium Apartment,2004,79 years 03 months,548000.0
2024-01-01,WOODLANDS,5 ROOM,687A,WOODLANDS DR 75,10 TO 12,114.0,Premium Apartment,2003,78 years,580000.0
2024-01-01,WOODLANDS,5 ROOM,688A,WOODLANDS DR 75,04 TO 06,110.0,Premium Apartment,2004,79 years 02 months,540000.0
2024-01-01,WOODLANDS,5 ROOM,690F,WOODLANDS DR 75,04 TO 06,110.0,Premium Apartment,2004,79 years 01 month,557000.0
2024-01-01,WOODLANDS,5 ROOM,644,WOODLANDS RING RD,04 TO 06,121.0,Improved,1998,73 years 07 months,610000.0
2024-01-01,WOODLANDS,5 ROOM,664,WOODLANDS RING RD,04 TO 06,121.0,Improved,1998,73 years 03 months,610000.0
2024-01-01,WOODLANDS,5 ROOM,783A,WOODLANDS RISE,04 TO 06,113.0,Improved,2018,93 years 08 months,618000.0
2024-01-01,WOODLANDS,5 ROOM,783A,WOODLANDS RISE,07 TO 09,113.0,Improved,2018,93 years 07 months,640000.0
2024-01-01,WOODLANDS,5 ROOM,165,WOODLANDS ST 13,10 TO 12,121.0,Improved,1985,60 years 07 months,620000.0
2024-01-01,WOODLANDS,5 ROOM,183A,WOODLANDS ST 13,13 TO 15,113.0,Improved,2019,94 years 10 months,743000.0
2024-01-01,WOODLANDS,5 ROOM,184A,WOODLANDS ST 13,22 TO 24,113.0,Improved,2019,94 years 10 months,770000.0
2024-01-01,WOODLANDS,5 ROOM,184A,WOODLANDS ST 13,01 TO 03,113.0,Improved,2019,94 years 10 months,708000.0
2024-01-01,WOODLANDS,5 ROOM,183B,WOODLANDS ST 13,13 TO 15,113.0,Improved,2019,94 years 10 months,732000.0
2024-01-01,WOODLANDS,5 ROOM,183C,WOODLANDS ST 13,07 TO 09,113.0,Improved,2019,94 years 10 months,710000.0
2024-01-01,WOODLANDS,5 ROOM,182B,WOODLANDS ST 13,25 TO 27,113.0,Improved,2019,94 years 10 months,765000.0
2024-01-01,WOODLANDS,5 ROOM,182B,WOODLANDS ST 13,16 TO 18,113.0,Improved,2019,94 years 10 months,760000.0
2024-01-01,WOODLANDS,5 ROOM,183B,WOODLANDS ST 13,04 TO 06,113.0,Improved,2019,94 years 10 months,685000.0
2024-01-01,WOODLANDS,5 ROOM,184A,WOODLANDS ST 13,01 TO 03,113.0,Improved,2019,94 years 09 months,680000.0
2024-01-01,WOODLANDS,5 ROOM,174,WOODLANDS ST 13,07 TO 09,137.0,Model A,1993,68 years 08 months,700000.0
2024-01-01,WOODLANDS,5 ROOM,183B,WOODLANDS ST 13,04 TO 06,113.0,Improved,2019,94 years 09 months,720000.0
2024-01-01,WOODLANDS,5 ROOM,184A,WOODLANDS ST 13,19 TO 21,113.0,Improved,2019,94 years 09 months,780000.0
2024-01-01,WOODLANDS,5 ROOM,175,WOODLANDS ST 13,01 TO 03,137.0,Model A,1993,68 years 07 months,615000.0
2024-01-01,WOODLANDS,5 ROOM,183A,WOODLANDS ST 13,16 TO 18,113.0,Improved,2019,94 years 09 months,765000.0
2024-01-01,WOODLANDS,5 ROOM,318,WOODLANDS ST 31,10 TO 12,130.0,Improved,1993,69 years,630000.0
2024-01-01,WOODLANDS,5 ROOM,879,WOODLANDS ST 82,01 TO 03,125.0,Improved,1996,71 years 05 months,555000.0
2024-01-01,WOODLANDS,5 ROOM,851,WOODLANDS ST 83,07 TO 09,126.0,Improved,1996,71 years 05 months,645000.0
2024-01-01,WOODLANDS,5 ROOM,862,WOODLANDS ST 83,04 TO 06,129.0,Improved,1996,71 years 03 months,680000.0
2024-01-01,WOODLANDS,EXECUTIVE,142,MARSILING RD,04 TO 06,158.0,Apartment,1995,70 years 04 months,750000.0
2024-01-01,WOODLANDS,EXECUTIVE,138,MARSILING RD,07 TO 09,170.0,Apartment,1995,70 years 04 months,900000.0
2024-01-01,WOODLANDS,EXECUTIVE,339,WOODLANDS AVE 1,10 TO 12,177.0,Apartment,1995,70 years 07 months,933000.0
2024-01-01,WOODLANDS,EXECUTIVE,331,WOODLANDS AVE 1,04 TO 06,192.0,Apartment,1994,69 years 02 months,930000.0
2024-01-01,WOODLANDS,EXECUTIVE,788C,WOODLANDS CRES,01 TO 03,143.0,Maisonette,1999,74 years 05 months,790000.0
2024-01-01,WOODLANDS,EXECUTIVE,587,WOODLANDS DR 16,10 TO 12,131.0,Apartment,2001,76 years 07 months,750000.0
2024-01-01,WOODLANDS,EXECUTIVE,893D,WOODLANDS DR 50,10 TO 12,145.0,Maisonette,1996,71 years 10 months,850000.0
2024-01-01,WOODLANDS,EXECUTIVE,893D,WOODLANDS DR 50,04 TO 06,144.0,Maisonette,1996,71 years 09 months,896000.0
2024-01-01,WOODLANDS,EXECUTIVE,681B,WOODLANDS DR 62,10 TO 12,143.0,Premium Apartment,2000,75 years 02 months,855000.0
2024-01-01,WOODLANDS,EXECUTIVE,798,WOODLANDS DR 72,01 TO 03,143.0,Apartment,1997,72 years 10 months,710000.0
2024-01-01,WOODLANDS,EXECUTIVE,647,WOODLANDS RING RD,04 TO 06,144.0,Maisonette,1998,73 years 08 months,808000.0
2024-01-01,WOODLANDS,EXECUTIVE,635,WOODLANDS RING RD,04 TO 06,141.0,Apartment,1999,74 years 09 months,750000.0
2024-01-01,WOODLANDS,EXECUTIVE,648,WOODLANDS RING RD,07 TO 09,141.0,Apartment,1998,73 years 08 months,845000.0
2024-01-01,WOODLANDS,EXECUTIVE,827,WOODLANDS ST 81,07 TO 09,145.0,Maisonette,1996,71 years 07 months,850000.0
2024-01-01,WOODLANDS,EXECUTIVE,847,WOODLANDS ST 82,01 TO 03,176.0,Apartment,1995,70 years 02 months,1000000.0
2024-01-01,WOODLANDS,EXECUTIVE,835,WOODLANDS ST 83,10 TO 12,176.0,Apartment,1994,69 years 04 months,978000.0
2024-01-01,WOODLANDS,EXECUTIVE,865,WOODLANDS ST 83,01 TO 03,147.0,Apartment,1996,71 years 03 months,758000.0
2024-01-01,YISHUN,2 ROOM,459,YISHUN AVE 11,04 TO 06,48.0,Model A,2013,88 years 08 months,315000.0
2024-01-01,YISHUN,2 ROOM,675A,YISHUN AVE 4,07 TO 09,38.0,Model A,2018,93 years 11 months,330000.0
2024-01-01,YISHUN,2 ROOM,462C,YISHUN AVE 6,07 TO 09,47.0,Model A,2019,94 years 08 months,333000.0
2024-01-01,YISHUN,2 ROOM,462B,YISHUN AVE 6,13 TO 15,38.0,Model A,2019,94 years 07 months,340000.0
2024-01-01,YISHUN,2 ROOM,448,YISHUN RING RD,10 TO 12,47.0,Model A,2012,87 years 08 months,330000.0
2024-01-01,YISHUN,2 ROOM,469A,YISHUN ST 43,07 TO 09,47.0,Model A,2019,94 years 11 months,330000.0
2024-01-01,YISHUN,2 ROOM,469A,YISHUN ST 43,13 TO 15,47.0,Model A,2019,95 years,335000.0
2024-01-01,YISHUN,3 ROOM,656,YISHUN AVE 4,01 TO 03,64.0,Simplified,1987,62 years 06 months,375000.0
2024-01-01,YISHUN,3 ROOM,675D,YISHUN AVE 4,07 TO 09,68.0,Model A,2018,94 years,442000.0
2024-01-01,YISHUN,3 ROOM,675D,YISHUN AVE 4,04 TO 06,68.0,Model A,2018,94 years,432000.0
2024-01-01,YISHUN,3 ROOM,506B,YISHUN AVE 4,04 TO 06,68.0,Model A,2018,93 years 05 months,425000.0
2024-01-01,YISHUN,3 ROOM,675D,YISHUN AVE 4,07 TO 09,68.0,Model A,2018,93 years 10 months,455000.0
2024-01-01,YISHUN,3 ROOM,706,YISHUN AVE 5,10 TO 12,82.0,New Generation,1984,59 years 01 month,380000.0
2024-01-01,YISHUN,3 ROOM,708,YISHUN AVE 5,01 TO 03,67.0,New Generation,1984,59 years 06 months,380000.0
2024-01-01,YISHUN,3 ROOM,702,YISHUN AVE 5,04 TO 06,67.0,New Generation,1984,59 years 06 months,380000.0
2024-01-01,YISHUN,3 ROOM,739,YISHUN AVE 5,04 TO 06,67.0,New Generation,1985,60 years 07 months,405000.0
2024-01-01,YISHUN,3 ROOM,739,YISHUN AVE 5,10 TO 12,67.0,New Generation,1985,60 years 07 months,403800.0
2024-01-01,YISHUN,3 ROOM,462B,YISHUN AVE 6,07 TO 09,68.0,Model A,2019,94 years 08 months,440000.0
2024-01-01,YISHUN,3 ROOM,462B,YISHUN AVE 6,04 TO 06,68.0,Model A,2019,94 years 08 months,440000.0
2024-01-01,YISHUN,3 ROOM,462A,YISHUN AVE 6,01 TO 03,68.0,Model A,2019,94 years 08 months,442000.0
2024-01-01,YISHUN,3 ROOM,462B,YISHUN AVE 6,10 TO 12,68.0,Model A,2019,94 years 07 months,460000.0
2024-01-01,YISHUN,3 ROOM,320,YISHUN CTRL,01 TO 03,74.0,Model A,1988,63 years 03 months,390000.0
2024-01-01,YISHUN,3 ROOM,114,YISHUN RING RD,04 TO 06,74.0,Model A,1983,58 years 07 months,357000.0
2024-01-01,YISHUN,3 ROOM,140,YISHUN RING RD,01 TO 03,68.0,New Generation,1985,60 years 04 months,385000.0
2024-01-01,YISHUN,3 ROOM,114,YISHUN RING RD,04 TO 06,74.0,Model A,1983,58 years 07 months,355000.0
2024-01-01,YISHUN,3 ROOM,115,YISHUN RING RD,01 TO 03,74.0,Model A,1983,58 years 08 months,375000.0
2024-01-01,YISHUN,3 ROOM,783,YISHUN RING RD,04 TO 06,74.0,Model A,1987,62 years 05 months,403000.0
2024-01-01,YISHUN,3 ROOM,813A,YISHUN RING RD,01 TO 03,67.0,Model A,2018,93 years 05 months,472000.0
2024-01-01,YISHUN,3 ROOM,137,YISHUN RING RD,10 TO 12,68.0,New Generation,1985,60 years 02 months,393000.0
2024-01-01,YISHUN,3 ROOM,813B,YISHUN RING RD,01 TO 03,67.0,Model A,2018,93 years 06 months,500000.0
2024-01-01,YISHUN,3 ROOM,140,YISHUN RING RD,04 TO 06,68.0,New Generation,1985,60 years 04 months,420000.0
2024-01-01,YISHUN,3 ROOM,138,YISHUN RING RD,04 TO 06,68.0,New Generation,1984,59 years 09 months,398000.0
2024-01-01,YISHUN,3 ROOM,106,YISHUN RING RD,04 TO 06,82.0,New Generation,1978,53 years 01 month,400000.0
2024-01-01,YISHUN,3 ROOM,236,YISHUN RING RD,07 TO 09,67.0,New Generation,1985,60 years 09 months,400000.0
2024-01-01,YISHUN,3 ROOM,141,YISHUN RING RD,01 TO 03,68.0,New Generation,1984,59 years 11 months,366000.0
2024-01-01,YISHUN,3 ROOM,813B,YISHUN RING RD,07 TO 09,67.0,Model A,2018,93 years 05 months,545000.0
2024-01-01,YISHUN,3 ROOM,114,YISHUN RING RD,04 TO 06,74.0,Model A,1983,58 years 07 months,366000.0
2024-01-01,YISHUN,3 ROOM,243,YISHUN RING RD,07 TO 09,64.0,Simplified,1985,60 years 08 months,370888.0
2024-01-01,YISHUN,3 ROOM,813A,YISHUN RING RD,07 TO 09,67.0,Model A,2018,93 years 04 months,550000.0
2024-01-01,YISHUN,3 ROOM,126,YISHUN ST 11,04 TO 06,67.0,New Generation,1984,59 years 10 months,385000.0
2024-01-01,YISHUN,3 ROOM,225,YISHUN ST 21,07 TO 09,67.0,New Generation,1985,61 years,391000.0
2024-01-01,YISHUN,3 ROOM,226,YISHUN ST 21,01 TO 03,73.0,New Generation,1985,60 years 09 months,400000.0
2024-01-01,YISHUN,3 ROOM,217,YISHUN ST 21,04 TO 06,68.0,New Generation,1985,60 years 09 months,386000.0
2024-01-01,YISHUN,3 ROOM,234,YISHUN ST 21,04 TO 06,67.0,New Generation,1985,60 years 10 months,362000.0
2024-01-01,YISHUN,3 ROOM,335A,YISHUN ST 31,13 TO 15,67.0,Model A,2015,90 years 11 months,432000.0
2024-01-01,YISHUN,3 ROOM,335B,YISHUN ST 31,07 TO 09,67.0,Model A,2015,90 years 10 months,425000.0
2024-01-01,YISHUN,3 ROOM,468A,YISHUN ST 43,10 TO 12,67.0,Model A,2019,94 years 11 months,430000.0
2024-01-01,YISHUN,3 ROOM,513A,YISHUN ST 51,04 TO 06,68.0,Model A,2018,93 years 02 months,500888.0
2024-01-01,YISHUN,3 ROOM,502A,YISHUN ST 51,07 TO 09,67.0,Model A,2018,93 years 01 month,438000.0
2024-01-01,YISHUN,3 ROOM,511A,YISHUN ST 51,01 TO 03,68.0,Model A,2017,92 years 07 months,435000.0
2024-01-01,YISHUN,3 ROOM,725,YISHUN ST 71,10 TO 12,64.0,Simplified,1987,62 years 11 months,396000.0
2024-01-01,YISHUN,3 ROOM,745,YISHUN ST 72,04 TO 06,82.0,New Generation,1985,60 years 01 month,426000.0
2024-01-01,YISHUN,3 ROOM,822,YISHUN ST 81,04 TO 06,64.0,Simplified,1992,67 years 06 months,388000.0
2024-01-01,YISHUN,3 ROOM,823,YISHUN ST 81,01 TO 03,64.0,Simplified,1992,67 years 06 months,395000.0
2024-01-01,YISHUN,4 ROOM,432B,YISHUN AVE 1,07 TO 09,92.0,Model A,2015,90 years 09 months,540000.0
2024-01-01,YISHUN,4 ROOM,458,YISHUN AVE 11,04 TO 06,93.0,Model A,2013,88 years 08 months,520000.0
2024-01-01,YISHUN,4 ROOM,348B,YISHUN AVE 11,13 TO 15,92.0,DBSS,2013,88 years 10 months,738000.0
2024-01-01,YISHUN,4 ROOM,350,YISHUN AVE 11,07 TO 09,103.0,Model A,1988,63 years 08 months,530000.0
2024-01-01,YISHUN,4 ROOM,348A,YISHUN AVE 11,13 TO 15,92.0,DBSS,2013,88 years 10 months,735000.0
2024-01-01,YISHUN,4 ROOM,350,YISHUN AVE 11,01 TO 03,103.0,Model A,1988,63 years 08 months,470000.0
2024-01-01,YISHUN,4 ROOM,430A,YISHUN AVE 11,07 TO 09,92.0,Model A,2015,91 years,552000.0
2024-01-01,YISHUN,4 ROOM,424D,YISHUN AVE 11,10 TO 12,92.0,Model A,2015,91 years,540000.0
2024-01-01,YISHUN,4 ROOM,440,YISHUN AVE 11,10 TO 12,104.0,Model A,1988,63 years 11 months,520000.0
2024-01-01,YISHUN,4 ROOM,429B,YISHUN AVE 11,07 TO 09,92.0,Model A,2015,91 years,535000.0
2024-01-01,YISHUN,4 ROOM,424C,YISHUN AVE 11,01 TO 03,92.0,Model A,2015,91 years,498000.0
2024-01-01,YISHUN,4 ROOM,774,YISHUN AVE 3,01 TO 03,89.0,Simplified,1987,62 years 02 months,445000.0
2024-01-01,YISHUN,4 ROOM,770,YISHUN AVE 3,01 TO 03,89.0,Simplified,1986,61 years 08 months,530000.0
2024-01-01,YISHUN,4 ROOM,673C,YISHUN AVE 4,04 TO 06,93.0,Model A,2018,93 years 11 months,565000.0
2024-01-01,YISHUN,4 ROOM,673A,YISHUN AVE 4,01 TO 03,93.0,Model A,2018,93 years 11 months,538888.0
2024-01-01,YISHUN,4 ROOM,506A,YISHUN AVE 4,04 TO 06,93.0,Model A,2018,93 years 04 months,530000.0
2024-01-01,YISHUN,4 ROOM,672C,YISHUN AVE 4,01 TO 03,93.0,Model A,2018,93 years 01 month,530000.0
2024-01-01,YISHUN,4 ROOM,506B,YISHUN AVE 4,01 TO 03,93.0,Model A,2018,93 years 04 months,510000.0
2024-01-01,YISHUN,4 ROOM,651,YISHUN AVE 4,07 TO 09,103.0,Model A,1987,62 years 08 months,485000.0
2024-01-01,YISHUN,4 ROOM,675D,YISHUN AVE 4,07 TO 09,93.0,Model A,2018,93 years 11 months,598000.0
2024-01-01,YISHUN,4 ROOM,673C,YISHUN AVE 4,01 TO 03,93.0,Model A,2018,93 years 11 months,520000.0
2024-01-01,YISHUN,4 ROOM,506C,YISHUN AVE 4,13 TO 15,93.0,Model A,2018,93 years 04 months,600888.0
2024-01-01,YISHUN,4 ROOM,507A,YISHUN AVE 4,10 TO 12,93.0,Model A,2018,93 years 04 months,600000.0
2024-01-01,YISHUN,4 ROOM,673B,YISHUN AVE 4,07 TO 09,93.0,Model A,2018,93 years 11 months,610000.0
2024-01-01,YISHUN,4 ROOM,508B,YISHUN AVE 4,10 TO 12,93.0,Model A,2018,93 years 04 months,610000.0
2024-01-01,YISHUN,4 ROOM,509B,YISHUN AVE 4,10 TO 12,93.0,Model A,2018,93 years 03 months,565000.0
2024-01-01,YISHUN,4 ROOM,462B,YISHUN AVE 6,01 TO 03,93.0,Model A,2019,94 years 08 months,548000.0
2024-01-01,YISHUN,4 ROOM,462D,YISHUN AVE 6,07 TO 09,93.0,Model A,2019,94 years 08 months,565000.0
2024-01-01,YISHUN,4 ROOM,462A,YISHUN AVE 6,04 TO 06,93.0,Model A,2019,94 years 08 months,548000.0
2024-01-01,YISHUN,4 ROOM,462C,YISHUN AVE 6,01 TO 03,93.0,Model A,2019,94 years 08 months,530000.0
2024-01-01,YISHUN,4 ROOM,284,YISHUN AVE 6,04 TO 06,105.0,Model A,1987,62 years 08 months,455000.0
2024-01-01,YISHUN,4 ROOM,462C,YISHUN AVE 6,07 TO 09,93.0,Model A,2019,94 years 08 months,580000.0
2024-01-01,YISHUN,4 ROOM,393,YISHUN AVE 6,01 TO 03,105.0,Model A,1988,63 years 09 months,470000.0
2024-01-01,YISHUN,4 ROOM,433,YISHUN AVE 6,07 TO 09,84.0,Simplified,1988,63 years 08 months,440000.0
2024-01-01,YISHUN,4 ROOM,399,YISHUN AVE 6,10 TO 12,104.0,Model A,1989,64 years 04 months,510000.0
2024-01-01,YISHUN,4 ROOM,462C,YISHUN AVE 6,01 TO 03,93.0,Model A,2019,94 years 08 months,530000.0
2024-01-01,YISHUN,4 ROOM,404,YISHUN AVE 6,10 TO 12,84.0,Simplified,1988,63 years 09 months,460000.0
2024-01-01,YISHUN,4 ROOM,462C,YISHUN AVE 6,13 TO 15,93.0,Model A,2019,94 years 08 months,585000.0
2024-01-01,YISHUN,4 ROOM,462C,YISHUN AVE 6,07 TO 09,93.0,Model A,2019,94 years 08 months,564000.0
2024-01-01,YISHUN,4 ROOM,462A,YISHUN AVE 6,04 TO 06,93.0,Model A,2019,94 years 07 months,560000.0
2024-01-01,YISHUN,4 ROOM,433,YISHUN AVE 6,10 TO 12,84.0,Simplified,1988,63 years 07 months,440000.0
2024-01-01,YISHUN,4 ROOM,174,YISHUN AVE 7,10 TO 12,83.0,Simplified,1987,62 years 11 months,425000.0
2024-01-01,YISHUN,4 ROOM,315A,YISHUN AVE 9,13 TO 15,92.0,Model A,2015,90 years 10 months,605000.0
2024-01-01,YISHUN,4 ROOM,246,YISHUN AVE 9,01 TO 03,84.0,Simplified,1985,60 years 03 months,405000.0
2024-01-01,YISHUN,4 ROOM,449,YISHUN RING RD,04 TO 06,92.0,Model A,2012,87 years 08 months,536000.0
2024-01-01,YISHUN,4 ROOM,450,YISHUN RING RD,07 TO 09,92.0,Model A,2012,87 years 08 months,542000.0
2024-01-01,YISHUN,4 ROOM,342C,YISHUN RING RD,04 TO 06,93.0,Premium Apartment,2016,91 years 01 month,564000.0
2024-01-01,YISHUN,4 ROOM,448,YISHUN RING RD,04 TO 06,92.0,Model A,2012,87 years 08 months,522000.0
2024-01-01,YISHUN,4 ROOM,140,YISHUN RING RD,01 TO 03,93.0,New Generation,1985,60 years 04 months,465000.0
2024-01-01,YISHUN,4 ROOM,252,YISHUN RING RD,01 TO 03,84.0,Simplified,1985,60 years 02 months,415000.0
2024-01-01,YISHUN,4 ROOM,452,YISHUN RING RD,01 TO 03,92.0,Model A,2012,87 years 08 months,485000.0
2024-01-01,YISHUN,4 ROOM,330,YISHUN RING RD,04 TO 06,105.0,Model A,1995,70 years 02 months,510000.0
2024-01-01,YISHUN,4 ROOM,110,YISHUN RING RD,04 TO 06,84.0,Simplified,1986,61 years 02 months,420000.0
2024-01-01,YISHUN,5 ROOM,386,YISHUN RING RD,01 TO 03,122.0,Improved,1988,63 years 06 months,608000.0
2024-01-01,YISHUN,4 ROOM,137,YISHUN RING RD,01 TO 03,93.0,New Generation,1985,60 years 01 month,480000.0
2024-01-01,YISHUN,4 ROOM,244,YISHUN RING RD,04 TO 06,84.0,Simplified,1985,60 years 03 months,435000.0
2024-01-01,YISHUN,4 ROOM,388,YISHUN RING RD,01 TO 03,104.0,Model A,1988,63 years 06 months,528000.0
2024-01-01,YISHUN,4 ROOM,244,YISHUN RING RD,07 TO 09,84.0,Simplified,1985,60 years 02 months,460000.0
2024-01-01,YISHUN,4 ROOM,802,YISHUN RING RD,01 TO 03,105.0,Model A,1987,62 years 11 months,528000.0
2024-01-01,YISHUN,4 ROOM,147,YISHUN ST 11,01 TO 03,93.0,New Generation,1985,60 years 09 months,470000.0
2024-01-01,YISHUN,4 ROOM,216,YISHUN ST 21,10 TO 12,93.0,New Generation,1985,60 years 03 months,508000.0
2024-01-01,YISHUN,4 ROOM,201,YISHUN ST 21,07 TO 09,96.0,New Generation,1985,60 years 05 months,555000.0
2024-01-01,YISHUN,4 ROOM,264,YISHUN ST 22,10 TO 12,104.0,Model A,1986,61 years 07 months,520000.0
2024-01-01,YISHUN,4 ROOM,272,YISHUN ST 22,04 TO 06,84.0,Simplified,1987,62 years 04 months,432000.0
2024-01-01,YISHUN,4 ROOM,275,YISHUN ST 22,01 TO 03,90.0,Simplified,1986,61 years,465000.0
2024-01-01,YISHUN,4 ROOM,333C,YISHUN ST 31,07 TO 09,92.0,Model A,2015,90 years 11 months,550000.0
2024-01-01,YISHUN,4 ROOM,333A,YISHUN ST 31,07 TO 09,92.0,Model A,2015,90 years 11 months,568000.0
2024-01-01,YISHUN,4 ROOM,456,YISHUN ST 41,04 TO 06,93.0,Model A,2013,88 years 08 months,543888.0
2024-01-01,YISHUN,4 ROOM,469B,YISHUN ST 43,07 TO 09,93.0,Model A,2019,94 years 11 months,555000.0
2024-01-01,YISHUN,4 ROOM,468A,YISHUN ST 43,07 TO 09,93.0,Model A,2019,94 years 11 months,585000.0
2024-01-01,YISHUN,4 ROOM,468A,YISHUN ST 43,10 TO 12,93.0,Model A,2019,95 years,590000.0
2024-01-01,YISHUN,4 ROOM,469A,YISHUN ST 43,07 TO 09,93.0,Model A,2019,94 years 11 months,570000.0
2024-01-01,YISHUN,4 ROOM,469A,YISHUN ST 43,04 TO 06,93.0,Model A,2019,94 years 11 months,560000.0
2024-01-01,YISHUN,4 ROOM,469A,YISHUN ST 43,04 TO 06,93.0,Model A,2019,94 years 11 months,540000.0
2024-01-01,YISHUN,4 ROOM,469A,YISHUN ST 43,10 TO 12,93.0,Model A,2019,94 years 10 months,580000.0
2024-01-01,YISHUN,4 ROOM,469B,YISHUN ST 43,01 TO 03,93.0,Model A,2019,94 years 10 months,535000.0
2024-01-01,YISHUN,4 ROOM,468A,YISHUN ST 43,10 TO 12,93.0,Model A,2019,94 years 10 months,581888.0
2024-01-01,YISHUN,4 ROOM,513B,YISHUN ST 51,13 TO 15,93.0,Model A,2018,93 years 02 months,570000.0
2024-01-01,YISHUN,4 ROOM,505A,YISHUN ST 51,07 TO 09,92.0,Model A,2016,91 years 03 months,558888.0
2024-01-01,YISHUN,4 ROOM,502C,YISHUN ST 51,07 TO 09,92.0,Model A,2018,93 years 01 month,560000.0
2024-01-01,YISHUN,4 ROOM,502A,YISHUN ST 51,10 TO 12,92.0,Model A,2018,93 years 01 month,582888.0
2024-01-01,YISHUN,4 ROOM,513A,YISHUN ST 51,01 TO 03,93.0,Model A,2018,93 years 02 months,508000.0
2024-01-01,YISHUN,4 ROOM,502D,YISHUN ST 51,04 TO 06,92.0,Model A,2018,93 years,540000.0
2024-01-01,YISHUN,4 ROOM,512C,YISHUN ST 51,10 TO 12,93.0,Model A,2017,92 years 07 months,538000.0
2024-01-01,YISHUN,4 ROOM,644,YISHUN ST 61,07 TO 09,83.0,Simplified,1988,63 years 06 months,460000.0
2024-01-01,YISHUN,4 ROOM,634,YISHUN ST 61,07 TO 09,84.0,Simplified,1987,62 years 10 months,450000.0
2024-01-01,YISHUN,4 ROOM,636,YISHUN ST 61,01 TO 03,85.0,Simplified,1987,62 years 09 months,420000.0
2024-01-01,YISHUN,4 ROOM,634,YISHUN ST 61,04 TO 06,84.0,Simplified,1987,62 years 10 months,445000.0
2024-01-01,YISHUN,4 ROOM,646,YISHUN ST 61,04 TO 06,84.0,Simplified,1987,62 years 08 months,446000.0
2024-01-01,YISHUN,4 ROOM,715,YISHUN ST 71,04 TO 06,84.0,Simplified,1987,62 years 06 months,450000.0
2024-01-01,YISHUN,4 ROOM,730,YISHUN ST 71,04 TO 06,84.0,Simplified,1987,62 years 01 month,450000.0
2024-01-01,YISHUN,4 ROOM,738,YISHUN ST 72,04 TO 06,91.0,New Generation,1985,60 years 01 month,540000.0
2024-01-01,YISHUN,4 ROOM,757,YISHUN ST 72,10 TO 12,84.0,Simplified,1986,61 years 11 months,488000.0
2024-01-01,YISHUN,4 ROOM,738,YISHUN ST 72,01 TO 03,91.0,New Generation,1985,60 years 01 month,470000.0
2024-01-01,YISHUN,4 ROOM,879,YISHUN ST 81,07 TO 09,84.0,Simplified,1987,62 years 10 months,460000.0
2024-01-01,YISHUN,4 ROOM,850,YISHUN ST 81,04 TO 06,104.0,Model A,1988,63 years 07 months,536000.0
2024-01-01,YISHUN,4 ROOM,868,YISHUN ST 81,07 TO 09,84.0,Simplified,1987,62 years 10 months,475000.0
2024-01-01,YISHUN,4 ROOM,865,YISHUN ST 81,10 TO 12,104.0,Model A,1988,63 years 02 months,540000.0
2024-01-01,YISHUN,5 ROOM,432A,YISHUN AVE 1,04 TO 06,112.0,Improved,2015,90 years 09 months,610000.0
2024-01-01,YISHUN,5 ROOM,350,YISHUN AVE 11,07 TO 09,122.0,Improved,1988,63 years 09 months,620000.0
2024-01-01,YISHUN,5 ROOM,428A,YISHUN AVE 11,01 TO 03,112.0,Improved,2015,90 years 03 months,595000.0
2024-01-01,YISHUN,5 ROOM,673C,YISHUN AVE 4,13 TO 15,112.0,Improved,2018,93 years 11 months,740000.0
2024-01-01,YISHUN,5 ROOM,666A,YISHUN AVE 4,01 TO 03,121.0,Improved,1987,62 years 03 months,610000.0
2024-01-01,YISHUN,5 ROOM,506A,YISHUN AVE 4,07 TO 09,113.0,Improved,2018,93 years 03 months,688000.0
2024-01-01,YISHUN,5 ROOM,864,YISHUN AVE 4,04 TO 06,127.0,Improved,1988,63 years 06 months,622888.0
2024-01-01,YISHUN,5 ROOM,674B,YISHUN AVE 4,01 TO 03,112.0,Improved,2018,93 years 11 months,646000.0
2024-01-01,YISHUN,5 ROOM,733,YISHUN AVE 5,04 TO 06,121.0,Improved,1984,59 years 09 months,588888.0
2024-01-01,YISHUN,5 ROOM,288,YISHUN AVE 6,01 TO 03,122.0,Improved,1987,62 years 07 months,590000.0
2024-01-01,YISHUN,5 ROOM,170,YISHUN AVE 7,07 TO 09,133.0,Improved,1986,61 years 08 months,688888.0
2024-01-01,YISHUN,5 ROOM,173,YISHUN AVE 7,04 TO 06,121.0,Improved,1987,62 years 10 months,570000.0
2024-01-01,YISHUN,5 ROOM,305,YISHUN CTRL,01 TO 03,122.0,Improved,1988,63 years 03 months,575000.0
2024-01-01,YISHUN,5 ROOM,366,YISHUN RING RD,07 TO 09,127.0,Improved,1988,63 years 08 months,695000.0
2024-01-01,YISHUN,5 ROOM,357,YISHUN RING RD,07 TO 09,122.0,Improved,1988,63 years 09 months,585000.0
2024-01-01,YISHUN,5 ROOM,109,YISHUN RING RD,07 TO 09,121.0,Improved,1982,57 years 06 months,555000.0
2024-01-01,YISHUN,5 ROOM,775,YISHUN RING RD,10 TO 12,120.0,Improved,1986,61 years 06 months,595000.0
2024-01-01,YISHUN,5 ROOM,410,YISHUN RING RD,10 TO 12,127.0,Improved,1988,63 years 07 months,665000.0
2024-01-01,YISHUN,5 ROOM,166,YISHUN RING RD,04 TO 06,121.0,Improved,1987,62 years 11 months,546800.0
2024-01-01,YISHUN,5 ROOM,787,YISHUN RING RD,04 TO 06,121.0,Improved,1988,63 years 02 months,661000.0
2024-01-01,YISHUN,5 ROOM,154,YISHUN ST 11,01 TO 03,121.0,Improved,1985,60 years 03 months,620000.0
2024-01-01,YISHUN,5 ROOM,161,YISHUN ST 11,10 TO 12,121.0,Improved,1985,60 years 05 months,620000.0
2024-01-01,YISHUN,5 ROOM,298,YISHUN ST 20,04 TO 06,111.0,Improved,2000,75 years 11 months,583888.0
2024-01-01,YISHUN,5 ROOM,213,YISHUN ST 21,04 TO 06,121.0,Improved,1985,60 years 01 month,615000.0
2024-01-01,YISHUN,5 ROOM,223,YISHUN ST 21,07 TO 09,134.0,Model A,1986,61 years 02 months,660000.0
2024-01-01,YISHUN,5 ROOM,229,YISHUN ST 21,07 TO 09,121.0,Improved,1985,60 years 06 months,610088.0
2024-01-01,YISHUN,5 ROOM,334C,YISHUN ST 31,07 TO 09,112.0,Improved,2015,90 years 10 months,623000.0
2024-01-01,YISHUN,5 ROOM,513C,YISHUN ST 51,07 TO 09,113.0,Improved,2018,93 years 03 months,675000.0
2024-01-01,YISHUN,5 ROOM,505C,YISHUN ST 51,04 TO 06,112.0,Improved,2016,91 years 03 months,640000.0
2024-01-01,YISHUN,5 ROOM,504B,YISHUN ST 51,07 TO 09,113.0,Improved,2016,91 years 03 months,723000.0
2024-01-01,YISHUN,5 ROOM,505D,YISHUN ST 51,13 TO 15,113.0,Improved,2016,91 years 03 months,710000.0
2024-01-01,YISHUN,5 ROOM,513B,YISHUN ST 51,04 TO 06,113.0,Improved,2018,93 years 01 month,662000.0
2024-01-01,YISHUN,5 ROOM,505C,YISHUN ST 51,04 TO 06,113.0,Improved,2016,91 years 02 months,685000.0
2024-01-01,YISHUN,5 ROOM,511B,YISHUN ST 51,01 TO 03,113.0,Improved,2017,92 years 09 months,593000.0
2024-01-01,YISHUN,5 ROOM,513B,YISHUN ST 51,10 TO 12,113.0,Improved,2018,93 years 02 months,716800.0
2024-01-01,YISHUN,5 ROOM,602,YISHUN ST 61,07 TO 09,121.0,Improved,1987,62 years 05 months,688000.0
2024-01-01,YISHUN,5 ROOM,637,YISHUN ST 61,04 TO 06,121.0,Improved,1987,62 years 08 months,640000.0
2024-01-01,YISHUN,5 ROOM,820,YISHUN ST 81,04 TO 06,122.0,Improved,1988,63 years 08 months,670002.0
2024-01-01,YISHUN,5 ROOM,866,YISHUN ST 81,04 TO 06,122.0,Improved,1988,63 years 02 months,675000.0
2024-01-01,YISHUN,5 ROOM,820,YISHUN ST 81,04 TO 06,121.0,Improved,1988,63 years 08 months,650000.0
2024-01-01,YISHUN,EXECUTIVE,391,YISHUN AVE 6,01 TO 03,146.0,Maisonette,1988,63 years 05 months,850000.0
2024-01-01,YISHUN,EXECUTIVE,325,YISHUN CTRL,04 TO 06,146.0,Maisonette,1988,63 years 11 months,783000.0
2024-01-01,YISHUN,EXECUTIVE,356,YISHUN RING RD,04 TO 06,146.0,Maisonette,1988,63 years 08 months,860000.0
2024-01-01,YISHUN,EXECUTIVE,360,YISHUN RING RD,04 TO 06,146.0,Maisonette,1988,63 years 07 months,888000.0
2024-01-01,YISHUN,EXECUTIVE,387,YISHUN RING RD,10 TO 12,146.0,Maisonette,1988,63 years 05 months,795000.0
2024-01-01,YISHUN,EXECUTIVE,606,YISHUN ST 61,04 TO 06,142.0,Apartment,1987,62 years 11 months,795000.0
2024-01-01,YISHUN,EXECUTIVE,606,YISHUN ST 61,10 TO 12,146.0,Maisonette,1987,62 years 11 months,780000.0
2024-01-01,YISHUN,EXECUTIVE,827,YISHUN ST 81,01 TO 03,146.0,Maisonette,1987,62 years 09 months,860000.0
2024-02-01,ANG MO KIO,2 ROOM,406,ANG MO KIO AVE 10,01 TO 03,44.0,Improved,1979,54 years 04 months,285000.0
2024-02-01,ANG MO KIO,2 ROOM,323,ANG MO KIO AVE 3,04 TO 06,44.0,Improved,1977,52 years 05 months,293000.0
2024-02-01,ANG MO KIO,2 ROOM,314,ANG MO KIO AVE 3,01 TO 03,44.0,Improved,1978,52 years 11 months,303000.0
2024-02-01,ANG MO KIO,3 ROOM,330,ANG MO KIO AVE 1,07 TO 09,68.0,New Generation,1981,56 years 01 month,405000.0
2024-02-01,ANG MO KIO,3 ROOM,216,ANG MO KIO AVE 1,04 TO 06,73.0,New Generation,1976,51 years 03 months,410000.0
2024-02-01,ANG MO KIO,3 ROOM,308B,ANG MO KIO AVE 1,16 TO 18,70.0,Model A,2012,87 years 09 months,635000.0
2024-02-01,ANG MO KIO,3 ROOM,320,ANG MO KIO AVE 1,04 TO 06,73.0,New Generation,1977,52 years 04 months,420000.0
2024-02-01,ANG MO KIO,3 ROOM,218,ANG MO KIO AVE 1,01 TO 03,67.0,New Generation,1976,51 years 04 months,358888.0
2024-02-01,ANG MO KIO,3 ROOM,225,ANG MO KIO AVE 1,07 TO 09,67.0,New Generation,1978,52 years 11 months,380000.0
2024-02-01,ANG MO KIO,3 ROOM,219,ANG MO KIO AVE 1,04 TO 06,82.0,New Generation,1977,52 years 05 months,438000.0
2024-02-01,ANG MO KIO,3 ROOM,443,ANG MO KIO AVE 10,01 TO 03,82.0,New Generation,1979,54 years 07 months,425000.0
2024-02-01,ANG MO KIO,3 ROOM,444,ANG MO KIO AVE 10,04 TO 06,67.0,New Generation,1979,54 years 08 months,370000.0
2024-02-01,ANG MO KIO,3 ROOM,542,ANG MO KIO AVE 10,10 TO 12,68.0,New Generation,1981,56 years,390000.0
2024-02-01,ANG MO KIO,3 ROOM,560,ANG MO KIO AVE 10,04 TO 06,67.0,New Generation,1980,55 years 02 months,363000.0
2024-02-01,ANG MO KIO,3 ROOM,457,ANG MO KIO AVE 10,10 TO 12,75.0,New Generation,1980,55 years 03 months,410000.0
2024-02-01,ANG MO KIO,3 ROOM,416,ANG MO KIO AVE 10,13 TO 15,74.0,New Generation,1979,54 years 06 months,415000.0
2024-02-01,ANG MO KIO,3 ROOM,405,ANG MO KIO AVE 10,04 TO 06,67.0,New Generation,1979,54 years 04 months,395000.0
2024-02-01,ANG MO KIO,3 ROOM,442,ANG MO KIO AVE 10,10 TO 12,67.0,New Generation,1979,54 years 07 months,430000.0
2024-02-01,ANG MO KIO,3 ROOM,448,ANG MO KIO AVE 10,04 TO 06,68.0,New Generation,1979,54 years 05 months,385000.0
2024-02-01,ANG MO KIO,3 ROOM,443,ANG MO KIO AVE 10,10 TO 12,67.0,New Generation,1979,54 years 07 months,385000.0
2024-02-01,ANG MO KIO,3 ROOM,456,ANG MO KIO AVE 10,04 TO 06,75.0,New Generation,1980,54 years 11 months,410000.0
2024-02-01,ANG MO KIO,3 ROOM,122,ANG MO KIO AVE 3,10 TO 12,67.0,New Generation,1978,53 years 09 months,420000.0
2024-02-01,ANG MO KIO,3 ROOM,232,ANG MO KIO AVE 3,10 TO 12,67.0,New Generation,1977,52 years 08 months,398000.0
2024-02-01,ANG MO KIO,3 ROOM,128,ANG MO KIO AVE 3,10 TO 12,67.0,New Generation,1978,53 years 08 months,403000.0
2024-02-01,ANG MO KIO,3 ROOM,129,ANG MO KIO AVE 3,10 TO 12,73.0,New Generation,1979,54 years,410000.0
2024-02-01,ANG MO KIO,3 ROOM,130,ANG MO KIO AVE 3,04 TO 06,73.0,New Generation,1979,54 years,418000.0
2024-02-01,ANG MO KIO,3 ROOM,233,ANG MO KIO AVE 3,01 TO 03,67.0,New Generation,1977,52 years 08 months,368000.0
2024-02-01,ANG MO KIO,3 ROOM,584,ANG MO KIO AVE 3,01 TO 03,67.0,New Generation,1979,54 years 04 months,385000.0
2024-02-01,ANG MO KIO,3 ROOM,571,ANG MO KIO AVE 3,01 TO 03,82.0,New Generation,1979,54 years 03 months,410000.0
2024-02-01,ANG MO KIO,3 ROOM,624,ANG MO KIO AVE 4,07 TO 09,68.0,New Generation,1980,55 years 07 months,420000.0
2024-02-01,ANG MO KIO,3 ROOM,155,ANG MO KIO AVE 4,07 TO 09,68.0,New Generation,1981,56 years 03 months,413000.0
2024-02-01,ANG MO KIO,3 ROOM,181,ANG MO KIO AVE 5,04 TO 06,68.0,New Generation,1981,56 years 03 months,358888.0
2024-02-01,ANG MO KIO,3 ROOM,604,ANG MO KIO AVE 5,10 TO 12,67.0,New Generation,1980,55 years 05 months,375000.0
2024-02-01,ANG MO KIO,3 ROOM,523,ANG MO KIO AVE 5,07 TO 09,68.0,New Generation,1980,55 years 07 months,399000.0
2024-02-01,ANG MO KIO,3 ROOM,182,ANG MO KIO AVE 5,01 TO 03,68.0,New Generation,1981,56 years 03 months,368000.0
2024-02-01,ANG MO KIO,3 ROOM,635,ANG MO KIO AVE 6,04 TO 06,68.0,New Generation,1980,55 years 08 months,376000.0
2024-02-01,ANG MO KIO,3 ROOM,635,ANG MO KIO AVE 6,07 TO 09,68.0,New Generation,1980,55 years 09 months,371000.0
2024-02-01,ANG MO KIO,3 ROOM,591A,ANG MO KIO ST 51,10 TO 12,68.0,Model A,2019,94 years 01 month,702000.0
2024-02-01,ANG MO KIO,4 ROOM,303,ANG MO KIO AVE 1,10 TO 12,97.0,New Generation,1977,52 years 02 months,586000.0
2024-02-01,ANG MO KIO,4 ROOM,226,ANG MO KIO AVE 1,04 TO 06,91.0,New Generation,1978,52 years 11 months,460000.0
2024-02-01,ANG MO KIO,4 ROOM,205,ANG MO KIO AVE 1,07 TO 09,98.0,New Generation,1977,51 years 11 months,550000.0
2024-02-01,ANG MO KIO,4 ROOM,415,ANG MO KIO AVE 10,01 TO 03,92.0,New Generation,1979,54 years 07 months,460000.0
2024-02-01,ANG MO KIO,4 ROOM,412,ANG MO KIO AVE 10,07 TO 09,92.0,New Generation,1979,54 years 07 months,520000.0
2024-02-01,ANG MO KIO,4 ROOM,548,ANG MO KIO AVE 10,04 TO 06,93.0,New Generation,1981,55 years 11 months,468000.0
2024-02-01,ANG MO KIO,4 ROOM,229,ANG MO KIO AVE 3,04 TO 06,91.0,New Generation,1978,53 years 01 month,460000.0
2024-02-01,ANG MO KIO,4 ROOM,301,ANG MO KIO AVE 3,10 TO 12,98.0,New Generation,1978,53 years 02 months,645000.0
2024-02-01,ANG MO KIO,4 ROOM,326,ANG MO KIO AVE 3,10 TO 12,92.0,New Generation,1977,52 years 04 months,600000.0
2024-02-01,ANG MO KIO,4 ROOM,427,ANG MO KIO AVE 3,01 TO 03,92.0,New Generation,1978,53 years 09 months,520000.0
2024-02-01,ANG MO KIO,4 ROOM,301,ANG MO KIO AVE 3,07 TO 09,98.0,New Generation,1978,53 years 01 month,575000.0
2024-02-01,ANG MO KIO,4 ROOM,325,ANG MO KIO AVE 3,07 TO 09,98.0,New Generation,1978,53 years 08 months,580000.0
2024-02-01,ANG MO KIO,4 ROOM,313,ANG MO KIO AVE 3,10 TO 12,97.0,New Generation,1978,53 years,560000.0
2024-02-01,ANG MO KIO,4 ROOM,612,ANG MO KIO AVE 4,04 TO 06,91.0,New Generation,1980,55 years 07 months,455000.0
2024-02-01,ANG MO KIO,4 ROOM,175,ANG MO KIO AVE 4,04 TO 06,91.0,New Generation,1981,56 years 05 months,500000.0
2024-02-01,ANG MO KIO,4 ROOM,631,ANG MO KIO AVE 4,04 TO 06,93.0,New Generation,1985,59 years 11 months,500000.0
2024-02-01,ANG MO KIO,4 ROOM,152,ANG MO KIO AVE 5,04 TO 06,93.0,New Generation,1981,56 years 04 months,480000.0
2024-02-01,ANG MO KIO,4 ROOM,152,ANG MO KIO AVE 5,10 TO 12,93.0,New Generation,1981,56 years 04 months,552000.0
2024-02-01,ANG MO KIO,4 ROOM,633,ANG MO KIO AVE 6,10 TO 12,93.0,New Generation,1985,59 years 11 months,588000.0
2024-02-01,ANG MO KIO,4 ROOM,634,ANG MO KIO AVE 6,07 TO 09,91.0,New Generation,1980,55 years 06 months,542000.0
2024-02-01,ANG MO KIO,4 ROOM,636,ANG MO KIO AVE 6,10 TO 12,91.0,New Generation,1980,55 years 05 months,520000.0
2024-02-01,ANG MO KIO,4 ROOM,623,ANG MO KIO AVE 9,01 TO 03,92.0,New Generation,1980,55 years 08 months,475000.0
2024-02-01,ANG MO KIO,4 ROOM,260A,ANG MO KIO ST 21,04 TO 06,93.0,Model A,2018,93 years 06 months,858888.0
2024-02-01,ANG MO KIO,4 ROOM,260B,ANG MO KIO ST 21,22 TO 24,93.0,Model A,2018,93 years 05 months,966666.0
2024-02-01,ANG MO KIO,4 ROOM,260A,ANG MO KIO ST 21,07 TO 09,93.0,Model A,2018,93 years 04 months,886000.0
2024-02-01,ANG MO KIO,4 ROOM,596C,ANG MO KIO ST 52,07 TO 09,91.0,Model A,2002,77 years 11 months,768000.0
2024-02-01,ANG MO KIO,5 ROOM,310A,ANG MO KIO AVE 1,10 TO 12,121.0,Improved,2012,87 years 08 months,1100000.0
2024-02-01,ANG MO KIO,5 ROOM,553,ANG MO KIO AVE 10,01 TO 03,119.0,Improved,1980,55 years 07 months,605000.0
2024-02-01,ANG MO KIO,5 ROOM,551,ANG MO KIO AVE 10,16 TO 18,118.0,Improved,1981,56 years,655000.0
2024-02-01,ANG MO KIO,5 ROOM,437,ANG MO KIO AVE 10,13 TO 15,119.0,Improved,1979,54 years 01 month,688000.0
2024-02-01,ANG MO KIO,5 ROOM,460,ANG MO KIO AVE 10,10 TO 12,120.0,Improved,1980,54 years 11 months,712000.0
2024-02-01,ANG MO KIO,5 ROOM,618,ANG MO KIO AVE 4,04 TO 06,133.0,Model A,1996,71 years 05 months,820000.0
2024-02-01,ANG MO KIO,5 ROOM,648,ANG MO KIO AVE 5,07 TO 09,121.0,Improved,1980,55 years 10 months,690000.0
2024-02-01,ANG MO KIO,5 ROOM,503,ANG MO KIO AVE 5,04 TO 06,136.0,Adjoined flat,1981,56 years,855000.0
2024-02-01,ANG MO KIO,5 ROOM,716,ANG MO KIO AVE 6,16 TO 18,119.0,Improved,1980,55 years 05 months,760000.0
2024-02-01,ANG MO KIO,5 ROOM,588C,ANG MO KIO ST 52,19 TO 21,112.0,DBSS,2011,86 years 07 months,1060000.0
2024-02-01,ANG MO KIO,5 ROOM,596A,ANG MO KIO ST 52,19 TO 21,110.0,Improved,2002,77 years 11 months,905000.0
2024-02-01,ANG MO KIO,5 ROOM,588D,ANG MO KIO ST 52,10 TO 12,112.0,DBSS,2011,86 years 06 months,1020000.0
2024-02-01,ANG MO KIO,5 ROOM,588C,ANG MO KIO ST 52,13 TO 15,120.0,DBSS,2011,86 years 07 months,1268000.0
2024-02-01,BEDOK,3 ROOM,520,BEDOK NTH AVE 1,01 TO 03,67.0,New Generation,1979,54 years 06 months,345000.0
2024-02-01,BEDOK,3 ROOM,424,BEDOK NTH AVE 1,01 TO 03,67.0,New Generation,1979,53 years 11 months,395000.0
2024-02-01,BEDOK,3 ROOM,519,BEDOK NTH AVE 1,10 TO 12,67.0,New Generation,1979,54 years 05 months,393800.0
2024-02-01,BEDOK,3 ROOM,401,BEDOK NTH AVE 3,07 TO 09,67.0,New Generation,1979,54 years 05 months,400800.0
2024-02-01,BEDOK,3 ROOM,92,BEDOK NTH AVE 4,10 TO 12,67.0,New Generation,1979,54 years 05 months,368000.0
2024-02-01,BEDOK,3 ROOM,105,BEDOK NTH AVE 4,10 TO 12,67.0,New Generation,1977,52 years 05 months,365000.0
2024-02-01,BEDOK,3 ROOM,109,BEDOK NTH RD,04 TO 06,67.0,New Generation,1977,52 years 06 months,350000.0
2024-02-01,BEDOK,3 ROOM,425,BEDOK NTH RD,07 TO 09,82.0,New Generation,1979,54 years 01 month,490000.0
2024-02-01,BEDOK,3 ROOM,74,BEDOK NTH RD,07 TO 09,59.0,Improved,1978,53 years,332000.0
2024-02-01,BEDOK,3 ROOM,77,BEDOK NTH RD,04 TO 06,60.0,Improved,1986,61 years 02 months,388000.0
2024-02-01,BEDOK,3 ROOM,202,BEDOK NTH ST 1,10 TO 12,67.0,New Generation,1979,54 years 05 months,450000.0
2024-02-01,BEDOK,3 ROOM,138,BEDOK NTH ST 2,10 TO 12,82.0,New Generation,1978,53 years 03 months,460000.0
2024-02-01,BEDOK,3 ROOM,128,BEDOK NTH ST 2,10 TO 12,67.0,New Generation,1978,53 years 04 months,352000.0
2024-02-01,BEDOK,3 ROOM,138,BEDOK NTH ST 2,04 TO 06,82.0,New Generation,1978,53 years 03 months,420000.0
2024-02-01,BEDOK,3 ROOM,138,BEDOK NTH ST 2,10 TO 12,67.0,New Generation,1978,53 years 02 months,356000.0
2024-02-01,BEDOK,3 ROOM,540,BEDOK NTH ST 3,10 TO 12,68.0,New Generation,1980,55 years 05 months,378000.0
2024-02-01,BEDOK,3 ROOM,546,BEDOK NTH ST 3,13 TO 15,68.0,New Generation,1980,55 years 04 months,380000.0
2024-02-01,BEDOK,3 ROOM,532,BEDOK NTH ST 3,16 TO 18,68.0,New Generation,1980,55 years 01 month,355000.0
2024-02-01,BEDOK,3 ROOM,545,BEDOK NTH ST 3,01 TO 03,68.0,New Generation,1980,55 years 04 months,355000.0
2024-02-01,BEDOK,3 ROOM,503,BEDOK NTH ST 3,04 TO 06,59.0,Improved,1978,53 years 03 months,324000.0
2024-02-01,BEDOK,3 ROOM,188C,BEDOK NTH ST 4,10 TO 12,68.0,Model A,2020,95 years,575000.0
2024-02-01,BEDOK,3 ROOM,701,BEDOK RESERVOIR RD,07 TO 09,68.0,New Generation,1980,55 years 11 months,400000.0
2024-02-01,BEDOK,3 ROOM,701,BEDOK RESERVOIR RD,07 TO 09,68.0,New Generation,1980,55 years 10 months,432000.0
2024-02-01,BEDOK,3 ROOM,618,BEDOK RESERVOIR RD,04 TO 06,60.0,Improved,1986,61 years 02 months,370000.0
2024-02-01,BEDOK,3 ROOM,620,BEDOK RESERVOIR RD,07 TO 09,60.0,Improved,1986,61 years 06 months,365000.0
2024-02-01,BEDOK,3 ROOM,151,BEDOK RESERVOIR RD,07 TO 09,63.0,Simplified,1988,63 years 07 months,435000.0
2024-02-01,BEDOK,3 ROOM,632,BEDOK RESERVOIR RD,01 TO 03,83.0,New Generation,1982,57 years 08 months,430000.0
2024-02-01,BEDOK,3 ROOM,4,BEDOK STH AVE 1,04 TO 06,65.0,Improved,1976,51 years,355000.0
2024-02-01,BEDOK,3 ROOM,2,BEDOK STH AVE 1,01 TO 03,65.0,Improved,1976,51 years,355000.0
2024-02-01,BEDOK,3 ROOM,1,BEDOK STH AVE 1,07 TO 09,59.0,Improved,1976,51 years,332000.0
2024-02-01,BEDOK,3 ROOM,22,BEDOK STH AVE 1,13 TO 15,73.0,New Generation,1977,52 years 04 months,450000.0
2024-02-01,BEDOK,3 ROOM,33,BEDOK STH AVE 2,04 TO 06,73.0,New Generation,1978,53 years 01 month,370500.0
2024-02-01,BEDOK,3 ROOM,18,BEDOK STH RD,01 TO 03,65.0,Improved,1976,51 years,348000.0
2024-02-01,BEDOK,3 ROOM,70,BEDOK STH RD,04 TO 06,67.0,New Generation,1978,53 years,378000.0
2024-02-01,BEDOK,3 ROOM,40,BEDOK STH RD,10 TO 12,67.0,New Generation,1978,53 years 07 months,390000.0
2024-02-01,BEDOK,3 ROOM,32,CHAI CHEE AVE,07 TO 09,65.0,Improved,1974,49 years 01 month,377000.0
2024-02-01,BEDOK,3 ROOM,21,CHAI CHEE RD,07 TO 09,65.0,Improved,1972,47 years 05 months,360888.0
2024-02-01,BEDOK,3 ROOM,42,CHAI CHEE ST,10 TO 12,67.0,New Generation,1985,60 years 05 months,399000.0
2024-02-01,BEDOK,3 ROOM,42,CHAI CHEE ST,04 TO 06,67.0,New Generation,1985,60 years 05 months,400000.0
2024-02-01,BEDOK,3 ROOM,42,CHAI CHEE ST,01 TO 03,67.0,New Generation,1985,60 years 05 months,365000.0
2024-02-01,BEDOK,3 ROOM,29,NEW UPP CHANGI RD,10 TO 12,65.0,Improved,1977,52 years 04 months,373000.0
2024-02-01,BEDOK,3 ROOM,30,NEW UPP CHANGI RD,10 TO 12,65.0,Improved,1977,52 years 03 months,382000.0
2024-02-01,BEDOK,4 ROOM,404,BEDOK NTH AVE 3,01 TO 03,92.0,New Generation,1980,55 years 03 months,470000.0
2024-02-01,BEDOK,4 ROOM,119,BEDOK NTH RD,07 TO 09,92.0,New Generation,1978,53 years 02 months,497500.0
2024-02-01,BEDOK,4 ROOM,422,BEDOK NTH RD,07 TO 09,92.0,New Generation,1979,54 years,530000.0
2024-02-01,BEDOK,4 ROOM,427,BEDOK NTH RD,07 TO 09,92.0,New Generation,1979,54 years,523000.0
2024-02-01,BEDOK,4 ROOM,121,BEDOK NTH RD,01 TO 03,92.0,New Generation,1978,53 years 02 months,475888.0
2024-02-01,BEDOK,4 ROOM,182,BEDOK NTH RD,01 TO 03,92.0,Model A,2006,81 years 01 month,620000.0
2024-02-01,BEDOK,4 ROOM,707,BEDOK NTH RD,07 TO 09,91.0,New Generation,1980,55 years 10 months,602888.0
2024-02-01,BEDOK,4 ROOM,180,BEDOK NTH RD,04 TO 06,92.0,Model A,2006,81 years,677000.0
2024-02-01,BEDOK,4 ROOM,523,BEDOK NTH ST 3,10 TO 12,92.0,New Generation,1979,54 years 06 months,480000.0
2024-02-01,BEDOK,4 ROOM,186A,BEDOK NTH ST 4,13 TO 15,93.0,Model A,2018,94 years,860000.0
2024-02-01,BEDOK,4 ROOM,186B,BEDOK NTH ST 4,13 TO 15,93.0,Model A,2018,93 years 11 months,855000.0
2024-02-01,BEDOK,4 ROOM,187A,BEDOK NTH ST 4,04 TO 06,93.0,Model A,2018,93 years 11 months,740000.0
2024-02-01,BEDOK,4 ROOM,186B,BEDOK NTH ST 4,19 TO 21,93.0,Model A,2018,93 years 10 months,870000.0
2024-02-01,BEDOK,4 ROOM,187A,BEDOK NTH ST 4,01 TO 03,93.0,Model A,2018,93 years 11 months,715000.0
2024-02-01,BEDOK,4 ROOM,747C,BEDOK RESERVOIR CRES,10 TO 12,87.0,DBSS,2014,89 years 08 months,828000.0
2024-02-01,BEDOK,4 ROOM,136,BEDOK RESERVOIR RD,01 TO 03,84.0,Simplified,1988,63 years 05 months,510000.0
2024-02-01,BEDOK,4 ROOM,110,BEDOK RESERVOIR RD,01 TO 03,93.0,New Generation,1985,60 years 06 months,532800.0
2024-02-01,BEDOK,4 ROOM,134,BEDOK RESERVOIR RD,07 TO 09,84.0,Simplified,1987,62 years 04 months,535000.0
2024-02-01,BEDOK,4 ROOM,136,BEDOK RESERVOIR RD,04 TO 06,83.0,Simplified,1988,63 years 04 months,495000.0
2024-02-01,BEDOK,4 ROOM,136,BEDOK RESERVOIR RD,01 TO 03,88.0,Simplified,1988,63 years 04 months,508000.0
2024-02-01,BEDOK,4 ROOM,724,BEDOK RESERVOIR RD,10 TO 12,103.0,Model A,1984,59 years 06 months,550000.0
2024-02-01,BEDOK,4 ROOM,113,BEDOK RESERVOIR RD,01 TO 03,96.0,New Generation,1985,60 years 05 months,503777.0
2024-02-01,BEDOK,4 ROOM,106,BEDOK RESERVOIR RD,01 TO 03,93.0,New Generation,1985,60 years 06 months,505000.0
2024-02-01,BEDOK,4 ROOM,768,BEDOK RESERVOIR VIEW,10 TO 12,105.0,Premium Apartment,2000,75 years 11 months,743000.0
2024-02-01,BEDOK,4 ROOM,35,BEDOK STH AVE 2,07 TO 09,90.0,Improved,1977,52 years 08 months,450000.0
2024-02-01,BEDOK,4 ROOM,34,BEDOK STH AVE 2,04 TO 06,90.0,Improved,1977,52 years 07 months,410000.0
2024-02-01,BEDOK,4 ROOM,33,BEDOK STH AVE 2,01 TO 03,98.0,New Generation,1978,53 years 02 months,460000.0
2024-02-01,BEDOK,4 ROOM,166,BEDOK STH AVE 3,01 TO 03,83.0,Simplified,1985,60 years 02 months,457000.0
2024-02-01,BEDOK,4 ROOM,165,BEDOK STH RD,07 TO 09,105.0,Model A,1985,60 years 01 month,655000.0
2024-02-01,BEDOK,4 ROOM,39,BEDOK STH RD,01 TO 03,92.0,New Generation,1978,53 years 08 months,438000.0
2024-02-01,BEDOK,4 ROOM,35,CHAI CHEE AVE,04 TO 06,82.0,Improved,1975,50 years,430000.0
2024-02-01,BEDOK,4 ROOM,672,JLN DAMAI,01 TO 03,108.0,Model A,1996,71 years 06 months,618000.0
2024-02-01,BEDOK,4 ROOM,113,LENGKONG TIGA,01 TO 03,108.0,Model A,1989,63 years 11 months,715000.0
2024-02-01,BEDOK,4 ROOM,116,LENGKONG TIGA,04 TO 06,104.0,Model A,1989,64 years,750000.0
2024-02-01,BEDOK,4 ROOM,52,NEW UPP CHANGI RD,04 TO 06,84.0,Improved,1977,52 years 08 months,435000.0
2024-02-01,BEDOK,5 ROOM,516,BEDOK NTH AVE 2,22 TO 24,119.0,Improved,1979,54 years 07 months,720000.0
2024-02-01,BEDOK,5 ROOM,90,BEDOK NTH ST 4,13 TO 15,117.0,Standard,1978,53 years 04 months,610000.0
2024-02-01,BEDOK,5 ROOM,141,BEDOK RESERVOIR RD,04 TO 06,122.0,Improved,1986,61 years 09 months,650000.0
2024-02-01,BEDOK,5 ROOM,710,BEDOK RESERVOIR RD,10 TO 12,121.0,Improved,1980,55 years 10 months,595000.0
2024-02-01,BEDOK,5 ROOM,772,BEDOK RESERVOIR VIEW,13 TO 15,115.0,Premium Apartment,2000,75 years 10 months,818000.0
2024-02-01,BEDOK,5 ROOM,172,BEDOK STH RD,01 TO 03,122.0,Improved,1985,60 years 10 months,630000.0
2024-02-01,BEDOK,5 ROOM,670,JLN DAMAI,01 TO 03,125.0,Improved,1996,71 years 09 months,740000.0
2024-02-01,BEDOK,5 ROOM,651,JLN TENAGA,04 TO 06,127.0,Improved,1996,71 years 09 months,790000.0
2024-02-01,BEDOK,5 ROOM,60,NEW UPP CHANGI RD,10 TO 12,118.0,Standard,1977,52 years 06 months,688000.0
2024-02-01,BEDOK,EXECUTIVE,725,BEDOK RESERVOIR RD,07 TO 09,142.0,Apartment,1984,59 years 07 months,960000.0
2024-02-01,BEDOK,EXECUTIVE,137,BEDOK RESERVOIR RD,04 TO 06,143.0,Maisonette,1987,62 years,865000.0
2024-02-01,BEDOK,EXECUTIVE,636,BEDOK RESERVOIR RD,13 TO 15,145.0,Apartment,1993,68 years 04 months,1019000.0
2024-02-01,BEDOK,EXECUTIVE,665,JLN DAMAI,04 TO 06,145.0,Maisonette,1996,71 years 07 months,960000.0
2024-02-01,BISHAN,3 ROOM,304,SHUNFU RD,04 TO 06,67.0,New Generation,1985,60 years 02 months,530000.0
2024-02-01,BISHAN,3 ROOM,309,SHUNFU RD,01 TO 03,67.0,New Generation,1984,59 years 09 months,510000.0
2024-02-01,BISHAN,3 ROOM,406,SIN MING AVE,01 TO 03,64.0,Simplified,1987,62 years 03 months,456000.0
2024-02-01,BISHAN,3 ROOM,24,SIN MING RD,10 TO 12,65.0,Improved,1973,48 years 10 months,325000.0
2024-02-01,BISHAN,4 ROOM,149,BISHAN ST 11,07 TO 09,84.0,Simplified,1987,62 years,535000.0
2024-02-01,BISHAN,4 ROOM,109,BISHAN ST 12,13 TO 15,104.0,Model A,1985,60 years 10 months,705000.0
2024-02-01,BISHAN,4 ROOM,130,BISHAN ST 12,13 TO 15,84.0,Simplified,1986,61 years 01 month,700000.0
2024-02-01,BISHAN,4 ROOM,246,BISHAN ST 22,01 TO 03,110.0,Model A,1992,67 years 06 months,739000.0
2024-02-01,BISHAN,4 ROOM,237,BISHAN ST 22,04 TO 06,103.0,Model A,1992,67 years 03 months,760000.0
2024-02-01,BISHAN,4 ROOM,256,BISHAN ST 22,13 TO 15,103.0,Model A,1992,67 years 06 months,810000.0
2024-02-01,BISHAN,4 ROOM,204,BISHAN ST 23,04 TO 06,104.0,Model A,1992,67 years 04 months,780000.0
2024-02-01,BISHAN,4 ROOM,207,BISHAN ST 23,04 TO 06,103.0,Model A,1992,67 years 03 months,730000.0
2024-02-01,BISHAN,4 ROOM,229,BISHAN ST 23,10 TO 12,106.0,Model A,1992,67 years 03 months,792888.0
2024-02-01,BISHAN,4 ROOM,268,BISHAN ST 24,01 TO 03,107.0,Model A,1992,67 years 07 months,700000.0
2024-02-01,BISHAN,4 ROOM,304,SHUNFU RD,01 TO 03,99.0,New Generation,1985,60 years 02 months,700000.0
2024-02-01,BISHAN,4 ROOM,445,SIN MING AVE,07 TO 09,114.0,Model A,1990,65 years,855000.0
2024-02-01,BISHAN,5 ROOM,140,BISHAN ST 12,07 TO 09,123.0,Improved,1988,63 years 07 months,850000.0
2024-02-01,BISHAN,5 ROOM,303,SHUNFU RD,10 TO 12,121.0,Improved,1985,60 years 03 months,900000.0
2024-02-01,BISHAN,5 ROOM,303,SHUNFU RD,10 TO 12,125.0,Improved,1985,60 years 01 month,905000.0
2024-02-01,BISHAN,EXECUTIVE,245,BISHAN ST 22,07 TO 09,154.0,Maisonette,1992,67 years 06 months,1110000.0
2024-02-01,BISHAN,EXECUTIVE,286,BISHAN ST 24,22 TO 24,172.0,Maisonette,1992,67 years 06 months,1480000.0
2024-02-01,BISHAN,MULTI-GENERATION,148,BISHAN ST 11,07 TO 09,134.0,Multi Generation,1987,62 years 05 months,980000.0
2024-02-01,BUKIT BATOK,2 ROOM,292A,BT BATOK EAST AVE 6,13 TO 15,47.0,Model A,2019,94 years,365000.0
2024-02-01,BUKIT BATOK,2 ROOM,435B,BT BATOK WEST AVE 5,13 TO 15,47.0,Model A,2020,95 years,365000.0
2024-02-01,BUKIT BATOK,2 ROOM,450A,BT BATOK WEST AVE 6,22 TO 24,47.0,Model A,2019,94 years 01 month,362000.0
2024-02-01,BUKIT BATOK,2 ROOM,440A,BT BATOK WEST AVE 8,01 TO 03,47.0,Model A,2019,94 years 02 months,340000.0
2024-02-01,BUKIT BATOK,2 ROOM,438B,BT BATOK WEST AVE 8,13 TO 15,38.0,Model A,2020,95 years 01 month,325000.0
2024-02-01,BUKIT BATOK,2 ROOM,445B,BT BATOK WEST AVE 8,01 TO 03,47.0,Model A,2019,93 years 11 months,315000.0
2024-02-01,BUKIT BATOK,2 ROOM,438A,BT BATOK WEST AVE 8,10 TO 12,47.0,Model A,2020,95 years 01 month,350000.0
2024-02-01,BUKIT BATOK,2 ROOM,438B,BT BATOK WEST AVE 8,10 TO 12,38.0,Model A,2020,95 years,320000.0
2024-02-01,BUKIT BATOK,3 ROOM,228,BT BATOK CTRL,01 TO 03,67.0,New Generation,1985,60 years 04 months,380000.0
2024-02-01,BUKIT BATOK,3 ROOM,230,BT BATOK EAST AVE 3,07 TO 09,67.0,New Generation,1985,60 years 09 months,385888.0
2024-02-01,BUKIT BATOK,3 ROOM,272,BT BATOK EAST AVE 4,01 TO 03,64.0,Simplified,1986,61 years 08 months,360000.0
2024-02-01,BUKIT BATOK,3 ROOM,272,BT BATOK EAST AVE 4,01 TO 03,64.0,Simplified,1986,61 years 08 months,360000.0
2024-02-01,BUKIT BATOK,3 ROOM,231,BT BATOK EAST AVE 5,01 TO 03,67.0,New Generation,1985,60 years 05 months,350000.0
2024-02-01,BUKIT BATOK,3 ROOM,244,BT BATOK EAST AVE 5,10 TO 12,69.0,New Generation,1985,60 years 08 months,387000.0
2024-02-01,BUKIT BATOK,3 ROOM,244,BT BATOK EAST AVE 5,10 TO 12,69.0,New Generation,1985,60 years 08 months,398000.0
2024-02-01,BUKIT BATOK,3 ROOM,249,BT BATOK EAST AVE 5,10 TO 12,73.0,Model A,1985,60 years 02 months,400000.0
2024-02-01,BUKIT BATOK,3 ROOM,296B,BT BATOK ST 22,16 TO 18,68.0,Premium Apartment,2018,93 years 02 months,520000.0
2024-02-01,BUKIT BATOK,3 ROOM,296B,BT BATOK ST 22,10 TO 12,68.0,Premium Apartment,2018,93 years 02 months,500000.0
2024-02-01,BUKIT BATOK,3 ROOM,377,BT BATOK ST 31,25 TO 27,67.0,Model A,2019,94 years 03 months,562000.0
2024-02-01,BUKIT BATOK,3 ROOM,372,BT BATOK ST 31,01 TO 03,64.0,Simplified,1988,63 years,368000.0
2024-02-01,BUKIT BATOK,3 ROOM,360,BT BATOK ST 31,07 TO 09,68.0,New Generation,1987,62 years 08 months,375000.0
2024-02-01,BUKIT BATOK,3 ROOM,368,BT BATOK ST 31,07 TO 09,68.0,New Generation,1987,61 years 11 months,385000.0
2024-02-01,BUKIT BATOK,3 ROOM,305,BT BATOK ST 31,01 TO 03,68.0,New Generation,1985,60 years 06 months,380000.0
2024-02-01,BUKIT BATOK,3 ROOM,367,BT BATOK ST 31,10 TO 12,68.0,New Generation,1987,62 years 06 months,400000.0
2024-02-01,BUKIT BATOK,3 ROOM,333,BT BATOK ST 32,07 TO 09,64.0,Simplified,1987,62 years 11 months,355000.0
2024-02-01,BUKIT BATOK,3 ROOM,317,BT BATOK ST 32,04 TO 06,64.0,Simplified,1987,62 years 09 months,355000.0
2024-02-01,BUKIT BATOK,3 ROOM,312,BT BATOK ST 32,04 TO 06,68.0,New Generation,1985,60 years 05 months,380000.0
2024-02-01,BUKIT BATOK,3 ROOM,339,BT BATOK ST 34,10 TO 12,73.0,Model A,1987,62 years 08 months,390000.0
2024-02-01,BUKIT BATOK,3 ROOM,536,BT BATOK ST 52,10 TO 12,73.0,Model A,1986,61 years 07 months,380000.0
2024-02-01,BUKIT BATOK,3 ROOM,501,BT BATOK ST 52,01 TO 03,64.0,Simplified,1986,61 years 11 months,368000.0
2024-02-01,BUKIT BATOK,3 ROOM,537,BT BATOK ST 52,04 TO 06,73.0,Model A,1987,62 years 04 months,395000.0
2024-02-01,BUKIT BATOK,3 ROOM,505,BT BATOK ST 52,04 TO 06,69.0,Improved,1988,63 years,365888.0
2024-02-01,BUKIT BATOK,3 ROOM,539,BT BATOK ST 52,07 TO 09,73.0,Model A,1987,62 years 03 months,390000.0
2024-02-01,BUKIT BATOK,3 ROOM,422,BT BATOK WEST AVE 2,04 TO 06,68.0,New Generation,1988,63 years 06 months,368000.0
2024-02-01,BUKIT BATOK,3 ROOM,409,BT BATOK WEST AVE 4,04 TO 06,68.0,New Generation,1988,63 years 03 months,360000.0
2024-02-01,BUKIT BATOK,3 ROOM,451A,BT BATOK WEST AVE 6,16 TO 18,67.0,Model A,2019,94 years 02 months,490000.0
2024-02-01,BUKIT BATOK,3 ROOM,127,BT BATOK WEST AVE 6,10 TO 12,73.0,Model A,1985,60 years,408000.0
2024-02-01,BUKIT BATOK,3 ROOM,451A,BT BATOK WEST AVE 6,04 TO 06,67.0,Model A,2019,94 years 02 months,453000.0
2024-02-01,BUKIT BATOK,3 ROOM,438C,BT BATOK WEST AVE 8,07 TO 09,68.0,Model A,2020,95 years 01 month,465000.0
2024-02-01,BUKIT BATOK,3 ROOM,176,BT BATOK WEST AVE 8,10 TO 12,73.0,Model A,1984,59 years 11 months,395000.0
2024-02-01,BUKIT BATOK,3 ROOM,180,BT BATOK WEST AVE 8,04 TO 06,67.0,New Generation,1984,59 years 09 months,365000.0
2024-02-01,BUKIT BATOK,3 ROOM,178,BT BATOK WEST AVE 8,01 TO 03,73.0,Model A,1984,59 years 11 months,365000.0
2024-02-01,BUKIT BATOK,3 ROOM,168,BT BATOK WEST AVE 8,04 TO 06,74.0,Model A,1984,59 years 11 months,379000.0
2024-02-01,BUKIT BATOK,3 ROOM,176,BT BATOK WEST AVE 8,07 TO 09,73.0,Model A,1984,59 years 11 months,370000.0
2024-02-01,BUKIT BATOK,3 ROOM,441A,BT BATOK WEST AVE 8,04 TO 06,67.0,Model A,2019,94 years 02 months,425000.0
2024-02-01,BUKIT BATOK,3 ROOM,440A,BT BATOK WEST AVE 8,10 TO 12,67.0,Model A,2019,94 years 01 month,468000.0
2024-02-01,BUKIT BATOK,3 ROOM,443D,BT BATOK WEST AVE 8,07 TO 09,67.0,Model A,2019,94 years 02 months,475000.0
2024-02-01,BUKIT BATOK,3 ROOM,448B,BT BATOK WEST AVE 9,13 TO 15,68.0,Model A,2019,94 years 02 months,450000.0
2024-02-01,BUKIT BATOK,4 ROOM,621,BT BATOK CTRL,13 TO 15,90.0,Model A,2003,78 years 10 months,719000.0
2024-02-01,BUKIT BATOK,4 ROOM,283,BT BATOK EAST AVE 3,01 TO 03,83.0,Simplified,1988,63 years 02 months,435000.0
2024-02-01,BUKIT BATOK,4 ROOM,290D,BT BATOK EAST AVE 3,13 TO 15,103.0,Model A,1998,73 years 01 month,601888.0
2024-02-01,BUKIT BATOK,4 ROOM,264,BT BATOK EAST AVE 4,04 TO 06,103.0,Model A,1985,60 years 03 months,498000.0
2024-02-01,BUKIT BATOK,4 ROOM,231,BT BATOK EAST AVE 5,13 TO 15,93.0,New Generation,1985,60 years 05 months,498000.0
2024-02-01,BUKIT BATOK,4 ROOM,241,BT BATOK EAST AVE 5,07 TO 09,99.0,New Generation,1985,60 years 08 months,518000.0
2024-02-01,BUKIT BATOK,4 ROOM,239,BT BATOK EAST AVE 5,04 TO 06,91.0,New Generation,1985,60 years 01 month,500000.0
2024-02-01,BUKIT BATOK,4 ROOM,249,BT BATOK EAST AVE 5,04 TO 06,103.0,Model A,1985,60 years 03 months,475000.0
2024-02-01,BUKIT BATOK,4 ROOM,292B,BT BATOK EAST AVE 6,16 TO 18,93.0,Model A,2019,94 years,700000.0
2024-02-01,BUKIT BATOK,4 ROOM,206,BT BATOK ST 21,04 TO 06,104.0,Model A,1983,58 years 10 months,495000.0
2024-02-01,BUKIT BATOK,4 ROOM,293C,BT BATOK ST 21,34 TO 36,92.0,Model A,2019,94 years,868000.0
2024-02-01,BUKIT BATOK,4 ROOM,293B,BT BATOK ST 21,25 TO 27,92.0,Model A,2019,93 years 11 months,745000.0
2024-02-01,BUKIT BATOK,4 ROOM,209,BT BATOK ST 21,10 TO 12,104.0,Model A,1985,60 years 01 month,570000.0
2024-02-01,BUKIT BATOK,4 ROOM,296C,BT BATOK ST 22,04 TO 06,92.0,Premium Apartment,2018,93 years 02 months,638000.0
2024-02-01,BUKIT BATOK,4 ROOM,296C,BT BATOK ST 22,31 TO 33,92.0,Premium Apartment,2018,93 years 02 months,790000.0
2024-02-01,BUKIT BATOK,4 ROOM,291E,BT BATOK ST 24,04 TO 06,103.0,Model A,1998,73 years 01 month,530000.0
2024-02-01,BUKIT BATOK,4 ROOM,291E,BT BATOK ST 24,10 TO 12,103.0,Model A,1998,73 years 01 month,539888.0
2024-02-01,BUKIT BATOK,4 ROOM,288D,BT BATOK ST 25,07 TO 09,90.0,Model A2,1998,73 years 03 months,520000.0
2024-02-01,BUKIT BATOK,4 ROOM,368,BT BATOK ST 31,04 TO 06,94.0,New Generation,1987,62 years,485000.0
2024-02-01,BUKIT BATOK,4 ROOM,363,BT BATOK ST 31,10 TO 12,94.0,New Generation,1987,62 years 09 months,540888.0
2024-02-01,BUKIT BATOK,4 ROOM,369,BT BATOK ST 31,04 TO 06,104.0,Model A,1985,60 years 11 months,485000.0
2024-02-01,BUKIT BATOK,4 ROOM,343,BT BATOK ST 34,10 TO 12,103.0,Model A,1987,62 years 02 months,532000.0
2024-02-01,BUKIT BATOK,4 ROOM,339,BT BATOK ST 34,07 TO 09,103.0,Model A,1987,62 years 08 months,500000.0
2024-02-01,BUKIT BATOK,4 ROOM,511,BT BATOK ST 52,04 TO 06,84.0,Simplified,1986,61 years 09 months,435000.0
2024-02-01,BUKIT BATOK,4 ROOM,511,BT BATOK ST 52,07 TO 09,84.0,Simplified,1986,61 years 09 months,465000.0
2024-02-01,BUKIT BATOK,4 ROOM,410,BT BATOK WEST AVE 4,07 TO 09,94.0,New Generation,1988,63 years 05 months,490000.0
2024-02-01,BUKIT BATOK,4 ROOM,436A,BT BATOK WEST AVE 5,07 TO 09,93.0,Model A,2020,95 years 01 month,607000.0
2024-02-01,BUKIT BATOK,4 ROOM,437A,BT BATOK WEST AVE 5,04 TO 06,93.0,Model A,2020,95 years 01 month,615000.0
2024-02-01,BUKIT BATOK,4 ROOM,435B,BT BATOK WEST AVE 5,04 TO 06,93.0,Model A,2020,95 years 01 month,570000.0
2024-02-01,BUKIT BATOK,4 ROOM,395,BT BATOK WEST AVE 5,13 TO 15,92.0,Model A,2004,79 years 08 months,505000.0
2024-02-01,BUKIT BATOK,4 ROOM,437A,BT BATOK WEST AVE 5,10 TO 12,93.0,Model A,2020,95 years 01 month,615000.0
2024-02-01,BUKIT BATOK,4 ROOM,435C,BT BATOK WEST AVE 5,07 TO 09,93.0,Model A,2020,95 years 01 month,585000.0
2024-02-01,BUKIT BATOK,4 ROOM,435C,BT BATOK WEST AVE 5,07 TO 09,93.0,Model A,2020,95 years,608888.0
2024-02-01,BUKIT BATOK,4 ROOM,435B,BT BATOK WEST AVE 5,13 TO 15,93.0,Model A,2020,95 years,628888.0
2024-02-01,BUKIT BATOK,4 ROOM,113,BT BATOK WEST AVE 6,01 TO 03,104.0,Model A,1984,59 years 06 months,515000.0
2024-02-01,BUKIT BATOK,4 ROOM,194B,BT BATOK WEST AVE 6,25 TO 27,92.0,Premium Apartment,2017,92 years 06 months,728000.0
2024-02-01,BUKIT BATOK,4 ROOM,452A,BT BATOK WEST AVE 6,04 TO 06,93.0,Model A,2019,94 years 02 months,600000.0
2024-02-01,BUKIT BATOK,4 ROOM,112,BT BATOK WEST AVE 6,04 TO 06,104.0,Model A,1984,59 years 09 months,505000.0
2024-02-01,BUKIT BATOK,4 ROOM,116,BT BATOK WEST AVE 6,07 TO 09,103.0,Model A,1984,59 years 11 months,535000.0
2024-02-01,BUKIT BATOK,4 ROOM,450B,BT BATOK WEST AVE 6,10 TO 12,93.0,Model A,2019,94 years 02 months,628000.0
2024-02-01,BUKIT BATOK,4 ROOM,450B,BT BATOK WEST AVE 6,16 TO 18,93.0,Model A,2019,94 years 02 months,658000.0
2024-02-01,BUKIT BATOK,4 ROOM,452A,BT BATOK WEST AVE 6,13 TO 15,93.0,Model A,2019,94 years 03 months,630000.0
2024-02-01,BUKIT BATOK,4 ROOM,452A,BT BATOK WEST AVE 6,07 TO 09,93.0,Model A,2019,94 years 02 months,631888.0
2024-02-01,BUKIT BATOK,4 ROOM,450B,BT BATOK WEST AVE 6,10 TO 12,93.0,Model A,2019,94 years 02 months,620000.0
2024-02-01,BUKIT BATOK,4 ROOM,450B,BT BATOK WEST AVE 6,16 TO 18,93.0,Model A,2019,94 years 02 months,675000.0
2024-02-01,BUKIT BATOK,4 ROOM,452A,BT BATOK WEST AVE 6,04 TO 06,93.0,Model A,2019,94 years 01 month,560000.0
2024-02-01,BUKIT BATOK,4 ROOM,451B,BT BATOK WEST AVE 6,01 TO 03,93.0,Model A,2019,94 years 01 month,600000.0
2024-02-01,BUKIT BATOK,4 ROOM,461A,BT BATOK WEST AVE 8,04 TO 06,93.0,Model A,2019,94 years 08 months,610000.0
2024-02-01,BUKIT BATOK,4 ROOM,178,BT BATOK WEST AVE 8,04 TO 06,110.0,Model A,1984,59 years 11 months,525000.0
2024-02-01,BUKIT BATOK,4 ROOM,168,BT BATOK WEST AVE 8,04 TO 06,103.0,Model A,1984,59 years 11 months,510000.0
2024-02-01,BUKIT BATOK,4 ROOM,168,BT BATOK WEST AVE 8,04 TO 06,103.0,Model A,1984,59 years 11 months,495000.0
2024-02-01,BUKIT BATOK,4 ROOM,172,BT BATOK WEST AVE 8,04 TO 06,103.0,Model A,1985,60 years 05 months,488000.0
2024-02-01,BUKIT BATOK,4 ROOM,439B,BT BATOK WEST AVE 8,07 TO 09,93.0,Model A,2020,95 years 01 month,635000.0
2024-02-01,BUKIT BATOK,4 ROOM,439C,BT BATOK WEST AVE 8,04 TO 06,93.0,Model A,2020,95 years 01 month,595000.0
2024-02-01,BUKIT BATOK,4 ROOM,461A,BT BATOK WEST AVE 8,01 TO 03,93.0,Model A,2019,94 years 08 months,560000.0
2024-02-01,BUKIT BATOK,4 ROOM,181,BT BATOK WEST AVE 8,01 TO 03,93.0,New Generation,1984,59 years 05 months,463000.0
2024-02-01,BUKIT BATOK,4 ROOM,439B,BT BATOK WEST AVE 8,10 TO 12,93.0,Model A,2020,95 years 01 month,640000.0
2024-02-01,BUKIT BATOK,4 ROOM,443A,BT BATOK WEST AVE 8,04 TO 06,92.0,Model A,2019,94 years 02 months,520000.0
2024-02-01,BUKIT BATOK,4 ROOM,461A,BT BATOK WEST AVE 8,13 TO 15,93.0,Model A,2019,94 years 07 months,655000.0
2024-02-01,BUKIT BATOK,4 ROOM,439B,BT BATOK WEST AVE 8,04 TO 06,93.0,Model A,2020,95 years,595000.0
2024-02-01,BUKIT BATOK,4 ROOM,443B,BT BATOK WEST AVE 8,13 TO 15,92.0,Model A,2019,94 years 01 month,655888.0
2024-02-01,BUKIT BATOK,4 ROOM,438C,BT BATOK WEST AVE 8,07 TO 09,93.0,Model A,2020,95 years,623000.0
2024-02-01,BUKIT BATOK,4 ROOM,448C,BT BATOK WEST AVE 9,10 TO 12,93.0,Model A,2019,94 years 02 months,637000.0
2024-02-01,BUKIT BATOK,4 ROOM,449B,BT BATOK WEST AVE 9,16 TO 18,93.0,Model A,2019,94 years 02 months,648000.0
2024-02-01,BUKIT BATOK,4 ROOM,449A,BT BATOK WEST AVE 9,04 TO 06,93.0,Model A,2019,94 years 02 months,615000.0
2024-02-01,BUKIT BATOK,4 ROOM,449A,BT BATOK WEST AVE 9,13 TO 15,93.0,Model A,2019,94 years 01 month,650000.0
2024-02-01,BUKIT BATOK,4 ROOM,449B,BT BATOK WEST AVE 9,01 TO 03,93.0,Model A,2019,94 years 01 month,560000.0
2024-02-01,BUKIT BATOK,4 ROOM,449B,BT BATOK WEST AVE 9,07 TO 09,93.0,Model A,2019,94 years 01 month,628000.0
2024-02-01,BUKIT BATOK,5 ROOM,285,BT BATOK EAST AVE 3,07 TO 09,129.0,Improved,1995,70 years 11 months,635000.0
2024-02-01,BUKIT BATOK,5 ROOM,290D,BT BATOK EAST AVE 3,13 TO 15,121.0,Improved,1998,73 years 02 months,660000.0
2024-02-01,BUKIT BATOK,5 ROOM,257,BT BATOK EAST AVE 4,04 TO 06,121.0,Improved,1985,60 years 06 months,580000.0
2024-02-01,BUKIT BATOK,5 ROOM,292B,BT BATOK EAST AVE 6,10 TO 12,113.0,Improved,2019,94 years,840000.0
2024-02-01,BUKIT BATOK,5 ROOM,201,BT BATOK ST 21,13 TO 15,149.0,Model A,1985,60 years 06 months,815000.0
2024-02-01,BUKIT BATOK,5 ROOM,201,BT BATOK ST 21,19 TO 21,133.0,Model A,1985,60 years 06 months,755000.0
2024-02-01,BUKIT BATOK,5 ROOM,293A,BT BATOK ST 21,07 TO 09,113.0,Improved,2019,94 years,845000.0
2024-02-01,BUKIT BATOK,5 ROOM,297,BT BATOK ST 22,04 TO 06,119.0,Improved,1997,72 years 06 months,655000.0
2024-02-01,BUKIT BATOK,5 ROOM,296B,BT BATOK ST 22,19 TO 21,113.0,Premium Apartment,2018,93 years 02 months,935000.0
2024-02-01,BUKIT BATOK,5 ROOM,289C,BT BATOK ST 25,10 TO 12,121.0,Improved,1997,73 years,680000.0
2024-02-01,BUKIT BATOK,5 ROOM,329,BT BATOK ST 33,10 TO 12,122.0,Improved,1986,61 years 11 months,588000.0
2024-02-01,BUKIT BATOK,5 ROOM,514,BT BATOK ST 52,10 TO 12,122.0,Improved,1986,61 years 10 months,648000.0
2024-02-01,BUKIT BATOK,5 ROOM,394,BT BATOK WEST AVE 5,04 TO 06,118.0,Improved,2004,79 years 09 months,655000.0
2024-02-01,BUKIT BATOK,5 ROOM,437A,BT BATOK WEST AVE 5,07 TO 09,113.0,Improved,2020,95 years 01 month,780000.0
2024-02-01,BUKIT BATOK,5 ROOM,393,BT BATOK WEST AVE 5,13 TO 15,118.0,Improved,2004,79 years 09 months,700000.0
2024-02-01,BUKIT BATOK,5 ROOM,453A,BT BATOK WEST AVE 6,01 TO 03,115.0,Improved,2019,94 years 02 months,720000.0
2024-02-01,BUKIT BATOK,5 ROOM,110,BT BATOK WEST AVE 6,04 TO 06,132.0,Model A,1985,60 years 01 month,670000.0
2024-02-01,BUKIT BATOK,5 ROOM,452A,BT BATOK WEST AVE 6,10 TO 12,113.0,Improved,2019,94 years 02 months,800000.0
2024-02-01,BUKIT BATOK,5 ROOM,194A,BT BATOK WEST AVE 6,13 TO 15,112.0,Premium Apartment,2017,92 years 06 months,848000.0
2024-02-01,BUKIT BATOK,5 ROOM,453B,BT BATOK WEST AVE 6,04 TO 06,115.0,Improved,2019,94 years 01 month,735000.0
2024-02-01,BUKIT BATOK,5 ROOM,446A,BT BATOK WEST AVE 8,13 TO 15,112.0,Improved,2019,94 years 01 month,795000.0
2024-02-01,BUKIT BATOK,5 ROOM,461D,BT BATOK WEST AVE 8,01 TO 03,114.0,Improved,2019,94 years 09 months,710000.0
2024-02-01,BUKIT BATOK,5 ROOM,442A,BT BATOK WEST AVE 8,13 TO 15,112.0,Improved,2019,94 years 02 months,771000.0
2024-02-01,BUKIT BATOK,5 ROOM,439C,BT BATOK WEST AVE 8,07 TO 09,113.0,Improved,2020,95 years 01 month,780000.0
2024-02-01,BUKIT BATOK,5 ROOM,443A,BT BATOK WEST AVE 8,13 TO 15,112.0,Improved,2019,94 years 02 months,775000.0
2024-02-01,BUKIT BATOK,5 ROOM,443C,BT BATOK WEST AVE 8,04 TO 06,112.0,Improved,2019,94 years 01 month,700000.0
2024-02-01,BUKIT BATOK,5 ROOM,440B,BT BATOK WEST AVE 8,07 TO 09,112.0,Improved,2019,94 years 01 month,765000.0
2024-02-01,BUKIT BATOK,5 ROOM,442A,BT BATOK WEST AVE 8,04 TO 06,112.0,Improved,2019,94 years 02 months,768000.0
2024-02-01,BUKIT BATOK,5 ROOM,442A,BT BATOK WEST AVE 8,07 TO 09,112.0,Improved,2019,94 years 02 months,765000.0
2024-02-01,BUKIT BATOK,5 ROOM,442B,BT BATOK WEST AVE 8,04 TO 06,112.0,Improved,2019,94 years 02 months,690000.0
2024-02-01,BUKIT BATOK,EXECUTIVE,125,BT BATOK CTRL,04 TO 06,150.0,Maisonette,1985,60 years 06 months,880000.0
2024-02-01,BUKIT BATOK,EXECUTIVE,221,BT BATOK EAST AVE 3,07 TO 09,147.0,Maisonette,1985,60 years 04 months,805000.0
2024-02-01,BUKIT BATOK,EXECUTIVE,140,BT BATOK ST 11,16 TO 18,145.0,Apartment,1984,59 years 10 months,874088.0
2024-02-01,BUKIT BATOK,EXECUTIVE,289D,BT BATOK ST 25,01 TO 03,165.0,Maisonette,1997,72 years 11 months,990000.0
2024-02-01,BUKIT BATOK,EXECUTIVE,354,BT BATOK ST 31,07 TO 09,148.0,Maisonette,1987,62 years 04 months,855000.0
2024-02-01,BUKIT BATOK,EXECUTIVE,535,BT BATOK ST 52,04 TO 06,146.0,Maisonette,1987,62 years,808888.0
2024-02-01,BUKIT BATOK,EXECUTIVE,512,BT BATOK ST 52,04 TO 06,146.0,Maisonette,1987,62 years 03 months,775000.0
2024-02-01,BUKIT BATOK,EXECUTIVE,405,BT BATOK WEST AVE 7,13 TO 15,141.0,Apartment,1993,68 years 02 months,755000.0
2024-02-01,BUKIT MERAH,2 ROOM,127A,KIM TIAN RD,22 TO 24,47.0,Model A,2013,88 years 01 month,523000.0
2024-02-01,BUKIT MERAH,3 ROOM,128,BT MERAH VIEW,16 TO 18,76.0,Improved,1973,48 years 06 months,400000.0
2024-02-01,BUKIT MERAH,3 ROOM,58,HAVELOCK RD,16 TO 18,69.0,Model A,2013,88 years 04 months,768000.0
2024-02-01,BUKIT MERAH,3 ROOM,22,HAVELOCK RD,16 TO 18,64.0,Standard,1969,44 years 06 months,400000.0
2024-02-01,BUKIT MERAH,3 ROOM,105,HENDERSON CRES,22 TO 24,65.0,Improved,1975,50 years,400000.0
2024-02-01,BUKIT MERAH,3 ROOM,95A,HENDERSON RD,01 TO 03,68.0,Model A,2019,94 years 03 months,680000.0
2024-02-01,BUKIT MERAH,3 ROOM,77,INDUS RD,10 TO 12,63.0,Improved,1973,48 years,400000.0
2024-02-01,BUKIT MERAH,3 ROOM,113,JLN BT MERAH,07 TO 09,71.0,Standard,1969,43 years 11 months,350000.0
2024-02-01,BUKIT MERAH,3 ROOM,28,JLN BT MERAH,13 TO 15,60.0,Standard,1967,42 years 05 months,305000.0
2024-02-01,BUKIT MERAH,3 ROOM,146,JLN BT MERAH,04 TO 06,67.0,New Generation,1981,56 years 09 months,393000.0
2024-02-01,BUKIT MERAH,3 ROOM,28,JLN BT MERAH,07 TO 09,60.0,Standard,1967,42 years 05 months,307500.0
2024-02-01,BUKIT MERAH,3 ROOM,26D,JLN MEMBINA,13 TO 15,60.0,Model A,2009,83 years 11 months,675000.0
2024-02-01,BUKIT MERAH,3 ROOM,34,KIM CHENG ST,01 TO 03,88.0,Standard,1973,48 years,735000.0
2024-02-01,BUKIT MERAH,3 ROOM,130,KIM TIAN RD,10 TO 12,65.0,Improved,1976,51 years,375000.0
2024-02-01,BUKIT MERAH,3 ROOM,86,REDHILL CL,16 TO 18,68.0,Improved,1973,48 years,420000.0
2024-02-01,BUKIT MERAH,3 ROOM,148,SILAT AVE,10 TO 12,67.0,New Generation,1982,57 years 08 months,425000.0
2024-02-01,BUKIT MERAH,3 ROOM,12,TELOK BLANGAH CRES,07 TO 09,59.0,Improved,1975,50 years 03 months,362000.0
2024-02-01,BUKIT MERAH,3 ROOM,12,TELOK BLANGAH CRES,07 TO 09,59.0,Improved,1975,50 years 03 months,330000.0
2024-02-01,BUKIT MERAH,3 ROOM,13,TELOK BLANGAH CRES,10 TO 12,76.0,Improved,1975,50 years 11 months,410000.0
2024-02-01,BUKIT MERAH,3 ROOM,1,TELOK BLANGAH CRES,10 TO 12,66.0,Improved,1983,58 years 02 months,398000.0
2024-02-01,BUKIT MERAH,3 ROOM,1,TELOK BLANGAH CRES,10 TO 12,66.0,Improved,1983,58 years 03 months,405000.0
2024-02-01,BUKIT MERAH,3 ROOM,44,TELOK BLANGAH DR,04 TO 06,65.0,Improved,1976,51 years,334000.0
2024-02-01,BUKIT MERAH,3 ROOM,55,TELOK BLANGAH DR,07 TO 09,73.0,New Generation,1978,53 years,400000.0
2024-02-01,BUKIT MERAH,3 ROOM,61,TELOK BLANGAH HTS,10 TO 12,67.0,New Generation,1976,51 years 07 months,380000.0
2024-02-01,BUKIT MERAH,3 ROOM,38,TELOK BLANGAH RISE,01 TO 03,60.0,Improved,1976,51 years 09 months,333000.0
2024-02-01,BUKIT MERAH,3 ROOM,42,TELOK BLANGAH RISE,07 TO 09,70.0,Improved,1976,51 years 03 months,383000.0
2024-02-01,BUKIT MERAH,3 ROOM,91A,TELOK BLANGAH ST 31,07 TO 09,68.0,Model A,2018,93 years 11 months,680000.0
2024-02-01,BUKIT MERAH,3 ROOM,80C,TELOK BLANGAH ST 31,19 TO 21,68.0,Premium Apartment,2013,88 years 07 months,755000.0
2024-02-01,BUKIT MERAH,3 ROOM,90A,TELOK BLANGAH ST 31,10 TO 12,68.0,Model A,2018,93 years 11 months,700000.0
2024-02-01,BUKIT MERAH,3 ROOM,92B,TELOK BLANGAH ST 31,25 TO 27,68.0,Model A,2018,93 years 10 months,655000.0
2024-02-01,BUKIT MERAH,4 ROOM,4B,BOON TIONG RD,13 TO 15,100.0,Model A,2005,80 years 09 months,975000.0
2024-02-01,BUKIT MERAH,4 ROOM,6B,BOON TIONG RD,16 TO 18,100.0,Model A,2005,80 years 09 months,965000.0
2024-02-01,BUKIT MERAH,4 ROOM,120,BT MERAH VIEW,01 TO 03,88.0,Improved,1973,47 years 11 months,410000.0
2024-02-01,BUKIT MERAH,4 ROOM,113,BT PURMEI RD,01 TO 03,103.0,Model A,1984,59 years 10 months,560000.0
2024-02-01,BUKIT MERAH,4 ROOM,103,BT PURMEI RD,10 TO 12,93.0,New Generation,1982,57 years 11 months,618000.0
2024-02-01,BUKIT MERAH,4 ROOM,111A,DEPOT RD,07 TO 09,100.0,Model A,2006,81 years 01 month,770000.0
2024-02-01,BUKIT MERAH,4 ROOM,52,HAVELOCK RD,16 TO 18,89.0,Model A,2013,88 years 04 months,960000.0
2024-02-01,BUKIT MERAH,4 ROOM,95B,HENDERSON RD,37 TO 39,93.0,Model A,2019,94 years 04 months,1050000.0
2024-02-01,BUKIT MERAH,4 ROOM,20,JLN MEMBINA,13 TO 15,90.0,Model A,2003,78 years 08 months,955000.0
2024-02-01,BUKIT MERAH,4 ROOM,118B,JLN MEMBINA,16 TO 18,85.0,Model A,2003,77 years 11 months,795000.0
2024-02-01,BUKIT MERAH,4 ROOM,128,KIM TIAN RD,07 TO 09,88.0,Improved,1975,50 years,555000.0
2024-02-01,BUKIT MERAH,4 ROOM,70C,TELOK BLANGAH HTS,13 TO 15,93.0,Model A,2017,92 years 04 months,830000.0
2024-02-01,BUKIT MERAH,4 ROOM,70B,TELOK BLANGAH HTS,22 TO 24,93.0,Model A,2017,92 years 03 months,970000.0
2024-02-01,BUKIT MERAH,4 ROOM,90A,TELOK BLANGAH ST 31,19 TO 21,93.0,Model A,2018,93 years 11 months,925000.0
2024-02-01,BUKIT MERAH,4 ROOM,93A,TELOK BLANGAH ST 31,22 TO 24,93.0,Model A,2018,93 years 11 months,899000.0
2024-02-01,BUKIT MERAH,4 ROOM,93A,TELOK BLANGAH ST 31,13 TO 15,93.0,Model A,2018,93 years 11 months,892000.0
2024-02-01,BUKIT MERAH,4 ROOM,90B,TELOK BLANGAH ST 31,13 TO 15,93.0,Model A,2018,93 years 11 months,940000.0
2024-02-01,BUKIT MERAH,4 ROOM,92B,TELOK BLANGAH ST 31,28 TO 30,93.0,Model A,2018,93 years 11 months,930000.0
2024-02-01,BUKIT MERAH,4 ROOM,90A,TELOK BLANGAH ST 31,22 TO 24,93.0,Model A,2018,93 years 11 months,965000.0
2024-02-01,BUKIT MERAH,4 ROOM,91A,TELOK BLANGAH ST 31,16 TO 18,93.0,Model A,2018,93 years 10 months,955000.0
2024-02-01,BUKIT MERAH,4 ROOM,91A,TELOK BLANGAH ST 31,01 TO 03,93.0,Model A,2018,93 years 10 months,808000.0
2024-02-01,BUKIT MERAH,4 ROOM,93A,TELOK BLANGAH ST 31,13 TO 15,93.0,Model A,2018,93 years 11 months,880000.0
2024-02-01,BUKIT MERAH,4 ROOM,80A,TELOK BLANGAH ST 31,25 TO 27,95.0,Premium Apartment,2013,88 years 06 months,970000.0
2024-02-01,BUKIT MERAH,4 ROOM,93A,TELOK BLANGAH ST 31,10 TO 12,93.0,Model A,2018,93 years 11 months,870000.0
2024-02-01,BUKIT MERAH,4 ROOM,93B,TELOK BLANGAH ST 31,10 TO 12,93.0,Model A,2018,93 years 10 months,910000.0
2024-02-01,BUKIT MERAH,4 ROOM,91A,TELOK BLANGAH ST 31,01 TO 03,93.0,Model A,2018,93 years 10 months,820000.0
2024-02-01,BUKIT MERAH,5 ROOM,111,BT PURMEI RD,07 TO 09,138.0,Model A,1984,59 years 09 months,918000.0
2024-02-01,BUKIT MERAH,5 ROOM,112B,DEPOT RD,07 TO 09,116.0,Improved,2006,81 years 01 month,855000.0
2024-02-01,BUKIT MERAH,5 ROOM,106B,DEPOT RD,19 TO 21,115.0,Improved,2000,75 years 06 months,854000.0
2024-02-01,BUKIT MERAH,5 ROOM,112A,DEPOT RD,04 TO 06,116.0,Improved,2006,81 years 01 month,744000.0
2024-02-01,BUKIT MERAH,5 ROOM,94,HAVELOCK RD,04 TO 06,118.0,Improved,1983,58 years 07 months,980000.0
2024-02-01,BUKIT MERAH,5 ROOM,50,HOY FATT RD,01 TO 03,122.0,Improved,1987,62 years,668000.0
2024-02-01,BUKIT MERAH,5 ROOM,140,JLN BT MERAH,01 TO 03,119.0,Improved,1979,54 years,650000.0
2024-02-01,BUKIT MERAH,5 ROOM,35,JLN RUMAH TINGGI,16 TO 18,120.0,Improved,1999,74 years 01 month,888000.0
2024-02-01,BUKIT MERAH,5 ROOM,119B,KIM TIAN RD,16 TO 18,110.0,Improved,2002,77 years 11 months,988000.0
2024-02-01,BUKIT MERAH,5 ROOM,122,KIM TIAN RD,13 TO 15,126.0,Improved,1995,70 years 06 months,1180000.0
2024-02-01,BUKIT MERAH,5 ROOM,131B,KIM TIAN RD,04 TO 06,110.0,Improved,2002,76 years 11 months,860000.0
2024-02-01,BUKIT MERAH,5 ROOM,82,REDHILL LANE,04 TO 06,120.0,Improved,1996,71 years 10 months,980000.0
2024-02-01,BUKIT MERAH,5 ROOM,74A,REDHILL RD,16 TO 18,115.0,Improved,2005,80 years 09 months,1030000.0
2024-02-01,BUKIT MERAH,5 ROOM,109,SPOTTISWOODE PK RD,01 TO 03,121.0,Standard,1979,54 years 09 months,790000.0
2024-02-01,BUKIT MERAH,5 ROOM,106,SPOTTISWOODE PK RD,07 TO 09,122.0,Standard,1979,54 years 09 months,895000.0
2024-02-01,BUKIT MERAH,5 ROOM,49,TELOK BLANGAH DR,19 TO 21,123.0,Standard,1976,51 years 10 months,888000.0
2024-02-01,BUKIT MERAH,5 ROOM,48,TELOK BLANGAH DR,16 TO 18,123.0,Standard,1976,51 years 09 months,920000.0
2024-02-01,BUKIT MERAH,5 ROOM,85,TELOK BLANGAH HTS,19 TO 21,110.0,Improved,2003,78 years 02 months,1000088.0
2024-02-01,BUKIT MERAH,5 ROOM,85,TELOK BLANGAH HTS,13 TO 15,110.0,Improved,2003,78 years 01 month,938888.0
2024-02-01,BUKIT MERAH,5 ROOM,87,ZION RD,04 TO 06,119.0,Improved,1974,49 years 04 months,935000.0
2024-02-01,BUKIT PANJANG,2 ROOM,547D,SEGAR RD,13 TO 15,47.0,Model A,2015,90 years 05 months,335000.0
2024-02-01,BUKIT PANJANG,2 ROOM,636A,SENJA RD,07 TO 09,46.0,Model A,2015,90 years 10 months,315000.0
2024-02-01,BUKIT PANJANG,3 ROOM,249,BANGKIT RD,01 TO 03,73.0,Model A,1989,64 years,380000.0
2024-02-01,BUKIT PANJANG,3 ROOM,132,CASHEW RD,04 TO 06,73.0,Model A,1988,63 years 10 months,380000.0
2024-02-01,BUKIT PANJANG,3 ROOM,102,GANGSA RD,01 TO 03,73.0,Model A,1988,63 years,378000.0
2024-02-01,BUKIT PANJANG,3 ROOM,108,GANGSA RD,07 TO 09,73.0,Model A,1986,61 years 10 months,423888.0
2024-02-01,BUKIT PANJANG,3 ROOM,125,PENDING RD,10 TO 12,73.0,Model A,1987,62 years 08 months,420000.0
2024-02-01,BUKIT PANJANG,3 ROOM,149,PETIR RD,10 TO 12,73.0,Model A,1988,63 years 09 months,400000.0
2024-02-01,BUKIT PANJANG,3 ROOM,205,PETIR RD,04 TO 06,73.0,Model A,1988,63 years 10 months,372000.0
2024-02-01,BUKIT PANJANG,3 ROOM,636A,SENJA RD,10 TO 12,67.0,Model A,2015,90 years 09 months,433000.0
2024-02-01,BUKIT PANJANG,4 ROOM,275,BANGKIT RD,10 TO 12,104.0,Model A,1988,63 years,520000.0
2024-02-01,BUKIT PANJANG,4 ROOM,443A,FAJAR RD,16 TO 18,93.0,Model A,2016,91 years 11 months,578888.0
2024-02-01,BUKIT PANJANG,4 ROOM,443B,FAJAR RD,01 TO 03,93.0,Model A,2016,91 years 11 months,507000.0
2024-02-01,BUKIT PANJANG,4 ROOM,166,GANGSA RD,07 TO 09,100.0,Model A,1998,73 years 03 months,599000.0
2024-02-01,BUKIT PANJANG,4 ROOM,146,GANGSA RD,07 TO 09,108.0,Model A,1988,63 years 07 months,525000.0
2024-02-01,BUKIT PANJANG,4 ROOM,514,JELAPANG RD,04 TO 06,102.0,Model A,1998,73 years 08 months,503000.0
2024-02-01,BUKIT PANJANG,4 ROOM,509,JELAPANG RD,13 TO 15,93.0,Model A2,1998,73 years 04 months,540000.0
2024-02-01,BUKIT PANJANG,4 ROOM,506,JELAPANG RD,10 TO 12,101.0,Model A,1998,73 years 03 months,498000.0
2024-02-01,BUKIT PANJANG,4 ROOM,510,JELAPANG RD,04 TO 06,91.0,Model A2,1998,73 years 04 months,460000.0
2024-02-01,BUKIT PANJANG,4 ROOM,185,JELEBU RD,28 TO 30,91.0,Premium Apartment,2003,78 years 04 months,758000.0
2024-02-01,BUKIT PANJANG,4 ROOM,546A,SEGAR RD,10 TO 12,92.0,Model A,2015,90 years 06 months,588000.0
2024-02-01,BUKIT PANJANG,4 ROOM,467,SEGAR RD,13 TO 15,90.0,Premium Apartment,2002,77 years 03 months,485000.0
2024-02-01,BUKIT PANJANG,4 ROOM,480,SEGAR RD,01 TO 03,94.0,Premium Apartment,2002,77 years 10 months,458000.0
2024-02-01,BUKIT PANJANG,4 ROOM,550B,SEGAR RD,04 TO 06,92.0,Model A,2015,90 years 11 months,525888.0
2024-02-01,BUKIT PANJANG,4 ROOM,461,SEGAR RD,16 TO 18,93.0,Premium Apartment,2015,90 years 07 months,575000.0
2024-02-01,BUKIT PANJANG,4 ROOM,550A,SEGAR RD,16 TO 18,92.0,Model A,2015,90 years 11 months,580000.0
2024-02-01,BUKIT PANJANG,4 ROOM,633B,SENJA RD,25 TO 27,93.0,Model A,2013,88 years 11 months,633000.0
2024-02-01,BUKIT PANJANG,4 ROOM,630,SENJA RD,10 TO 12,90.0,Premium Apartment,2004,79 years 09 months,555000.0
2024-02-01,BUKIT PANJANG,4 ROOM,622,SENJA RD,01 TO 03,91.0,Model A,2001,76 years 11 months,455000.0
2024-02-01,BUKIT PANJANG,4 ROOM,635A,SENJA RD,13 TO 15,92.0,Model A,2015,90 years 09 months,603888.0
2024-02-01,BUKIT PANJANG,4 ROOM,626,SENJA RD,16 TO 18,90.0,Premium Apartment,2005,80 years 01 month,560000.0
2024-02-01,BUKIT PANJANG,4 ROOM,633C,SENJA RD,16 TO 18,93.0,Model A,2013,88 years 10 months,618000.0
2024-02-01,BUKIT PANJANG,4 ROOM,633B,SENJA RD,28 TO 30,93.0,Model A,2013,88 years 10 months,625000.0
2024-02-01,BUKIT PANJANG,5 ROOM,537,BT PANJANG RING RD,13 TO 15,122.0,Improved,1999,74 years 06 months,700000.0
2024-02-01,BUKIT PANJANG,5 ROOM,402,FAJAR RD,10 TO 12,128.0,Improved,1988,63 years 10 months,645000.0
2024-02-01,BUKIT PANJANG,5 ROOM,418,FAJAR RD,04 TO 06,123.0,Improved,1989,64 years 02 months,580000.0
2024-02-01,BUKIT PANJANG,5 ROOM,526,JELAPANG RD,07 TO 09,121.0,Improved,1999,74 years 01 month,645000.0
2024-02-01,BUKIT PANJANG,5 ROOM,518,JELAPANG RD,07 TO 09,121.0,Improved,1998,73 years 08 months,610000.0
2024-02-01,BUKIT PANJANG,5 ROOM,519,JELAPANG RD,16 TO 18,125.0,Improved,1998,73 years 10 months,660000.0
2024-02-01,BUKIT PANJANG,5 ROOM,184,JELEBU RD,22 TO 24,113.0,Premium Apartment,2003,78 years 03 months,828000.0
2024-02-01,BUKIT PANJANG,5 ROOM,210,PETIR RD,19 TO 21,122.0,Improved,1988,63 years 05 months,610000.0
2024-02-01,BUKIT PANJANG,5 ROOM,201,PETIR RD,01 TO 03,122.0,Improved,1988,63 years 04 months,610000.0
2024-02-01,BUKIT PANJANG,5 ROOM,470,SEGAR RD,13 TO 15,110.0,Premium Apartment,2002,77 years 03 months,570000.0
2024-02-01,BUKIT PANJANG,5 ROOM,549B,SEGAR RD,04 TO 06,113.0,Improved,2015,90 years 10 months,650000.0
2024-02-01,BUKIT PANJANG,5 ROOM,627,SENJA RD,13 TO 15,110.0,Premium Apartment,2004,79 years 10 months,610000.0
2024-02-01,BUKIT PANJANG,5 ROOM,605,SENJA RD,28 TO 30,121.0,Improved,1999,74 years 04 months,900000.0
2024-02-01,BUKIT PANJANG,5 ROOM,635A,SENJA RD,34 TO 36,112.0,Improved,2015,90 years 09 months,785000.0
2024-02-01,BUKIT PANJANG,5 ROOM,610,SENJA RD,10 TO 12,110.0,Improved,2002,77 years 03 months,655000.0
2024-02-01,BUKIT PANJANG,5 ROOM,604,SENJA RD,13 TO 15,120.0,Improved,1999,74 years 04 months,795000.0
2024-02-01,BUKIT PANJANG,5 ROOM,654,SENJA RD,04 TO 06,111.0,Premium Apartment,2001,76 years 08 months,635000.0
2024-02-01,BUKIT PANJANG,5 ROOM,614,SENJA RD,10 TO 12,110.0,Improved,2002,77 years 03 months,640000.0
2024-02-01,BUKIT PANJANG,EXECUTIVE,130,CASHEW RD,04 TO 06,146.0,Maisonette,1988,63 years 10 months,815000.0
2024-02-01,BUKIT PANJANG,EXECUTIVE,532,JELAPANG RD,19 TO 21,147.0,Maisonette,1999,74 years 02 months,900000.0
2024-02-01,BUKIT PANJANG,EXECUTIVE,528,JELAPANG RD,04 TO 06,143.0,Maisonette,1999,74 years,860000.0
2024-02-01,BUKIT PANJANG,EXECUTIVE,233,PENDING RD,01 TO 03,146.0,Maisonette,1988,63 years 02 months,780000.0
2024-02-01,BUKIT PANJANG,EXECUTIVE,129,PENDING RD,01 TO 03,151.0,Apartment,1987,63 years,778000.0
2024-02-01,BUKIT PANJANG,EXECUTIVE,479,SEGAR RD,13 TO 15,128.0,Premium Apartment,2002,77 years 08 months,638000.0
2024-02-01,BUKIT PANJANG,EXECUTIVE,607,SENJA RD,04 TO 06,130.0,Apartment,2001,76 years 11 months,730000.0
2024-02-01,BUKIT TIMAH,3 ROOM,6,FARRER RD,04 TO 06,76.0,Improved,1974,49 years 02 months,520000.0
2024-02-01,BUKIT TIMAH,4 ROOM,3,QUEEN'S RD,07 TO 09,91.0,Improved,1974,49 years 02 months,600000.0
2024-02-01,BUKIT TIMAH,5 ROOM,8,EMPRESS RD,04 TO 06,130.0,Adjoined flat,1976,51 years 02 months,1008000.0
2024-02-01,BUKIT TIMAH,5 ROOM,11,TOH YI DR,07 TO 09,122.0,Improved,1989,64 years 05 months,1102888.0
2024-02-01,BUKIT TIMAH,5 ROOM,13,TOH YI DR,04 TO 06,128.0,Improved,1988,63 years 08 months,1100000.0
2024-02-01,BUKIT TIMAH,EXECUTIVE,10,TOH YI DR,04 TO 06,146.0,Maisonette,1989,64 years 05 months,1270000.0
2024-02-01,CENTRAL AREA,3 ROOM,9,JLN KUKOH,04 TO 06,66.0,Improved,1982,56 years 11 months,410000.0
2024-02-01,CENTRAL AREA,3 ROOM,29,KELANTAN RD,10 TO 12,65.0,Improved,1977,52 years 10 months,420000.0
2024-02-01,CENTRAL AREA,3 ROOM,269C,QUEEN ST,07 TO 09,67.0,New Generation,1984,59 years 04 months,520000.0
2024-02-01,CENTRAL AREA,3 ROOM,335A,SMITH ST,04 TO 06,60.0,Improved,1984,59 years 02 months,468000.0
2024-02-01,CENTRAL AREA,3 ROOM,5,TG PAGAR PLAZA,04 TO 06,59.0,Improved,1977,52 years 01 month,500000.0
2024-02-01,CENTRAL AREA,3 ROOM,34,UPP CROSS ST,04 TO 06,65.0,Improved,1975,50 years 05 months,425000.0
2024-02-01,CENTRAL AREA,3 ROOM,635,VEERASAMY RD,07 TO 09,72.0,Model A,1985,60 years 06 months,510000.0
2024-02-01,CENTRAL AREA,3 ROOM,633,VEERASAMY RD,04 TO 06,72.0,Model A,1985,60 years 04 months,508888.0
2024-02-01,CENTRAL AREA,3 ROOM,264,WATERLOO ST,16 TO 18,60.0,Improved,1986,61 years 08 months,530000.0
2024-02-01,CENTRAL AREA,4 ROOM,1C,CANTONMENT RD,04 TO 06,94.0,Type S1,2011,85 years 11 months,1130000.0
2024-02-01,CENTRAL AREA,4 ROOM,53,CHIN SWEE RD,04 TO 06,77.0,Improved,1974,49 years 06 months,500000.0
2024-02-01,CENTRAL AREA,5 ROOM,1F,CANTONMENT RD,31 TO 33,106.0,Type S2,2011,86 years,1400000.0
2024-02-01,CHOA CHU KANG,2 ROOM,807A,CHOA CHU KANG AVE 1,07 TO 09,47.0,Model A,2017,92 years 03 months,320000.0
2024-02-01,CHOA CHU KANG,3 ROOM,570,CHOA CHU KANG ST 52,04 TO 06,67.0,Model A,2015,90 years,428000.0
2024-02-01,CHOA CHU KANG,3 ROOM,6,TECK WHYE AVE,04 TO 06,74.0,Model A,1984,59 years 02 months,360000.0
2024-02-01,CHOA CHU KANG,3 ROOM,114,TECK WHYE LANE,10 TO 12,73.0,Model A,1989,64 years 09 months,385000.0
2024-02-01,CHOA CHU KANG,3 ROOM,26,TECK WHYE LANE,01 TO 03,74.0,New Generation,1979,54 years 02 months,350000.0
2024-02-01,CHOA CHU KANG,3 ROOM,19,TECK WHYE LANE,07 TO 09,68.0,New Generation,1981,56 years 08 months,378000.0
2024-02-01,CHOA CHU KANG,4 ROOM,808B,CHOA CHU KANG AVE 1,13 TO 15,92.0,Model A,2017,92 years 03 months,572888.0
2024-02-01,CHOA CHU KANG,4 ROOM,201,CHOA CHU KANG AVE 1,01 TO 03,115.0,Model A,1989,64 years 11 months,480000.0
2024-02-01,CHOA CHU KANG,4 ROOM,294,CHOA CHU KANG AVE 2,10 TO 12,104.0,Model A,1990,65 years 05 months,508000.0
2024-02-01,CHOA CHU KANG,4 ROOM,296B,CHOA CHU KANG AVE 2,07 TO 09,100.0,Premium Apartment,1999,74 years 06 months,471000.0
2024-02-01,CHOA CHU KANG,4 ROOM,251,CHOA CHU KANG AVE 2,07 TO 09,104.0,Model A,1994,69 years 10 months,513000.0
2024-02-01,CHOA CHU KANG,4 ROOM,297D,CHOA CHU KANG AVE 2,04 TO 06,102.0,Premium Apartment,1999,74 years 05 months,473000.0
2024-02-01,CHOA CHU KANG,4 ROOM,276,CHOA CHU KANG AVE 2,07 TO 09,104.0,Model A,1993,68 years 05 months,485000.0
2024-02-01,CHOA CHU KANG,4 ROOM,408,CHOA CHU KANG AVE 3,01 TO 03,110.0,Model A,1993,68 years 05 months,478888.0
2024-02-01,CHOA CHU KANG,4 ROOM,404,CHOA CHU KANG AVE 3,07 TO 09,104.0,Model A,1993,68 years 06 months,500000.0
2024-02-01,CHOA CHU KANG,4 ROOM,406,CHOA CHU KANG AVE 3,13 TO 15,123.0,Model A,1993,68 years 05 months,610000.0
2024-02-01,CHOA CHU KANG,4 ROOM,293,CHOA CHU KANG AVE 3,04 TO 06,104.0,Model A,1993,68 years 05 months,495000.0
2024-02-01,CHOA CHU KANG,4 ROOM,286,CHOA CHU KANG AVE 3,10 TO 12,104.0,Model A,1993,68 years 05 months,480000.0
2024-02-01,CHOA CHU KANG,4 ROOM,286,CHOA CHU KANG AVE 3,01 TO 03,103.0,Model A,1993,68 years 04 months,460000.0
2024-02-01,CHOA CHU KANG,4 ROOM,412,CHOA CHU KANG AVE 3,04 TO 06,104.0,Model A,1992,67 years 06 months,525000.0
2024-02-01,CHOA CHU KANG,4 ROOM,401,CHOA CHU KANG AVE 3,07 TO 09,106.0,Model A,1993,68 years 05 months,488000.0
2024-02-01,CHOA CHU KANG,4 ROOM,464,CHOA CHU KANG AVE 4,13 TO 15,104.0,Premium Apartment,2000,75 years 02 months,550000.0
2024-02-01,CHOA CHU KANG,4 ROOM,440,CHOA CHU KANG AVE 4,01 TO 03,104.0,Model A,1993,68 years 05 months,480000.0
2024-02-01,CHOA CHU KANG,4 ROOM,445,CHOA CHU KANG AVE 4,01 TO 03,103.0,Model A,1997,72 years 01 month,476000.0
2024-02-01,CHOA CHU KANG,4 ROOM,439,CHOA CHU KANG AVE 4,07 TO 09,106.0,Model A,1993,68 years 05 months,510000.0
2024-02-01,CHOA CHU KANG,4 ROOM,426,CHOA CHU KANG AVE 4,07 TO 09,106.0,Model A,1993,68 years 04 months,495000.0
2024-02-01,CHOA CHU KANG,4 ROOM,442,CHOA CHU KANG AVE 4,10 TO 12,90.0,Model A2,1997,72 years 01 month,450000.0
2024-02-01,CHOA CHU KANG,4 ROOM,489B,CHOA CHU KANG AVE 5,04 TO 06,93.0,Model A,2016,91 years 05 months,510000.0
2024-02-01,CHOA CHU KANG,4 ROOM,488B,CHOA CHU KANG AVE 5,04 TO 06,93.0,Model A,2016,91 years 05 months,500000.0
2024-02-01,CHOA CHU KANG,4 ROOM,485D,CHOA CHU KANG AVE 5,01 TO 03,102.0,Model A,1999,74 years 05 months,468000.0
2024-02-01,CHOA CHU KANG,4 ROOM,811B,CHOA CHU KANG AVE 7,01 TO 03,93.0,Model A,2017,92 years 10 months,510000.0
2024-02-01,CHOA CHU KANG,4 ROOM,815A,CHOA CHU KANG AVE 7,07 TO 09,93.0,Model A,2017,92 years 01 month,575000.0
2024-02-01,CHOA CHU KANG,4 ROOM,679,CHOA CHU KANG CRES,01 TO 03,105.0,Premium Apartment,1999,74 years 10 months,480000.0
2024-02-01,CHOA CHU KANG,4 ROOM,670,CHOA CHU KANG CRES,04 TO 06,104.0,Premium Apartment,1999,74 years 11 months,490000.0
2024-02-01,CHOA CHU KANG,4 ROOM,237,CHOA CHU KANG CTRL,10 TO 12,103.0,Model A,1990,65 years 08 months,558000.0
2024-02-01,CHOA CHU KANG,4 ROOM,353,CHOA CHU KANG CTRL,13 TO 15,108.0,Model A,1993,68 years 05 months,540000.0
2024-02-01,CHOA CHU KANG,4 ROOM,230,CHOA CHU KANG CTRL,07 TO 09,111.0,Model A,1990,65 years 04 months,535000.0
2024-02-01,CHOA CHU KANG,4 ROOM,225,CHOA CHU KANG CTRL,07 TO 09,104.0,Model A,1993,68 years 04 months,540000.0
2024-02-01,CHOA CHU KANG,4 ROOM,226,CHOA CHU KANG CTRL,04 TO 06,104.0,Model A,1993,68 years 04 months,506000.0
2024-02-01,CHOA CHU KANG,4 ROOM,687A,CHOA CHU KANG DR,10 TO 12,90.0,Model A,2002,77 years 05 months,465000.0
2024-02-01,CHOA CHU KANG,4 ROOM,766,CHOA CHU KANG NTH 5,04 TO 06,106.0,Model A,1996,71 years 06 months,504000.0
2024-02-01,CHOA CHU KANG,4 ROOM,766,CHOA CHU KANG NTH 5,10 TO 12,106.0,Model A,1996,71 years 06 months,510000.0
2024-02-01,CHOA CHU KANG,4 ROOM,705,CHOA CHU KANG ST 53,04 TO 06,114.0,Model A,1995,70 years 04 months,510000.0
2024-02-01,CHOA CHU KANG,4 ROOM,626,CHOA CHU KANG ST 62,04 TO 06,100.0,Model A,1997,72 years 04 months,525000.0
2024-02-01,CHOA CHU KANG,4 ROOM,611,CHOA CHU KANG ST 62,07 TO 09,108.0,Model A,1996,71 years 05 months,525000.0
2024-02-01,CHOA CHU KANG,4 ROOM,625,CHOA CHU KANG ST 62,07 TO 09,100.0,Model A,1997,72 years 04 months,548000.0
2024-02-01,CHOA CHU KANG,4 ROOM,150,JLN TECK WHYE,01 TO 03,102.0,Model A,1998,73 years,470000.0
2024-02-01,CHOA CHU KANG,4 ROOM,804B,KEAT HONG CL,13 TO 15,93.0,Model A,2017,92 years 05 months,575000.0
2024-02-01,CHOA CHU KANG,4 ROOM,802B,KEAT HONG CL,10 TO 12,92.0,Model A,2018,93 years 01 month,575000.0
2024-02-01,CHOA CHU KANG,4 ROOM,803A,KEAT HONG CL,07 TO 09,93.0,Model A,2017,92 years 04 months,525000.0
2024-02-01,CHOA CHU KANG,4 ROOM,802A,KEAT HONG CL,10 TO 12,92.0,Model A,2018,93 years 01 month,535000.0
2024-02-01,CHOA CHU KANG,4 ROOM,803A,KEAT HONG CL,01 TO 03,93.0,Model A,2017,92 years 04 months,510000.0
2024-02-01,CHOA CHU KANG,4 ROOM,803C,KEAT HONG CL,10 TO 12,93.0,Model A,2017,92 years 03 months,545000.0
2024-02-01,CHOA CHU KANG,4 ROOM,802A,KEAT HONG CL,10 TO 12,92.0,Model A,2018,93 years 01 month,550000.0
2024-02-01,CHOA CHU KANG,4 ROOM,803C,KEAT HONG CL,04 TO 06,93.0,Model A,2017,92 years 03 months,500000.0
2024-02-01,CHOA CHU KANG,4 ROOM,816B,KEAT HONG LINK,16 TO 18,92.0,Model A,2017,92 years 08 months,625000.0
2024-02-01,CHOA CHU KANG,4 ROOM,817B,KEAT HONG LINK,01 TO 03,92.0,Model A,2017,92 years 08 months,523000.0
2024-02-01,CHOA CHU KANG,4 ROOM,17,TECK WHYE LANE,01 TO 03,91.0,New Generation,1981,56 years 08 months,415000.0
2024-02-01,CHOA CHU KANG,4 ROOM,26,TECK WHYE LANE,10 TO 12,99.0,New Generation,1979,54 years 01 month,450000.0
2024-02-01,CHOA CHU KANG,4 ROOM,141,TECK WHYE LANE,07 TO 09,103.0,Model A,1989,64 years 05 months,480000.0
2024-02-01,CHOA CHU KANG,5 ROOM,808C,CHOA CHU KANG AVE 1,01 TO 03,112.0,Improved,2017,92 years 03 months,650000.0
2024-02-01,CHOA CHU KANG,5 ROOM,809A,CHOA CHU KANG AVE 1,01 TO 03,112.0,Improved,2017,92 years 03 months,605000.0
2024-02-01,CHOA CHU KANG,5 ROOM,297C,CHOA CHU KANG AVE 2,07 TO 09,122.0,Premium Apartment,1999,74 years 06 months,687000.0
2024-02-01,CHOA CHU KANG,5 ROOM,296B,CHOA CHU KANG AVE 2,10 TO 12,120.0,Premium Apartment,1999,74 years 05 months,565000.0
2024-02-01,CHOA CHU KANG,5 ROOM,464,CHOA CHU KANG AVE 4,04 TO 06,123.0,Premium Apartment,2000,75 years 02 months,560000.0
2024-02-01,CHOA CHU KANG,5 ROOM,446,CHOA CHU KANG AVE 4,10 TO 12,119.0,Improved,1997,72 years 02 months,583000.0
2024-02-01,CHOA CHU KANG,5 ROOM,489B,CHOA CHU KANG AVE 5,01 TO 03,113.0,Improved,2016,91 years 06 months,585000.0
2024-02-01,CHOA CHU KANG,5 ROOM,487A,CHOA CHU KANG AVE 5,01 TO 03,113.0,Improved,2016,91 years 04 months,603000.0
2024-02-01,CHOA CHU KANG,5 ROOM,812B,CHOA CHU KANG AVE 7,01 TO 03,113.0,Improved,2017,92 years 10 months,583000.0
2024-02-01,CHOA CHU KANG,5 ROOM,812A,CHOA CHU KANG AVE 7,01 TO 03,113.0,Improved,2017,92 years 10 months,610000.0
2024-02-01,CHOA CHU KANG,5 ROOM,690B,CHOA CHU KANG CRES,22 TO 24,110.0,Improved,2003,78 years 03 months,565000.0
2024-02-01,CHOA CHU KANG,5 ROOM,691B,CHOA CHU KANG CRES,10 TO 12,110.0,Improved,2003,78 years 04 months,560000.0
2024-02-01,CHOA CHU KANG,5 ROOM,656,CHOA CHU KANG CRES,10 TO 12,121.0,Premium Apartment,1999,74 years 03 months,592000.0
2024-02-01,CHOA CHU KANG,5 ROOM,685A,CHOA CHU KANG CRES,01 TO 03,110.0,Improved,2002,77 years 07 months,495000.0
2024-02-01,CHOA CHU KANG,5 ROOM,684C,CHOA CHU KANG CRES,04 TO 06,110.0,Improved,2002,77 years 09 months,538888.0
2024-02-01,CHOA CHU KANG,5 ROOM,678,CHOA CHU KANG CRES,04 TO 06,122.0,Premium Apartment,1999,74 years 09 months,589500.0
2024-02-01,CHOA CHU KANG,5 ROOM,229,CHOA CHU KANG CTRL,10 TO 12,122.0,Improved,1989,64 years 04 months,630000.0
2024-02-01,CHOA CHU KANG,5 ROOM,206,CHOA CHU KANG CTRL,07 TO 09,122.0,Improved,1989,64 years 02 months,590000.0
2024-02-01,CHOA CHU KANG,5 ROOM,689B,CHOA CHU KANG DR,10 TO 12,110.0,Improved,2002,77 years 03 months,560000.0
2024-02-01,CHOA CHU KANG,5 ROOM,687D,CHOA CHU KANG DR,22 TO 24,110.0,Improved,2003,78 years 03 months,582000.0
2024-02-01,CHOA CHU KANG,5 ROOM,506,CHOA CHU KANG ST 51,01 TO 03,139.0,Model A,1994,69 years 10 months,588000.0
2024-02-01,CHOA CHU KANG,5 ROOM,550,CHOA CHU KANG ST 52,13 TO 15,121.0,Improved,1994,69 years 03 months,615000.0
2024-02-01,CHOA CHU KANG,5 ROOM,550,CHOA CHU KANG ST 52,01 TO 03,121.0,Improved,1994,69 years 04 months,595000.0
2024-02-01,CHOA CHU KANG,5 ROOM,552,CHOA CHU KANG ST 52,04 TO 06,119.0,Improved,1994,69 years 03 months,560000.0
2024-02-01,CHOA CHU KANG,5 ROOM,701,CHOA CHU KANG ST 53,07 TO 09,129.0,Improved,1995,70 years 03 months,590000.0
2024-02-01,CHOA CHU KANG,5 ROOM,701,CHOA CHU KANG ST 53,04 TO 06,129.0,Improved,1995,70 years 03 months,638000.0
2024-02-01,CHOA CHU KANG,5 ROOM,801B,KEAT HONG CL,10 TO 12,113.0,Improved,2018,93 years 01 month,678000.0
2024-02-01,CHOA CHU KANG,5 ROOM,805D,KEAT HONG CL,07 TO 09,113.0,Improved,2017,92 years 04 months,655000.0
2024-02-01,CHOA CHU KANG,5 ROOM,817A,KEAT HONG LINK,13 TO 15,112.0,Improved,2017,92 years 08 months,706000.0
2024-02-01,CHOA CHU KANG,EXECUTIVE,204,CHOA CHU KANG AVE 1,07 TO 09,146.0,Maisonette,1989,64 years 07 months,825000.0
2024-02-01,CHOA CHU KANG,EXECUTIVE,436,CHOA CHU KANG AVE 4,04 TO 06,148.0,Apartment,1993,68 years 05 months,760000.0
2024-02-01,CHOA CHU KANG,EXECUTIVE,448,CHOA CHU KANG AVE 4,07 TO 09,139.0,Maisonette,1997,72 years 03 months,821888.0
2024-02-01,CHOA CHU KANG,EXECUTIVE,561,CHOA CHU KANG NTH 6,04 TO 06,146.0,Maisonette,1996,71 years 01 month,828000.0
2024-02-01,CHOA CHU KANG,EXECUTIVE,558,CHOA CHU KANG NTH 6,07 TO 09,146.0,Apartment,1996,71 years 01 month,765000.0
2024-02-01,CHOA CHU KANG,EXECUTIVE,108,TECK WHYE LANE,04 TO 06,150.0,Maisonette,1989,64 years 03 months,793888.0
2024-02-01,CHOA CHU KANG,EXECUTIVE,108,TECK WHYE LANE,10 TO 12,146.0,Maisonette,1989,64 years 03 months,755000.0
2024-02-01,CHOA CHU KANG,EXECUTIVE,109,TECK WHYE LANE,07 TO 09,146.0,Maisonette,1989,64 years 02 months,750000.0
2024-02-01,CHOA CHU KANG,EXECUTIVE,120,TECK WHYE LANE,04 TO 06,154.0,Maisonette,1989,64 years 03 months,750000.0
2024-02-01,CLEMENTI,3 ROOM,329,CLEMENTI AVE 2,04 TO 06,82.0,New Generation,1978,53 years 06 months,488000.0
2024-02-01,CLEMENTI,3 ROOM,362,CLEMENTI AVE 2,10 TO 12,67.0,New Generation,1978,52 years 11 months,368000.0
2024-02-01,CLEMENTI,3 ROOM,435,CLEMENTI AVE 3,07 TO 09,67.0,New Generation,1978,53 years 11 months,460000.0
2024-02-01,CLEMENTI,3 ROOM,429,CLEMENTI AVE 3,04 TO 06,82.0,New Generation,1978,53 years 04 months,400000.0
2024-02-01,CLEMENTI,3 ROOM,440A,CLEMENTI AVE 3,28 TO 30,69.0,Model A,2018,93 years 07 months,820000.0
2024-02-01,CLEMENTI,3 ROOM,440A,CLEMENTI AVE 3,16 TO 18,69.0,Model A,2018,93 years 07 months,738000.0
2024-02-01,CLEMENTI,3 ROOM,304,CLEMENTI AVE 4,04 TO 06,67.0,New Generation,1979,54 years 02 months,360000.0
2024-02-01,CLEMENTI,3 ROOM,312B,CLEMENTI AVE 4,07 TO 09,69.0,Model A,2017,92 years 06 months,600000.0
2024-02-01,CLEMENTI,3 ROOM,312B,CLEMENTI AVE 4,34 TO 36,69.0,Model A,2017,92 years 07 months,716668.0
2024-02-01,CLEMENTI,3 ROOM,312A,CLEMENTI AVE 4,16 TO 18,69.0,Model A,2017,92 years 06 months,685000.0
2024-02-01,CLEMENTI,3 ROOM,339,CLEMENTI AVE 5,07 TO 09,67.0,New Generation,1979,54 years 10 months,380000.0
2024-02-01,CLEMENTI,3 ROOM,377,CLEMENTI AVE 5,10 TO 12,67.0,New Generation,1980,55 years 09 months,390000.0
2024-02-01,CLEMENTI,3 ROOM,339,CLEMENTI AVE 5,01 TO 03,67.0,New Generation,1979,54 years 09 months,342000.0
2024-02-01,CLEMENTI,3 ROOM,611,CLEMENTI WEST ST 1,07 TO 09,74.0,Model A,1983,58 years 09 months,405000.0
2024-02-01,CLEMENTI,3 ROOM,610,CLEMENTI WEST ST 1,04 TO 06,74.0,Model A,1983,58 years 07 months,390000.0
2024-02-01,CLEMENTI,3 ROOM,612,CLEMENTI WEST ST 1,01 TO 03,74.0,Model A,1983,58 years 11 months,370000.0
2024-02-01,CLEMENTI,3 ROOM,729,CLEMENTI WEST ST 2,04 TO 06,68.0,New Generation,1983,58 years 10 months,352000.0
2024-02-01,CLEMENTI,3 ROOM,729,CLEMENTI WEST ST 2,10 TO 12,68.0,New Generation,1983,58 years 09 months,386000.0
2024-02-01,CLEMENTI,3 ROOM,711,CLEMENTI WEST ST 2,01 TO 03,67.0,New Generation,1980,55 years 10 months,340000.0
2024-02-01,CLEMENTI,3 ROOM,508,WEST COAST DR,07 TO 09,67.0,New Generation,1978,53 years 07 months,368000.0
2024-02-01,CLEMENTI,4 ROOM,421,CLEMENTI AVE 1,31 TO 33,92.0,Model A,2013,88 years 08 months,888000.0
2024-02-01,CLEMENTI,4 ROOM,417,CLEMENTI AVE 1,10 TO 12,100.0,Model A,2013,88 years 07 months,938000.0
2024-02-01,CLEMENTI,4 ROOM,312A,CLEMENTI AVE 4,16 TO 18,93.0,Model A,2017,92 years 08 months,970000.0
2024-02-01,CLEMENTI,4 ROOM,301,CLEMENTI AVE 4,13 TO 15,92.0,New Generation,1979,54 years 02 months,600000.0
2024-02-01,CLEMENTI,4 ROOM,312B,CLEMENTI AVE 4,40 TO 42,93.0,Model A,2017,92 years 07 months,993000.0
2024-02-01,CLEMENTI,4 ROOM,311B,CLEMENTI AVE 4,13 TO 15,82.0,DBSS,2014,89 years 11 months,870000.0
2024-02-01,CLEMENTI,4 ROOM,312B,CLEMENTI AVE 4,04 TO 06,93.0,Model A,2017,92 years 08 months,765000.0
2024-02-01,CLEMENTI,4 ROOM,311B,CLEMENTI AVE 4,34 TO 36,81.0,DBSS,2014,89 years 11 months,900000.0
2024-02-01,CLEMENTI,4 ROOM,312C,CLEMENTI AVE 4,25 TO 27,93.0,Model A,2017,92 years 06 months,967800.0
2024-02-01,CLEMENTI,4 ROOM,312B,CLEMENTI AVE 4,19 TO 21,93.0,Model A,2017,92 years 07 months,960000.0
2024-02-01,CLEMENTI,4 ROOM,348,CLEMENTI AVE 5,07 TO 09,92.0,New Generation,1979,54 years 02 months,538000.0
2024-02-01,CLEMENTI,4 ROOM,118,CLEMENTI ST 13,07 TO 09,104.0,Model A,1984,59 years 08 months,770000.0
2024-02-01,CLEMENTI,4 ROOM,708,CLEMENTI WEST ST 2,04 TO 06,91.0,New Generation,1980,55 years 06 months,440000.0
2024-02-01,CLEMENTI,4 ROOM,729,CLEMENTI WEST ST 2,07 TO 09,93.0,New Generation,1983,58 years 09 months,525000.0
2024-02-01,CLEMENTI,4 ROOM,512,WEST COAST DR,01 TO 03,91.0,New Generation,1978,53 years,473000.0
2024-02-01,CLEMENTI,5 ROOM,355,CLEMENTI AVE 2,16 TO 18,117.0,Standard,1978,53 years 01 month,768000.0
2024-02-01,CLEMENTI,5 ROOM,312C,CLEMENTI AVE 4,25 TO 27,113.0,Improved,2017,92 years 07 months,1170000.0
2024-02-01,CLEMENTI,5 ROOM,311C,CLEMENTI AVE 4,28 TO 30,105.0,DBSS,2014,89 years 11 months,1190000.0
2024-02-01,CLEMENTI,5 ROOM,613,CLEMENTI WEST ST 1,04 TO 06,139.0,Model A,1984,59 years 04 months,710000.0
2024-02-01,CLEMENTI,EXECUTIVE,206,CLEMENTI AVE 6,13 TO 15,150.0,Maisonette,1985,60 years 01 month,1025000.0
2024-02-01,CLEMENTI,EXECUTIVE,116,CLEMENTI ST 13,04 TO 06,147.0,Maisonette,1984,59 years 06 months,1068888.0
2024-02-01,GEYLANG,2 ROOM,72,CIRCUIT RD,07 TO 09,45.0,Standard,1969,44 years,253000.0
2024-02-01,GEYLANG,2 ROOM,51,CIRCUIT RD,07 TO 09,42.0,Standard,1969,44 years,246000.0
2024-02-01,GEYLANG,2 ROOM,52,CIRCUIT RD,04 TO 06,42.0,Standard,1969,44 years,270000.0
2024-02-01,GEYLANG,2 ROOM,39,CIRCUIT RD,04 TO 06,47.0,Standard,1971,46 years,279000.0
2024-02-01,GEYLANG,2 ROOM,44,CIRCUIT RD,01 TO 03,40.0,Standard,1971,46 years,280000.0
2024-02-01,GEYLANG,3 ROOM,102,ALJUNIED CRES,01 TO 03,67.0,New Generation,1978,53 years,350000.0
2024-02-01,GEYLANG,3 ROOM,111,ALJUNIED CRES,07 TO 09,67.0,New Generation,1978,52 years 11 months,420000.0
2024-02-01,GEYLANG,3 ROOM,34,CASSIA CRES,10 TO 12,68.0,New Generation,1981,56 years 06 months,460000.0
2024-02-01,GEYLANG,3 ROOM,32,CASSIA CRES,07 TO 09,68.0,New Generation,1981,56 years 05 months,463000.0
2024-02-01,GEYLANG,3 ROOM,35,CIRCUIT RD,04 TO 06,63.1,Standard,1971,46 years 01 month,330000.0
2024-02-01,GEYLANG,3 ROOM,50,CIRCUIT RD,04 TO 06,56.0,Standard,1969,44 years,278000.0
2024-02-01,GEYLANG,3 ROOM,18B,CIRCUIT RD,04 TO 06,67.0,Model A,2016,91 years 10 months,600000.0
2024-02-01,GEYLANG,3 ROOM,40,CIRCUIT RD,04 TO 06,57.0,Standard,1971,46 years,315000.0
2024-02-01,GEYLANG,3 ROOM,64,CIRCUIT RD,10 TO 12,59.0,Standard,1967,42 years 01 month,322888.0
2024-02-01,GEYLANG,3 ROOM,50,CIRCUIT RD,07 TO 09,56.0,Standard,1969,44 years,280000.0
2024-02-01,GEYLANG,3 ROOM,63,CIRCUIT RD,01 TO 03,55.0,Standard,1967,42 years,320000.0
2024-02-01,GEYLANG,3 ROOM,16,EUNOS CRES,04 TO 06,59.0,Improved,1977,52 years 04 months,330000.0
2024-02-01,GEYLANG,3 ROOM,124,GEYLANG EAST AVE 1,13 TO 15,74.0,Model A,1983,58 years 09 months,488000.0
2024-02-01,GEYLANG,3 ROOM,1,HAIG RD,07 TO 09,68.0,Improved,1982,57 years 10 months,425000.0
2024-02-01,GEYLANG,3 ROOM,97,JLN DUA,07 TO 09,56.0,Standard,1969,44 years,345000.0
2024-02-01,GEYLANG,3 ROOM,4,JOO CHIAT RD,13 TO 15,74.0,Model A,1985,60 years 11 months,560000.0
2024-02-01,GEYLANG,3 ROOM,99,OLD AIRPORT RD,04 TO 06,56.0,Standard,1969,44 years,320000.0
2024-02-01,GEYLANG,3 ROOM,45,SIMS DR,13 TO 15,65.0,Improved,1977,52 years 02 months,385000.0
2024-02-01,GEYLANG,3 ROOM,63,SIMS PL,04 TO 06,68.0,Model A,2016,91 years 10 months,620000.0
2024-02-01,GEYLANG,4 ROOM,36,EUNOS CRES,10 TO 12,90.0,Model A,2006,81 years 11 months,858000.0
2024-02-01,GEYLANG,4 ROOM,126,GEYLANG EAST AVE 1,01 TO 03,104.0,Model A,1983,58 years 11 months,730000.0
2024-02-01,GEYLANG,4 ROOM,39,JLN TIGA,07 TO 09,93.0,Model A,2005,80 years 02 months,846888.0
2024-02-01,GEYLANG,4 ROOM,121,PAYA LEBAR WAY,10 TO 12,91.0,New Generation,1980,55 years 07 months,565000.0
2024-02-01,GEYLANG,4 ROOM,122,PAYA LEBAR WAY,07 TO 09,91.0,New Generation,1980,55 years 06 months,648000.0
2024-02-01,GEYLANG,4 ROOM,121,PAYA LEBAR WAY,04 TO 06,91.0,New Generation,1980,55 years 07 months,480000.0
2024-02-01,GEYLANG,4 ROOM,349,UBI AVE 1,01 TO 03,104.0,Model A,1986,61 years,563000.0
2024-02-01,GEYLANG,4 ROOM,311,UBI AVE 1,04 TO 06,84.0,Simplified,1985,60 years 11 months,495000.0
2024-02-01,GEYLANG,4 ROOM,345,UBI AVE 1,01 TO 03,104.0,Model A,1985,60 years 10 months,525000.0
2024-02-01,GEYLANG,4 ROOM,339,UBI AVE 1,07 TO 09,105.0,Model A,1986,61 years,535000.0
2024-02-01,GEYLANG,4 ROOM,349,UBI AVE 1,10 TO 12,84.0,Simplified,1986,61 years,515000.0
2024-02-01,GEYLANG,4 ROOM,313,UBI AVE 1,10 TO 12,104.0,Model A,1985,60 years 07 months,610000.0
2024-02-01,GEYLANG,4 ROOM,327,UBI AVE 1,04 TO 06,90.0,Simplified,1985,60 years 09 months,520000.0
2024-02-01,GEYLANG,4 ROOM,339,UBI AVE 1,04 TO 06,105.0,Model A,1986,61 years,582000.0
2024-02-01,GEYLANG,5 ROOM,126,ALJUNIED RD,01 TO 03,121.0,Improved,1983,58 years 10 months,738800.0
2024-02-01,GEYLANG,5 ROOM,29,BALAM RD,07 TO 09,127.0,Improved,1997,72 years 08 months,798000.0
2024-02-01,GEYLANG,5 ROOM,30,CASSIA CRES,19 TO 21,120.0,Improved,1998,73 years 04 months,1088000.0
2024-02-01,GEYLANG,5 ROOM,123,GEYLANG EAST CTRL,07 TO 09,120.0,Improved,1982,57 years 04 months,838000.0
2024-02-01,GEYLANG,EXECUTIVE,326,UBI AVE 1,10 TO 12,146.0,Maisonette,1986,61 years 02 months,949888.0
2024-02-01,HOUGANG,2 ROOM,998A,BUANGKOK CRES,13 TO 15,47.0,Model A,2019,94 years 11 months,375000.0
2024-02-01,HOUGANG,2 ROOM,991A,BUANGKOK LINK,10 TO 12,47.0,Model A,2019,94 years 04 months,370000.0
2024-02-01,HOUGANG,3 ROOM,986A,BUANGKOK CRES,04 TO 06,67.0,Model A,2012,87 years 04 months,440000.0
2024-02-01,HOUGANG,3 ROOM,999B,BUANGKOK CRES,04 TO 06,68.0,Model A,2019,94 years 11 months,470000.0
2024-02-01,HOUGANG,3 ROOM,995B,BUANGKOK CRES,07 TO 09,68.0,Model A,2019,94 years 08 months,483000.0
2024-02-01,HOUGANG,3 ROOM,999B,BUANGKOK CRES,07 TO 09,68.0,Model A,2019,94 years 11 months,450000.0
2024-02-01,HOUGANG,3 ROOM,995B,BUANGKOK CRES,07 TO 09,68.0,Model A,2019,94 years 08 months,475000.0
2024-02-01,HOUGANG,3 ROOM,992B,BUANGKOK LINK,16 TO 18,68.0,Model A,2019,94 years 05 months,492000.0
2024-02-01,HOUGANG,3 ROOM,121,HOUGANG AVE 1,01 TO 03,67.0,New Generation,1982,57 years 04 months,368000.0
2024-02-01,HOUGANG,3 ROOM,401,HOUGANG AVE 10,13 TO 15,68.0,New Generation,1985,60 years 05 months,433888.0
2024-02-01,HOUGANG,3 ROOM,704,HOUGANG AVE 2,01 TO 03,73.0,New Generation,1985,60 years 10 months,388000.0
2024-02-01,HOUGANG,3 ROOM,701,HOUGANG AVE 2,07 TO 09,80.0,New Generation,1985,60 years 09 months,415000.0
2024-02-01,HOUGANG,3 ROOM,703,HOUGANG AVE 2,10 TO 12,67.0,New Generation,1986,61 years 04 months,415000.0
2024-02-01,HOUGANG,3 ROOM,703,HOUGANG AVE 2,07 TO 09,67.0,New Generation,1986,61 years 04 months,425000.0
2024-02-01,HOUGANG,3 ROOM,19,HOUGANG AVE 3,10 TO 12,88.0,New Generation,1978,53 years 04 months,422000.0
2024-02-01,HOUGANG,3 ROOM,252,HOUGANG AVE 3,10 TO 12,71.0,New Generation,1985,60 years,370000.0
2024-02-01,HOUGANG,3 ROOM,19,HOUGANG AVE 3,04 TO 06,73.0,New Generation,1978,53 years 04 months,363000.0
2024-02-01,HOUGANG,3 ROOM,247,HOUGANG AVE 3,01 TO 03,67.0,New Generation,1984,59 years 05 months,385000.0
2024-02-01,HOUGANG,3 ROOM,22,HOUGANG AVE 3,04 TO 06,73.0,New Generation,1978,53 years 04 months,370000.0
2024-02-01,HOUGANG,3 ROOM,311,HOUGANG AVE 5,07 TO 09,68.0,New Generation,1983,58 years 04 months,370888.0
2024-02-01,HOUGANG,3 ROOM,327,HOUGANG AVE 5,04 TO 06,67.0,New Generation,1983,58 years 02 months,410000.0
2024-02-01,HOUGANG,3 ROOM,319,HOUGANG AVE 5,04 TO 06,67.0,New Generation,1983,58 years 06 months,385000.0
2024-02-01,HOUGANG,3 ROOM,315,HOUGANG AVE 5,04 TO 06,67.0,New Generation,1993,68 years 03 months,414000.0
2024-02-01,HOUGANG,3 ROOM,520,HOUGANG AVE 6,01 TO 03,70.0,Simplified,1987,62 years 02 months,450000.0
2024-02-01,HOUGANG,3 ROOM,528,HOUGANG AVE 6,04 TO 06,74.0,Model A,1987,62 years 09 months,450000.0
2024-02-01,HOUGANG,3 ROOM,316,HOUGANG AVE 7,04 TO 06,68.0,Improved,1993,68 years 03 months,405000.0
2024-02-01,HOUGANG,3 ROOM,626,HOUGANG AVE 8,07 TO 09,64.0,Simplified,1986,61 years 10 months,418888.0
2024-02-01,HOUGANG,3 ROOM,681,HOUGANG AVE 8,01 TO 03,64.0,Simplified,1989,64 years 07 months,385000.0
2024-02-01,HOUGANG,3 ROOM,673,HOUGANG AVE 8,01 TO 03,64.0,Simplified,1986,61 years 06 months,390000.0
2024-02-01,HOUGANG,3 ROOM,473C,UPP SERANGOON CRES,04 TO 06,68.0,Model A,2017,92 years 05 months,450000.0
2024-02-01,HOUGANG,3 ROOM,473A,UPP SERANGOON CRES,10 TO 12,68.0,Model A,2017,92 years 04 months,495000.0
2024-02-01,HOUGANG,3 ROOM,473A,UPP SERANGOON CRES,16 TO 18,68.0,Model A,2017,92 years 04 months,520000.0
2024-02-01,HOUGANG,4 ROOM,980A,BUANGKOK CRES,10 TO 12,85.0,Model A2,2003,78 years 05 months,502000.0
2024-02-01,HOUGANG,4 ROOM,996A,BUANGKOK CRES,10 TO 12,93.0,Model A,2019,94 years 08 months,605000.0
2024-02-01,HOUGANG,4 ROOM,996A,BUANGKOK CRES,10 TO 12,92.0,Model A,2019,94 years 08 months,615000.0
2024-02-01,HOUGANG,4 ROOM,997C,BUANGKOK CRES,10 TO 12,93.0,Model A,2018,93 years 10 months,600000.0
2024-02-01,HOUGANG,4 ROOM,980C,BUANGKOK CRES,10 TO 12,85.0,Model A2,2003,78 years 04 months,500000.0
2024-02-01,HOUGANG,4 ROOM,980A,BUANGKOK CRES,04 TO 06,85.0,Model A2,2003,78 years 05 months,480000.0
2024-02-01,HOUGANG,4 ROOM,998B,BUANGKOK CRES,07 TO 09,94.0,Model A,2019,94 years 10 months,638000.0
2024-02-01,HOUGANG,4 ROOM,996C,BUANGKOK CRES,16 TO 18,92.0,Model A,2019,94 years 07 months,635000.0
2024-02-01,HOUGANG,4 ROOM,987C,BUANGKOK GREEN,13 TO 15,93.0,Model A,2015,90 years,595000.0
2024-02-01,HOUGANG,4 ROOM,987A,BUANGKOK GREEN,04 TO 06,93.0,Model A,2015,90 years,545000.0
2024-02-01,HOUGANG,4 ROOM,992B,BUANGKOK LINK,13 TO 15,93.0,Model A,2019,94 years 05 months,625000.0
2024-02-01,HOUGANG,4 ROOM,984C,BUANGKOK LINK,16 TO 18,90.0,Model A,2004,79 years 01 month,500000.0
2024-02-01,HOUGANG,4 ROOM,234,HOUGANG AVE 1,13 TO 15,109.0,Model A,1984,59 years 05 months,575000.0
2024-02-01,HOUGANG,4 ROOM,230,HOUGANG AVE 1,07 TO 09,109.0,Model A,1984,59 years 10 months,630000.0
2024-02-01,HOUGANG,4 ROOM,512,HOUGANG AVE 10,01 TO 03,89.0,Simplified,1987,62 years 04 months,495000.0
2024-02-01,HOUGANG,4 ROOM,509,HOUGANG AVE 10,04 TO 06,103.0,Model A,1986,61 years 04 months,540000.0
2024-02-01,HOUGANG,4 ROOM,421,HOUGANG AVE 10,07 TO 09,105.0,Model A,1989,64 years 05 months,620000.0
2024-02-01,HOUGANG,4 ROOM,709,HOUGANG AVE 2,04 TO 06,93.0,New Generation,1985,60 years 06 months,525000.0
2024-02-01,HOUGANG,4 ROOM,711,HOUGANG AVE 2,07 TO 09,91.0,New Generation,1986,61 years 05 months,525000.0
2024-02-01,HOUGANG,4 ROOM,709,HOUGANG AVE 2,04 TO 06,91.0,New Generation,1985,60 years 05 months,508000.0
2024-02-01,HOUGANG,4 ROOM,19,HOUGANG AVE 3,04 TO 06,98.0,New Generation,1978,53 years 04 months,458000.0
2024-02-01,HOUGANG,4 ROOM,18,HOUGANG AVE 3,10 TO 12,92.0,New Generation,1978,53 years 03 months,475000.0
2024-02-01,HOUGANG,4 ROOM,252,HOUGANG AVE 3,04 TO 06,93.0,New Generation,1985,59 years 11 months,496000.0
2024-02-01,HOUGANG,4 ROOM,324,HOUGANG AVE 5,10 TO 12,104.0,Model A,1983,58 years 03 months,588000.0
2024-02-01,HOUGANG,4 ROOM,307,HOUGANG AVE 5,01 TO 03,93.0,New Generation,1983,57 years 11 months,472000.0
2024-02-01,HOUGANG,4 ROOM,423,HOUGANG AVE 6,04 TO 06,103.0,Model A,1989,64 years 11 months,590000.0
2024-02-01,HOUGANG,4 ROOM,526,HOUGANG AVE 6,01 TO 03,84.0,Simplified,1988,63 years 02 months,460000.0
2024-02-01,HOUGANG,4 ROOM,532,HOUGANG AVE 6,07 TO 09,84.0,Simplified,1987,62 years 09 months,488000.0
2024-02-01,HOUGANG,4 ROOM,525,HOUGANG AVE 6,01 TO 03,83.0,Simplified,1987,62 years 10 months,458888.0
2024-02-01,HOUGANG,4 ROOM,354,HOUGANG AVE 7,01 TO 03,91.0,New Generation,1986,61 years 05 months,458000.0
2024-02-01,HOUGANG,4 ROOM,341,HOUGANG AVE 7,07 TO 09,91.0,New Generation,1985,60 years 07 months,509000.0
2024-02-01,HOUGANG,4 ROOM,336,HOUGANG AVE 7,04 TO 06,91.0,New Generation,1985,60 years 05 months,478000.0
2024-02-01,HOUGANG,4 ROOM,440,HOUGANG AVE 8,01 TO 03,105.0,Model A,1990,65 years 09 months,550000.0
2024-02-01,HOUGANG,4 ROOM,436,HOUGANG AVE 8,07 TO 09,113.0,Model A,1990,65 years 11 months,550000.0
2024-02-01,HOUGANG,4 ROOM,611,HOUGANG AVE 8,01 TO 03,84.0,Simplified,1986,61 years 01 month,460000.0
2024-02-01,HOUGANG,4 ROOM,506,HOUGANG AVE 8,04 TO 06,104.0,Model A,1987,62 years 02 months,590000.0
2024-02-01,HOUGANG,4 ROOM,614,HOUGANG AVE 8,07 TO 09,104.0,Model A,1986,61 years,545000.0
2024-02-01,HOUGANG,4 ROOM,618,HOUGANG AVE 8,04 TO 06,84.0,Simplified,1986,61 years,460000.0
2024-02-01,HOUGANG,4 ROOM,916,HOUGANG AVE 9,04 TO 06,100.0,Model A,1998,73 years 06 months,558000.0
2024-02-01,HOUGANG,4 ROOM,924,HOUGANG AVE 9,10 TO 12,100.0,Model A,1998,73 years 08 months,570000.0
2024-02-01,HOUGANG,4 ROOM,968,HOUGANG AVE 9,04 TO 06,90.0,Model A2,1999,74 years 06 months,485000.0
2024-02-01,HOUGANG,4 ROOM,933A,HOUGANG AVE 9,04 TO 06,92.0,Model A,2017,92 years 09 months,650000.0
2024-02-01,HOUGANG,4 ROOM,831,HOUGANG CTRL,04 TO 06,103.0,Model A,1992,67 years 09 months,685000.0
2024-02-01,HOUGANG,4 ROOM,837,HOUGANG CTRL,04 TO 06,100.0,Model A,1997,72 years 04 months,660800.0
2024-02-01,HOUGANG,4 ROOM,830,HOUGANG CTRL,07 TO 09,105.0,Model A,1992,67 years 08 months,700000.0
2024-02-01,HOUGANG,4 ROOM,231,HOUGANG ST 21,10 TO 12,103.0,Model A,1984,59 years 08 months,585000.0
2024-02-01,HOUGANG,4 ROOM,244,HOUGANG ST 22,04 TO 06,96.0,New Generation,1984,59 years 07 months,478000.0
2024-02-01,HOUGANG,4 ROOM,553,HOUGANG ST 51,01 TO 03,104.0,Model A,1989,64 years 08 months,523888.0
2024-02-01,HOUGANG,4 ROOM,571,HOUGANG ST 51,10 TO 12,98.0,Model A,1997,72 years 02 months,577000.0
2024-02-01,HOUGANG,4 ROOM,686,HOUGANG ST 61,10 TO 12,87.0,Simplified,1987,62 years 06 months,488000.0
2024-02-01,HOUGANG,4 ROOM,686,HOUGANG ST 61,07 TO 09,87.0,Simplified,1987,62 years 06 months,500000.0
2024-02-01,HOUGANG,4 ROOM,914,HOUGANG ST 91,04 TO 06,101.0,Model A,1998,73 years 01 month,537000.0
2024-02-01,HOUGANG,4 ROOM,969,HOUGANG ST 91,07 TO 09,96.0,Model A2,1999,74 years 11 months,518000.0
2024-02-01,HOUGANG,4 ROOM,943,HOUGANG ST 92,07 TO 09,101.0,Model A,1998,73 years 08 months,560000.0
2024-02-01,HOUGANG,4 ROOM,944,HOUGANG ST 92,01 TO 03,102.0,Model A,1998,73 years 09 months,505000.0
2024-02-01,HOUGANG,4 ROOM,937,HOUGANG ST 92,04 TO 06,100.0,Model A,1998,73 years,555000.0
2024-02-01,HOUGANG,4 ROOM,475A,UPP SERANGOON CRES,10 TO 12,92.0,DBSS,2014,89 years 11 months,760000.0
2024-02-01,HOUGANG,4 ROOM,471A,UPP SERANGOON CRES,10 TO 12,92.0,Model A,2015,90 years 03 months,600888.0
2024-02-01,HOUGANG,4 ROOM,365A,UPP SERANGOON RD,04 TO 06,93.0,Model A,2018,93 years 01 month,757000.0
2024-02-01,HOUGANG,4 ROOM,477C,UPP SERANGOON VIEW,04 TO 06,92.0,Premium Apartment,2016,91 years 02 months,668000.0
2024-02-01,HOUGANG,4 ROOM,476C,UPP SERANGOON VIEW,07 TO 09,92.0,Premium Apartment,2016,91 years 02 months,660000.0
2024-02-01,HOUGANG,5 ROOM,997B,BUANGKOK CRES,13 TO 15,113.0,Improved,2018,93 years 11 months,798000.0
2024-02-01,HOUGANG,5 ROOM,997A,BUANGKOK CRES,07 TO 09,113.0,Improved,2018,93 years 10 months,780000.0
2024-02-01,HOUGANG,5 ROOM,980B,BUANGKOK CRES,04 TO 06,110.0,Improved,2003,78 years 05 months,615000.0
2024-02-01,HOUGANG,5 ROOM,984C,BUANGKOK LINK,10 TO 12,110.0,Improved,2004,79 years 02 months,610000.0
2024-02-01,HOUGANG,5 ROOM,173,HOUGANG AVE 1,04 TO 06,122.0,Improved,1997,72 years 11 months,700000.0
2024-02-01,HOUGANG,5 ROOM,416,HOUGANG AVE 10,07 TO 09,120.0,Improved,1985,60 years 09 months,688888.0
2024-02-01,HOUGANG,5 ROOM,310,HOUGANG AVE 5,07 TO 09,121.0,Improved,1984,59 years 01 month,618000.0
2024-02-01,HOUGANG,5 ROOM,320,HOUGANG AVE 5,07 TO 09,127.0,Improved,1983,58 years 07 months,648000.0
2024-02-01,HOUGANG,5 ROOM,310,HOUGANG AVE 5,10 TO 12,123.0,Improved,1984,59 years 01 month,668888.0
2024-02-01,HOUGANG,5 ROOM,310,HOUGANG AVE 5,13 TO 15,126.0,Improved,1984,59 years 01 month,680000.0
2024-02-01,HOUGANG,5 ROOM,426,HOUGANG AVE 6,04 TO 06,123.0,Improved,1989,64 years 10 months,695888.0
2024-02-01,HOUGANG,5 ROOM,624,HOUGANG AVE 8,01 TO 03,122.0,Improved,1986,61 years 08 months,605000.0
2024-02-01,HOUGANG,5 ROOM,616,HOUGANG AVE 8,01 TO 03,121.0,Improved,1986,61 years 07 months,610000.0
2024-02-01,HOUGANG,5 ROOM,916,HOUGANG AVE 9,13 TO 15,120.0,Improved,1998,73 years 05 months,735000.0
2024-02-01,HOUGANG,5 ROOM,566,HOUGANG ST 51,04 TO 06,122.0,Improved,1992,67 years 09 months,645000.0
2024-02-01,HOUGANG,5 ROOM,552,HOUGANG ST 51,07 TO 09,121.0,Improved,1990,65 years,650000.0
2024-02-01,HOUGANG,5 ROOM,690,HOUGANG ST 61,07 TO 09,121.0,Improved,1987,62 years 10 months,660000.0
2024-02-01,HOUGANG,5 ROOM,956,HOUGANG ST 91,13 TO 15,116.0,Improved,1999,74 years 03 months,665000.0
2024-02-01,HOUGANG,5 ROOM,971,HOUGANG ST 91,01 TO 03,116.0,Improved,1999,74 years 10 months,570000.0
2024-02-01,HOUGANG,5 ROOM,473A,UPP SERANGOON CRES,07 TO 09,113.0,Improved,2017,92 years 05 months,775000.0
2024-02-01,HOUGANG,5 ROOM,475B,UPP SERANGOON CRES,10 TO 12,112.0,DBSS,2014,89 years 09 months,945000.0
2024-02-01,HOUGANG,5 ROOM,473A,UPP SERANGOON CRES,04 TO 06,113.0,Improved,2017,92 years 04 months,718000.0
2024-02-01,HOUGANG,EXECUTIVE,508,HOUGANG AVE 10,07 TO 09,146.0,Maisonette,1987,62 years 05 months,940500.0
2024-02-01,HOUGANG,EXECUTIVE,578,HOUGANG AVE 4,10 TO 12,140.0,Apartment,1997,72 years 08 months,865000.0
2024-02-01,HOUGANG,EXECUTIVE,533,HOUGANG AVE 6,04 TO 06,145.0,Maisonette,1988,63 years 03 months,928888.0
2024-02-01,HOUGANG,EXECUTIVE,357,HOUGANG AVE 7,04 TO 06,148.0,Maisonette,1985,60 years 02 months,850000.0
2024-02-01,HOUGANG,EXECUTIVE,446,HOUGANG AVE 8,04 TO 06,146.0,Maisonette,1991,66 years 05 months,900000.0
2024-02-01,HOUGANG,EXECUTIVE,967,HOUGANG AVE 9,04 TO 06,137.0,Apartment,1999,74 years 07 months,735000.0
2024-02-01,HOUGANG,EXECUTIVE,960,HOUGANG AVE 9,04 TO 06,137.0,Apartment,1999,74 years 06 months,858000.0
2024-02-01,HOUGANG,EXECUTIVE,834,HOUGANG CTRL,07 TO 09,147.0,Maisonette,1992,67 years 08 months,990000.0
2024-02-01,HOUGANG,EXECUTIVE,834,HOUGANG CTRL,04 TO 06,156.0,Maisonette,1992,67 years 08 months,1045000.0
2024-02-01,HOUGANG,EXECUTIVE,940,HOUGANG ST 92,04 TO 06,141.0,Apartment,1998,73 years,860000.0
2024-02-01,HOUGANG,EXECUTIVE,144,LOR AH SOO,01 TO 03,148.0,Maisonette,1984,59 years 09 months,835000.0
2024-02-01,JURONG EAST,2 ROOM,372,JURONG EAST ST 32,10 TO 12,44.0,Model A,2014,89 years 02 months,315000.0
2024-02-01,JURONG EAST,3 ROOM,330,JURONG EAST AVE 1,04 TO 06,74.0,Model A,1983,58 years 04 months,405000.0
2024-02-01,JURONG EAST,3 ROOM,232,JURONG EAST ST 21,04 TO 06,67.0,New Generation,1982,57 years 01 month,348000.0
2024-02-01,JURONG EAST,3 ROOM,206,JURONG EAST ST 21,04 TO 06,67.0,New Generation,1982,57 years 10 months,368000.0
2024-02-01,JURONG EAST,3 ROOM,229,JURONG EAST ST 21,01 TO 03,82.0,New Generation,1981,56 years 05 months,418000.0
2024-02-01,JURONG EAST,3 ROOM,211,JURONG EAST ST 21,07 TO 09,67.0,New Generation,1983,58 years 03 months,375000.0
2024-02-01,JURONG EAST,3 ROOM,206,JURONG EAST ST 21,01 TO 03,67.0,New Generation,1982,57 years 09 months,380000.0
2024-02-01,JURONG EAST,3 ROOM,243,JURONG EAST ST 24,07 TO 09,68.0,New Generation,1983,58 years 02 months,360000.0
2024-02-01,JURONG EAST,3 ROOM,261,JURONG EAST ST 24,07 TO 09,67.0,New Generation,1983,58 years 02 months,355000.0
2024-02-01,JURONG EAST,3 ROOM,252,JURONG EAST ST 24,04 TO 06,70.0,New Generation,1985,60 years 04 months,360000.0
2024-02-01,JURONG EAST,3 ROOM,262,JURONG EAST ST 24,01 TO 03,68.0,New Generation,1983,58 years,360000.0
2024-02-01,JURONG EAST,3 ROOM,257,JURONG EAST ST 24,07 TO 09,67.0,New Generation,1983,57 years 11 months,356000.0
2024-02-01,JURONG EAST,3 ROOM,245,JURONG EAST ST 24,04 TO 06,67.0,New Generation,1982,57 years 06 months,373000.0
2024-02-01,JURONG EAST,3 ROOM,253,JURONG EAST ST 24,01 TO 03,67.0,New Generation,1985,60 years 05 months,348000.0
2024-02-01,JURONG EAST,3 ROOM,241,JURONG EAST ST 24,04 TO 06,84.0,New Generation,1983,58 years,395000.0
2024-02-01,JURONG EAST,3 ROOM,351,JURONG EAST ST 31,01 TO 03,74.0,Model A,1986,61 years 02 months,368000.0
2024-02-01,JURONG EAST,3 ROOM,321,JURONG EAST ST 31,07 TO 09,74.0,Model A,1984,59 years 09 months,380000.0
2024-02-01,JURONG EAST,3 ROOM,303,JURONG EAST ST 32,01 TO 03,82.0,New Generation,1983,58 years 07 months,405000.0
2024-02-01,JURONG EAST,3 ROOM,313,JURONG EAST ST 32,04 TO 06,74.0,Model A,1984,59 years 03 months,383000.0
2024-02-01,JURONG EAST,3 ROOM,303,JURONG EAST ST 32,04 TO 06,84.0,New Generation,1983,58 years 07 months,368000.0
2024-02-01,JURONG EAST,3 ROOM,410,PANDAN GDNS,01 TO 03,73.0,Improved,1979,54 years 05 months,325000.0
2024-02-01,JURONG EAST,3 ROOM,412,PANDAN GDNS,04 TO 06,72.0,Improved,1979,54 years 03 months,328800.0
2024-02-01,JURONG EAST,3 ROOM,33,TEBAN GDNS RD,01 TO 03,74.0,Improved,1977,52 years 05 months,290000.0
2024-02-01,JURONG EAST,3 ROOM,44,TEBAN GDNS RD,04 TO 06,68.0,New Generation,1985,60 years 09 months,350000.0
2024-02-01,JURONG EAST,4 ROOM,341,JURONG EAST AVE 1,04 TO 06,104.0,Model A,1983,58 years 03 months,482000.0
2024-02-01,JURONG EAST,4 ROOM,113,JURONG EAST ST 13,10 TO 12,94.0,New Generation,1981,56 years 04 months,520000.0
2024-02-01,JURONG EAST,4 ROOM,236,JURONG EAST ST 21,07 TO 09,93.0,New Generation,1982,57 years 01 month,476888.0
2024-02-01,JURONG EAST,4 ROOM,218,JURONG EAST ST 21,10 TO 12,91.0,New Generation,1984,59 years 09 months,505000.0
2024-02-01,JURONG EAST,4 ROOM,203,JURONG EAST ST 21,01 TO 03,95.0,New Generation,1984,59 years 04 months,500000.0
2024-02-01,JURONG EAST,4 ROOM,320,JURONG EAST ST 31,01 TO 03,105.0,Model A,1984,59 years 10 months,470000.0
2024-02-01,JURONG EAST,4 ROOM,316,JURONG EAST ST 32,10 TO 12,104.0,Model A,1984,59 years 06 months,547000.0
2024-02-01,JURONG EAST,4 ROOM,20,TEBAN GDNS RD,31 TO 33,92.0,Model A,2013,88 years 08 months,675000.0
2024-02-01,JURONG EAST,4 ROOM,22,TEBAN GDNS RD,25 TO 27,92.0,Model A,2013,88 years 08 months,610000.0
2024-02-01,JURONG EAST,4 ROOM,56,TEBAN GDNS RD,34 TO 36,92.0,Model A,2016,91 years 09 months,658000.0
2024-02-01,JURONG EAST,4 ROOM,47,TEBAN GDNS RD,07 TO 09,93.0,New Generation,1985,60 years 07 months,480000.0
2024-02-01,JURONG EAST,4 ROOM,62,TEBAN GDNS RD,16 TO 18,90.0,Model A,2003,78 years 05 months,625000.0
2024-02-01,JURONG EAST,4 ROOM,25,TEBAN GDNS RD,04 TO 06,107.0,Model A,1993,68 years 06 months,470000.0
2024-02-01,JURONG EAST,4 ROOM,285B,TOH GUAN RD,07 TO 09,102.0,Model A,1998,73 years 11 months,600000.0
2024-02-01,JURONG EAST,5 ROOM,240,JURONG EAST ST 21,01 TO 03,121.0,Improved,1982,57 years 02 months,535000.0
2024-02-01,JURONG EAST,5 ROOM,288A,JURONG EAST ST 21,04 TO 06,124.0,Improved,2000,75 years 06 months,735000.0
2024-02-01,JURONG EAST,5 ROOM,324,JURONG EAST ST 31,07 TO 09,132.0,Model A,1984,59 years 10 months,650000.0
2024-02-01,JURONG EAST,5 ROOM,307,JURONG EAST ST 32,07 TO 09,135.0,Model A,1984,59 years 09 months,620000.0
2024-02-01,JURONG EAST,5 ROOM,285B,TOH GUAN RD,04 TO 06,123.0,Improved,1998,73 years 11 months,768000.0
2024-02-01,JURONG EAST,EXECUTIVE,287D,JURONG EAST ST 21,04 TO 06,145.0,Maisonette,1998,73 years 05 months,990000.0
2024-02-01,JURONG EAST,EXECUTIVE,287A,JURONG EAST ST 21,13 TO 15,144.0,Apartment,1998,73 years 09 months,960000.0
2024-02-01,JURONG EAST,EXECUTIVE,327,JURONG EAST ST 31,10 TO 12,149.0,Maisonette,1985,60 years 03 months,795000.0
2024-02-01,JURONG EAST,EXECUTIVE,285A,TOH GUAN RD,01 TO 03,143.0,Apartment,1998,73 years 11 months,780000.0
2024-02-01,JURONG WEST,2 ROOM,180A,BOON LAY DR,07 TO 09,47.0,2-room,2014,89 years 04 months,310000.0
2024-02-01,JURONG WEST,2 ROOM,181B,BOON LAY DR,07 TO 09,47.0,Model A,2014,89 years 04 months,292000.0
2024-02-01,JURONG WEST,2 ROOM,150A,CORPORATION DR,07 TO 09,38.0,Model A,2019,94 years 04 months,300000.0
2024-02-01,JURONG WEST,2 ROOM,698A,JURONG WEST CTRL 3,01 TO 03,47.0,Model A,2017,92 years 10 months,343000.0
2024-02-01,JURONG WEST,2 ROOM,698A,JURONG WEST CTRL 3,13 TO 15,47.0,2-room,2017,92 years 09 months,390000.0
2024-02-01,JURONG WEST,3 ROOM,187,BOON LAY AVE,19 TO 21,59.0,Improved,1978,53 years 06 months,290000.0
2024-02-01,JURONG WEST,3 ROOM,216B,BOON LAY AVE,04 TO 06,68.0,Model A,2018,93 years 06 months,450000.0
2024-02-01,JURONG WEST,3 ROOM,186,BOON LAY AVE,07 TO 09,59.0,Improved,1975,50 years 09 months,285000.0
2024-02-01,JURONG WEST,3 ROOM,187,BOON LAY AVE,16 TO 18,59.0,Improved,1978,53 years 05 months,295000.0
2024-02-01,JURONG WEST,3 ROOM,174,BOON LAY DR,07 TO 09,59.0,Improved,1978,53 years 06 months,285000.0
2024-02-01,JURONG WEST,3 ROOM,180B,BOON LAY DR,13 TO 15,68.0,Model A,2014,89 years 04 months,415888.0
2024-02-01,JURONG WEST,3 ROOM,208,BOON LAY PL,04 TO 06,65.0,Improved,1976,51 years 09 months,301000.0
2024-02-01,JURONG WEST,3 ROOM,209,BOON LAY PL,10 TO 12,65.0,Improved,1976,51 years 04 months,320000.0
2024-02-01,JURONG WEST,3 ROOM,210,BOON LAY PL,01 TO 03,65.0,Improved,1977,52 years 07 months,305000.0
2024-02-01,JURONG WEST,3 ROOM,140C,CORPORATION DR,10 TO 12,68.0,Model A,2019,94 years 05 months,440000.0
2024-02-01,JURONG WEST,3 ROOM,150A,CORPORATION DR,13 TO 15,68.0,Model A,2019,94 years 04 months,460000.0
2024-02-01,JURONG WEST,3 ROOM,140C,CORPORATION DR,04 TO 06,68.0,Model A,2019,94 years 05 months,420000.0
2024-02-01,JURONG WEST,3 ROOM,140C,CORPORATION DR,16 TO 18,68.0,Model A,2019,94 years 05 months,445000.0
2024-02-01,JURONG WEST,3 ROOM,140B,CORPORATION DR,10 TO 12,68.0,Model A,2019,94 years 04 months,435000.0
2024-02-01,JURONG WEST,3 ROOM,111,HO CHING RD,04 TO 06,68.0,Improved,1970,45 years 02 months,320000.0
2024-02-01,JURONG WEST,3 ROOM,489,JURONG WEST AVE 1,07 TO 09,73.0,Model A,1984,59 years 07 months,370000.0
2024-02-01,JURONG WEST,3 ROOM,489,JURONG WEST AVE 1,04 TO 06,73.0,Model A,1984,59 years 07 months,366000.0
2024-02-01,JURONG WEST,3 ROOM,487,JURONG WEST AVE 1,04 TO 06,73.0,Model A,1984,59 years 06 months,378000.0
2024-02-01,JURONG WEST,3 ROOM,456,JURONG WEST ST 41,04 TO 06,67.0,New Generation,1985,60 years 02 months,330000.0
2024-02-01,JURONG WEST,3 ROOM,474,JURONG WEST ST 41,04 TO 06,73.0,Model A,1984,59 years 09 months,378000.0
2024-02-01,JURONG WEST,3 ROOM,481,JURONG WEST ST 41,07 TO 09,67.0,New Generation,1985,60 years 04 months,373000.0
2024-02-01,JURONG WEST,3 ROOM,456,JURONG WEST ST 41,04 TO 06,67.0,New Generation,1985,60 years 01 month,367000.0
2024-02-01,JURONG WEST,3 ROOM,459,JURONG WEST ST 41,01 TO 03,73.0,Model A,1984,59 years 06 months,358000.0
2024-02-01,JURONG WEST,3 ROOM,418,JURONG WEST ST 42,04 TO 06,64.0,Simplified,1985,60 years 01 month,325000.0
2024-02-01,JURONG WEST,3 ROOM,516,JURONG WEST ST 52,04 TO 06,79.0,Model A,1984,59 years 07 months,435000.0
2024-02-01,JURONG WEST,3 ROOM,521,JURONG WEST ST 52,04 TO 06,67.0,New Generation,1982,57 years 11 months,370000.0
2024-02-01,JURONG WEST,3 ROOM,531,JURONG WEST ST 52,07 TO 09,67.0,New Generation,1983,58 years 07 months,352888.0
2024-02-01,JURONG WEST,3 ROOM,530,JURONG WEST ST 52,10 TO 12,67.0,New Generation,1983,58 years 07 months,370000.0
2024-02-01,JURONG WEST,3 ROOM,519,JURONG WEST ST 52,01 TO 03,90.0,Model A,1983,58 years 07 months,444888.0
2024-02-01,JURONG WEST,3 ROOM,536,JURONG WEST ST 52,10 TO 12,67.0,New Generation,1983,58 years 07 months,380000.0
2024-02-01,JURONG WEST,3 ROOM,530,JURONG WEST ST 52,07 TO 09,67.0,New Generation,1983,58 years 06 months,379000.0
2024-02-01,JURONG WEST,3 ROOM,904,JURONG WEST ST 91,01 TO 03,73.0,Model A,1988,63 years 11 months,325000.0
2024-02-01,JURONG WEST,3 ROOM,925,JURONG WEST ST 92,07 TO 09,73.0,Model A,1988,63 years 09 months,379000.0
2024-02-01,JURONG WEST,3 ROOM,925,JURONG WEST ST 92,04 TO 06,73.0,Model A,1988,63 years 08 months,368000.0
2024-02-01,JURONG WEST,3 ROOM,339A,KANG CHING RD,07 TO 09,67.0,Model A,2012,87 years 02 months,445000.0
2024-02-01,JURONG WEST,3 ROOM,339D,KANG CHING RD,04 TO 06,67.0,Model A,2012,87 years 02 months,440000.0
2024-02-01,JURONG WEST,3 ROOM,337A,TAH CHING RD,13 TO 15,62.0,Model A,2010,85 years 02 months,420000.0
2024-02-01,JURONG WEST,3 ROOM,121,YUAN CHING RD,01 TO 03,61.0,Improved,1974,49 years 05 months,285000.0
2024-02-01,JURONG WEST,4 ROOM,216B,BOON LAY AVE,01 TO 03,94.0,Model A,2018,93 years 05 months,585000.0
2024-02-01,JURONG WEST,4 ROOM,197A,BOON LAY DR,10 TO 12,93.0,Model A,2015,90 years 03 months,580000.0
2024-02-01,JURONG WEST,4 ROOM,260,BOON LAY DR,07 TO 09,109.0,Model A,1995,70 years 05 months,528000.0
2024-02-01,JURONG WEST,4 ROOM,197B,BOON LAY DR,04 TO 06,93.0,Model A,2015,90 years 02 months,580000.0
2024-02-01,JURONG WEST,4 ROOM,140B,CORPORATION DR,13 TO 15,93.0,Model A,2019,94 years 05 months,630000.0
2024-02-01,JURONG WEST,4 ROOM,349,CORPORATION DR,01 TO 03,103.0,Model A,1997,72 years 11 months,450000.0
2024-02-01,JURONG WEST,4 ROOM,140A,CORPORATION DR,10 TO 12,93.0,Model A,2019,94 years 05 months,600000.0
2024-02-01,JURONG WEST,4 ROOM,140C,CORPORATION DR,01 TO 03,93.0,Model A,2019,94 years 05 months,547000.0
2024-02-01,JURONG WEST,4 ROOM,140C,CORPORATION DR,01 TO 03,93.0,Model A,2019,94 years 05 months,535000.0
2024-02-01,JURONG WEST,4 ROOM,366,CORPORATION DR,07 TO 09,102.0,Model A,1997,72 years 06 months,495000.0
2024-02-01,JURONG WEST,4 ROOM,140A,CORPORATION DR,10 TO 12,93.0,Model A,2019,94 years 04 months,610888.0
2024-02-01,JURONG WEST,4 ROOM,487,JURONG WEST AVE 1,07 TO 09,103.0,Model A,1984,59 years 07 months,466000.0
2024-02-01,JURONG WEST,4 ROOM,488,JURONG WEST AVE 1,10 TO 12,91.0,New Generation,1985,60 years 01 month,460000.0
2024-02-01,JURONG WEST,4 ROOM,273C,JURONG WEST AVE 3,01 TO 03,90.0,Model A,2001,76 years 11 months,440000.0
2024-02-01,JURONG WEST,4 ROOM,273D,JURONG WEST AVE 3,13 TO 15,85.0,Model A2,2001,76 years 09 months,478000.0
2024-02-01,JURONG WEST,4 ROOM,691,JURONG WEST CTRL 1,01 TO 03,99.0,Premium Apartment,1998,73 years 04 months,550000.0
2024-02-01,JURONG WEST,4 ROOM,691,JURONG WEST CTRL 1,10 TO 12,99.0,Premium Apartment,1998,73 years 03 months,590000.0
2024-02-01,JURONG WEST,4 ROOM,275D,JURONG WEST ST 25,13 TO 15,90.0,Model A,2002,77 years,480000.0
2024-02-01,JURONG WEST,4 ROOM,465,JURONG WEST ST 41,04 TO 06,91.0,New Generation,1984,59 years 10 months,480000.0
2024-02-01,JURONG WEST,4 ROOM,458,JURONG WEST ST 41,04 TO 06,91.0,New Generation,1984,59 years 09 months,465000.0
2024-02-01,JURONG WEST,4 ROOM,458,JURONG WEST ST 41,07 TO 09,91.0,New Generation,1984,59 years 09 months,460000.0
2024-02-01,JURONG WEST,4 ROOM,460,JURONG WEST ST 41,01 TO 03,91.0,New Generation,1985,60 years,433000.0
2024-02-01,JURONG WEST,4 ROOM,455,JURONG WEST ST 42,07 TO 09,104.0,Model A,1985,60 years,475000.0
2024-02-01,JURONG WEST,4 ROOM,450,JURONG WEST ST 42,04 TO 06,105.0,Model A,1985,60 years 04 months,480000.0
2024-02-01,JURONG WEST,4 ROOM,545,JURONG WEST ST 42,10 TO 12,103.0,Model A,1985,60 years 02 months,460000.0
2024-02-01,JURONG WEST,4 ROOM,448,JURONG WEST ST 42,07 TO 09,103.0,Model A,1984,59 years 08 months,481226.0
2024-02-01,JURONG WEST,4 ROOM,554,JURONG WEST ST 42,01 TO 03,104.0,Model A,1984,59 years 10 months,470000.0
2024-02-01,JURONG WEST,4 ROOM,447,JURONG WEST ST 42,04 TO 06,103.0,Model A,1984,59 years 04 months,470000.0
2024-02-01,JURONG WEST,4 ROOM,419,JURONG WEST ST 42,04 TO 06,88.0,Simplified,1985,60 years 03 months,450000.0
2024-02-01,JURONG WEST,4 ROOM,561B,JURONG WEST ST 42,10 TO 12,93.0,Model A,2018,93 years,535000.0
2024-02-01,JURONG WEST,4 ROOM,528,JURONG WEST ST 52,10 TO 12,94.0,New Generation,1983,58 years 03 months,458888.0
2024-02-01,JURONG WEST,4 ROOM,651B,JURONG WEST ST 61,16 TO 18,90.0,Model A,2002,77 years 05 months,540000.0
2024-02-01,JURONG WEST,4 ROOM,643,JURONG WEST ST 61,01 TO 03,90.0,Model A2,1998,73 years 05 months,470000.0
2024-02-01,JURONG WEST,4 ROOM,650A,JURONG WEST ST 61,10 TO 12,91.0,Model A,2000,75 years 08 months,506000.0
2024-02-01,JURONG WEST,4 ROOM,623,JURONG WEST ST 61,07 TO 09,90.0,Model A,2001,76 years,520000.0
2024-02-01,JURONG WEST,4 ROOM,668B,JURONG WEST ST 64,04 TO 06,85.0,Model A2,2000,75 years 05 months,488000.0
2024-02-01,JURONG WEST,4 ROOM,661D,JURONG WEST ST 64,07 TO 09,91.0,Model A,2001,76 years 07 months,550000.0
2024-02-01,JURONG WEST,4 ROOM,664B,JURONG WEST ST 64,04 TO 06,91.0,Model A,2000,75 years 06 months,560000.0
2024-02-01,JURONG WEST,4 ROOM,663D,JURONG WEST ST 65,13 TO 15,91.0,Model A,2000,75 years 06 months,505000.0
2024-02-01,JURONG WEST,4 ROOM,657B,JURONG WEST ST 65,01 TO 03,91.0,Model A,2001,76 years 05 months,490000.0
2024-02-01,JURONG WEST,4 ROOM,663C,JURONG WEST ST 65,07 TO 09,91.0,Model A,2000,75 years 08 months,521888.0
2024-02-01,JURONG WEST,4 ROOM,621,JURONG WEST ST 65,16 TO 18,90.0,Model A2,2000,75 years 10 months,525000.0
2024-02-01,JURONG WEST,4 ROOM,673C,JURONG WEST ST 65,04 TO 06,91.0,Model A,2002,77 years 11 months,493000.0
2024-02-01,JURONG WEST,4 ROOM,633,JURONG WEST ST 65,13 TO 15,91.0,Model A,2001,76 years 10 months,515000.0
2024-02-01,JURONG WEST,4 ROOM,663A,JURONG WEST ST 65,16 TO 18,90.0,Model A,2000,75 years 05 months,505000.0
2024-02-01,JURONG WEST,4 ROOM,712,JURONG WEST ST 71,07 TO 09,104.0,Model A,1991,66 years 02 months,455000.0
2024-02-01,JURONG WEST,4 ROOM,715,JURONG WEST ST 71,04 TO 06,104.0,Model A,1991,66 years,492888.0
2024-02-01,JURONG WEST,4 ROOM,732,JURONG WEST ST 73,10 TO 12,105.0,Model A,1995,70 years 05 months,500000.0
2024-02-01,JURONG WEST,4 ROOM,757,JURONG WEST ST 74,13 TO 15,109.0,Model A,1996,71 years 08 months,508000.0
2024-02-01,JURONG WEST,4 ROOM,759,JURONG WEST ST 74,13 TO 15,109.0,Model A,1996,71 years 08 months,508000.0
2024-02-01,JURONG WEST,4 ROOM,765,JURONG WEST ST 74,10 TO 12,104.0,Model A,1996,71 years 04 months,510000.0
2024-02-01,JURONG WEST,4 ROOM,936,JURONG WEST ST 91,10 TO 12,103.0,Model A,1989,64 years 03 months,462000.0
2024-02-01,JURONG WEST,4 ROOM,975,JURONG WEST ST 93,01 TO 03,104.0,Model A,1989,64 years 08 months,458800.0
2024-02-01,JURONG WEST,4 ROOM,989B,JURONG WEST ST 93,04 TO 06,93.0,Premium Apartment,2008,83 years 07 months,485000.0
2024-02-01,JURONG WEST,4 ROOM,345,KANG CHING RD,04 TO 06,102.0,Model A,1997,72 years 06 months,540000.0
2024-02-01,JURONG WEST,5 ROOM,183A,BOON LAY AVE,07 TO 09,112.0,Improved,2015,90 years,690000.0
2024-02-01,JURONG WEST,5 ROOM,216A,BOON LAY AVE,07 TO 09,121.0,3Gen,2018,93 years 06 months,650000.0
2024-02-01,JURONG WEST,5 ROOM,218A,BOON LAY AVE,04 TO 06,114.0,Improved,2018,93 years 05 months,728000.0
2024-02-01,JURONG WEST,5 ROOM,268A,BOON LAY DR,04 TO 06,111.0,Improved,2002,77 years 02 months,540000.0
2024-02-01,JURONG WEST,5 ROOM,268A,BOON LAY DR,10 TO 12,111.0,Improved,2002,77 years 02 months,578888.0
2024-02-01,JURONG WEST,5 ROOM,221,BOON LAY PL,10 TO 12,109.0,Standard,1979,54 years 05 months,465000.0
2024-02-01,JURONG WEST,5 ROOM,365,CORPORATION DR,07 TO 09,122.0,Improved,1997,72 years 07 months,625000.0
2024-02-01,JURONG WEST,5 ROOM,443,JURONG WEST AVE 1,10 TO 12,133.0,Model A,1985,60 years 02 months,620000.0
2024-02-01,JURONG WEST,5 ROOM,273C,JURONG WEST AVE 3,10 TO 12,111.0,Improved,2001,76 years 11 months,539000.0
2024-02-01,JURONG WEST,5 ROOM,273B,JURONG WEST AVE 3,10 TO 12,111.0,Improved,2001,76 years 11 months,558000.0
2024-02-01,JURONG WEST,5 ROOM,682B,JURONG WEST CTRL 1,16 TO 18,114.0,Premium Apartment,2000,75 years 07 months,658000.0
2024-02-01,JURONG WEST,5 ROOM,271C,JURONG WEST ST 24,13 TO 15,112.0,Premium Apartment,2003,78 years 09 months,538000.0
2024-02-01,JURONG WEST,5 ROOM,275C,JURONG WEST ST 25,04 TO 06,111.0,Improved,2002,77 years,500000.0
2024-02-01,JURONG WEST,5 ROOM,648D,JURONG WEST ST 61,07 TO 09,110.0,Improved,2001,76 years 03 months,568000.0
2024-02-01,JURONG WEST,5 ROOM,652B,JURONG WEST ST 61,10 TO 12,110.0,Improved,2002,77 years 05 months,580000.0
2024-02-01,JURONG WEST,5 ROOM,653C,JURONG WEST ST 61,13 TO 15,110.0,Improved,2002,77 years 09 months,600000.0
2024-02-01,JURONG WEST,5 ROOM,652C,JURONG WEST ST 61,01 TO 03,111.0,Improved,2002,77 years 04 months,570000.0
2024-02-01,JURONG WEST,5 ROOM,648A,JURONG WEST ST 61,07 TO 09,110.0,Improved,2001,76 years 02 months,580000.0
2024-02-01,JURONG WEST,5 ROOM,678C,JURONG WEST ST 64,16 TO 18,110.0,Premium Apartment,2008,83 years 05 months,595000.0
2024-02-01,JURONG WEST,5 ROOM,684A,JURONG WEST ST 64,13 TO 15,110.0,Premium Apartment,2000,75 years 08 months,650000.0
2024-02-01,JURONG WEST,5 ROOM,676A,JURONG WEST ST 64,13 TO 15,110.0,Premium Apartment,2008,83 years 05 months,521000.0
2024-02-01,JURONG WEST,5 ROOM,620,JURONG WEST ST 65,13 TO 15,110.0,Improved,2000,75 years 11 months,580000.0
2024-02-01,JURONG WEST,5 ROOM,667B,JURONG WEST ST 65,01 TO 03,110.0,Improved,2000,75 years 06 months,515000.0
2024-02-01,JURONG WEST,5 ROOM,674B,JURONG WEST ST 65,07 TO 09,110.0,Improved,2002,77 years 11 months,535000.0
2024-02-01,JURONG WEST,5 ROOM,658B,JURONG WEST ST 65,07 TO 09,110.0,Improved,2001,76 years 04 months,595000.0
2024-02-01,JURONG WEST,5 ROOM,670A,JURONG WEST ST 65,01 TO 03,111.0,Improved,2002,77 years 03 months,515000.0
2024-02-01,JURONG WEST,5 ROOM,659A,JURONG WEST ST 65,10 TO 12,110.0,Improved,2001,76 years 05 months,593000.0
2024-02-01,JURONG WEST,5 ROOM,663C,JURONG WEST ST 65,04 TO 06,110.0,Improved,2000,75 years 06 months,580000.0
2024-02-01,JURONG WEST,5 ROOM,759,JURONG WEST ST 74,13 TO 15,136.0,Model A,1996,71 years 08 months,630000.0
2024-02-01,JURONG WEST,5 ROOM,838,JURONG WEST ST 81,10 TO 12,122.0,Improved,1989,64 years 11 months,510000.0
2024-02-01,JURONG WEST,5 ROOM,824,JURONG WEST ST 81,04 TO 06,121.0,Improved,1990,65 years 03 months,500000.0
2024-02-01,JURONG WEST,5 ROOM,863,JURONG WEST ST 81,07 TO 09,123.0,Improved,1996,71 years 09 months,560000.0
2024-02-01,JURONG WEST,5 ROOM,811,JURONG WEST ST 81,01 TO 03,127.0,Improved,1993,68 years 10 months,549000.0
2024-02-01,JURONG WEST,5 ROOM,824,JURONG WEST ST 81,01 TO 03,121.0,Improved,1990,65 years 03 months,510000.0
2024-02-01,JURONG WEST,5 ROOM,821,JURONG WEST ST 81,01 TO 03,121.0,Improved,1990,65 years 01 month,510000.0
2024-02-01,JURONG WEST,5 ROOM,825,JURONG WEST ST 81,01 TO 03,127.0,Improved,1993,68 years 10 months,520000.0
2024-02-01,JURONG WEST,5 ROOM,818,JURONG WEST ST 81,10 TO 12,135.0,Model A,1993,68 years 04 months,625000.0
2024-02-01,JURONG WEST,5 ROOM,940,JURONG WEST ST 91,07 TO 09,121.0,Improved,1989,64 years 04 months,525000.0
2024-02-01,JURONG WEST,5 ROOM,905,JURONG WEST ST 91,04 TO 06,122.0,Improved,1988,63 years 07 months,530000.0
2024-02-01,JURONG WEST,5 ROOM,923,JURONG WEST ST 92,07 TO 09,127.0,Improved,1989,64 years,575000.0
2024-02-01,JURONG WEST,5 ROOM,920,JURONG WEST ST 92,07 TO 09,122.0,Improved,1989,64 years 01 month,545000.0
2024-02-01,JURONG WEST,5 ROOM,988C,JURONG WEST ST 93,13 TO 15,110.0,Premium Apartment,2008,83 years 07 months,568000.0
2024-02-01,JURONG WEST,5 ROOM,988C,JURONG WEST ST 93,04 TO 06,114.0,Premium Apartment,2008,83 years 07 months,525000.0
2024-02-01,JURONG WEST,5 ROOM,988B,JURONG WEST ST 93,10 TO 12,110.0,Premium Apartment,2008,83 years 07 months,595888.0
2024-02-01,JURONG WEST,5 ROOM,339B,KANG CHING RD,07 TO 09,115.0,Improved,2012,87 years 02 months,770000.0
2024-02-01,JURONG WEST,5 ROOM,345,KANG CHING RD,07 TO 09,122.0,Improved,1997,72 years 06 months,640000.0
2024-02-01,JURONG WEST,5 ROOM,355,KANG CHING RD,04 TO 06,120.0,Improved,1997,72 years,653000.0
2024-02-01,JURONG WEST,5 ROOM,330,TAH CHING RD,19 TO 21,121.0,Improved,1997,72 years 06 months,718000.0
2024-02-01,JURONG WEST,5 ROOM,324,TAH CHING RD,07 TO 09,119.0,Improved,1997,72 years 05 months,550000.0
2024-02-01,JURONG WEST,5 ROOM,166A,YUNG KUANG RD,16 TO 18,113.0,Improved,2018,93 years 08 months,750000.0
2024-02-01,JURONG WEST,5 ROOM,182,YUNG SHENG RD,10 TO 12,116.0,Improved,2001,76 years 02 months,592000.0
2024-02-01,JURONG WEST,EXECUTIVE,686A,JURONG WEST CTRL 1,04 TO 06,132.0,Premium Apartment,2000,75 years 09 months,778000.0
2024-02-01,JURONG WEST,EXECUTIVE,274C,JURONG WEST ST 25,07 TO 09,126.0,Apartment,2002,77 years,620000.0
2024-02-01,JURONG WEST,EXECUTIVE,405,JURONG WEST ST 42,10 TO 12,150.0,Maisonette,1985,60 years 08 months,638000.0
2024-02-01,JURONG WEST,EXECUTIVE,558,JURONG WEST ST 42,10 TO 12,150.0,Maisonette,1985,60 years 05 months,780000.0
2024-02-01,JURONG WEST,EXECUTIVE,556,JURONG WEST ST 42,01 TO 03,150.0,Maisonette,1986,61 years 05 months,670000.0
2024-02-01,JURONG WEST,EXECUTIVE,656A,JURONG WEST ST 61,10 TO 12,132.0,Apartment,2002,77 years 02 months,705000.0
2024-02-01,JURONG WEST,EXECUTIVE,669C,JURONG WEST ST 64,01 TO 03,130.0,Apartment,2000,75 years 06 months,635000.0
2024-02-01,JURONG WEST,EXECUTIVE,665A,JURONG WEST ST 64,13 TO 15,130.0,Apartment,2000,75 years 02 months,769000.0
2024-02-01,JURONG WEST,EXECUTIVE,666B,JURONG WEST ST 65,04 TO 06,130.0,Apartment,2000,75 years 03 months,750000.0
2024-02-01,JURONG WEST,EXECUTIVE,630,JURONG WEST ST 65,10 TO 12,130.0,Apartment,2001,76 years 07 months,685000.0
2024-02-01,JURONG WEST,EXECUTIVE,666A,JURONG WEST ST 65,13 TO 15,130.0,Apartment,2000,75 years 03 months,748000.0
2024-02-01,JURONG WEST,EXECUTIVE,701,JURONG WEST ST 71,07 TO 09,147.0,Apartment,1993,69 years,730000.0
2024-02-01,JURONG WEST,EXECUTIVE,828,JURONG WEST ST 81,10 TO 12,143.0,Apartment,1993,68 years 04 months,698000.0
2024-02-01,JURONG WEST,EXECUTIVE,910,JURONG WEST ST 91,01 TO 03,145.0,Maisonette,1988,63 years 09 months,680000.0
2024-02-01,JURONG WEST,EXECUTIVE,910,JURONG WEST ST 91,10 TO 12,141.0,Apartment,1988,63 years 08 months,670000.0
2024-02-01,JURONG WEST,EXECUTIVE,333,KANG CHING RD,04 TO 06,143.0,Maisonette,1997,72 years,835000.0
2024-02-01,KALLANG/WHAMPOA,2 ROOM,9,JLN BATU,07 TO 09,48.0,Standard,1970,45 years 05 months,317000.0
2024-02-01,KALLANG/WHAMPOA,3 ROOM,2,BEACH RD,13 TO 15,68.0,Improved,1979,54 years 09 months,420000.0
2024-02-01,KALLANG/WHAMPOA,3 ROOM,10A,BENDEMEER RD,25 TO 27,68.0,Model A,2017,92 years 10 months,758000.0
2024-02-01,KALLANG/WHAMPOA,3 ROOM,50,DORSET RD,04 TO 06,68.0,New Generation,1979,54 years 05 months,395000.0
2024-02-01,KALLANG/WHAMPOA,3 ROOM,50,DORSET RD,07 TO 09,68.0,New Generation,1979,54 years 04 months,475000.0
2024-02-01,KALLANG/WHAMPOA,3 ROOM,68,GEYLANG BAHRU,16 TO 18,65.0,Improved,1974,49 years 07 months,370000.0
2024-02-01,KALLANG/WHAMPOA,3 ROOM,68,GEYLANG BAHRU,04 TO 06,65.0,Improved,1974,49 years 06 months,378000.0
2024-02-01,KALLANG/WHAMPOA,3 ROOM,97,GEYLANG BAHRU,07 TO 09,68.0,New Generation,1979,54 years,420000.0
2024-02-01,KALLANG/WHAMPOA,3 ROOM,95,GEYLANG BAHRU,04 TO 06,68.0,New Generation,1979,54 years,385000.0
2024-02-01,KALLANG/WHAMPOA,3 ROOM,38,JLN BAHAGIA,01 TO 03,83.0,Terrace,1972,47 years 06 months,788888.0
2024-02-01,KALLANG/WHAMPOA,3 ROOM,32,JLN BAHAGIA,01 TO 03,56.0,Standard,1971,45 years 11 months,308000.0
2024-02-01,KALLANG/WHAMPOA,3 ROOM,2,JLN BATU,01 TO 03,60.0,Standard,1969,44 years 01 month,310000.0
2024-02-01,KALLANG/WHAMPOA,3 ROOM,58,JLN MA'MOR,01 TO 03,208.0,Terrace,1972,47 years 06 months,1280000.0
2024-02-01,KALLANG/WHAMPOA,3 ROOM,116B,JLN TENTERAM,10 TO 12,67.0,Model A,2017,92 years 10 months,588000.0
2024-02-01,KALLANG/WHAMPOA,3 ROOM,64,KALLANG BAHRU,10 TO 12,65.0,Improved,1974,49 years,370000.0
2024-02-01,KALLANG/WHAMPOA,3 ROOM,64,KALLANG BAHRU,10 TO 12,65.0,Improved,1974,49 years,373000.0
2024-02-01,KALLANG/WHAMPOA,3 ROOM,63,KALLANG BAHRU,04 TO 06,65.0,Improved,1974,49 years,340000.0
2024-02-01,KALLANG/WHAMPOA,3 ROOM,64,KALLANG BAHRU,07 TO 09,65.0,Improved,1974,49 years,355000.0
2024-02-01,KALLANG/WHAMPOA,3 ROOM,64,KALLANG BAHRU,10 TO 12,65.0,Improved,1974,48 years 11 months,250000.0
2024-02-01,KALLANG/WHAMPOA,3 ROOM,12,KG ARANG RD,01 TO 03,103.0,New Generation,1982,57 years 03 months,645000.0
2024-02-01,KALLANG/WHAMPOA,3 ROOM,1,KG KAYU RD,04 TO 06,62.0,Standard,1984,59 years 09 months,408000.0
2024-02-01,KALLANG/WHAMPOA,3 ROOM,804,KING GEORGE'S AVE,07 TO 09,59.0,Improved,1981,56 years 06 months,406000.0
2024-02-01,KALLANG/WHAMPOA,3 ROOM,76,LOR LIMAU,07 TO 09,65.0,Improved,1973,48 years 06 months,315000.0
2024-02-01,KALLANG/WHAMPOA,3 ROOM,77,LOR LIMAU,10 TO 12,59.0,Improved,1973,48 years 06 months,310000.0
2024-02-01,KALLANG/WHAMPOA,3 ROOM,76,LOR LIMAU,01 TO 03,65.0,Improved,1973,48 years 05 months,325000.0
2024-02-01,KALLANG/WHAMPOA,3 ROOM,3,ST. GEORGE'S RD,01 TO 03,59.0,Improved,1976,51 years 04 months,343000.0
2024-02-01,KALLANG/WHAMPOA,3 ROOM,14,ST. GEORGE'S RD,10 TO 12,82.0,New Generation,1984,59 years 09 months,540000.0
2024-02-01,KALLANG/WHAMPOA,3 ROOM,105,TOWNER RD,01 TO 03,76.0,Model A,1984,59 years 11 months,528000.0
2024-02-01,KALLANG/WHAMPOA,3 ROOM,8B,UPP BOON KENG RD,28 TO 30,70.0,Premium Apartment,2017,92 years 06 months,828000.0
2024-02-01,KALLANG/WHAMPOA,3 ROOM,8B,UPP BOON KENG RD,01 TO 03,70.0,Premium Apartment,2017,92 years 06 months,730000.0
2024-02-01,KALLANG/WHAMPOA,3 ROOM,74,WHAMPOA DR,16 TO 18,66.0,Improved,1981,56 years 05 months,410000.0
2024-02-01,KALLANG/WHAMPOA,4 ROOM,38A,BENDEMEER RD,07 TO 09,89.0,Model A,2012,87 years 04 months,848000.0
2024-02-01,KALLANG/WHAMPOA,4 ROOM,38D,BENDEMEER RD,07 TO 09,92.0,Model A,2012,87 years 04 months,855000.0
2024-02-01,KALLANG/WHAMPOA,4 ROOM,10A,BENDEMEER RD,22 TO 24,93.0,Model A,2017,92 years 11 months,1005888.0
2024-02-01,KALLANG/WHAMPOA,4 ROOM,28,BENDEMEER RD,22 TO 24,83.0,Improved,1972,47 years,600000.0
2024-02-01,KALLANG/WHAMPOA,4 ROOM,102,JLN RAJAH,10 TO 12,94.0,New Generation,1981,56 years 02 months,575000.0
2024-02-01,KALLANG/WHAMPOA,4 ROOM,101,JLN RAJAH,04 TO 06,94.0,New Generation,1980,55 years 10 months,555000.0
2024-02-01,KALLANG/WHAMPOA,4 ROOM,116A,JLN TENTERAM,04 TO 06,93.0,Model A,2017,92 years 10 months,715000.0
2024-02-01,KALLANG/WHAMPOA,4 ROOM,16,JLN TENTERAM,04 TO 06,75.0,Model A,2002,77 years 08 months,540000.0
2024-02-01,KALLANG/WHAMPOA,4 ROOM,16,JLN TENTERAM,04 TO 06,75.0,Model A,2002,77 years 07 months,520000.0
2024-02-01,KALLANG/WHAMPOA,4 ROOM,78,LOR LIMAU,01 TO 03,93.0,Model A,2018,93 years 05 months,750000.0
2024-02-01,KALLANG/WHAMPOA,4 ROOM,78,LOR LIMAU,22 TO 24,93.0,Model A,2018,93 years 05 months,920000.0
2024-02-01,KALLANG/WHAMPOA,4 ROOM,113,LOR 3 GEYLANG,01 TO 03,105.0,Model A,1989,64 years 06 months,650000.0
2024-02-01,KALLANG/WHAMPOA,4 ROOM,113C,MCNAIR RD,07 TO 09,93.0,Premium Apartment,2017,92 years 11 months,960000.0
2024-02-01,KALLANG/WHAMPOA,4 ROOM,26A,ST. GEORGE'S LANE,31 TO 33,92.0,Model A,2020,95 years 03 months,1158000.0
2024-02-01,KALLANG/WHAMPOA,4 ROOM,3A,UPP BOON KENG RD,19 TO 21,85.0,Model A,2006,81 years 09 months,860000.0
2024-02-01,KALLANG/WHAMPOA,4 ROOM,3D,UPP BOON KENG RD,13 TO 15,90.0,Model A,2006,81 years 06 months,900000.0
2024-02-01,KALLANG/WHAMPOA,4 ROOM,2B,UPP BOON KENG RD,19 TO 21,90.0,Model A,2006,81 years 08 months,908000.0
2024-02-01,KALLANG/WHAMPOA,4 ROOM,14A,UPP BOON KENG RD,01 TO 03,100.0,Model A,1999,74 years 05 months,630000.0
2024-02-01,KALLANG/WHAMPOA,4 ROOM,109,WHAMPOA RD,10 TO 12,103.0,Model A,1997,72 years 10 months,680000.0
2024-02-01,KALLANG/WHAMPOA,5 ROOM,103,AH HOOD RD,22 TO 24,118.0,Improved,1981,56 years 08 months,828000.0
2024-02-01,KALLANG/WHAMPOA,5 ROOM,38A,BENDEMEER RD,04 TO 06,115.0,Improved,2012,87 years 03 months,1000000.0
2024-02-01,KALLANG/WHAMPOA,5 ROOM,6,BOON KENG RD,13 TO 15,125.0,Improved,1996,71 years 09 months,1048000.0
2024-02-01,KALLANG/WHAMPOA,5 ROOM,48,DORSET RD,25 TO 27,114.0,Standard,1976,51 years 06 months,700000.0
2024-02-01,KALLANG/WHAMPOA,5 ROOM,59B,GEYLANG BAHRU,01 TO 03,122.0,Improved,1998,73 years 11 months,930000.0
2024-02-01,KALLANG/WHAMPOA,5 ROOM,104,JLN RAJAH,19 TO 21,138.0,Model A,1984,59 years,888000.0
2024-02-01,KALLANG/WHAMPOA,5 ROOM,19,JLN TENTERAM,16 TO 18,105.0,Improved,2004,79 years 06 months,760000.0
2024-02-01,KALLANG/WHAMPOA,5 ROOM,108B,MCNAIR RD,04 TO 06,110.0,Improved,2004,79 years 10 months,940000.0
2024-02-01,KALLANG/WHAMPOA,5 ROOM,38,UPP BOON KENG RD,22 TO 24,117.0,Standard,1976,51 years 07 months,700888.0
2024-02-01,MARINE PARADE,3 ROOM,47,MARINE CRES,04 TO 06,76.0,Improved,1975,50 years 05 months,485000.0
2024-02-01,MARINE PARADE,3 ROOM,32,MARINE CRES,13 TO 15,76.0,Improved,1975,50 years 04 months,560000.0
2024-02-01,MARINE PARADE,3 ROOM,8,MARINE TER,07 TO 09,65.0,Improved,1975,50 years,455000.0
2024-02-01,MARINE PARADE,3 ROOM,5,MARINE TER,01 TO 03,65.0,Improved,1975,49 years 11 months,412000.0
2024-02-01,MARINE PARADE,4 ROOM,45,MARINE CRES,13 TO 15,88.0,Improved,1975,50 years 03 months,550000.0
2024-02-01,MARINE PARADE,5 ROOM,28,MARINE CRES,10 TO 12,123.0,Standard,1975,50 years 02 months,888000.0
2024-02-01,PASIR RIS,2 ROOM,527B,PASIR RIS ST 51,10 TO 12,47.0,Model A,2015,90 years 07 months,388000.0
2024-02-01,PASIR RIS,3 ROOM,527D,PASIR RIS ST 51,10 TO 12,68.0,Model A,2015,90 years 07 months,535000.0
2024-02-01,PASIR RIS,3 ROOM,528A,PASIR RIS ST 51,07 TO 09,68.0,Model A,2015,90 years 06 months,530000.0
2024-02-01,PASIR RIS,3 ROOM,527C,PASIR RIS ST 51,10 TO 12,68.0,Model A,2015,90 years 06 months,550000.0
2024-02-01,PASIR RIS,4 ROOM,641,PASIR RIS DR 1,07 TO 09,104.0,Model A,1995,70 years 06 months,572000.0
2024-02-01,PASIR RIS,4 ROOM,737,PASIR RIS DR 10,10 TO 12,104.0,Model A,1996,71 years 06 months,598000.0
2024-02-01,PASIR RIS,4 ROOM,440,PASIR RIS DR 4,04 TO 06,106.0,Model A,1989,64 years 04 months,580000.0
2024-02-01,PASIR RIS,4 ROOM,409,PASIR RIS DR 6,07 TO 09,105.0,Model A,1989,65 years,605888.0
2024-02-01,PASIR RIS,4 ROOM,412,PASIR RIS DR 6,04 TO 06,103.0,Model A,1989,64 years 09 months,545000.0
2024-02-01,PASIR RIS,4 ROOM,416,PASIR RIS DR 6,07 TO 09,105.0,Model A,1989,64 years 10 months,572000.0
2024-02-01,PASIR RIS,4 ROOM,473,PASIR RIS DR 6,07 TO 09,103.0,Model A,1989,64 years 06 months,580000.0
2024-02-01,PASIR RIS,4 ROOM,476,PASIR RIS DR 6,07 TO 09,115.0,Model A,1989,64 years 10 months,608000.0
2024-02-01,PASIR RIS,4 ROOM,416,PASIR RIS DR 6,07 TO 09,105.0,Model A,1989,64 years 10 months,560000.0
2024-02-01,PASIR RIS,4 ROOM,421,PASIR RIS DR 6,07 TO 09,105.0,Model A,1989,64 years 05 months,525000.0
2024-02-01,PASIR RIS,4 ROOM,142,PASIR RIS ST 11,10 TO 12,110.0,Model A,1994,69 years 03 months,547500.0
2024-02-01,PASIR RIS,4 ROOM,121,PASIR RIS ST 11,04 TO 06,103.0,Model A,1989,64 years 03 months,512000.0
2024-02-01,PASIR RIS,4 ROOM,143,PASIR RIS ST 11,04 TO 06,105.0,Model A,1995,69 years 11 months,530000.0
2024-02-01,PASIR RIS,4 ROOM,106,PASIR RIS ST 12,01 TO 03,103.0,Model A,1989,64 years,510000.0
2024-02-01,PASIR RIS,4 ROOM,148,PASIR RIS ST 13,04 TO 06,109.0,Model A,1995,70 years,532000.0
2024-02-01,PASIR RIS,4 ROOM,273,PASIR RIS ST 21,07 TO 09,107.0,Model A,1994,69 years 02 months,565000.0
2024-02-01,PASIR RIS,4 ROOM,524B,PASIR RIS ST 51,10 TO 12,93.0,Model A,2015,90 years 06 months,732888.0
2024-02-01,PASIR RIS,4 ROOM,524A,PASIR RIS ST 51,04 TO 06,93.0,Model A,2015,90 years 05 months,721888.0
2024-02-01,PASIR RIS,4 ROOM,514,PASIR RIS ST 52,10 TO 12,106.0,Model A,1993,68 years 10 months,605000.0
2024-02-01,PASIR RIS,4 ROOM,574,PASIR RIS ST 53,04 TO 06,110.0,Model A,1995,70 years 08 months,625000.0
2024-02-01,PASIR RIS,4 ROOM,776,PASIR RIS ST 71,10 TO 12,104.0,Model A,1996,71 years 09 months,585000.0
2024-02-01,PASIR RIS,4 ROOM,755,PASIR RIS ST 71,04 TO 06,104.0,Model A,1996,71 years 10 months,587000.0
2024-02-01,PASIR RIS,4 ROOM,764,PASIR RIS ST 71,04 TO 06,104.0,Model A,1996,71 years 05 months,558000.0
2024-02-01,PASIR RIS,4 ROOM,761,PASIR RIS ST 71,01 TO 03,105.0,Model A,1996,71 years 07 months,555000.0
2024-02-01,PASIR RIS,4 ROOM,723,PASIR RIS ST 72,10 TO 12,112.0,Model A,1996,71 years 05 months,600000.0
2024-02-01,PASIR RIS,5 ROOM,739,PASIR RIS DR 10,13 TO 15,127.0,Improved,1996,71 years 08 months,725000.0
2024-02-01,PASIR RIS,5 ROOM,446,PASIR RIS DR 6,04 TO 06,121.0,Improved,1989,64 years 09 months,600000.0
2024-02-01,PASIR RIS,5 ROOM,470,PASIR RIS DR 6,01 TO 03,123.0,Improved,1989,64 years 08 months,610000.0
2024-02-01,PASIR RIS,5 ROOM,109,PASIR RIS ST 11,01 TO 03,120.0,Improved,1990,65 years 08 months,660000.0
2024-02-01,PASIR RIS,5 ROOM,122,PASIR RIS ST 11,07 TO 09,132.0,Improved,1989,64 years 04 months,688000.0
2024-02-01,PASIR RIS,5 ROOM,524A,PASIR RIS ST 51,07 TO 09,113.0,Improved,2015,90 years 06 months,825000.0
2024-02-01,PASIR RIS,5 ROOM,565,PASIR RIS ST 51,01 TO 03,123.0,Improved,1992,67 years 10 months,700000.0
2024-02-01,PASIR RIS,5 ROOM,552,PASIR RIS ST 51,04 TO 06,123.0,Improved,1992,67 years 10 months,700000.0
2024-02-01,PASIR RIS,5 ROOM,520,PASIR RIS ST 52,10 TO 12,128.0,Improved,1993,68 years 11 months,735000.0
2024-02-01,PASIR RIS,5 ROOM,774,PASIR RIS ST 71,13 TO 15,125.0,Improved,1996,71 years 07 months,690000.0
2024-02-01,PASIR RIS,EXECUTIVE,602,ELIAS RD,07 TO 09,154.0,Apartment,1995,70 years 02 months,900000.0
2024-02-01,PASIR RIS,EXECUTIVE,603,ELIAS RD,04 TO 06,150.0,Maisonette,1995,70 years 02 months,880000.0
2024-02-01,PASIR RIS,EXECUTIVE,645,PASIR RIS DR 10,04 TO 06,148.0,Apartment,1995,70 years 08 months,825000.0
2024-02-01,PASIR RIS,EXECUTIVE,133,PASIR RIS ST 11,04 TO 06,146.0,Apartment,1994,69 years 09 months,758000.0
2024-02-01,PASIR RIS,EXECUTIVE,131,PASIR RIS ST 11,01 TO 03,165.0,Apartment,1994,69 years 09 months,799000.0
2024-02-01,PASIR RIS,EXECUTIVE,206,PASIR RIS ST 21,01 TO 03,148.0,Apartment,1993,68 years 08 months,770000.0
2024-02-01,PASIR RIS,EXECUTIVE,235,PASIR RIS ST 21,07 TO 09,147.0,Apartment,1993,68 years 06 months,755000.0
2024-02-01,PASIR RIS,EXECUTIVE,463,PASIR RIS ST 41,07 TO 09,144.0,Apartment,1992,67 years 11 months,815000.0
2024-02-01,PASIR RIS,EXECUTIVE,548,PASIR RIS ST 51,04 TO 06,144.0,Apartment,1992,67 years 10 months,875000.0
2024-02-01,PASIR RIS,EXECUTIVE,509,PASIR RIS ST 52,07 TO 09,146.0,Apartment,1993,68 years 08 months,805000.0
2024-02-01,PASIR RIS,EXECUTIVE,716,PASIR RIS ST 72,16 TO 18,143.0,Apartment,1996,71 years 05 months,1003000.0
2024-02-01,PUNGGOL,2 ROOM,672C,EDGEFIELD PLAINS,10 TO 12,44.0,Model A,2015,90 years 11 months,342000.0
2024-02-01,PUNGGOL,2 ROOM,623C,PUNGGOL CTRL,04 TO 06,46.0,Model A,2014,89 years 03 months,315000.0
2024-02-01,PUNGGOL,2 ROOM,622B,PUNGGOL CTRL,16 TO 18,46.0,Model A,2014,89 years 03 months,353000.0
2024-02-01,PUNGGOL,2 ROOM,659B,PUNGGOL EAST,04 TO 06,47.0,2-room,2018,93 years 10 months,335888.0
2024-02-01,PUNGGOL,2 ROOM,232C,SUMANG LANE,13 TO 15,47.0,Model A,2018,93 years 10 months,380000.0
2024-02-01,PUNGGOL,2 ROOM,232C,SUMANG LANE,07 TO 09,47.0,Model A,2018,93 years 11 months,380000.0
2024-02-01,PUNGGOL,3 ROOM,120B,EDGEDALE PLAINS,13 TO 15,68.0,Model A,2017,92 years 04 months,460000.0
2024-02-01,PUNGGOL,3 ROOM,662B,EDGEDALE PLAINS,04 TO 06,67.0,Premium Apartment,2017,92 years 04 months,488000.0
2024-02-01,PUNGGOL,3 ROOM,661A,EDGEDALE PLAINS,04 TO 06,67.0,Premium Apartment,2017,92 years 03 months,450000.0
2024-02-01,PUNGGOL,3 ROOM,120B,EDGEDALE PLAINS,04 TO 06,68.0,Model A,2017,92 years 03 months,435000.0
2024-02-01,PUNGGOL,3 ROOM,670A,EDGEFIELD PLAINS,13 TO 15,68.0,Premium Apartment,2016,91 years 05 months,480000.0
2024-02-01,PUNGGOL,3 ROOM,670C,EDGEFIELD PLAINS,04 TO 06,67.0,Premium Apartment,2016,91 years 04 months,495000.0
2024-02-01,PUNGGOL,3 ROOM,623C,PUNGGOL CTRL,07 TO 09,69.0,Model A,2014,89 years 03 months,485000.0
2024-02-01,PUNGGOL,3 ROOM,209C,PUNGGOL PL,07 TO 09,67.0,Model A,2014,89 years 11 months,478888.0
2024-02-01,PUNGGOL,3 ROOM,208B,PUNGGOL PL,07 TO 09,67.0,Model A,2014,89 years 05 months,470000.0
2024-02-01,PUNGGOL,3 ROOM,210C,PUNGGOL PL,10 TO 12,67.0,Model A,2014,89 years 11 months,485000.0
2024-02-01,PUNGGOL,3 ROOM,210B,PUNGGOL PL,07 TO 09,67.0,Model A,2014,89 years 11 months,486888.0
2024-02-01,PUNGGOL,3 ROOM,211D,PUNGGOL WALK,13 TO 15,67.0,Model A,2014,89 years 02 months,495000.0
2024-02-01,PUNGGOL,3 ROOM,310A,PUNGGOL WALK,13 TO 15,67.0,Premium Apartment,2016,91 years 04 months,506500.0
2024-02-01,PUNGGOL,3 ROOM,212A,PUNGGOL WALK,01 TO 03,67.0,Model A,2015,90 years 03 months,435000.0
2024-02-01,PUNGGOL,3 ROOM,261A,PUNGGOL WAY,13 TO 15,68.0,Model A,2016,91 years 05 months,490000.0
2024-02-01,PUNGGOL,3 ROOM,224C,SUMANG LANE,07 TO 09,68.0,Model A,2018,93 years 11 months,458000.0
2024-02-01,PUNGGOL,3 ROOM,222A,SUMANG LANE,13 TO 15,68.0,Model A,2018,93 years 11 months,478000.0
2024-02-01,PUNGGOL,3 ROOM,221A,SUMANG LANE,13 TO 15,68.0,Model A,2018,93 years 10 months,480000.0
2024-02-01,PUNGGOL,3 ROOM,313A,SUMANG LINK,13 TO 15,68.0,Model A,2015,90 years 05 months,530000.0
2024-02-01,PUNGGOL,3 ROOM,312A,SUMANG LINK,13 TO 15,68.0,Model A,2015,90 years 05 months,493000.0
2024-02-01,PUNGGOL,3 ROOM,322C,SUMANG WALK,13 TO 15,68.0,Premium Apartment,2019,94 years 02 months,518000.0
2024-02-01,PUNGGOL,3 ROOM,325A,SUMANG WALK,10 TO 12,68.0,Premium Apartment,2020,95 years,495000.0
2024-02-01,PUNGGOL,3 ROOM,325B,SUMANG WALK,19 TO 21,68.0,Premium Apartment,2020,94 years 11 months,509088.0
2024-02-01,PUNGGOL,3 ROOM,325B,SUMANG WALK,07 TO 09,68.0,Premium Apartment,2020,94 years 11 months,510000.0
2024-02-01,PUNGGOL,3 ROOM,325A,SUMANG WALK,19 TO 21,68.0,Premium Apartment,2020,95 years,500888.0
2024-02-01,PUNGGOL,4 ROOM,684D,EDGEDALE PLAINS,07 TO 09,93.0,Premium Apartment,2018,93 years 07 months,710000.0
2024-02-01,PUNGGOL,4 ROOM,684B,EDGEDALE PLAINS,10 TO 12,93.0,Premium Apartment,2018,93 years 07 months,650000.0
2024-02-01,PUNGGOL,4 ROOM,662C,EDGEDALE PLAINS,10 TO 12,92.0,Premium Apartment,2017,92 years 04 months,625000.0
2024-02-01,PUNGGOL,4 ROOM,134,EDGEDALE PLAINS,07 TO 09,91.0,Premium Apartment,2003,78 years 10 months,500000.0
2024-02-01,PUNGGOL,4 ROOM,683A,EDGEDALE PLAINS,07 TO 09,93.0,Premium Apartment,2018,93 years 07 months,642000.0
2024-02-01,PUNGGOL,4 ROOM,682A,EDGEDALE PLAINS,13 TO 15,93.0,Premium Apartment,2018,93 years 07 months,658000.0
2024-02-01,PUNGGOL,4 ROOM,684D,EDGEDALE PLAINS,04 TO 06,93.0,Premium Apartment,2018,93 years 07 months,663000.0
2024-02-01,PUNGGOL,4 ROOM,662B,EDGEDALE PLAINS,19 TO 21,92.0,Premium Apartment,2017,92 years 04 months,650000.0
2024-02-01,PUNGGOL,4 ROOM,133,EDGEDALE PLAINS,07 TO 09,91.0,Premium Apartment,2003,78 years 09 months,510000.0
2024-02-01,PUNGGOL,4 ROOM,122B,EDGEDALE PLAINS,10 TO 12,93.0,Model A,2017,92 years 03 months,608000.0
2024-02-01,PUNGGOL,4 ROOM,673C,EDGEFIELD PLAINS,04 TO 06,90.0,Model A,2015,90 years 11 months,570000.0
2024-02-01,PUNGGOL,4 ROOM,615B,EDGEFIELD PLAINS,07 TO 09,92.0,Model A,2012,87 years 11 months,638000.0
2024-02-01,PUNGGOL,4 ROOM,671A,EDGEFIELD PLAINS,13 TO 15,90.0,Model A,2015,90 years 11 months,600000.0
2024-02-01,PUNGGOL,4 ROOM,670B,EDGEFIELD PLAINS,04 TO 06,93.0,Premium Apartment,2016,91 years 05 months,600000.0
2024-02-01,PUNGGOL,4 ROOM,673B,EDGEFIELD PLAINS,10 TO 12,90.0,Model A,2015,90 years 11 months,590000.0
2024-02-01,PUNGGOL,4 ROOM,615A,EDGEFIELD PLAINS,04 TO 06,92.0,Model A,2012,87 years 10 months,600000.0
2024-02-01,PUNGGOL,4 ROOM,602C,PUNGGOL CTRL,16 TO 18,94.0,Model A,2012,87 years 06 months,630000.0
2024-02-01,PUNGGOL,4 ROOM,602B,PUNGGOL CTRL,13 TO 15,94.0,Model A,2012,87 years 06 months,640000.0
2024-02-01,PUNGGOL,4 ROOM,601C,PUNGGOL CTRL,16 TO 18,94.0,Model A,2012,87 years 07 months,595000.0
2024-02-01,PUNGGOL,4 ROOM,624B,PUNGGOL CTRL,16 TO 18,94.0,Model A,2014,89 years 03 months,645000.0
2024-02-01,PUNGGOL,4 ROOM,301A,PUNGGOL CTRL,10 TO 12,93.0,Premium Apartment,2010,85 years 07 months,694888.0
2024-02-01,PUNGGOL,4 ROOM,623C,PUNGGOL CTRL,10 TO 12,94.0,Model A,2014,89 years 03 months,605000.0
2024-02-01,PUNGGOL,4 ROOM,624A,PUNGGOL CTRL,04 TO 06,95.0,Model A,2014,89 years 03 months,580000.0
2024-02-01,PUNGGOL,4 ROOM,623C,PUNGGOL CTRL,16 TO 18,94.0,Model A,2014,89 years 03 months,605000.0
2024-02-01,PUNGGOL,4 ROOM,623A,PUNGGOL CTRL,10 TO 12,95.0,Model A,2014,89 years 03 months,615000.0
2024-02-01,PUNGGOL,4 ROOM,643,PUNGGOL CTRL,04 TO 06,90.0,Premium Apartment,2005,80 years,520000.0
2024-02-01,PUNGGOL,4 ROOM,622C,PUNGGOL CTRL,07 TO 09,94.0,Model A,2014,89 years 03 months,615000.0
2024-02-01,PUNGGOL,4 ROOM,623C,PUNGGOL CTRL,16 TO 18,94.0,Model A,2014,89 years 02 months,638000.0
2024-02-01,PUNGGOL,4 ROOM,613A,PUNGGOL DR,13 TO 15,93.0,Model A,2012,87 years 11 months,615000.0
2024-02-01,PUNGGOL,4 ROOM,619A,PUNGGOL DR,13 TO 15,95.0,Premium Apartment,2013,88 years 08 months,621888.0
2024-02-01,PUNGGOL,4 ROOM,678A,PUNGGOL DR,13 TO 15,93.0,Premium Apartment,2016,91 years 08 months,711111.0
2024-02-01,PUNGGOL,4 ROOM,612D,PUNGGOL DR,01 TO 03,93.0,Model A,2012,87 years 11 months,545000.0
2024-02-01,PUNGGOL,4 ROOM,664A,PUNGGOL DR,07 TO 09,90.0,Model A,2016,91 years 04 months,615000.0
2024-02-01,PUNGGOL,4 ROOM,613D,PUNGGOL DR,10 TO 12,93.0,Model A,2012,87 years 10 months,623888.0
2024-02-01,PUNGGOL,4 ROOM,613D,PUNGGOL DR,01 TO 03,93.0,Model A,2012,87 years 10 months,566000.0
2024-02-01,PUNGGOL,4 ROOM,613C,PUNGGOL DR,10 TO 12,93.0,Model A,2012,87 years 11 months,632000.0
2024-02-01,PUNGGOL,4 ROOM,168A,PUNGGOL EAST,07 TO 09,92.0,Premium Apartment,2009,84 years 02 months,620000.0
2024-02-01,PUNGGOL,4 ROOM,269C,PUNGGOL FIELD,07 TO 09,99.0,Premium Apartment,2013,88 years,700000.0
2024-02-01,PUNGGOL,4 ROOM,258B,PUNGGOL FIELD,07 TO 09,93.0,Model A,2016,91 years 05 months,605000.0
2024-02-01,PUNGGOL,4 ROOM,269A,PUNGGOL FIELD,13 TO 15,99.0,Premium Apartment,2013,88 years,730000.0
2024-02-01,PUNGGOL,4 ROOM,269A,PUNGGOL FIELD,10 TO 12,96.0,Premium Apartment,2013,88 years,710000.0
2024-02-01,PUNGGOL,4 ROOM,259B,PUNGGOL FIELD,13 TO 15,93.0,Model A,2016,91 years 05 months,675888.0
2024-02-01,PUNGGOL,4 ROOM,268C,PUNGGOL FIELD,07 TO 09,93.0,Premium Apartment,2013,88 years,643888.0
2024-02-01,PUNGGOL,4 ROOM,202A,PUNGGOL FIELD,13 TO 15,85.0,Model A,2004,79 years 04 months,540000.0
2024-02-01,PUNGGOL,4 ROOM,273D,PUNGGOL PL,04 TO 06,93.0,Premium Apartment,2013,88 years 07 months,708000.0
2024-02-01,PUNGGOL,4 ROOM,209A,PUNGGOL PL,10 TO 12,92.0,Model A,2014,89 years 11 months,640000.0
2024-02-01,PUNGGOL,4 ROOM,274D,PUNGGOL PL,07 TO 09,93.0,Premium Apartment,2013,88 years 06 months,690000.0
2024-02-01,PUNGGOL,4 ROOM,301D,PUNGGOL PL,04 TO 06,93.0,Premium Apartment,2011,86 years 02 months,650000.0
2024-02-01,PUNGGOL,4 ROOM,302A,PUNGGOL PL,10 TO 12,93.0,Premium Apartment,2011,86 years 02 months,682800.0
2024-02-01,PUNGGOL,4 ROOM,306B,PUNGGOL PL,04 TO 06,93.0,Premium Apartment,2012,87 years 06 months,662000.0
2024-02-01,PUNGGOL,4 ROOM,273A,PUNGGOL PL,04 TO 06,93.0,Premium Apartment,2013,88 years 06 months,678000.0
2024-02-01,PUNGGOL,4 ROOM,274B,PUNGGOL PL,16 TO 18,93.0,Premium Apartment,2013,88 years 06 months,738000.0
2024-02-01,PUNGGOL,4 ROOM,306C,PUNGGOL PL,07 TO 09,97.0,Premium Apartment,2012,87 years 05 months,690000.0
2024-02-01,PUNGGOL,4 ROOM,273A,PUNGGOL PL,01 TO 03,93.0,Premium Apartment,2013,88 years 06 months,615000.0
2024-02-01,PUNGGOL,4 ROOM,273D,PUNGGOL PL,04 TO 06,93.0,Premium Apartment,2013,88 years 05 months,640000.0
2024-02-01,PUNGGOL,4 ROOM,274D,PUNGGOL PL,01 TO 03,93.0,Premium Apartment,2013,88 years 06 months,620000.0
2024-02-01,PUNGGOL,4 ROOM,305B,PUNGGOL RD,10 TO 12,95.0,Premium Apartment,2012,87 years 06 months,725000.0
2024-02-01,PUNGGOL,4 ROOM,603C,PUNGGOL RD,10 TO 12,92.0,Model A,2012,87 years 08 months,675000.0
2024-02-01,PUNGGOL,4 ROOM,604C,PUNGGOL RD,13 TO 15,93.0,Model A,2012,87 years 08 months,620000.0
2024-02-01,PUNGGOL,4 ROOM,195A,PUNGGOL RD,13 TO 15,90.0,Premium Apartment,2007,82 years 07 months,610000.0
2024-02-01,PUNGGOL,4 ROOM,603B,PUNGGOL RD,07 TO 09,93.0,Model A,2012,87 years 08 months,550000.0
2024-02-01,PUNGGOL,4 ROOM,213C,PUNGGOL WALK,10 TO 12,93.0,Model A,2015,90 years 03 months,620000.0
2024-02-01,PUNGGOL,4 ROOM,211D,PUNGGOL WALK,13 TO 15,92.0,Model A,2014,89 years 04 months,637500.0
2024-02-01,PUNGGOL,4 ROOM,271D,PUNGGOL WALK,10 TO 12,94.0,Premium Apartment,2014,89 years 04 months,670000.0
2024-02-01,PUNGGOL,4 ROOM,308A,PUNGGOL WALK,10 TO 12,92.0,Premium Apartment,2016,91 years 01 month,700000.0
2024-02-01,PUNGGOL,4 ROOM,308C,PUNGGOL WALK,13 TO 15,92.0,Premium Apartment,2016,91 years 01 month,738000.0
2024-02-01,PUNGGOL,4 ROOM,271D,PUNGGOL WALK,07 TO 09,93.0,Premium Apartment,2014,89 years 02 months,735000.0
2024-02-01,PUNGGOL,4 ROOM,260C,PUNGGOL WAY,10 TO 12,93.0,Model A,2016,91 years 05 months,635000.0
2024-02-01,PUNGGOL,4 ROOM,261B,PUNGGOL WAY,10 TO 12,93.0,Model A,2016,91 years 05 months,650000.0
2024-02-01,PUNGGOL,4 ROOM,266C,PUNGGOL WAY,13 TO 15,92.0,Model A,2015,90 years 05 months,640000.0
2024-02-01,PUNGGOL,4 ROOM,314B,PUNGGOL WAY,10 TO 12,93.0,Premium Apartment,2017,92 years 07 months,700000.0
2024-02-01,PUNGGOL,4 ROOM,265C,PUNGGOL WAY,07 TO 09,92.0,Model A,2015,90 years 04 months,668888.0
2024-02-01,PUNGGOL,4 ROOM,224C,SUMANG LANE,16 TO 18,93.0,Model A,2018,93 years 11 months,638220.0
2024-02-01,PUNGGOL,4 ROOM,232A,SUMANG LANE,10 TO 12,93.0,Model A,2018,93 years 10 months,585000.0
2024-02-01,PUNGGOL,4 ROOM,234B,SUMANG LANE,10 TO 12,93.0,Model A,2018,93 years 10 months,600000.0
2024-02-01,PUNGGOL,4 ROOM,221B,SUMANG LANE,10 TO 12,93.0,Model A,2018,93 years 11 months,600000.0
2024-02-01,PUNGGOL,4 ROOM,220B,SUMANG LANE,07 TO 09,93.0,Model A,2018,93 years 11 months,633888.0
2024-02-01,PUNGGOL,4 ROOM,233B,SUMANG LANE,07 TO 09,93.0,Model A,2018,93 years 10 months,572888.0
2024-02-01,PUNGGOL,4 ROOM,325A,SUMANG WALK,10 TO 12,96.0,Premium Apartment,2020,95 years,705088.0
2024-02-01,PUNGGOL,4 ROOM,325A,SUMANG WALK,13 TO 15,96.0,Premium Apartment,2020,95 years,700000.0
2024-02-01,PUNGGOL,4 ROOM,322B,SUMANG WALK,01 TO 03,93.0,Premium Apartment,2019,94 years 02 months,620000.0
2024-02-01,PUNGGOL,4 ROOM,256C,SUMANG WALK,13 TO 15,93.0,Model A,2016,91 years 11 months,628888.0
2024-02-01,PUNGGOL,4 ROOM,323D,SUMANG WALK,10 TO 12,93.0,Premium Apartment,2020,95 years,670000.0
2024-02-01,PUNGGOL,4 ROOM,323B,SUMANG WALK,22 TO 24,93.0,Premium Apartment,2020,95 years,678000.0
2024-02-01,PUNGGOL,4 ROOM,325B,SUMANG WALK,04 TO 06,93.0,Premium Apartment,2020,95 years,630000.0
2024-02-01,PUNGGOL,4 ROOM,323A,SUMANG WALK,10 TO 12,93.0,Premium Apartment,2020,95 years,670000.0
2024-02-01,PUNGGOL,4 ROOM,323B,SUMANG WALK,19 TO 21,93.0,Premium Apartment,2020,94 years 11 months,709888.0
2024-02-01,PUNGGOL,4 ROOM,217D,SUMANG WALK,07 TO 09,92.0,Model A,2017,92 years 06 months,580000.0
2024-02-01,PUNGGOL,4 ROOM,325B,SUMANG WALK,10 TO 12,96.0,Premium Apartment,2020,95 years,710000.0
2024-02-01,PUNGGOL,4 ROOM,323C,SUMANG WALK,16 TO 18,93.0,Premium Apartment,2020,95 years,690000.0
2024-02-01,PUNGGOL,4 ROOM,323B,SUMANG WALK,22 TO 24,93.0,Premium Apartment,2020,94 years 11 months,685000.0
2024-02-01,PUNGGOL,4 ROOM,322C,SUMANG WALK,07 TO 09,93.0,Premium Apartment,2019,94 years 01 month,636000.0
2024-02-01,PUNGGOL,5 ROOM,684B,EDGEDALE PLAINS,07 TO 09,113.0,Premium Apartment,2018,93 years 07 months,820000.0
2024-02-01,PUNGGOL,5 ROOM,122A,EDGEDALE PLAINS,01 TO 03,112.0,Improved,2017,92 years 04 months,612000.0
2024-02-01,PUNGGOL,5 ROOM,171A,EDGEDALE PLAINS,16 TO 18,110.0,Improved,2004,79 years,630000.0
2024-02-01,PUNGGOL,5 ROOM,661B,EDGEDALE PLAINS,01 TO 03,112.0,Premium Apartment,2017,92 years 04 months,698000.0
2024-02-01,PUNGGOL,5 ROOM,661B,EDGEDALE PLAINS,16 TO 18,112.0,Premium Apartment,2017,92 years 04 months,780000.0
2024-02-01,PUNGGOL,5 ROOM,171B,EDGEDALE PLAINS,16 TO 18,111.0,Improved,2004,79 years,635000.0
2024-02-01,PUNGGOL,5 ROOM,138,EDGEDALE PLAINS,10 TO 12,111.0,Premium Apartment,2003,78 years 09 months,580888.0
2024-02-01,PUNGGOL,5 ROOM,122B,EDGEDALE PLAINS,16 TO 18,113.0,Improved,2017,92 years 03 months,728888.0
2024-02-01,PUNGGOL,5 ROOM,683C,EDGEDALE PLAINS,01 TO 03,113.0,Premium Apartment,2018,93 years 06 months,735000.0
2024-02-01,PUNGGOL,5 ROOM,103C,EDGEFIELD PLAINS,01 TO 03,110.0,Improved,2003,78 years 04 months,528000.0
2024-02-01,PUNGGOL,5 ROOM,107A,EDGEFIELD PLAINS,07 TO 09,110.0,Improved,2003,78 years 01 month,600000.0
2024-02-01,PUNGGOL,5 ROOM,176B,EDGEFIELD PLAINS,10 TO 12,110.0,Improved,2003,78 years 07 months,588888.0
2024-02-01,PUNGGOL,5 ROOM,166A,PUNGGOL CTRL,13 TO 15,114.0,Premium Apartment,2004,79 years 04 months,665000.0
2024-02-01,PUNGGOL,5 ROOM,166A,PUNGGOL CTRL,01 TO 03,114.0,Premium Apartment,2004,79 years 04 months,572888.0
2024-02-01,PUNGGOL,5 ROOM,163A,PUNGGOL CTRL,16 TO 18,114.0,Premium Apartment,2004,79 years 03 months,705000.0
2024-02-01,PUNGGOL,5 ROOM,676D,PUNGGOL DR,10 TO 12,113.0,Premium Apartment,2016,91 years 08 months,875000.0
2024-02-01,PUNGGOL,5 ROOM,679B,PUNGGOL DR,04 TO 06,113.0,Premium Apartment,2016,91 years 08 months,830000.0
2024-02-01,PUNGGOL,5 ROOM,641B,PUNGGOL DR,10 TO 12,110.0,Premium Apartment,2005,80 years,600000.0
2024-02-01,PUNGGOL,5 ROOM,637A,PUNGGOL DR,01 TO 03,110.0,Premium Apartment,2005,80 years,582000.0
2024-02-01,PUNGGOL,5 ROOM,638C,PUNGGOL DR,07 TO 09,110.0,Premium Apartment,2005,80 years,598000.0
2024-02-01,PUNGGOL,5 ROOM,678B,PUNGGOL DR,13 TO 15,113.0,Premium Apartment,2016,91 years 08 months,855000.0
2024-02-01,PUNGGOL,5 ROOM,641C,PUNGGOL DR,04 TO 06,110.0,Premium Apartment,2005,79 years 11 months,588888.0
2024-02-01,PUNGGOL,5 ROOM,676B,PUNGGOL DR,10 TO 12,113.0,Premium Apartment,2016,91 years 07 months,868888.0
2024-02-01,PUNGGOL,5 ROOM,658C,PUNGGOL EAST,04 TO 06,113.0,Improved,2018,93 years 10 months,748000.0
2024-02-01,PUNGGOL,5 ROOM,175A,PUNGGOL FIELD,16 TO 18,110.0,Improved,2003,78 years 08 months,610000.0
2024-02-01,PUNGGOL,5 ROOM,268A,PUNGGOL FIELD,10 TO 12,113.0,Premium Apartment,2013,88 years,842000.0
2024-02-01,PUNGGOL,5 ROOM,102C,PUNGGOL FIELD,10 TO 12,109.0,Improved,2002,77 years 10 months,610000.0
2024-02-01,PUNGGOL,5 ROOM,203B,PUNGGOL FIELD,01 TO 03,110.0,Improved,2004,79 years 10 months,590000.0
2024-02-01,PUNGGOL,5 ROOM,196B,PUNGGOL FIELD,01 TO 03,110.0,Improved,2003,78 years 04 months,600000.0
2024-02-01,PUNGGOL,5 ROOM,110A,PUNGGOL FIELD,13 TO 15,110.0,Improved,2003,78 years 05 months,580000.0
2024-02-01,PUNGGOL,5 ROOM,110D,PUNGGOL FIELD,13 TO 15,110.0,Improved,2003,78 years 02 months,625000.0
2024-02-01,PUNGGOL,5 ROOM,101B,PUNGGOL FIELD,16 TO 18,109.0,Improved,2002,77 years 07 months,613000.0
2024-02-01,PUNGGOL,5 ROOM,173B,PUNGGOL FIELD,16 TO 18,112.0,Improved,2003,78 years 11 months,643000.0
2024-02-01,PUNGGOL,5 ROOM,101C,PUNGGOL FIELD,01 TO 03,112.0,Improved,2002,77 years 07 months,565000.0
2024-02-01,PUNGGOL,5 ROOM,197A,PUNGGOL FIELD,04 TO 06,110.0,Improved,2003,78 years 06 months,555000.0
2024-02-01,PUNGGOL,5 ROOM,273B,PUNGGOL PL,01 TO 03,113.0,Premium Apartment,2013,88 years 07 months,730000.0
2024-02-01,PUNGGOL,5 ROOM,213B,PUNGGOL WALK,13 TO 15,113.0,Improved,2015,90 years 03 months,768000.0
2024-02-01,PUNGGOL,5 ROOM,310A,PUNGGOL WALK,04 TO 06,112.0,Premium Apartment,2016,91 years 05 months,805000.0
2024-02-01,PUNGGOL,5 ROOM,272A,PUNGGOL WALK,13 TO 15,116.0,Premium Apartment,2014,89 years 03 months,888000.0
2024-02-01,PUNGGOL,5 ROOM,310C,PUNGGOL WALK,04 TO 06,112.0,Premium Apartment,2016,91 years 04 months,750588.0
2024-02-01,PUNGGOL,5 ROOM,314B,PUNGGOL WAY,16 TO 18,113.0,Premium Apartment,2017,92 years 08 months,860000.0
2024-02-01,PUNGGOL,5 ROOM,314A,PUNGGOL WAY,13 TO 15,113.0,Premium Apartment,2017,92 years 08 months,900000.0
2024-02-01,PUNGGOL,5 ROOM,227A,SUMANG LANE,04 TO 06,114.0,Premium Apartment,2018,93 years 02 months,750000.0
2024-02-01,PUNGGOL,5 ROOM,233C,SUMANG LANE,16 TO 18,113.0,Improved,2018,93 years 09 months,750000.0
2024-02-01,PUNGGOL,5 ROOM,312B,SUMANG LINK,01 TO 03,112.0,Improved,2015,90 years 06 months,705000.0
2024-02-01,PUNGGOL,5 ROOM,325A,SUMANG WALK,13 TO 15,116.0,Premium Apartment,2020,95 years,910000.0
2024-02-01,PUNGGOL,5 ROOM,323C,SUMANG WALK,04 TO 06,113.0,Premium Apartment,2020,95 years,765000.0
2024-02-01,PUNGGOL,5 ROOM,325A,SUMANG WALK,04 TO 06,116.0,Premium Apartment,2020,95 years,928000.0
2024-02-01,PUNGGOL,5 ROOM,323D,SUMANG WALK,07 TO 09,113.0,Premium Apartment,2020,95 years,805000.0
2024-02-01,PUNGGOL,5 ROOM,323C,SUMANG WALK,07 TO 09,122.0,Premium Apartment,2020,95 years,910000.0
2024-02-01,PUNGGOL,5 ROOM,325B,SUMANG WALK,10 TO 12,116.0,Premium Apartment,2020,95 years,880000.0
2024-02-01,PUNGGOL,5 ROOM,217B,SUMANG WALK,10 TO 12,112.0,Improved,2017,92 years 06 months,725888.0
2024-02-01,PUNGGOL,EXECUTIVE,181,EDGEFIELD PLAINS,13 TO 15,128.0,Premium Apartment,2003,78 years 10 months,750000.0
2024-02-01,PUNGGOL,EXECUTIVE,112,EDGEFIELD PLAINS,07 TO 09,130.0,Premium Apartment,2003,78 years 05 months,750888.0
2024-02-01,PUNGGOL,EXECUTIVE,187,PUNGGOL CTRL,01 TO 03,128.0,Premium Apartment,2004,79 years 03 months,688888.0
2024-02-01,PUNGGOL,EXECUTIVE,190,PUNGGOL CTRL,16 TO 18,128.0,Premium Apartment,2004,79 years 03 months,770000.0
2024-02-01,QUEENSTOWN,3 ROOM,82,C'WEALTH CL,07 TO 09,60.0,Standard,1967,42 years,340000.0
2024-02-01,QUEENSTOWN,3 ROOM,108,C'WEALTH CRES,01 TO 03,60.0,Standard,1969,44 years 01 month,330000.0
2024-02-01,QUEENSTOWN,3 ROOM,50,C'WEALTH DR,07 TO 09,63.0,Model A,2015,90 years,600000.0
2024-02-01,QUEENSTOWN,3 ROOM,89,C'WEALTH DR,01 TO 03,60.0,Standard,1967,42 years,325000.0
2024-02-01,QUEENSTOWN,3 ROOM,2,DOVER RD,04 TO 06,65.0,Improved,1975,50 years 05 months,335000.0
2024-02-01,QUEENSTOWN,3 ROOM,3,DOVER RD,10 TO 12,65.0,Improved,1975,50 years 05 months,440000.0
2024-02-01,QUEENSTOWN,3 ROOM,33,GHIM MOH LINK,10 TO 12,68.0,Model A,2018,93 years 05 months,700000.0
2024-02-01,QUEENSTOWN,3 ROOM,32,GHIM MOH LINK,34 TO 36,68.0,Model A,2018,93 years 05 months,715000.0
2024-02-01,QUEENSTOWN,3 ROOM,32,GHIM MOH LINK,10 TO 12,68.0,Model A,2018,93 years 05 months,710000.0
2024-02-01,QUEENSTOWN,3 ROOM,2,GHIM MOH RD,01 TO 03,65.0,Improved,1976,51 years 06 months,360000.0
2024-02-01,QUEENSTOWN,3 ROOM,5,GHIM MOH RD,10 TO 12,65.0,Improved,1976,51 years 05 months,366000.0
2024-02-01,QUEENSTOWN,3 ROOM,2,HOLLAND AVE,01 TO 03,65.0,Improved,1974,49 years 04 months,415000.0
2024-02-01,QUEENSTOWN,3 ROOM,32,HOLLAND CL,04 TO 06,59.0,Improved,1974,49 years 04 months,345000.0
2024-02-01,QUEENSTOWN,3 ROOM,31,HOLLAND CL,10 TO 12,67.0,Improved,1974,49 years 03 months,360000.0
2024-02-01,QUEENSTOWN,3 ROOM,157,MEI LING ST,04 TO 06,69.0,Improved,1970,45 years,358000.0
2024-02-01,QUEENSTOWN,3 ROOM,158,MEI LING ST,10 TO 12,66.0,Improved,1970,45 years,365000.0
2024-02-01,QUEENSTOWN,3 ROOM,168,STIRLING RD,01 TO 03,60.0,Improved,1971,46 years 01 month,300000.0
2024-02-01,QUEENSTOWN,3 ROOM,167,STIRLING RD,01 TO 03,60.0,Improved,1971,46 years,300888.0
2024-02-01,QUEENSTOWN,3 ROOM,170,STIRLING RD,10 TO 12,70.0,Improved,1970,45 years 05 months,385000.0
2024-02-01,QUEENSTOWN,4 ROOM,7A,C'WEALTH AVE,13 TO 15,108.0,Model A,1996,71 years 07 months,830000.0
2024-02-01,QUEENSTOWN,4 ROOM,130,CLARENCE LANE,16 TO 18,104.0,Model A,1996,71 years 09 months,892000.0
2024-02-01,QUEENSTOWN,4 ROOM,129,CLARENCE LANE,16 TO 18,105.0,Model A,1996,71 years 06 months,1000000.0
2024-02-01,QUEENSTOWN,4 ROOM,91,DAWSON RD,19 TO 21,97.0,Premium Apartment Loft,2016,91 years 04 months,1150000.0
2024-02-01,QUEENSTOWN,4 ROOM,87,DAWSON RD,22 TO 24,87.0,Premium Apartment,2016,91 years 07 months,1050888.0
2024-02-01,QUEENSTOWN,4 ROOM,86,DAWSON RD,40 TO 42,83.0,Premium Apartment,2016,91 years 06 months,1080000.0
2024-02-01,QUEENSTOWN,4 ROOM,28C,DOVER CRES,07 TO 09,95.0,Model A,2012,87 years 02 months,825000.0
2024-02-01,QUEENSTOWN,4 ROOM,28B,DOVER CRES,25 TO 27,88.0,Model A,2012,87 years 02 months,860000.0
2024-02-01,QUEENSTOWN,4 ROOM,19,DOVER CRES,07 TO 09,92.0,Model A,2003,78 years 07 months,768000.0
2024-02-01,QUEENSTOWN,4 ROOM,23,DOVER CRES,07 TO 09,88.0,Improved,1976,51 years 05 months,485000.0
2024-02-01,QUEENSTOWN,4 ROOM,22,GHIM MOH LINK,25 TO 27,93.0,Model A,2013,88 years 03 months,1030000.0
2024-02-01,QUEENSTOWN,4 ROOM,33,GHIM MOH LINK,28 TO 30,93.0,Model A,2018,93 years 05 months,1138000.0
2024-02-01,QUEENSTOWN,4 ROOM,29,GHIM MOH LINK,13 TO 15,93.0,Model A,2018,93 years 04 months,958000.0
2024-02-01,QUEENSTOWN,4 ROOM,33,GHIM MOH LINK,01 TO 03,93.0,Model A,2018,93 years 04 months,818000.0
2024-02-01,QUEENSTOWN,4 ROOM,28,GHIM MOH LINK,04 TO 06,93.0,Model A,2013,88 years 03 months,820000.0
2024-02-01,QUEENSTOWN,4 ROOM,29,GHIM MOH LINK,10 TO 12,93.0,Model A,2018,93 years 04 months,985000.0
2024-02-01,QUEENSTOWN,4 ROOM,4,HOLLAND CL,04 TO 06,88.0,Improved,1974,49 years 04 months,580000.0
2024-02-01,QUEENSTOWN,4 ROOM,13,HOLLAND DR,07 TO 09,88.0,Improved,1975,50 years,655000.0
2024-02-01,QUEENSTOWN,4 ROOM,161,MEI LING ST,19 TO 21,85.0,Improved,1970,45 years 06 months,608000.0
2024-02-01,QUEENSTOWN,4 ROOM,49,STRATHMORE AVE,16 TO 18,90.0,Model A,2006,81 years 06 months,885000.0
2024-02-01,QUEENSTOWN,4 ROOM,62A,STRATHMORE AVE,13 TO 15,90.0,Model A,2011,86 years 06 months,910000.0
2024-02-01,QUEENSTOWN,4 ROOM,48,STRATHMORE AVE,13 TO 15,90.0,Model A,2006,81 years 11 months,855000.0
2024-02-01,QUEENSTOWN,4 ROOM,62A,STRATHMORE AVE,25 TO 27,90.0,Model A,2011,86 years 07 months,948000.0
2024-02-01,QUEENSTOWN,4 ROOM,91,TANGLIN HALT RD,37 TO 39,90.0,Model A,2008,83 years 08 months,950000.0
2024-02-01,QUEENSTOWN,5 ROOM,30A,HOLLAND CL,07 TO 09,125.0,Improved,1997,72 years 10 months,1088000.0
2024-02-01,QUEENSTOWN,5 ROOM,5,HOLLAND CL,19 TO 21,124.0,Improved,1998,73 years 10 months,1130000.0
2024-02-01,QUEENSTOWN,5 ROOM,48,STRATHMORE AVE,22 TO 24,110.0,Improved,2006,81 years 11 months,1130000.0
2024-02-01,SEMBAWANG,2 ROOM,104D,CANBERRA ST,07 TO 09,47.0,Model A,2018,93 years 05 months,363000.0
2024-02-01,SEMBAWANG,2 ROOM,115B,CANBERRA WALK,07 TO 09,38.0,Model A,2018,93 years 07 months,325000.0
2024-02-01,SEMBAWANG,2 ROOM,366A,SEMBAWANG CRES,13 TO 15,48.0,2-room,2019,94 years 04 months,348000.0
2024-02-01,SEMBAWANG,2 ROOM,363B,SEMBAWANG CRES,10 TO 12,38.0,Model A,2019,94 years 04 months,325000.0
2024-02-01,SEMBAWANG,2 ROOM,363B,SEMBAWANG CRES,13 TO 15,38.0,Model A,2019,94 years 03 months,343000.0
2024-02-01,SEMBAWANG,2 ROOM,366A,SEMBAWANG CRES,04 TO 06,48.0,Model A,2019,94 years 03 months,350000.0
2024-02-01,SEMBAWANG,2 ROOM,365A,SEMBAWANG CRES,07 TO 09,38.0,Model A,2019,94 years 02 months,340000.0
2024-02-01,SEMBAWANG,2 ROOM,463A,SEMBAWANG DR,19 TO 21,46.0,Model A,2015,90 years 04 months,325000.0
2024-02-01,SEMBAWANG,3 ROOM,130A,CANBERRA CRES,01 TO 03,68.0,Model A,2018,93 years 08 months,420000.0
2024-02-01,SEMBAWANG,3 ROOM,116A,CANBERRA CRES,01 TO 03,68.0,Model A,2020,95 years 04 months,485000.0
2024-02-01,SEMBAWANG,3 ROOM,128B,CANBERRA ST,01 TO 03,68.0,Model A,2018,93 years 09 months,455000.0
2024-02-01,SEMBAWANG,3 ROOM,128B,CANBERRA ST,04 TO 06,68.0,Model A,2018,93 years 09 months,425000.0
2024-02-01,SEMBAWANG,3 ROOM,128B,CANBERRA ST,04 TO 06,68.0,Model A,2018,93 years 09 months,445000.0
2024-02-01,SEMBAWANG,3 ROOM,104A,CANBERRA ST,13 TO 15,67.0,Model A,2018,93 years 05 months,460000.0
2024-02-01,SEMBAWANG,3 ROOM,115B,CANBERRA WALK,01 TO 03,68.0,Model A,2018,93 years 06 months,430000.0
2024-02-01,SEMBAWANG,3 ROOM,590A,MONTREAL LINK,13 TO 15,68.0,Model A,2015,90 years 03 months,455000.0
2024-02-01,SEMBAWANG,3 ROOM,363B,SEMBAWANG CRES,07 TO 09,68.0,Model A,2019,94 years 05 months,418000.0
2024-02-01,SEMBAWANG,3 ROOM,366B,SEMBAWANG CRES,07 TO 09,68.0,Model A,2019,94 years 04 months,420000.0
2024-02-01,SEMBAWANG,3 ROOM,365A,SEMBAWANG CRES,07 TO 09,68.0,Model A,2019,94 years 03 months,452000.0
2024-02-01,SEMBAWANG,3 ROOM,365C,SEMBAWANG CRES,01 TO 03,68.0,Model A,2019,94 years 02 months,430000.0
2024-02-01,SEMBAWANG,4 ROOM,482,ADMIRALTY LINK,16 TO 18,87.0,Model A2,2004,79 years 02 months,468000.0
2024-02-01,SEMBAWANG,4 ROOM,486,ADMIRALTY LINK,16 TO 18,91.0,Model A,2004,79 years 04 months,490000.0
2024-02-01,SEMBAWANG,4 ROOM,120B,CANBERRA CRES,07 TO 09,93.0,Model A,2018,93 years 01 month,625000.0
2024-02-01,SEMBAWANG,4 ROOM,119A,CANBERRA CRES,04 TO 06,93.0,Model A,2018,93 years 01 month,648000.0
2024-02-01,SEMBAWANG,4 ROOM,116A,CANBERRA CRES,10 TO 12,92.0,Model A,2020,95 years 04 months,701888.0
2024-02-01,SEMBAWANG,4 ROOM,104D,CANBERRA ST,10 TO 12,93.0,Model A,2018,93 years 06 months,590000.0
2024-02-01,SEMBAWANG,4 ROOM,121D,CANBERRA ST,10 TO 12,93.0,Model A,2018,93 years,594888.0
2024-02-01,SEMBAWANG,4 ROOM,107A,CANBERRA ST,01 TO 03,93.0,Model A,2018,93 years 05 months,520000.0
2024-02-01,SEMBAWANG,4 ROOM,104C,CANBERRA ST,01 TO 03,93.0,Model A,2018,93 years 06 months,525000.0
2024-02-01,SEMBAWANG,4 ROOM,104D,CANBERRA ST,07 TO 09,93.0,Model A,2018,93 years 05 months,550000.0
2024-02-01,SEMBAWANG,4 ROOM,107C,CANBERRA ST,07 TO 09,93.0,Model A,2018,93 years 05 months,605000.0
2024-02-01,SEMBAWANG,4 ROOM,107B,CANBERRA ST,04 TO 06,93.0,Model A,2018,93 years 06 months,575000.0
2024-02-01,SEMBAWANG,4 ROOM,115B,CANBERRA WALK,01 TO 03,93.0,Model A,2018,93 years 06 months,570888.0
2024-02-01,SEMBAWANG,4 ROOM,115D,CANBERRA WALK,04 TO 06,93.0,Model A,2018,93 years 06 months,620000.0
2024-02-01,SEMBAWANG,4 ROOM,108C,CANBERRA WALK,04 TO 06,93.0,Model A,2018,93 years 04 months,558888.0
2024-02-01,SEMBAWANG,4 ROOM,115C,CANBERRA WALK,07 TO 09,93.0,Model A,2018,93 years 06 months,650000.0
2024-02-01,SEMBAWANG,4 ROOM,108B,CANBERRA WALK,07 TO 09,93.0,Model A,2018,93 years 04 months,565000.0
2024-02-01,SEMBAWANG,4 ROOM,589D,MONTREAL DR,10 TO 12,90.0,Model A,2003,78 years,510000.0
2024-02-01,SEMBAWANG,4 ROOM,589A,MONTREAL DR,13 TO 15,85.0,Model A2,2002,77 years 11 months,483000.0
2024-02-01,SEMBAWANG,4 ROOM,592B,MONTREAL LINK,04 TO 06,93.0,Model A,2015,90 years 02 months,559000.0
2024-02-01,SEMBAWANG,4 ROOM,334,SEMBAWANG CL,01 TO 03,101.0,Model A,1999,74 years 09 months,500000.0
2024-02-01,SEMBAWANG,4 ROOM,362A,SEMBAWANG CRES,04 TO 06,93.0,Model A,2019,94 years 04 months,570000.0
2024-02-01,SEMBAWANG,4 ROOM,362A,SEMBAWANG CRES,01 TO 03,93.0,Model A,2019,94 years 04 months,530000.0
2024-02-01,SEMBAWANG,4 ROOM,362A,SEMBAWANG CRES,04 TO 06,93.0,Model A,2019,94 years 04 months,560000.0
2024-02-01,SEMBAWANG,4 ROOM,362A,SEMBAWANG CRES,13 TO 15,93.0,Model A,2019,94 years 04 months,592000.0
2024-02-01,SEMBAWANG,4 ROOM,366B,SEMBAWANG CRES,07 TO 09,93.0,Model A,2019,94 years 03 months,565000.0
2024-02-01,SEMBAWANG,4 ROOM,362C,SEMBAWANG CRES,01 TO 03,93.0,Model A,2019,94 years 04 months,550000.0
2024-02-01,SEMBAWANG,4 ROOM,362C,SEMBAWANG CRES,10 TO 12,93.0,Model A,2019,94 years 04 months,585000.0
2024-02-01,SEMBAWANG,4 ROOM,362C,SEMBAWANG CRES,07 TO 09,93.0,Model A,2019,94 years 04 months,580000.0
2024-02-01,SEMBAWANG,4 ROOM,362C,SEMBAWANG CRES,04 TO 06,93.0,Model A,2019,94 years 04 months,530000.0
2024-02-01,SEMBAWANG,4 ROOM,365B,SEMBAWANG CRES,04 TO 06,93.0,Model A,2019,94 years 02 months,565000.0
2024-02-01,SEMBAWANG,4 ROOM,475,SEMBAWANG DR,07 TO 09,90.0,Model A,2000,75 years 08 months,475000.0
2024-02-01,SEMBAWANG,4 ROOM,481,SEMBAWANG DR,04 TO 06,91.0,Model A,2000,75 years 08 months,460000.0
2024-02-01,SEMBAWANG,4 ROOM,466B,SEMBAWANG DR,13 TO 15,90.0,Premium Apartment,2006,81 years 01 month,538000.0
2024-02-01,SEMBAWANG,4 ROOM,466C,SEMBAWANG DR,04 TO 06,91.0,Premium Apartment,2006,81 years,490000.0
2024-02-01,SEMBAWANG,4 ROOM,473,SEMBAWANG DR,04 TO 06,90.0,Model A,2000,75 years 08 months,465000.0
2024-02-01,SEMBAWANG,5 ROOM,359,ADMIRALTY DR,13 TO 15,111.0,Premium Apartment,2001,76 years 08 months,596000.0
2024-02-01,SEMBAWANG,5 ROOM,359A,ADMIRALTY DR,13 TO 15,111.0,Premium Apartment,2001,76 years 08 months,599000.0
2024-02-01,SEMBAWANG,5 ROOM,493,ADMIRALTY LINK,04 TO 06,112.0,Improved,2004,79 years 03 months,530000.0
2024-02-01,SEMBAWANG,5 ROOM,120C,CANBERRA CRES,10 TO 12,113.0,Improved,2018,93 years 01 month,750000.0
2024-02-01,SEMBAWANG,5 ROOM,503C,CANBERRA LINK,07 TO 09,110.0,Improved,2001,76 years 07 months,593000.0
2024-02-01,SEMBAWANG,5 ROOM,419,CANBERRA RD,13 TO 15,110.0,Improved,2001,76 years 02 months,588000.0
2024-02-01,SEMBAWANG,5 ROOM,352C,CANBERRA RD,01 TO 03,110.0,Improved,2001,76 years 11 months,590000.0
2024-02-01,SEMBAWANG,5 ROOM,351A,CANBERRA RD,01 TO 03,110.0,Improved,2001,76 years 09 months,605000.0
2024-02-01,SEMBAWANG,5 ROOM,419,CANBERRA RD,07 TO 09,110.0,Improved,2001,76 years 01 month,570000.0
2024-02-01,SEMBAWANG,5 ROOM,121D,CANBERRA ST,13 TO 15,113.0,Improved,2018,93 years 01 month,728000.0
2024-02-01,SEMBAWANG,5 ROOM,128C,CANBERRA ST,07 TO 09,113.0,Improved,2018,93 years 09 months,745000.0
2024-02-01,SEMBAWANG,5 ROOM,121C,CANBERRA ST,07 TO 09,113.0,Improved,2018,93 years,730000.0
2024-02-01,SEMBAWANG,5 ROOM,108B,CANBERRA WALK,01 TO 03,113.0,Improved,2018,93 years 04 months,680000.0
2024-02-01,SEMBAWANG,5 ROOM,108A,CANBERRA WALK,04 TO 06,113.0,Improved,2018,93 years 04 months,695000.0
2024-02-01,SEMBAWANG,5 ROOM,589C,MONTREAL DR,07 TO 09,110.0,Improved,2002,77 years 11 months,542000.0
2024-02-01,SEMBAWANG,5 ROOM,589D,MONTREAL DR,07 TO 09,110.0,Improved,2003,78 years,588000.0
2024-02-01,SEMBAWANG,5 ROOM,504B,MONTREAL DR,07 TO 09,110.0,Improved,2001,76 years 04 months,570000.0
2024-02-01,SEMBAWANG,5 ROOM,323,SEMBAWANG CL,07 TO 09,122.0,Improved,1999,74 years 04 months,618000.0
2024-02-01,SEMBAWANG,5 ROOM,473,SEMBAWANG DR,04 TO 06,110.0,Improved,2000,75 years 10 months,540000.0
2024-02-01,SEMBAWANG,5 ROOM,481,SEMBAWANG DR,07 TO 09,110.0,Improved,2000,75 years 07 months,540000.0
2024-02-01,SEMBAWANG,5 ROOM,412,SEMBAWANG DR,01 TO 03,110.0,Improved,2001,76 years 03 months,535000.0
2024-02-01,SEMBAWANG,5 ROOM,413,SEMBAWANG DR,07 TO 09,110.0,Improved,2001,76 years 02 months,585000.0
2024-02-01,SEMBAWANG,5 ROOM,510B,WELLINGTON CIRCLE,10 TO 12,110.0,Improved,2004,79 years 09 months,545000.0
2024-02-01,SEMBAWANG,5 ROOM,501A,WELLINGTON CIRCLE,01 TO 03,111.0,Improved,2001,76 years 07 months,525000.0
2024-02-01,SEMBAWANG,5 ROOM,509A,WELLINGTON CIRCLE,13 TO 15,110.0,Improved,2004,79 years 06 months,550000.0
2024-02-01,SEMBAWANG,EXECUTIVE,360C,ADMIRALTY DR,10 TO 12,131.0,Premium Apartment,2001,76 years 08 months,675000.0
2024-02-01,SEMBAWANG,EXECUTIVE,468A,ADMIRALTY DR,10 TO 12,142.0,Premium Apartment,2001,76 years 04 months,690000.0
2024-02-01,SEMBAWANG,EXECUTIVE,467,ADMIRALTY DR,16 TO 18,137.0,Premium Apartment,2001,76 years 05 months,645000.0
2024-02-01,SEMBAWANG,EXECUTIVE,351D,CANBERRA RD,01 TO 03,127.0,Apartment,2001,76 years 11 months,681888.0
2024-02-01,SEMBAWANG,EXECUTIVE,329,SEMBAWANG CL,07 TO 09,135.0,Apartment,1999,74 years 07 months,695000.0
2024-02-01,SEMBAWANG,EXECUTIVE,338,SEMBAWANG CRES,07 TO 09,139.0,Apartment,1999,74 years 06 months,700200.0
2024-02-01,SEMBAWANG,EXECUTIVE,506A,WELLINGTON CIRCLE,07 TO 09,130.0,Apartment,2001,76 years 11 months,730000.0
2024-02-01,SENGKANG,2 ROOM,351B,ANCHORVALE RD,13 TO 15,47.0,Model A,2019,94 years 04 months,370000.0
2024-02-01,SENGKANG,2 ROOM,351B,ANCHORVALE RD,07 TO 09,47.0,Model A,2019,94 years 03 months,378000.0
2024-02-01,SENGKANG,2 ROOM,441C,FERNVALE RD,22 TO 24,50.0,Model A,2012,87 years,365000.0
2024-02-01,SENGKANG,2 ROOM,180B,RIVERVALE CRES,04 TO 06,47.0,Model A,2015,90 years 02 months,350000.0
2024-02-01,SENGKANG,3 ROOM,215A,COMPASSVALE DR,04 TO 06,67.0,Premium Apartment,2017,92 years 04 months,510000.0
2024-02-01,SENGKANG,3 ROOM,209C,COMPASSVALE LANE,04 TO 06,67.0,Model A,2011,86 years 10 months,448888.0
2024-02-01,SENGKANG,3 ROOM,418A,FERNVALE LINK,19 TO 21,68.0,Model A,2018,93 years 06 months,510000.0
2024-02-01,SENGKANG,3 ROOM,470B,FERNVALE LINK,13 TO 15,68.0,Model A,2016,91 years 09 months,455000.0
2024-02-01,SENGKANG,3 ROOM,414A,FERNVALE LINK,13 TO 15,68.0,Model A,2016,91 years,480000.0
2024-02-01,SENGKANG,3 ROOM,418A,FERNVALE LINK,04 TO 06,68.0,Model A,2018,93 years 06 months,455888.0
2024-02-01,SENGKANG,3 ROOM,430B,FERNVALE LINK,01 TO 03,67.0,Model A,2015,90 years 04 months,430000.0
2024-02-01,SENGKANG,3 ROOM,467B,FERNVALE LINK,16 TO 18,68.0,Model A,2016,91 years 07 months,483000.0
2024-02-01,SENGKANG,3 ROOM,435B,FERNVALE RD,22 TO 24,68.0,Premium Apartment,2013,88 years 05 months,508000.0
2024-02-01,SENGKANG,3 ROOM,180A,RIVERVALE CRES,07 TO 09,67.0,Model A,2015,90 years 02 months,460000.0
2024-02-01,SENGKANG,3 ROOM,180B,RIVERVALE CRES,10 TO 12,67.0,Model A,2015,90 years 01 month,456000.0
2024-02-01,SENGKANG,3 ROOM,164B,RIVERVALE CRES,04 TO 06,68.0,Model A,2017,92 years 04 months,450000.0
2024-02-01,SENGKANG,3 ROOM,163C,RIVERVALE CRES,10 TO 12,68.0,Model A,2017,92 years 04 months,453000.0
2024-02-01,SENGKANG,3 ROOM,450B,SENGKANG WEST WAY,01 TO 03,67.0,Model A,2014,89 years 05 months,418000.0
2024-02-01,SENGKANG,4 ROOM,311A,ANCHORVALE LANE,13 TO 15,90.0,Premium Apartment,2002,77 years 08 months,507000.0
2024-02-01,SENGKANG,4 ROOM,306C,ANCHORVALE LINK,10 TO 12,90.0,Model A,2002,77 years,488000.0
2024-02-01,SENGKANG,4 ROOM,304B,ANCHORVALE LINK,10 TO 12,90.0,Model A,2001,76 years 11 months,520000.0
2024-02-01,SENGKANG,4 ROOM,333D,ANCHORVALE LINK,13 TO 15,92.0,Model A,2015,90 years 04 months,625000.0
2024-02-01,SENGKANG,4 ROOM,351A,ANCHORVALE RD,10 TO 12,92.0,Model A,2019,94 years 04 months,632000.0
2024-02-01,SENGKANG,4 ROOM,351A,ANCHORVALE RD,13 TO 15,92.0,Model A,2019,94 years 04 months,675000.0
2024-02-01,SENGKANG,4 ROOM,326A,ANCHORVALE RD,04 TO 06,92.0,Premium Apartment,2015,90 years 03 months,550000.0
2024-02-01,SENGKANG,4 ROOM,327B,ANCHORVALE RD,16 TO 18,92.0,Premium Apartment,2015,90 years 02 months,670000.0
2024-02-01,SENGKANG,4 ROOM,351A,ANCHORVALE RD,10 TO 12,92.0,Model A,2019,94 years 03 months,600000.0
2024-02-01,SENGKANG,4 ROOM,331C,ANCHORVALE ST,10 TO 12,92.0,Model A,2015,90 years 07 months,600000.0
2024-02-01,SENGKANG,4 ROOM,274C,COMPASSVALE BOW,10 TO 12,92.0,Model A,2017,92 years 10 months,750000.0
2024-02-01,SENGKANG,4 ROOM,264D,COMPASSVALE BOW,01 TO 03,92.0,Premium Apartment,2008,83 years 04 months,606000.0
2024-02-01,SENGKANG,4 ROOM,295A,COMPASSVALE CRES,07 TO 09,90.0,Model A,2002,77 years 02 months,508000.0
2024-02-01,SENGKANG,4 ROOM,289A,COMPASSVALE CRES,07 TO 09,93.0,Premium Apartment,2017,92 years 10 months,630000.0
2024-02-01,SENGKANG,4 ROOM,294A,COMPASSVALE CRES,04 TO 06,93.0,Model A,2016,91 years 09 months,625000.0
2024-02-01,SENGKANG,4 ROOM,296A,COMPASSVALE CRES,10 TO 12,90.0,Model A,2002,77 years,530000.0
2024-02-01,SENGKANG,4 ROOM,201A,COMPASSVALE DR,16 TO 18,90.0,Model A,2001,76 years 06 months,563800.0
2024-02-01,SENGKANG,4 ROOM,208A,COMPASSVALE LANE,10 TO 12,92.0,Model A,2011,86 years 09 months,635000.0
2024-02-01,SENGKANG,4 ROOM,273A,COMPASSVALE LINK,13 TO 15,90.0,Premium Apartment,2009,84 years 07 months,735000.0
2024-02-01,SENGKANG,4 ROOM,265C,COMPASSVALE LINK,07 TO 09,92.0,Premium Apartment,2008,83 years 04 months,653000.0
2024-02-01,SENGKANG,4 ROOM,268A,COMPASSVALE LINK,07 TO 09,90.0,Premium Apartment,2006,81 years 01 month,585000.0
2024-02-01,SENGKANG,4 ROOM,249,COMPASSVALE RD,13 TO 15,90.0,Model A2,2000,75 years 04 months,568000.0
2024-02-01,SENGKANG,4 ROOM,291A,COMPASSVALE ST,10 TO 12,90.0,Model A,2001,76 years 05 months,525000.0
2024-02-01,SENGKANG,4 ROOM,291B,COMPASSVALE ST,04 TO 06,90.0,Model A,2002,76 years 11 months,485000.0
2024-02-01,SENGKANG,4 ROOM,297B,COMPASSVALE ST,07 TO 09,94.0,Premium Apartment,2001,76 years 06 months,523000.0
2024-02-01,SENGKANG,4 ROOM,230,COMPASSVALE WALK,04 TO 06,101.0,Model A,1999,74 years 08 months,510000.0
2024-02-01,SENGKANG,4 ROOM,232,COMPASSVALE WALK,07 TO 09,101.0,Model A,1999,74 years 06 months,515000.0
2024-02-01,SENGKANG,4 ROOM,238,COMPASSVALE WALK,04 TO 06,100.0,Model A,1999,74 years 09 months,550000.0
2024-02-01,SENGKANG,4 ROOM,231,COMPASSVALE WALK,13 TO 15,101.0,Model A,1999,74 years 07 months,540000.0
2024-02-01,SENGKANG,4 ROOM,417A,FERNVALE LINK,13 TO 15,94.0,Model A,2018,93 years 06 months,632000.0
2024-02-01,SENGKANG,4 ROOM,418B,FERNVALE LINK,10 TO 12,94.0,Model A,2018,93 years 06 months,620000.0
2024-02-01,SENGKANG,4 ROOM,418B,FERNVALE LINK,04 TO 06,94.0,Model A,2018,93 years 05 months,608888.0
2024-02-01,SENGKANG,4 ROOM,436C,FERNVALE RD,19 TO 21,96.0,Model A,2010,85 years 03 months,600000.0
2024-02-01,SENGKANG,4 ROOM,453B,FERNVALE RD,19 TO 21,92.0,Model A,2015,90 years 06 months,602000.0
2024-02-01,SENGKANG,4 ROOM,410C,FERNVALE RD,01 TO 03,95.0,Premium Apartment,2012,87 years 09 months,575888.0
2024-02-01,SENGKANG,4 ROOM,434B,FERNVALE RD,19 TO 21,94.0,Premium Apartment,2013,88 years 04 months,635000.0
2024-02-01,SENGKANG,4 ROOM,411B,FERNVALE RD,16 TO 18,96.0,Premium Apartment,2012,87 years 10 months,620000.0
2024-02-01,SENGKANG,4 ROOM,406C,FERNVALE RD,07 TO 09,90.0,Premium Apartment,2004,79 years 10 months,520000.0
2024-02-01,SENGKANG,4 ROOM,441A,FERNVALE RD,19 TO 21,94.0,Model A,2012,87 years 01 month,612888.0
2024-02-01,SENGKANG,4 ROOM,472A,FERNVALE ST,01 TO 03,93.0,Model A,2016,91 years 08 months,548888.0
2024-02-01,SENGKANG,4 ROOM,472A,FERNVALE ST,13 TO 15,93.0,Model A,2016,91 years 09 months,620000.0
2024-02-01,SENGKANG,4 ROOM,446B,JLN KAYU,10 TO 12,93.0,Model A,2013,88 years 10 months,575000.0
2024-02-01,SENGKANG,4 ROOM,178A,RIVERVALE CRES,16 TO 18,93.0,Model A,2015,90 years 02 months,580000.0
2024-02-01,SENGKANG,4 ROOM,164A,RIVERVALE CRES,04 TO 06,93.0,Model A,2017,92 years 04 months,550000.0
2024-02-01,SENGKANG,4 ROOM,178B,RIVERVALE CRES,10 TO 12,93.0,Model A,2015,90 years 02 months,540000.0
2024-02-01,SENGKANG,4 ROOM,184C,RIVERVALE CRES,07 TO 09,85.0,Model A2,2003,78 years 06 months,488000.0
2024-02-01,SENGKANG,4 ROOM,185C,RIVERVALE CRES,16 TO 18,91.0,Model A2,2000,75 years 11 months,535000.0
2024-02-01,SENGKANG,4 ROOM,178D,RIVERVALE CRES,04 TO 06,93.0,Model A,2015,90 years 02 months,510000.0
2024-02-01,SENGKANG,4 ROOM,178A,RIVERVALE CRES,10 TO 12,93.0,Model A,2015,90 years 02 months,560000.0
2024-02-01,SENGKANG,4 ROOM,152,RIVERVALE CRES,01 TO 03,91.0,Model A,2005,80 years 11 months,500000.0
2024-02-01,SENGKANG,4 ROOM,184C,RIVERVALE CRES,04 TO 06,85.0,Model A2,2003,78 years 04 months,498000.0
2024-02-01,SENGKANG,4 ROOM,150,RIVERVALE CRES,16 TO 18,90.0,Model A,2005,80 years 11 months,570000.0
2024-02-01,SENGKANG,4 ROOM,180C,RIVERVALE CRES,16 TO 18,93.0,Model A,2015,90 years 01 month,570000.0
2024-02-01,SENGKANG,4 ROOM,185D,RIVERVALE CRES,10 TO 12,91.0,Model A2,2000,75 years 10 months,543000.0
2024-02-01,SENGKANG,4 ROOM,195,RIVERVALE DR,04 TO 06,91.0,Model A,2001,76 years 06 months,485000.0
2024-02-01,SENGKANG,4 ROOM,120A,RIVERVALE DR,04 TO 06,101.0,Premium Apartment,2001,76 years 02 months,520000.0
2024-02-01,SENGKANG,4 ROOM,124C,RIVERVALE DR,01 TO 03,90.0,Model A2,1999,74 years 06 months,484000.0
2024-02-01,SENGKANG,4 ROOM,108,RIVERVALE WALK,10 TO 12,101.0,Model A,1999,74 years 02 months,535000.0
2024-02-01,SENGKANG,4 ROOM,282A,SENGKANG EAST AVE,07 TO 09,92.0,Premium Apartment,2015,90 years 07 months,782000.0
2024-02-01,SENGKANG,4 ROOM,282A,SENGKANG EAST AVE,10 TO 12,92.0,Premium Apartment,2015,90 years 06 months,780000.0
2024-02-01,SENGKANG,4 ROOM,202C,SENGKANG EAST RD,01 TO 03,90.0,Model A,2001,76 years 04 months,500000.0
2024-02-01,SENGKANG,4 ROOM,438B,SENGKANG WEST AVE,22 TO 24,94.0,Model A,2011,86 years 01 month,640000.0
2024-02-01,SENGKANG,4 ROOM,469B,SENGKANG WEST WAY,07 TO 09,93.0,Model A,2016,91 years 07 months,555000.0
2024-02-01,SENGKANG,4 ROOM,448A,SENGKANG WEST WAY,25 TO 27,92.0,Model A,2014,89 years 06 months,630000.0
2024-02-01,SENGKANG,5 ROOM,338B,ANCHORVALE CRES,13 TO 15,113.0,Improved,2018,93 years 04 months,760000.0
2024-02-01,SENGKANG,5 ROOM,338D,ANCHORVALE CRES,01 TO 03,113.0,Improved,2018,93 years 04 months,730000.0
2024-02-01,SENGKANG,5 ROOM,301D,ANCHORVALE DR,01 TO 03,110.0,Improved,2001,76 years 07 months,558000.0
2024-02-01,SENGKANG,5 ROOM,319B,ANCHORVALE DR,04 TO 06,110.0,Improved,2002,77 years 07 months,625000.0
2024-02-01,SENGKANG,5 ROOM,318C,ANCHORVALE LINK,10 TO 12,110.0,Premium Apartment,2003,78 years 01 month,575000.0
2024-02-01,SENGKANG,5 ROOM,317A,ANCHORVALE RD,04 TO 06,111.0,Premium Apartment,2003,78 years 05 months,620000.0
2024-02-01,SENGKANG,5 ROOM,309C,ANCHORVALE RD,10 TO 12,111.0,Premium Apartment,2002,77 years 09 months,590000.0
2024-02-01,SENGKANG,5 ROOM,309B,ANCHORVALE RD,01 TO 03,111.0,Premium Apartment,2002,77 years 07 months,550000.0
2024-02-01,SENGKANG,5 ROOM,315B,ANCHORVALE RD,13 TO 15,110.0,Premium Apartment,2003,78 years 04 months,600000.0
2024-02-01,SENGKANG,5 ROOM,329B,ANCHORVALE ST,07 TO 09,112.0,Improved,2015,90 years 07 months,710000.0
2024-02-01,SENGKANG,5 ROOM,278B,COMPASSVALE BOW,13 TO 15,113.0,Improved,2017,92 years 09 months,882000.0
2024-02-01,SENGKANG,5 ROOM,288A,COMPASSVALE CRES,07 TO 09,113.0,Premium Apartment,2017,92 years 11 months,730000.0
2024-02-01,SENGKANG,5 ROOM,288B,COMPASSVALE CRES,07 TO 09,113.0,Premium Apartment,2017,92 years 10 months,756000.0
2024-02-01,SENGKANG,5 ROOM,293D,COMPASSVALE CRES,07 TO 09,113.0,Improved,2016,91 years 09 months,750000.0
2024-02-01,SENGKANG,5 ROOM,216A,COMPASSVALE DR,04 TO 06,112.0,Premium Apartment,2017,92 years 04 months,850000.0
2024-02-01,SENGKANG,5 ROOM,201D,COMPASSVALE DR,10 TO 12,110.0,Improved,2001,76 years 06 months,650000.0
2024-02-01,SENGKANG,5 ROOM,216B,COMPASSVALE DR,10 TO 12,112.0,Premium Apartment,2017,92 years 04 months,958888.0
2024-02-01,SENGKANG,5 ROOM,205C,COMPASSVALE LANE,10 TO 12,123.0,Improved,1999,74 years 05 months,635000.0
2024-02-01,SENGKANG,5 ROOM,269A,COMPASSVALE LINK,01 TO 03,110.0,Premium Apartment,2006,81 years 01 month,670000.0
2024-02-01,SENGKANG,5 ROOM,268C,COMPASSVALE LINK,13 TO 15,111.0,Premium Apartment,2006,81 years,740000.0
2024-02-01,SENGKANG,5 ROOM,245,COMPASSVALE RD,10 TO 12,116.0,Improved,2000,75 years 05 months,638000.0
2024-02-01,SENGKANG,5 ROOM,259C,COMPASSVALE RD,01 TO 03,110.0,Improved,2000,75 years 11 months,590888.0
2024-02-01,SENGKANG,5 ROOM,258D,COMPASSVALE RD,01 TO 03,110.0,Improved,2001,76 years 01 month,680000.0
2024-02-01,SENGKANG,5 ROOM,245,COMPASSVALE RD,04 TO 06,116.0,Improved,2000,75 years 05 months,610000.0
2024-02-01,SENGKANG,5 ROOM,252,COMPASSVALE ST,13 TO 15,117.0,Improved,2000,75 years 10 months,650000.0
2024-02-01,SENGKANG,5 ROOM,298B,COMPASSVALE ST,04 TO 06,114.0,Premium Apartment,2001,76 years 07 months,560000.0
2024-02-01,SENGKANG,5 ROOM,297B,COMPASSVALE ST,13 TO 15,122.0,Premium Apartment,2001,76 years 07 months,640000.0
2024-02-01,SENGKANG,5 ROOM,298A,COMPASSVALE ST,10 TO 12,114.0,Premium Apartment,2001,76 years 07 months,605000.0
2024-02-01,SENGKANG,5 ROOM,292B,COMPASSVALE ST,01 TO 03,110.0,Improved,2002,77 years,530000.0
2024-02-01,SENGKANG,5 ROOM,292B,COMPASSVALE ST,07 TO 09,110.0,Improved,2002,76 years 11 months,620000.0
2024-02-01,SENGKANG,5 ROOM,233,COMPASSVALE WALK,07 TO 09,123.0,Improved,1999,74 years 06 months,638000.0
2024-02-01,SENGKANG,5 ROOM,232,COMPASSVALE WALK,10 TO 12,121.0,Improved,1999,74 years 05 months,670000.0
2024-02-01,SENGKANG,5 ROOM,468C,FERNVALE LINK,19 TO 21,113.0,Improved,2016,91 years 07 months,700000.0
2024-02-01,SENGKANG,5 ROOM,408C,FERNVALE RD,13 TO 15,115.0,Premium Apartment,2005,80 years 01 month,650000.0
2024-02-01,SENGKANG,5 ROOM,409A,FERNVALE RD,16 TO 18,115.0,Premium Apartment,2004,79 years 11 months,610000.0
2024-02-01,SENGKANG,5 ROOM,149,RIVERVALE CRES,01 TO 03,116.0,Improved,1999,74 years 08 months,580000.0
2024-02-01,SENGKANG,5 ROOM,163B,RIVERVALE CRES,04 TO 06,113.0,Improved,2017,92 years 03 months,658888.0
2024-02-01,SENGKANG,5 ROOM,158C,RIVERVALE CRES,01 TO 03,112.0,Premium Apartment,2003,78 years 07 months,565000.0
2024-02-01,SENGKANG,5 ROOM,162C,RIVERVALE CRES,13 TO 15,113.0,Improved,2017,92 years 03 months,703888.0
2024-02-01,SENGKANG,5 ROOM,192B,RIVERVALE DR,07 TO 09,115.0,Improved,2000,75 years 08 months,585000.0
2024-02-01,SENGKANG,5 ROOM,123D,RIVERVALE DR,01 TO 03,115.0,Improved,1999,74 years 05 months,560000.0
2024-02-01,SENGKANG,5 ROOM,188D,RIVERVALE DR,10 TO 12,115.0,Improved,2000,75 years 06 months,628000.0
2024-02-01,SENGKANG,5 ROOM,186D,RIVERVALE DR,10 TO 12,109.0,Improved,2001,76 years 01 month,600000.0
2024-02-01,SENGKANG,5 ROOM,188D,RIVERVALE DR,10 TO 12,115.0,Improved,2000,75 years 06 months,550000.0
2024-02-01,SENGKANG,5 ROOM,196,RIVERVALE DR,10 TO 12,111.0,Improved,2001,76 years 03 months,610000.0
2024-02-01,SENGKANG,5 ROOM,197,RIVERVALE DR,01 TO 03,110.0,Improved,2001,76 years 05 months,590000.0
2024-02-01,SENGKANG,5 ROOM,187B,RIVERVALE DR,07 TO 09,110.0,Improved,2000,75 years 10 months,578000.0
2024-02-01,SENGKANG,5 ROOM,144,RIVERVALE DR,10 TO 12,116.0,Improved,1999,74 years 11 months,595000.0
2024-02-01,SENGKANG,5 ROOM,117C,RIVERVALE DR,07 TO 09,115.0,Improved,2000,75 years 05 months,590000.0
2024-02-01,SENGKANG,5 ROOM,122D,RIVERVALE DR,10 TO 12,110.0,Improved,2000,75 years 06 months,588000.0
2024-02-01,SENGKANG,5 ROOM,141,RIVERVALE ST,01 TO 03,121.0,Improved,1999,74 years 03 months,568000.0
2024-02-01,SENGKANG,5 ROOM,134,RIVERVALE ST,07 TO 09,120.0,Improved,1999,74 years 01 month,620000.0
2024-02-01,SENGKANG,5 ROOM,127,RIVERVALE ST,10 TO 12,120.0,Improved,1999,74 years 06 months,620000.0
2024-02-01,SENGKANG,5 ROOM,141,RIVERVALE ST,01 TO 03,121.0,Improved,1999,74 years 02 months,595000.0
2024-02-01,SENGKANG,5 ROOM,279B,SENGKANG EAST AVE,04 TO 06,112.0,Premium Apartment,2015,90 years 07 months,863000.0
2024-02-01,SENGKANG,5 ROOM,200B,SENGKANG EAST RD,04 TO 06,110.0,Improved,2001,76 years 04 months,613000.0
2024-02-01,SENGKANG,5 ROOM,200D,SENGKANG EAST RD,04 TO 06,110.0,Improved,2001,76 years 06 months,610000.0
2024-02-01,SENGKANG,5 ROOM,202C,SENGKANG EAST RD,10 TO 12,110.0,Improved,2001,76 years 03 months,670000.0
2024-02-01,SENGKANG,5 ROOM,122A,SENGKANG EAST WAY,07 TO 09,110.0,Improved,2000,75 years 08 months,600000.0
2024-02-01,SENGKANG,EXECUTIVE,316C,ANCHORVALE LINK,13 TO 15,125.0,Premium Apartment,2003,78 years 04 months,810000.0
2024-02-01,SENGKANG,EXECUTIVE,204D,COMPASSVALE DR,01 TO 03,130.0,Apartment,2001,76 years,758000.0
2024-02-01,SENGKANG,EXECUTIVE,205B,COMPASSVALE LANE,07 TO 09,143.0,Apartment,1999,74 years 04 months,880000.0
2024-02-01,SENGKANG,EXECUTIVE,226C,COMPASSVALE WALK,10 TO 12,135.0,Apartment,1999,74 years 11 months,788000.0
2024-02-01,SENGKANG,EXECUTIVE,143,RIVERVALE DR,10 TO 12,140.0,Apartment,1999,74 years 11 months,828000.0
2024-02-01,SENGKANG,EXECUTIVE,119B,RIVERVALE DR,04 TO 06,141.0,Premium Apartment,2001,76 years 02 months,830000.0
2024-02-01,SERANGOON,3 ROOM,1,LOR LEW LIAN,04 TO 06,64.0,Improved,1978,53 years 04 months,385000.0
2024-02-01,SERANGOON,3 ROOM,219,SERANGOON AVE 4,07 TO 09,67.0,New Generation,1984,59 years 11 months,405000.0
2024-02-01,SERANGOON,3 ROOM,215,SERANGOON AVE 4,07 TO 09,67.0,New Generation,1985,60 years 04 months,400000.0
2024-02-01,SERANGOON,4 ROOM,7,LOR LEW LIAN,10 TO 12,97.0,New Generation,1978,53 years 04 months,530000.0
2024-02-01,SERANGOON,4 ROOM,407,SERANGOON AVE 1,10 TO 12,103.0,Model A,1989,64 years 02 months,753288.0
2024-02-01,SERANGOON,4 ROOM,405,SERANGOON AVE 1,10 TO 12,111.0,Model A,1989,64 years 02 months,848666.0
2024-02-01,SERANGOON,4 ROOM,238,SERANGOON AVE 2,10 TO 12,84.0,Simplified,1985,60 years 05 months,658800.0
2024-02-01,SERANGOON,4 ROOM,309,SERANGOON AVE 2,07 TO 09,91.0,New Generation,1985,60 years 03 months,618000.0
2024-02-01,SERANGOON,4 ROOM,307,SERANGOON AVE 2,04 TO 06,91.0,New Generation,1985,60 years 08 months,635000.0
2024-02-01,SERANGOON,4 ROOM,330,SERANGOON AVE 3,10 TO 12,103.0,Model A,1986,61 years 06 months,750000.0
2024-02-01,SERANGOON,4 ROOM,335,SERANGOON AVE 3,01 TO 03,84.0,Simplified,1986,61 years 03 months,610000.0
2024-02-01,SERANGOON,4 ROOM,335,SERANGOON AVE 3,01 TO 03,103.0,Model A,1986,61 years 03 months,640000.0
2024-02-01,SERANGOON,4 ROOM,335,SERANGOON AVE 3,10 TO 12,84.0,Simplified,1986,61 years 03 months,672000.0
2024-02-01,SERANGOON,4 ROOM,335,SERANGOON AVE 3,10 TO 12,103.0,Model A,1986,61 years 04 months,750000.0
2024-02-01,SERANGOON,4 ROOM,228,SERANGOON AVE 4,10 TO 12,91.0,New Generation,1984,59 years 05 months,610000.0
2024-02-01,SERANGOON,4 ROOM,228,SERANGOON AVE 4,10 TO 12,93.0,New Generation,1984,59 years 05 months,655000.0
2024-02-01,SERANGOON,4 ROOM,415,SERANGOON CTRL,10 TO 12,94.0,New Generation,1989,64 years 02 months,768000.0
2024-02-01,SERANGOON,4 ROOM,201,SERANGOON CTRL,01 TO 03,89.0,Simplified,1985,60 years 09 months,595000.0
2024-02-01,SERANGOON,4 ROOM,255,SERANGOON CTRL DR,04 TO 06,100.0,Model A,1999,74 years 05 months,700000.0
2024-02-01,SERANGOON,4 ROOM,103,SERANGOON NTH AVE 1,07 TO 09,93.0,New Generation,1985,60 years 08 months,556000.0
2024-02-01,SERANGOON,4 ROOM,550,SERANGOON NTH AVE 3,04 TO 06,100.0,Model A,1997,72 years 09 months,540000.0
2024-02-01,SERANGOON,4 ROOM,515,SERANGOON NTH AVE 4,04 TO 06,104.0,Model A,1992,67 years 10 months,651000.0
2024-02-01,SERANGOON,4 ROOM,514,SERANGOON NTH AVE 4,07 TO 09,103.0,Model A,1992,67 years 10 months,578000.0
2024-02-01,SERANGOON,4 ROOM,538,SERANGOON NTH AVE 4,07 TO 09,103.0,Model A,1992,67 years 09 months,568000.0
2024-02-01,SERANGOON,5 ROOM,256,SERANGOON CTRL DR,10 TO 12,115.0,Improved,1999,74 years 03 months,888000.0
2024-02-01,SERANGOON,5 ROOM,116,SERANGOON NTH AVE 1,07 TO 09,121.0,Improved,1986,61 years,670000.0
2024-02-01,SERANGOON,5 ROOM,546,SERANGOON NTH AVE 3,07 TO 09,119.0,Improved,1998,73 years,772888.0
2024-02-01,SERANGOON,5 ROOM,550,SERANGOON NTH AVE 3,01 TO 03,119.0,Improved,1997,72 years 10 months,622000.0
2024-02-01,SERANGOON,5 ROOM,554,SERANGOON NTH AVE 3,04 TO 06,120.0,Improved,1997,72 years 06 months,740000.0
2024-02-01,SERANGOON,5 ROOM,541,SERANGOON NTH AVE 4,10 TO 12,122.0,Improved,1992,67 years 09 months,748000.0
2024-02-01,SERANGOON,EXECUTIVE,234A,SERANGOON AVE 2,04 TO 06,140.0,Apartment,1998,73 years 05 months,1050000.0
2024-02-01,SERANGOON,EXECUTIVE,317,SERANGOON AVE 2,01 TO 03,156.0,Maisonette,1985,60 years 04 months,1056888.0
2024-02-01,SERANGOON,EXECUTIVE,535,SERANGOON NTH AVE 4,04 TO 06,152.0,Maisonette,1992,67 years 10 months,988888.0
2024-02-01,SERANGOON,EXECUTIVE,539,SERANGOON NTH AVE 4,01 TO 03,147.0,Maisonette,1992,67 years 10 months,865000.0
2024-02-01,TAMPINES,3 ROOM,808,TAMPINES AVE 4,01 TO 03,73.0,Model A,1984,59 years 02 months,445000.0
2024-02-01,TAMPINES,3 ROOM,499B,TAMPINES AVE 9,07 TO 09,67.0,Model A,2014,89 years 01 month,518000.0
2024-02-01,TAMPINES,3 ROOM,519A,TAMPINES CTRL 8,07 TO 09,62.0,DBSS,2014,89 years 05 months,600000.0
2024-02-01,TAMPINES,3 ROOM,255,TAMPINES ST 21,01 TO 03,72.0,New Generation,1984,59 years 06 months,430000.0
2024-02-01,TAMPINES,3 ROOM,249,TAMPINES ST 21,07 TO 09,79.0,Model A,1984,59 years 08 months,440000.0
2024-02-01,TAMPINES,3 ROOM,234,TAMPINES ST 21,10 TO 12,73.0,Model A,1984,59 years 10 months,455000.0
2024-02-01,TAMPINES,3 ROOM,202,TAMPINES ST 21,07 TO 09,75.0,Model A,1983,58 years 11 months,440888.0
2024-02-01,TAMPINES,3 ROOM,208,TAMPINES ST 21,07 TO 09,75.0,Model A,1982,57 years 08 months,446000.0
2024-02-01,TAMPINES,3 ROOM,208,TAMPINES ST 21,01 TO 03,79.0,Model A,1982,57 years 08 months,450800.0
2024-02-01,TAMPINES,3 ROOM,280,TAMPINES ST 22,04 TO 06,74.0,Model A,1984,59 years 06 months,426000.0
2024-02-01,TAMPINES,3 ROOM,297,TAMPINES ST 22,07 TO 09,73.0,Model A,1984,59 years 04 months,420000.0
2024-02-01,TAMPINES,3 ROOM,211,TAMPINES ST 23,07 TO 09,67.0,New Generation,1985,60 years 04 months,430000.0
2024-02-01,TAMPINES,3 ROOM,214,TAMPINES ST 23,04 TO 06,67.0,New Generation,1985,60 years 11 months,408000.0
2024-02-01,TAMPINES,3 ROOM,218,TAMPINES ST 24,01 TO 03,73.0,Model A,1985,60 years 01 month,428000.0
2024-02-01,TAMPINES,3 ROOM,408,TAMPINES ST 41,07 TO 09,60.0,Improved,1985,60 years 06 months,406888.0
2024-02-01,TAMPINES,3 ROOM,403,TAMPINES ST 41,07 TO 09,69.0,Improved,1985,60 years 09 months,418000.0
2024-02-01,TAMPINES,3 ROOM,419,TAMPINES ST 41,01 TO 03,64.0,Simplified,1985,60 years 11 months,400000.0
2024-02-01,TAMPINES,3 ROOM,403,TAMPINES ST 41,04 TO 06,69.0,Improved,1985,60 years 09 months,418000.0
2024-02-01,TAMPINES,3 ROOM,411,TAMPINES ST 41,01 TO 03,69.0,Improved,1985,60 years 07 months,398000.0
2024-02-01,TAMPINES,3 ROOM,606C,TAMPINES ST 61,04 TO 06,68.0,Model A,2020,95 years 01 month,540000.0
2024-02-01,TAMPINES,3 ROOM,605B,TAMPINES ST 61,10 TO 12,68.0,Model A,2020,95 years 01 month,540000.0
2024-02-01,TAMPINES,3 ROOM,605B,TAMPINES ST 61,01 TO 03,68.0,Model A,2020,95 years,518000.0
2024-02-01,TAMPINES,3 ROOM,605D,TAMPINES ST 61,04 TO 06,68.0,Model A,2020,95 years,540800.0
2024-02-01,TAMPINES,3 ROOM,605D,TAMPINES ST 61,04 TO 06,68.0,Model A,2020,95 years,540000.0
2024-02-01,TAMPINES,3 ROOM,898,TAMPINES ST 81,01 TO 03,74.0,Model A,1988,63 years 03 months,411000.0
2024-02-01,TAMPINES,3 ROOM,852,TAMPINES ST 82,07 TO 09,74.0,Model A,1985,60 years 04 months,455000.0
2024-02-01,TAMPINES,3 ROOM,847,TAMPINES ST 83,04 TO 06,74.0,Model A,1987,62 years 08 months,420000.0
2024-02-01,TAMPINES,3 ROOM,847,TAMPINES ST 83,07 TO 09,74.0,Model A,1987,62 years 08 months,435000.0
2024-02-01,TAMPINES,3 ROOM,925,TAMPINES ST 91,07 TO 09,73.0,Model A,1983,58 years 11 months,440000.0
2024-02-01,TAMPINES,4 ROOM,156,SIMEI RD,07 TO 09,104.0,Model A,1989,64 years 01 month,600000.0
2024-02-01,TAMPINES,4 ROOM,134,SIMEI ST 1,04 TO 06,84.0,Simplified,1988,63 years 07 months,495000.0
2024-02-01,TAMPINES,4 ROOM,146,SIMEI ST 2,01 TO 03,104.0,Model A,1988,63 years 08 months,565000.0
2024-02-01,TAMPINES,4 ROOM,146,SIMEI ST 2,10 TO 12,104.0,Model A,1988,63 years 07 months,688000.0
2024-02-01,TAMPINES,4 ROOM,225,SIMEI ST 4,04 TO 06,104.0,Model A,1988,63 years 10 months,595000.0
2024-02-01,TAMPINES,4 ROOM,222,SIMEI ST 4,04 TO 06,104.0,Model A,1988,63 years 03 months,680000.0
2024-02-01,TAMPINES,4 ROOM,225,SIMEI ST 4,10 TO 12,104.0,Model A,1988,63 years 09 months,617000.0
2024-02-01,TAMPINES,4 ROOM,246,SIMEI ST 5,04 TO 06,105.0,Model A,1997,72 years,690000.0
2024-02-01,TAMPINES,4 ROOM,890A,TAMPINES AVE 1,04 TO 06,93.0,Model A,2015,90 years 08 months,730000.0
2024-02-01,TAMPINES,4 ROOM,805,TAMPINES AVE 4,10 TO 12,91.0,New Generation,1985,60 years 02 months,560000.0
2024-02-01,TAMPINES,4 ROOM,805,TAMPINES AVE 4,01 TO 03,91.0,New Generation,1985,60 years 02 months,530000.0
2024-02-01,TAMPINES,4 ROOM,945,TAMPINES AVE 4,10 TO 12,104.0,Model A,1988,63 years 06 months,618000.0
2024-02-01,TAMPINES,4 ROOM,803,TAMPINES AVE 4,07 TO 09,100.0,New Generation,1984,59 years 10 months,573000.0
2024-02-01,TAMPINES,4 ROOM,869B,TAMPINES AVE 8,13 TO 15,92.0,Model A,2015,90 years 05 months,690000.0
2024-02-01,TAMPINES,4 ROOM,879A,TAMPINES AVE 8,04 TO 06,93.0,Model A,2017,92 years 05 months,710000.0
2024-02-01,TAMPINES,4 ROOM,891,TAMPINES AVE 8,13 TO 15,101.0,Model A,1997,72 years 03 months,625000.0
2024-02-01,TAMPINES,4 ROOM,601A,TAMPINES AVE 9,10 TO 12,92.0,Model A,2020,95 years 01 month,728000.0
2024-02-01,TAMPINES,4 ROOM,523A,TAMPINES CTRL 7,10 TO 12,93.0,Model A,2015,90 years 07 months,760800.0
2024-02-01,TAMPINES,4 ROOM,518A,TAMPINES CTRL 7,13 TO 15,92.0,DBSS,2008,83 years 11 months,802000.0
2024-02-01,TAMPINES,4 ROOM,103,TAMPINES ST 11,01 TO 03,104.0,Model A,1982,57 years 06 months,550000.0
2024-02-01,TAMPINES,4 ROOM,164,TAMPINES ST 12,01 TO 03,106.0,Model A,1984,59 years 10 months,550000.0
2024-02-01,TAMPINES,4 ROOM,161,TAMPINES ST 12,01 TO 03,103.0,Model A,1984,59 years 08 months,590000.0
2024-02-01,TAMPINES,4 ROOM,267,TAMPINES ST 21,01 TO 03,104.0,Model A,1983,58 years 08 months,540000.0
2024-02-01,TAMPINES,4 ROOM,270,TAMPINES ST 21,04 TO 06,104.0,Model A,1985,60 years 11 months,540000.0
2024-02-01,TAMPINES,4 ROOM,236,TAMPINES ST 21,01 TO 03,108.0,Model A,1984,59 years 08 months,565000.0
2024-02-01,TAMPINES,4 ROOM,277,TAMPINES ST 22,04 TO 06,104.0,Model A,1985,60 years 01 month,550000.0
2024-02-01,TAMPINES,4 ROOM,275,TAMPINES ST 22,01 TO 03,109.0,Model A,1985,59 years 11 months,563000.0
2024-02-01,TAMPINES,4 ROOM,228,TAMPINES ST 23,04 TO 06,96.0,New Generation,1985,59 years 11 months,500000.0
2024-02-01,TAMPINES,4 ROOM,389,TAMPINES ST 32,10 TO 12,105.0,Model A,1993,68 years 08 months,610000.0
2024-02-01,TAMPINES,4 ROOM,389,TAMPINES ST 32,07 TO 09,105.0,Model A,1993,68 years 08 months,590000.0
2024-02-01,TAMPINES,4 ROOM,339,TAMPINES ST 33,04 TO 06,107.0,Model A,1995,71 years,530000.0
2024-02-01,TAMPINES,4 ROOM,369,TAMPINES ST 34,07 TO 09,100.0,Model A,1997,72 years 02 months,610000.0
2024-02-01,TAMPINES,4 ROOM,423,TAMPINES ST 41,04 TO 06,84.0,Simplified,1985,60 years 06 months,518000.0
2024-02-01,TAMPINES,4 ROOM,416,TAMPINES ST 41,01 TO 03,104.0,Model A,1987,62 years 02 months,570000.0
2024-02-01,TAMPINES,4 ROOM,423,TAMPINES ST 41,07 TO 09,84.0,Simplified,1985,60 years 06 months,530000.0
2024-02-01,TAMPINES,4 ROOM,414,TAMPINES ST 41,04 TO 06,84.0,Simplified,1987,62 years 04 months,530000.0
2024-02-01,TAMPINES,4 ROOM,409,TAMPINES ST 41,04 TO 06,85.0,Simplified,1986,61 years 10 months,510000.0
2024-02-01,TAMPINES,4 ROOM,491D,TAMPINES ST 45,10 TO 12,103.0,Model A,1993,68 years 06 months,580000.0
2024-02-01,TAMPINES,4 ROOM,494H,TAMPINES ST 45,10 TO 12,93.0,Model A,2018,93 years 10 months,695000.0
2024-02-01,TAMPINES,4 ROOM,494H,TAMPINES ST 45,04 TO 06,92.0,Model A,2018,93 years 10 months,640000.0
2024-02-01,TAMPINES,4 ROOM,498F,TAMPINES ST 45,04 TO 06,106.0,Premium Apartment,1997,72 years 05 months,590000.0
2024-02-01,TAMPINES,4 ROOM,494J,TAMPINES ST 45,01 TO 03,92.0,Model A,2018,93 years 09 months,635000.0
2024-02-01,TAMPINES,4 ROOM,497H,TAMPINES ST 45,04 TO 06,102.0,Premium Apartment,1996,71 years 04 months,580000.0
2024-02-01,TAMPINES,4 ROOM,606A,TAMPINES ST 61,04 TO 06,92.0,Model A,2020,95 years 01 month,710688.0
2024-02-01,TAMPINES,4 ROOM,606B,TAMPINES ST 61,01 TO 03,92.0,Model A,2020,95 years 01 month,650000.0
2024-02-01,TAMPINES,4 ROOM,606A,TAMPINES ST 61,13 TO 15,92.0,Model A,2020,95 years 01 month,749000.0
2024-02-01,TAMPINES,4 ROOM,605B,TAMPINES ST 61,04 TO 06,92.0,Model A,2020,95 years 01 month,695000.0
2024-02-01,TAMPINES,4 ROOM,606B,TAMPINES ST 61,04 TO 06,92.0,Model A,2020,95 years 01 month,720000.0
2024-02-01,TAMPINES,4 ROOM,606D,TAMPINES ST 61,04 TO 06,92.0,Model A,2020,95 years,730000.0
2024-02-01,TAMPINES,4 ROOM,605C,TAMPINES ST 61,07 TO 09,92.0,Model A,2020,95 years,735000.0
2024-02-01,TAMPINES,4 ROOM,605C,TAMPINES ST 61,04 TO 06,92.0,Model A,2020,95 years 01 month,730888.0
2024-02-01,TAMPINES,4 ROOM,606B,TAMPINES ST 61,04 TO 06,92.0,Model A,2020,95 years 01 month,700000.0
2024-02-01,TAMPINES,4 ROOM,605C,TAMPINES ST 61,04 TO 06,92.0,Model A,2020,95 years,685000.0
2024-02-01,TAMPINES,4 ROOM,605A,TAMPINES ST 61,04 TO 06,92.0,Model A,2020,95 years,718000.0
2024-02-01,TAMPINES,4 ROOM,712,TAMPINES ST 71,01 TO 03,99.0,Model A,1997,72 years 03 months,573000.0
2024-02-01,TAMPINES,4 ROOM,731,TAMPINES ST 71,10 TO 12,103.0,Model A,1997,72 years 04 months,625000.0
2024-02-01,TAMPINES,4 ROOM,887A,TAMPINES ST 81,04 TO 06,104.0,Model A,1988,63 years 07 months,565000.0
2024-02-01,TAMPINES,4 ROOM,887A,TAMPINES ST 81,01 TO 03,103.0,Model A,1988,63 years 07 months,580000.0
2024-02-01,TAMPINES,4 ROOM,817,TAMPINES ST 81,07 TO 09,104.0,Model A,1984,59 years 07 months,615000.0
2024-02-01,TAMPINES,4 ROOM,844,TAMPINES ST 82,01 TO 03,84.0,Simplified,1985,60 years 06 months,518000.0
2024-02-01,TAMPINES,4 ROOM,871,TAMPINES ST 84,07 TO 09,104.0,Model A,1988,63 years 08 months,590000.0
2024-02-01,TAMPINES,4 ROOM,870A,TAMPINES ST 86,07 TO 09,94.0,Model A,2017,92 years,685000.0
2024-02-01,TAMPINES,4 ROOM,916,TAMPINES ST 91,01 TO 03,104.0,Model A,1984,59 years 08 months,540000.0
2024-02-01,TAMPINES,4 ROOM,934,TAMPINES ST 91,10 TO 12,111.0,Model A,1985,60 years 01 month,630000.0
2024-02-01,TAMPINES,5 ROOM,164,SIMEI RD,04 TO 06,128.0,Improved,1989,64 years 02 months,678000.0
2024-02-01,TAMPINES,5 ROOM,163,SIMEI RD,04 TO 06,122.0,Improved,1989,64 years 04 months,668000.0
2024-02-01,TAMPINES,5 ROOM,149,SIMEI ST 1,01 TO 03,122.0,Improved,1988,63 years 02 months,638000.0
2024-02-01,TAMPINES,5 ROOM,114,SIMEI ST 1,04 TO 06,121.0,Improved,1988,63 years,690000.0
2024-02-01,TAMPINES,5 ROOM,122,SIMEI ST 1,10 TO 12,122.0,Improved,1988,63 years 02 months,690000.0
2024-02-01,TAMPINES,5 ROOM,131,SIMEI ST 1,04 TO 06,122.0,Improved,1988,63 years 07 months,667000.0
2024-02-01,TAMPINES,5 ROOM,228,SIMEI ST 4,10 TO 12,122.0,Improved,1988,63 years 05 months,718000.0
2024-02-01,TAMPINES,5 ROOM,604B,TAMPINES AVE 9,07 TO 09,112.0,Improved,2020,95 years,898000.0
2024-02-01,TAMPINES,5 ROOM,522C,TAMPINES CTRL 7,01 TO 03,113.0,Improved,2015,90 years 07 months,768000.0
2024-02-01,TAMPINES,5 ROOM,518D,TAMPINES CTRL 7,10 TO 12,110.0,DBSS,2008,83 years 11 months,968000.0
2024-02-01,TAMPINES,5 ROOM,518B,TAMPINES CTRL 7,01 TO 03,108.0,DBSS,2008,83 years 10 months,820000.0
2024-02-01,TAMPINES,5 ROOM,114,TAMPINES ST 11,04 TO 06,133.0,Model A,1982,57 years 08 months,680000.0
2024-02-01,TAMPINES,5 ROOM,165,TAMPINES ST 12,01 TO 03,133.0,Model A,1984,59 years 07 months,728888.0
2024-02-01,TAMPINES,5 ROOM,233,TAMPINES ST 21,01 TO 03,121.0,Improved,1985,60 years 04 months,642000.0
2024-02-01,TAMPINES,5 ROOM,260,TAMPINES ST 21,01 TO 03,133.0,Model A,1984,59 years 09 months,630000.0
2024-02-01,TAMPINES,5 ROOM,233,TAMPINES ST 21,10 TO 12,125.0,Improved,1985,60 years 04 months,750000.0
2024-02-01,TAMPINES,5 ROOM,298,TAMPINES ST 22,10 TO 12,126.0,Improved,1985,60 years 02 months,650000.0
2024-02-01,TAMPINES,5 ROOM,289,TAMPINES ST 22,07 TO 09,121.0,Improved,1985,60 years 03 months,588000.0
2024-02-01,TAMPINES,5 ROOM,387,TAMPINES ST 32,10 TO 12,126.0,Improved,1993,68 years 08 months,700888.0
2024-02-01,TAMPINES,5 ROOM,384,TAMPINES ST 32,07 TO 09,129.0,Improved,1993,68 years 07 months,708000.0
2024-02-01,TAMPINES,5 ROOM,368,TAMPINES ST 34,01 TO 03,122.0,Improved,1997,72 years 04 months,648000.0
2024-02-01,TAMPINES,5 ROOM,494H,TAMPINES ST 45,01 TO 03,113.0,Improved,2018,93 years 11 months,730000.0
2024-02-01,TAMPINES,5 ROOM,498M,TAMPINES ST 45,04 TO 06,125.0,Premium Apartment,1997,72 years 06 months,700000.0
2024-02-01,TAMPINES,5 ROOM,494H,TAMPINES ST 45,10 TO 12,113.0,Improved,2018,93 years 10 months,850000.0
2024-02-01,TAMPINES,5 ROOM,606A,TAMPINES ST 61,04 TO 06,112.0,Improved,2020,95 years 02 months,900000.0
2024-02-01,TAMPINES,5 ROOM,606A,TAMPINES ST 61,07 TO 09,112.0,Improved,2020,95 years 01 month,847500.0
2024-02-01,TAMPINES,5 ROOM,606A,TAMPINES ST 61,13 TO 15,112.0,Improved,2020,95 years 01 month,938088.0
2024-02-01,TAMPINES,5 ROOM,605A,TAMPINES ST 61,16 TO 18,112.0,Improved,2020,95 years,900000.0
2024-02-01,TAMPINES,5 ROOM,709,TAMPINES ST 71,04 TO 06,119.0,Improved,1997,72 years 05 months,685000.0
2024-02-01,TAMPINES,5 ROOM,731,TAMPINES ST 71,01 TO 03,125.0,Improved,1997,72 years 04 months,695000.0
2024-02-01,TAMPINES,5 ROOM,840,TAMPINES ST 82,07 TO 09,122.0,Improved,1986,61 years,700000.0
2024-02-01,TAMPINES,5 ROOM,843,TAMPINES ST 83,07 TO 09,122.0,Improved,1988,63 years,690000.0
2024-02-01,TAMPINES,5 ROOM,841,TAMPINES ST 83,04 TO 06,122.0,Improved,1986,61 years 04 months,670000.0
2024-02-01,TAMPINES,5 ROOM,871,TAMPINES ST 84,01 TO 03,121.0,Improved,1988,63 years 09 months,645000.0
2024-02-01,TAMPINES,5 ROOM,873,TAMPINES ST 84,01 TO 03,121.0,Improved,1988,63 years 11 months,610000.0
2024-02-01,TAMPINES,EXECUTIVE,111,SIMEI ST 1,01 TO 03,146.0,Maisonette,1987,62 years 11 months,860000.0
2024-02-01,TAMPINES,EXECUTIVE,938,TAMPINES AVE 5,07 TO 09,146.0,Maisonette,1988,63 years 10 months,910000.0
2024-02-01,TAMPINES,EXECUTIVE,148,TAMPINES AVE 5,01 TO 03,142.0,Apartment,1985,60 years 01 month,885000.0
2024-02-01,TAMPINES,EXECUTIVE,858,TAMPINES AVE 5,04 TO 06,146.0,Maisonette,1988,63 years 01 month,955000.0
2024-02-01,TAMPINES,EXECUTIVE,125,TAMPINES ST 11,04 TO 06,146.0,Maisonette,1985,60 years 10 months,900000.0
2024-02-01,TAMPINES,EXECUTIVE,151,TAMPINES ST 12,04 TO 06,150.0,Maisonette,1984,59 years 06 months,960000.0
2024-02-01,TAMPINES,EXECUTIVE,151,TAMPINES ST 12,07 TO 09,148.0,Apartment,1984,59 years 06 months,980000.0
2024-02-01,TAMPINES,EXECUTIVE,497A,TAMPINES ST 45,07 TO 09,144.0,Premium Apartment,1996,71 years 05 months,880000.0
2024-02-01,TAMPINES,EXECUTIVE,737,TAMPINES ST 72,07 TO 09,141.0,Apartment,1997,72 years 08 months,877000.0
2024-02-01,TAMPINES,EXECUTIVE,889,TAMPINES ST 81,04 TO 06,146.0,Maisonette,1989,64 years 01 month,900000.0
2024-02-01,TOA PAYOH,2 ROOM,58,LOR 4 TOA PAYOH,10 TO 12,42.0,Standard,1967,42 years 05 months,250000.0
2024-02-01,TOA PAYOH,2 ROOM,55,LOR 5 TOA PAYOH,10 TO 12,43.0,Standard,1967,42 years 05 months,272000.0
2024-02-01,TOA PAYOH,2 ROOM,52,LOR 6 TOA PAYOH,01 TO 03,43.0,Standard,1983,58 years 05 months,240000.0
2024-02-01,TOA PAYOH,3 ROOM,9,JOO SENG RD,01 TO 03,68.0,Model A,2017,92 years,585000.0
2024-02-01,TOA PAYOH,3 ROOM,117,LOR 1 TOA PAYOH,07 TO 09,65.0,Improved,1968,43 years 05 months,380000.0
2024-02-01,TOA PAYOH,3 ROOM,114,LOR 1 TOA PAYOH,07 TO 09,65.0,Improved,1967,42 years 05 months,395000.0
2024-02-01,TOA PAYOH,3 ROOM,111,LOR 1 TOA PAYOH,07 TO 09,66.0,Improved,1970,44 years 11 months,342000.0
2024-02-01,TOA PAYOH,3 ROOM,98,LOR 1 TOA PAYOH,10 TO 12,68.0,Improved,1970,44 years 11 months,390000.0
2024-02-01,TOA PAYOH,3 ROOM,125,LOR 1 TOA PAYOH,10 TO 12,67.0,Improved,1970,44 years 11 months,380000.0
2024-02-01,TOA PAYOH,3 ROOM,116,LOR 2 TOA PAYOH,19 TO 21,63.0,Improved,1970,44 years 11 months,373888.0
2024-02-01,TOA PAYOH,3 ROOM,116,LOR 2 TOA PAYOH,10 TO 12,63.0,Improved,1970,44 years 11 months,398000.0
2024-02-01,TOA PAYOH,3 ROOM,116,LOR 2 TOA PAYOH,16 TO 18,72.0,Improved,1970,45 years,435000.0
2024-02-01,TOA PAYOH,3 ROOM,57,LOR 5 TOA PAYOH,01 TO 03,61.0,Standard,1973,48 years 01 month,310000.0
2024-02-01,TOA PAYOH,3 ROOM,72,LOR 5 TOA PAYOH,04 TO 06,64.0,Standard,1969,43 years 11 months,360000.0
2024-02-01,TOA PAYOH,3 ROOM,51,LOR 6 TOA PAYOH,10 TO 12,63.0,Standard,1983,58 years 04 months,330000.0
2024-02-01,TOA PAYOH,3 ROOM,51,LOR 6 TOA PAYOH,13 TO 15,63.0,Standard,1983,58 years 04 months,320000.0
2024-02-01,TOA PAYOH,3 ROOM,231,LOR 8 TOA PAYOH,10 TO 12,65.0,Improved,1976,51 years 10 months,355000.0
2024-02-01,TOA PAYOH,3 ROOM,234,LOR 8 TOA PAYOH,01 TO 03,65.0,Improved,1976,51 years 08 months,355000.0
2024-02-01,TOA PAYOH,3 ROOM,102,POTONG PASIR AVE 1,04 TO 06,74.0,Model A,1984,59 years 03 months,523000.0
2024-02-01,TOA PAYOH,3 ROOM,114,POTONG PASIR AVE 1,10 TO 12,67.0,New Generation,1984,59 years 09 months,428000.0
2024-02-01,TOA PAYOH,3 ROOM,105,POTONG PASIR AVE 1,01 TO 03,74.0,Model A,1984,59 years 05 months,490000.0
2024-02-01,TOA PAYOH,3 ROOM,143,POTONG PASIR AVE 2,04 TO 06,74.0,Model A,1984,59 years 07 months,536100.0
2024-02-01,TOA PAYOH,3 ROOM,263,TOA PAYOH EAST,22 TO 24,68.0,Model A,2019,94 years 11 months,755000.0
2024-02-01,TOA PAYOH,3 ROOM,262,TOA PAYOH EAST,16 TO 18,68.0,Model A,2019,94 years 11 months,715000.0
2024-02-01,TOA PAYOH,3 ROOM,263,TOA PAYOH EAST,07 TO 09,68.0,Model A,2019,94 years 10 months,717500.0
2024-02-01,TOA PAYOH,3 ROOM,4,UPP ALJUNIED LANE,07 TO 09,57.0,Standard,1968,43 years 05 months,308000.0
2024-02-01,TOA PAYOH,3 ROOM,3,UPP ALJUNIED LANE,04 TO 06,57.0,Standard,1968,43 years 05 months,325000.0
2024-02-01,TOA PAYOH,4 ROOM,18,JOO SENG RD,07 TO 09,103.0,Model A,1984,59 years 02 months,588000.0
2024-02-01,TOA PAYOH,4 ROOM,250,KIM KEAT LINK,07 TO 09,104.0,Model A,1989,64 years,690000.0
2024-02-01,TOA PAYOH,4 ROOM,155,LOR 1 TOA PAYOH,25 TO 27,101.0,Model A,1999,74 years 06 months,830000.0
2024-02-01,TOA PAYOH,4 ROOM,130B,LOR 1 TOA PAYOH,25 TO 27,93.0,Model A,2018,93 years 07 months,1088000.0
2024-02-01,TOA PAYOH,4 ROOM,138A,LOR 1A TOA PAYOH,37 TO 39,91.0,DBSS,2012,87 years 03 months,1085000.0
2024-02-01,TOA PAYOH,4 ROOM,145,LOR 2 TOA PAYOH,22 TO 24,86.0,Model A,2006,81 years,850000.0
2024-02-01,TOA PAYOH,4 ROOM,152,LOR 2 TOA PAYOH,19 TO 21,91.0,Model A,2006,80 years 11 months,910000.0
2024-02-01,TOA PAYOH,4 ROOM,43,LOR 5 TOA PAYOH,10 TO 12,109.0,Model A,1993,68 years 03 months,760000.0
2024-02-01,TOA PAYOH,4 ROOM,222,LOR 8 TOA PAYOH,13 TO 15,82.0,Improved,1976,51 years 02 months,468000.0
2024-02-01,TOA PAYOH,4 ROOM,219,LOR 8 TOA PAYOH,04 TO 06,82.0,Improved,1978,53 years,430000.0
2024-02-01,TOA PAYOH,4 ROOM,226,LOR 8 TOA PAYOH,13 TO 15,82.0,Improved,1976,51 years 04 months,475000.0
2024-02-01,TOA PAYOH,4 ROOM,227,LOR 8 TOA PAYOH,07 TO 09,82.0,Improved,1976,51 years 04 months,440000.0
2024-02-01,TOA PAYOH,4 ROOM,222,LOR 8 TOA PAYOH,19 TO 21,82.0,Improved,1976,51 years 02 months,490000.0
2024-02-01,TOA PAYOH,4 ROOM,263,TOA PAYOH EAST,31 TO 33,93.0,Model A,2019,94 years 11 months,1031000.0
2024-02-01,TOA PAYOH,4 ROOM,264,TOA PAYOH EAST,19 TO 21,93.0,Model A,2019,94 years 11 months,950000.0
2024-02-01,TOA PAYOH,4 ROOM,261,TOA PAYOH EAST,34 TO 36,93.0,Model A,2019,94 years 11 months,1016000.0
2024-02-01,TOA PAYOH,4 ROOM,262,TOA PAYOH EAST,19 TO 21,93.0,Model A,2019,94 years 11 months,982000.0
2024-02-01,TOA PAYOH,4 ROOM,261,TOA PAYOH EAST,16 TO 18,93.0,Model A,2019,94 years 11 months,950000.0
2024-02-01,TOA PAYOH,4 ROOM,204,TOA PAYOH NTH,16 TO 18,87.0,Improved,1973,48 years 06 months,530000.0
2024-02-01,TOA PAYOH,4 ROOM,208,TOA PAYOH NTH,04 TO 06,81.0,Improved,1973,48 years 07 months,423000.0
2024-02-01,TOA PAYOH,4 ROOM,202,TOA PAYOH NTH,10 TO 12,87.0,Improved,1973,48 years 06 months,538000.0
2024-02-01,TOA PAYOH,5 ROOM,19,JOO SENG RD,04 TO 06,120.0,Improved,1988,63 years 06 months,756766.0
2024-02-01,TOA PAYOH,5 ROOM,139B,LOR 1A TOA PAYOH,07 TO 09,110.0,DBSS,2012,87 years 04 months,1170000.0
2024-02-01,TOA PAYOH,5 ROOM,122,LOR 2 TOA PAYOH,13 TO 15,120.0,Improved,1999,74 years 10 months,1075000.0
2024-02-01,TOA PAYOH,5 ROOM,217,LOR 8 TOA PAYOH,19 TO 21,117.0,Standard,1976,51 years 03 months,695000.0
2024-02-01,TOA PAYOH,5 ROOM,217,LOR 8 TOA PAYOH,10 TO 12,117.0,Standard,1976,51 years 04 months,653000.0
2024-02-01,TOA PAYOH,5 ROOM,122,POTONG PASIR AVE 1,04 TO 06,135.0,Model A,1984,59 years 04 months,848888.0
2024-02-01,TOA PAYOH,EXECUTIVE,240,LOR 1 TOA PAYOH,07 TO 09,146.0,Maisonette,1986,61 years 09 months,1068888.0
2024-02-01,TOA PAYOH,EXECUTIVE,129,POTONG PASIR AVE 1,01 TO 03,161.0,Maisonette,1984,59 years 02 months,1160000.0
2024-02-01,WOODLANDS,2 ROOM,573C,WOODLANDS DR 16,04 TO 06,47.0,Model A,2018,93 years 05 months,350000.0
2024-02-01,WOODLANDS,2 ROOM,185B,WOODLANDS ST 13,22 TO 24,47.0,Model A,2019,94 years 08 months,360000.0
2024-02-01,WOODLANDS,3 ROOM,22,MARSILING DR,01 TO 03,82.0,New Generation,1977,52 years 06 months,380000.0
2024-02-01,WOODLANDS,3 ROOM,23,MARSILING DR,07 TO 09,67.0,New Generation,1977,52 years 10 months,312000.0
2024-02-01,WOODLANDS,3 ROOM,17,MARSILING LANE,04 TO 06,65.0,Improved,1984,59 years 10 months,328000.0
2024-02-01,WOODLANDS,3 ROOM,180B,MARSILING RD,04 TO 06,67.0,Model A,2015,90 years 06 months,430000.0
2024-02-01,WOODLANDS,3 ROOM,130,MARSILING RISE,01 TO 03,60.0,Improved,1985,60 years,320000.0
2024-02-01,WOODLANDS,3 ROOM,132,MARSILING RISE,01 TO 03,82.0,New Generation,1995,70 years 03 months,385000.0
2024-02-01,WOODLANDS,3 ROOM,129,MARSILING RISE,04 TO 06,69.0,Improved,1985,59 years 11 months,327000.0
2024-02-01,WOODLANDS,3 ROOM,571C,WOODLANDS AVE 1,07 TO 09,67.0,Model A,2013,88 years 10 months,448000.0
2024-02-01,WOODLANDS,3 ROOM,571C,WOODLANDS AVE 1,10 TO 12,67.0,Model A,2013,88 years 09 months,460000.0
2024-02-01,WOODLANDS,3 ROOM,693A,WOODLANDS AVE 6,04 TO 06,68.0,Model A,2018,93 years 08 months,450000.0
2024-02-01,WOODLANDS,3 ROOM,780B,WOODLANDS CRES,13 TO 15,67.0,Model A,2015,90 years 06 months,450000.0
2024-02-01,WOODLANDS,3 ROOM,780B,WOODLANDS CRES,04 TO 06,67.0,Model A,2015,90 years 07 months,432000.0
2024-02-01,WOODLANDS,3 ROOM,574A,WOODLANDS DR 16,04 TO 06,68.0,Model A,2018,93 years 05 months,435000.0
2024-02-01,WOODLANDS,3 ROOM,573A,WOODLANDS DR 16,07 TO 09,68.0,Model A,2018,93 years 05 months,452000.0
2024-02-01,WOODLANDS,3 ROOM,784C,WOODLANDS RISE,04 TO 06,68.0,Model A,2018,93 years 06 months,440888.0
2024-02-01,WOODLANDS,3 ROOM,785B,WOODLANDS RISE,10 TO 12,68.0,Model A,2018,93 years 06 months,440000.0
2024-02-01,WOODLANDS,3 ROOM,185B,WOODLANDS ST 13,16 TO 18,68.0,Model A,2019,94 years 09 months,470000.0
2024-02-01,WOODLANDS,3 ROOM,149,WOODLANDS ST 13,10 TO 12,68.0,New Generation,1985,60 years 02 months,388000.0
2024-02-01,WOODLANDS,3 ROOM,155,WOODLANDS ST 13,04 TO 06,73.0,Model A,1985,60 years 02 months,392000.0
2024-02-01,WOODLANDS,3 ROOM,160,WOODLANDS ST 13,10 TO 12,73.0,Model A,1990,65 years 04 months,393800.0
2024-02-01,WOODLANDS,3 ROOM,152,WOODLANDS ST 13,10 TO 12,73.0,Model A,1985,60 years 02 months,386000.0
2024-02-01,WOODLANDS,3 ROOM,316,WOODLANDS ST 31,01 TO 03,73.0,Model A,1993,68 years 04 months,375000.0
2024-02-01,WOODLANDS,3 ROOM,311,WOODLANDS ST 31,04 TO 06,73.0,Model A,1993,68 years 09 months,435000.0
2024-02-01,WOODLANDS,4 ROOM,201,MARSILING DR,07 TO 09,91.0,New Generation,1980,55 years 07 months,400000.0
2024-02-01,WOODLANDS,4 ROOM,26,MARSILING DR,04 TO 06,91.0,New Generation,1977,52 years 05 months,447000.0
2024-02-01,WOODLANDS,4 ROOM,205,MARSILING DR,13 TO 15,91.0,New Generation,1980,55 years 08 months,420000.0
2024-02-01,WOODLANDS,4 ROOM,12B,MARSILING LANE,19 TO 21,93.0,Model A,2013,88 years 05 months,562000.0
2024-02-01,WOODLANDS,4 ROOM,132,MARSILING RISE,01 TO 03,93.0,New Generation,1995,70 years 03 months,470000.0
2024-02-01,WOODLANDS,4 ROOM,307,WOODLANDS AVE 1,01 TO 03,103.0,Model A,1994,68 years 11 months,500000.0
2024-02-01,WOODLANDS,4 ROOM,347,WOODLANDS AVE 3,04 TO 06,84.0,Simplified,1988,63 years 04 months,462000.0
2024-02-01,WOODLANDS,4 ROOM,757,WOODLANDS AVE 4,07 TO 09,101.0,Model A,1997,72 years 11 months,498000.0
2024-02-01,WOODLANDS,4 ROOM,693B,WOODLANDS AVE 6,13 TO 15,92.0,Model A,2018,93 years 08 months,590000.0
2024-02-01,WOODLANDS,4 ROOM,693A,WOODLANDS AVE 6,07 TO 09,93.0,Model A,2018,93 years 08 months,580000.0
2024-02-01,WOODLANDS,4 ROOM,754,WOODLANDS CIRCLE,01 TO 03,102.0,Model A,1997,73 years,485000.0
2024-02-01,WOODLANDS,4 ROOM,721,WOODLANDS CIRCLE,10 TO 12,103.0,Model A,1997,72 years 08 months,500000.0
2024-02-01,WOODLANDS,4 ROOM,745,WOODLANDS CIRCLE,10 TO 12,103.0,Model A,1998,73 years,520000.0
2024-02-01,WOODLANDS,4 ROOM,749,WOODLANDS CIRCLE,01 TO 03,101.0,Model A,1998,73 years 02 months,480000.0
2024-02-01,WOODLANDS,4 ROOM,745,WOODLANDS CIRCLE,04 TO 06,103.0,Model A,1998,73 years,532000.0
2024-02-01,WOODLANDS,4 ROOM,738,WOODLANDS CIRCLE,10 TO 12,102.0,Model A,1998,73 years 01 month,501888.0
2024-02-01,WOODLANDS,4 ROOM,743,WOODLANDS CIRCLE,04 TO 06,100.0,Model A2,1997,72 years 09 months,492000.0
2024-02-01,WOODLANDS,4 ROOM,735,WOODLANDS CIRCLE,07 TO 09,102.0,Model A,1998,73 years,515000.0
2024-02-01,WOODLANDS,4 ROOM,775,WOODLANDS CRES,10 TO 12,92.0,Model A2,1997,72 years 09 months,460000.0
2024-02-01,WOODLANDS,4 ROOM,776,WOODLANDS CRES,07 TO 09,101.0,Model A,1998,72 years 11 months,500000.0
2024-02-01,WOODLANDS,4 ROOM,782C,WOODLANDS CRES,13 TO 15,92.0,Model A,2015,90 years 04 months,550000.0
2024-02-01,WOODLANDS,4 ROOM,521,WOODLANDS DR 14,04 TO 06,104.0,Premium Apartment,2000,75 years 05 months,530000.0
2024-02-01,WOODLANDS,4 ROOM,529,WOODLANDS DR 14,04 TO 06,105.0,Premium Apartment,1999,74 years 07 months,535000.0
2024-02-01,WOODLANDS,4 ROOM,503,WOODLANDS DR 14,01 TO 03,101.0,Model A,1998,73 years 11 months,500000.0
2024-02-01,WOODLANDS,4 ROOM,573B,WOODLANDS DR 16,07 TO 09,93.0,Model A,2018,93 years 05 months,580000.0
2024-02-01,WOODLANDS,4 ROOM,545,WOODLANDS DR 16,01 TO 03,101.0,Model A,2000,75 years 08 months,516888.88
2024-02-01,WOODLANDS,4 ROOM,575,WOODLANDS DR 16,07 TO 09,86.0,Model A2,2000,75 years 11 months,470000.0
2024-02-01,WOODLANDS,4 ROOM,605,WOODLANDS DR 42,04 TO 06,92.0,Model A2,1997,72 years 04 months,482000.0
2024-02-01,WOODLANDS,4 ROOM,549,WOODLANDS DR 44,01 TO 03,100.0,Model A,2000,75 years 04 months,500000.0
2024-02-01,WOODLANDS,4 ROOM,551,WOODLANDS DR 44,01 TO 03,100.0,Model A,2000,75 years 01 month,480000.0
2024-02-01,WOODLANDS,4 ROOM,898A,WOODLANDS DR 50,04 TO 06,100.0,Model A,1997,72 years 06 months,500000.0
2024-02-01,WOODLANDS,4 ROOM,896B,WOODLANDS DR 50,10 TO 12,99.0,Model A,1997,72 years 08 months,545000.0
2024-02-01,WOODLANDS,4 ROOM,899B,WOODLANDS DR 50,04 TO 06,100.0,Model A,1997,72 years 06 months,500000.0
2024-02-01,WOODLANDS,4 ROOM,620,WOODLANDS DR 52,07 TO 09,92.0,Model A2,1998,73 years 06 months,475000.0
2024-02-01,WOODLANDS,4 ROOM,556,WOODLANDS DR 53,07 TO 09,100.0,Model A,1999,74 years 11 months,480000.0
2024-02-01,WOODLANDS,4 ROOM,555,WOODLANDS DR 53,04 TO 06,102.0,Model A,1999,74 years 10 months,488000.0
2024-02-01,WOODLANDS,4 ROOM,786B,WOODLANDS DR 60,10 TO 12,92.0,Model A2,1997,72 years 06 months,522000.0
2024-02-01,WOODLANDS,4 ROOM,694A,WOODLANDS DR 62,04 TO 06,93.0,Model A,2018,93 years 08 months,570000.0
2024-02-01,WOODLANDS,4 ROOM,681C,WOODLANDS DR 62,04 TO 06,105.0,Premium Apartment,2000,75 years 01 month,550000.0
2024-02-01,WOODLANDS,4 ROOM,716,WOODLANDS DR 70,13 TO 15,100.0,Model A,1997,72 years 05 months,580000.0
2024-02-01,WOODLANDS,4 ROOM,717,WOODLANDS DR 70,04 TO 06,100.0,Model A,1997,72 years 05 months,530800.0
2024-02-01,WOODLANDS,4 ROOM,691B,WOODLANDS DR 73,07 TO 09,93.0,Model A,2018,93 years 09 months,588000.0
2024-02-01,WOODLANDS,4 ROOM,691C,WOODLANDS DR 73,04 TO 06,93.0,Model A,2018,93 years 05 months,580000.0
2024-02-01,WOODLANDS,4 ROOM,689F,WOODLANDS DR 75,04 TO 06,90.0,Premium Apartment,2004,78 years 11 months,480000.0
2024-02-01,WOODLANDS,4 ROOM,687B,WOODLANDS DR 75,04 TO 06,95.0,Premium Apartment,2003,78 years 01 month,500000.0
2024-02-01,WOODLANDS,4 ROOM,690E,WOODLANDS DR 75,13 TO 15,90.0,Premium Apartment,2004,79 years 01 month,500000.0
2024-02-01,WOODLANDS,4 ROOM,661,WOODLANDS RING RD,04 TO 06,101.0,Model A,1998,73 years 04 months,486000.0
2024-02-01,WOODLANDS,4 ROOM,668,WOODLANDS RING RD,04 TO 06,91.0,Model A,2000,75 years 09 months,485000.0
2024-02-01,WOODLANDS,4 ROOM,611,WOODLANDS RING RD,04 TO 06,101.0,Model A,1998,73 years 02 months,480000.0
2024-02-01,WOODLANDS,4 ROOM,649,WOODLANDS RING RD,07 TO 09,100.0,Model A,1998,73 years 06 months,560000.0
2024-02-01,WOODLANDS,4 ROOM,667,WOODLANDS RING RD,01 TO 03,90.0,Model A,2001,76 years,475000.0
2024-02-01,WOODLANDS,4 ROOM,609,WOODLANDS RING RD,10 TO 12,102.0,Model A,1998,73 years 06 months,512000.0
2024-02-01,WOODLANDS,4 ROOM,657,WOODLANDS RING RD,01 TO 03,101.0,Model A,1998,73 years 01 month,500000.0
2024-02-01,WOODLANDS,4 ROOM,784B,WOODLANDS RISE,10 TO 12,93.0,Model A,2018,93 years 05 months,568000.0
2024-02-01,WOODLANDS,4 ROOM,185B,WOODLANDS ST 13,25 TO 27,93.0,Model A,2019,94 years 09 months,646000.0
2024-02-01,WOODLANDS,4 ROOM,158,WOODLANDS ST 13,10 TO 12,103.0,Model A,1990,65 years 04 months,520000.0
2024-02-01,WOODLANDS,4 ROOM,183B,WOODLANDS ST 13,13 TO 15,93.0,Model A,2019,94 years 09 months,636000.0
2024-02-01,WOODLANDS,4 ROOM,182B,WOODLANDS ST 13,22 TO 24,93.0,Model A,2019,94 years 09 months,651888.0
2024-02-01,WOODLANDS,4 ROOM,183C,WOODLANDS ST 13,10 TO 12,93.0,Model A,2019,94 years 09 months,615000.0
2024-02-01,WOODLANDS,4 ROOM,185B,WOODLANDS ST 13,04 TO 06,93.0,Model A,2019,94 years 08 months,575000.0
2024-02-01,WOODLANDS,4 ROOM,102,WOODLANDS ST 13,01 TO 03,92.0,New Generation,1985,60 years 02 months,442000.0
2024-02-01,WOODLANDS,4 ROOM,105,WOODLANDS ST 13,07 TO 09,92.0,New Generation,1985,60 years 02 months,465000.0
2024-02-01,WOODLANDS,4 ROOM,148,WOODLANDS ST 13,01 TO 03,93.0,New Generation,1985,60 years 02 months,445000.0
2024-02-01,WOODLANDS,4 ROOM,335,WOODLANDS ST 32,04 TO 06,83.0,Simplified,1985,60 years 10 months,417000.0
2024-02-01,WOODLANDS,4 ROOM,825,WOODLANDS ST 81,04 TO 06,84.0,Simplified,1990,65 years 06 months,466000.0
2024-02-01,WOODLANDS,4 ROOM,801,WOODLANDS ST 81,04 TO 06,84.0,Simplified,1989,64 years 09 months,448000.0
2024-02-01,WOODLANDS,4 ROOM,853,WOODLANDS ST 83,07 TO 09,84.0,Simplified,1993,68 years 07 months,443000.0
2024-02-01,WOODLANDS,4 ROOM,853,WOODLANDS ST 83,01 TO 03,84.0,Simplified,1993,68 years 07 months,445000.0
2024-02-01,WOODLANDS,5 ROOM,35,MARSILING DR,10 TO 12,118.0,Standard,1977,52 years 08 months,510000.0
2024-02-01,WOODLANDS,5 ROOM,120,MARSILING RISE,10 TO 12,121.0,Improved,1985,60 years 11 months,550000.0
2024-02-01,WOODLANDS,5 ROOM,369,WOODLANDS AVE 1,07 TO 09,120.0,Improved,1996,71 years 10 months,700000.0
2024-02-01,WOODLANDS,5 ROOM,610,WOODLANDS AVE 4,07 TO 09,121.0,Improved,1998,73 years 03 months,605000.0
2024-02-01,WOODLANDS,5 ROOM,614,WOODLANDS AVE 4,04 TO 06,122.0,Improved,1998,73 years 07 months,615000.0
2024-02-01,WOODLANDS,5 ROOM,365,WOODLANDS AVE 5,04 TO 06,121.0,Improved,1996,71 years 04 months,670000.0
2024-02-01,WOODLANDS,5 ROOM,763,WOODLANDS AVE 6,07 TO 09,121.0,Improved,1998,73 years 03 months,585000.0
2024-02-01,WOODLANDS,5 ROOM,724,WOODLANDS AVE 6,10 TO 12,121.0,Improved,1997,72 years 08 months,640000.0
2024-02-01,WOODLANDS,5 ROOM,761,WOODLANDS AVE 6,04 TO 06,122.0,Improved,1998,73 years 01 month,570000.0
2024-02-01,WOODLANDS,5 ROOM,753,WOODLANDS CIRCLE,07 TO 09,122.0,Improved,1997,72 years 11 months,612000.0
2024-02-01,WOODLANDS,5 ROOM,740,WOODLANDS CIRCLE,07 TO 09,122.0,Improved,1997,72 years 08 months,613000.0
2024-02-01,WOODLANDS,5 ROOM,734,WOODLANDS CIRCLE,10 TO 12,122.0,Improved,1998,73 years 01 month,645000.0
2024-02-01,WOODLANDS,5 ROOM,787B,WOODLANDS CRES,04 TO 06,120.0,Improved,1997,72 years 09 months,620000.0
2024-02-01,WOODLANDS,5 ROOM,787C,WOODLANDS CRES,01 TO 03,122.0,Improved,1997,72 years 08 months,590000.0
2024-02-01,WOODLANDS,5 ROOM,519,WOODLANDS DR 14,01 TO 03,125.0,Premium Apartment,2000,75 years 08 months,600000.0
2024-02-01,WOODLANDS,5 ROOM,503,WOODLANDS DR 14,01 TO 03,123.0,Improved,1998,73 years 10 months,585000.0
2024-02-01,WOODLANDS,5 ROOM,518,WOODLANDS DR 14,10 TO 12,126.0,Premium Apartment,2000,75 years 07 months,665000.0
2024-02-01,WOODLANDS,5 ROOM,544,WOODLANDS DR 16,07 TO 09,120.0,Improved,2000,75 years 06 months,620000.0
2024-02-01,WOODLANDS,5 ROOM,578,WOODLANDS DR 16,07 TO 09,110.0,Improved,2000,75 years 10 months,560000.0
2024-02-01,WOODLANDS,5 ROOM,580,WOODLANDS DR 16,07 TO 09,110.0,Improved,2001,76 years 03 months,585000.0
2024-02-01,WOODLANDS,5 ROOM,587,WOODLANDS DR 16,04 TO 06,111.0,Improved,2001,76 years 06 months,580000.0
2024-02-01,WOODLANDS,5 ROOM,704,WOODLANDS DR 40,07 TO 09,119.0,Improved,1996,71 years 09 months,615000.0
2024-02-01,WOODLANDS,5 ROOM,895B,WOODLANDS DR 50,10 TO 12,117.0,Improved,1997,72 years 02 months,610000.0
2024-02-01,WOODLANDS,5 ROOM,890A,WOODLANDS DR 50,07 TO 09,113.0,Improved,2017,92 years 06 months,700000.0
2024-02-01,WOODLANDS,5 ROOM,899B,WOODLANDS DR 50,07 TO 09,123.0,Improved,1997,72 years 06 months,635000.0
2024-02-01,WOODLANDS,5 ROOM,895C,WOODLANDS DR 50,01 TO 03,118.0,Improved,1997,72 years,575000.0
2024-02-01,WOODLANDS,5 ROOM,894A,WOODLANDS DR 50,01 TO 03,119.0,Improved,1996,71 years 07 months,580000.0
2024-02-01,WOODLANDS,5 ROOM,625B,WOODLANDS DR 52,07 TO 09,122.0,Improved,1998,73 years 09 months,610000.0
2024-02-01,WOODLANDS,5 ROOM,622,WOODLANDS DR 52,04 TO 06,122.0,Improved,1998,73 years 07 months,545000.0
2024-02-01,WOODLANDS,5 ROOM,772,WOODLANDS DR 60,10 TO 12,120.0,Improved,1997,72 years 09 months,660000.0
2024-02-01,WOODLANDS,5 ROOM,681C,WOODLANDS DR 62,10 TO 12,120.0,Premium Apartment,2000,75 years 01 month,677000.0
2024-02-01,WOODLANDS,5 ROOM,694A,WOODLANDS DR 62,01 TO 03,113.0,Improved,2018,93 years 08 months,655000.0
2024-02-01,WOODLANDS,5 ROOM,708,WOODLANDS DR 70,07 TO 09,118.0,Improved,1996,71 years 11 months,628888.0
2024-02-01,WOODLANDS,5 ROOM,708,WOODLANDS DR 70,07 TO 09,118.0,Improved,1996,71 years 11 months,610000.0
2024-02-01,WOODLANDS,5 ROOM,686A,WOODLANDS DR 73,07 TO 09,114.0,Premium Apartment,2003,78 years 01 month,610000.0
2024-02-01,WOODLANDS,5 ROOM,682D,WOODLANDS DR 73,04 TO 06,120.0,Premium Apartment,2000,75 years 01 month,580000.0
2024-02-01,WOODLANDS,5 ROOM,685C,WOODLANDS DR 73,04 TO 06,115.0,Premium Apartment,2002,77 years 11 months,570000.0
2024-02-01,WOODLANDS,5 ROOM,687A,WOODLANDS DR 75,10 TO 12,114.0,Premium Apartment,2003,78 years 01 month,535000.0
2024-02-01,WOODLANDS,5 ROOM,690D,WOODLANDS DR 75,10 TO 12,110.0,Premium Apartment,2004,79 years,572000.0
2024-02-01,WOODLANDS,5 ROOM,689B,WOODLANDS DR 75,01 TO 03,110.0,Premium Apartment,2004,79 years 01 month,542000.0
2024-02-01,WOODLANDS,5 ROOM,639,WOODLANDS RING RD,04 TO 06,121.0,Improved,1999,74 years 06 months,610000.0
2024-02-01,WOODLANDS,5 ROOM,783D,WOODLANDS RISE,07 TO 09,113.0,Improved,2018,93 years 06 months,655000.0
2024-02-01,WOODLANDS,5 ROOM,168,WOODLANDS ST 11,10 TO 12,121.0,Improved,1986,61 years 09 months,615000.0
2024-02-01,WOODLANDS,5 ROOM,184A,WOODLANDS ST 13,22 TO 24,113.0,Improved,2019,94 years 09 months,790000.0
2024-02-01,WOODLANDS,5 ROOM,174,WOODLANDS ST 13,01 TO 03,137.0,Model A,1993,68 years 07 months,618000.0
2024-02-01,WOODLANDS,5 ROOM,109,WOODLANDS ST 13,01 TO 03,134.0,Model A,1995,70 years,610000.0
2024-02-01,WOODLANDS,5 ROOM,162,WOODLANDS ST 13,01 TO 03,121.0,Improved,1985,60 years 04 months,540000.0
2024-02-01,WOODLANDS,5 ROOM,184A,WOODLANDS ST 13,10 TO 12,113.0,Improved,2019,94 years 09 months,760000.0
2024-02-01,WOODLANDS,5 ROOM,183B,WOODLANDS ST 13,19 TO 21,113.0,Improved,2019,94 years 08 months,750000.0
2024-02-01,WOODLANDS,5 ROOM,183A,WOODLANDS ST 13,16 TO 18,113.0,Improved,2019,94 years 08 months,788000.0
2024-02-01,WOODLANDS,5 ROOM,410,WOODLANDS ST 41,10 TO 12,138.0,Model A,1996,71 years 01 month,650000.0
2024-02-01,WOODLANDS,5 ROOM,881,WOODLANDS ST 82,04 TO 06,123.0,Improved,1996,71 years 05 months,580000.0
2024-02-01,WOODLANDS,5 ROOM,879,WOODLANDS ST 82,10 TO 12,123.0,Improved,1996,71 years 05 months,620000.0
2024-02-01,WOODLANDS,EXECUTIVE,116,MARSILING RISE,01 TO 03,170.0,Apartment,1995,70 years 02 months,870000.0
2024-02-01,WOODLANDS,EXECUTIVE,356,WOODLANDS AVE 5,01 TO 03,144.0,Maisonette,1996,71 years 08 months,772888.0
2024-02-01,WOODLANDS,EXECUTIVE,788B,WOODLANDS CRES,10 TO 12,143.0,Maisonette,1999,74 years 02 months,818000.0
2024-02-01,WOODLANDS,EXECUTIVE,587,WOODLANDS DR 16,07 TO 09,131.0,Apartment,2001,76 years 05 months,748000.0
2024-02-01,WOODLANDS,EXECUTIVE,893A,WOODLANDS DR 50,10 TO 12,144.0,Maisonette,1996,71 years 08 months,843000.0
2024-02-01,WOODLANDS,EXECUTIVE,797,WOODLANDS DR 72,04 TO 06,144.0,Maisonette,1997,72 years 09 months,784000.0
2024-02-01,WOODLANDS,EXECUTIVE,636,WOODLANDS RING RD,01 TO 03,142.0,Maisonette,1999,74 years 08 months,790000.0
2024-02-01,WOODLANDS,EXECUTIVE,647,WOODLANDS RING RD,04 TO 06,141.0,Apartment,1998,73 years 07 months,800000.0
2024-02-01,WOODLANDS,EXECUTIVE,646,WOODLANDS RING RD,01 TO 03,143.0,Maisonette,1998,73 years 07 months,770000.0
2024-02-01,WOODLANDS,EXECUTIVE,658,WOODLANDS RING RD,04 TO 06,141.0,Apartment,1998,73 years 02 months,750000.0
2024-02-01,WOODLANDS,EXECUTIVE,303,WOODLANDS ST 31,04 TO 06,150.0,Apartment,1993,67 years 11 months,860000.0
2024-02-01,WOODLANDS,EXECUTIVE,325,WOODLANDS ST 32,07 TO 09,163.0,Apartment,1995,70 years,880000.0
2024-02-01,WOODLANDS,EXECUTIVE,328,WOODLANDS ST 32,10 TO 12,163.0,Apartment,1994,69 years 03 months,958000.0
2024-02-01,WOODLANDS,EXECUTIVE,326,WOODLANDS ST 32,01 TO 03,163.0,Apartment,1995,69 years 11 months,885000.0
2024-02-01,WOODLANDS,EXECUTIVE,405,WOODLANDS ST 41,10 TO 12,176.0,Apartment,1995,70 years 07 months,940000.0
2024-02-01,WOODLANDS,EXECUTIVE,805,WOODLANDS ST 81,07 TO 09,147.0,Apartment,1994,69 years,848000.0
2024-02-01,WOODLANDS,EXECUTIVE,849,WOODLANDS ST 82,10 TO 12,176.0,Apartment,1995,70 years 05 months,1038000.0
2024-02-01,WOODLANDS,EXECUTIVE,867,WOODLANDS ST 83,07 TO 09,145.0,Apartment,1996,71 years 01 month,800000.0
2024-02-01,YISHUN,2 ROOM,459,YISHUN AVE 11,07 TO 09,48.0,Model A,2013,88 years 07 months,315000.0
2024-02-01,YISHUN,2 ROOM,675A,YISHUN AVE 4,07 TO 09,38.0,2-room,2018,93 years 10 months,320000.0
2024-02-01,YISHUN,2 ROOM,675C,YISHUN AVE 4,01 TO 03,47.0,Model A,2018,93 years 10 months,320000.0
2024-02-01,YISHUN,2 ROOM,675B,YISHUN AVE 4,13 TO 15,47.0,2-room,2018,93 years 10 months,345000.0
2024-02-01,YISHUN,2 ROOM,462C,YISHUN AVE 6,04 TO 06,38.0,Model A,2019,94 years 07 months,320000.0
2024-02-01,YISHUN,2 ROOM,676A,YISHUN RING RD,10 TO 12,38.0,Model A,2018,93 years 10 months,325888.0
2024-02-01,YISHUN,2 ROOM,677A,YISHUN RING RD,04 TO 06,47.0,2-room,2018,93 years 08 months,346000.0
2024-02-01,YISHUN,2 ROOM,469A,YISHUN ST 43,10 TO 12,47.0,Model A,2019,94 years 10 months,365000.0
2024-02-01,YISHUN,2 ROOM,469B,YISHUN ST 43,10 TO 12,38.0,Model A,2019,94 years 10 months,335000.0
2024-02-01,YISHUN,2 ROOM,469A,YISHUN ST 43,10 TO 12,47.0,Model A,2019,94 years 10 months,355000.0
2024-02-01,YISHUN,3 ROOM,431C,YISHUN AVE 1,04 TO 06,67.0,Model A,2015,90 years 08 months,430000.0
2024-02-01,YISHUN,3 ROOM,348B,YISHUN AVE 11,07 TO 09,67.0,DBSS,2013,88 years 08 months,528888.0
2024-02-01,YISHUN,3 ROOM,348D,YISHUN AVE 11,04 TO 06,67.0,DBSS,2013,88 years 08 months,512000.0
2024-02-01,YISHUN,3 ROOM,675D,YISHUN AVE 4,07 TO 09,68.0,Model A,2018,93 years 11 months,458000.0
2024-02-01,YISHUN,3 ROOM,673C,YISHUN AVE 4,07 TO 09,68.0,Model A,2018,93 years 09 months,448000.0
2024-02-01,YISHUN,3 ROOM,708,YISHUN AVE 5,04 TO 06,67.0,New Generation,1984,59 years 05 months,378000.0
2024-02-01,YISHUN,3 ROOM,739,YISHUN AVE 5,04 TO 06,67.0,New Generation,1985,60 years 06 months,395000.0
2024-02-01,YISHUN,3 ROOM,707,YISHUN AVE 5,04 TO 06,68.0,New Generation,1984,59 years 04 months,388000.0
2024-02-01,YISHUN,3 ROOM,734,YISHUN AVE 5,07 TO 09,67.0,New Generation,1985,60 years,415000.0
2024-02-01,YISHUN,3 ROOM,703,YISHUN AVE 5,04 TO 06,68.0,New Generation,1984,58 years 11 months,380000.0
2024-02-01,YISHUN,3 ROOM,703,YISHUN AVE 5,07 TO 09,68.0,New Generation,1984,58 years 11 months,388000.0
2024-02-01,YISHUN,3 ROOM,462A,YISHUN AVE 6,07 TO 09,68.0,Model A,2019,94 years 07 months,445000.0
2024-02-01,YISHUN,3 ROOM,462B,YISHUN AVE 6,01 TO 03,68.0,Model A,2019,94 years 06 months,430000.0
2024-02-01,YISHUN,3 ROOM,303,YISHUN CTRL,07 TO 09,74.0,Model A,1988,63 years 10 months,408000.0
2024-02-01,YISHUN,3 ROOM,303,YISHUN CTRL,10 TO 12,74.0,Model A,1988,63 years 10 months,430000.0
2024-02-01,YISHUN,3 ROOM,113,YISHUN RING RD,04 TO 06,64.0,Simplified,1986,61 years 03 months,380000.0
2024-02-01,YISHUN,3 ROOM,363,YISHUN RING RD,04 TO 06,74.0,Model A,1988,63 years 11 months,355000.0
2024-02-01,YISHUN,3 ROOM,111,YISHUN RING RD,10 TO 12,68.0,New Generation,1982,57 years 05 months,405000.0
2024-02-01,YISHUN,3 ROOM,110,YISHUN RING RD,04 TO 06,64.0,Simplified,1986,61 years 01 month,360000.0
2024-02-01,YISHUN,3 ROOM,117,YISHUN RING RD,07 TO 09,74.0,Model A,1983,58 years 05 months,393000.0
2024-02-01,YISHUN,3 ROOM,145,YISHUN ST 11,10 TO 12,67.0,New Generation,1985,60 years 04 months,410000.0
2024-02-01,YISHUN,3 ROOM,152,YISHUN ST 11,01 TO 03,82.0,New Generation,1985,60 years 03 months,430000.0
2024-02-01,YISHUN,3 ROOM,124,YISHUN ST 11,04 TO 06,67.0,New Generation,1985,60 years 07 months,355000.0
2024-02-01,YISHUN,3 ROOM,124,YISHUN ST 11,10 TO 12,67.0,New Generation,1985,60 years 07 months,372000.0
2024-02-01,YISHUN,3 ROOM,125,YISHUN ST 11,07 TO 09,67.0,New Generation,1984,59 years 11 months,370000.0
2024-02-01,YISHUN,3 ROOM,211,YISHUN ST 21,01 TO 03,67.0,New Generation,1985,60 years 08 months,380000.0
2024-02-01,YISHUN,3 ROOM,273,YISHUN ST 22,07 TO 09,74.0,Model A,1986,61 years 06 months,378000.0
2024-02-01,YISHUN,3 ROOM,335B,YISHUN ST 31,07 TO 09,67.0,Model A,2015,90 years 10 months,430000.0
2024-02-01,YISHUN,3 ROOM,455,YISHUN ST 41,07 TO 09,67.0,Model A,2013,88 years 07 months,418000.0
2024-02-01,YISHUN,3 ROOM,468A,YISHUN ST 43,01 TO 03,67.0,Model A,2019,94 years 11 months,420000.0
2024-02-01,YISHUN,3 ROOM,468A,YISHUN ST 43,01 TO 03,67.0,Model A,2019,94 years 10 months,413000.0
2024-02-01,YISHUN,3 ROOM,513A,YISHUN ST 51,01 TO 03,68.0,Model A,2018,93 years 01 month,440000.0
2024-02-01,YISHUN,3 ROOM,502A,YISHUN ST 51,01 TO 03,67.0,Model A,2018,92 years 11 months,438000.0
2024-02-01,YISHUN,3 ROOM,513A,YISHUN ST 51,07 TO 09,68.0,Model A,2018,93 years 01 month,455000.0
2024-02-01,YISHUN,3 ROOM,637A,YISHUN ST 61,04 TO 06,64.0,Simplified,1992,67 years 05 months,392000.0
2024-02-01,YISHUN,3 ROOM,725,YISHUN ST 71,04 TO 06,64.0,Simplified,1987,62 years 09 months,375000.0
2024-02-01,YISHUN,3 ROOM,714,YISHUN ST 71,10 TO 12,64.0,Simplified,1988,63 years 02 months,380000.0
2024-02-01,YISHUN,3 ROOM,746,YISHUN ST 72,07 TO 09,67.0,New Generation,1984,59 years 10 months,409888.0
2024-02-01,YISHUN,3 ROOM,830,YISHUN ST 81,04 TO 06,73.0,Model A,1988,63 years 04 months,420000.0
2024-02-01,YISHUN,4 ROOM,431B,YISHUN AVE 1,04 TO 06,92.0,Model A,2015,90 years 07 months,510000.0
2024-02-01,YISHUN,4 ROOM,445,YISHUN AVE 11,10 TO 12,97.0,Model A,2012,87 years 06 months,590000.0
2024-02-01,YISHUN,4 ROOM,416,YISHUN AVE 11,04 TO 06,104.0,Model A,1993,67 years 11 months,478000.0
2024-02-01,YISHUN,4 ROOM,347B,YISHUN AVE 11,13 TO 15,92.0,DBSS,2013,88 years 09 months,720000.0
2024-02-01,YISHUN,4 ROOM,348A,YISHUN AVE 11,13 TO 15,92.0,DBSS,2013,88 years 08 months,730000.0
2024-02-01,YISHUN,4 ROOM,347B,YISHUN AVE 11,10 TO 12,92.0,DBSS,2013,88 years 08 months,750000.0
2024-02-01,YISHUN,4 ROOM,426C,YISHUN AVE 11,10 TO 12,92.0,Model A,2015,90 years 01 month,548000.0
2024-02-01,YISHUN,4 ROOM,443,YISHUN AVE 11,04 TO 06,96.0,Model A,2012,87 years 05 months,555000.0
2024-02-01,YISHUN,4 ROOM,458,YISHUN AVE 11,01 TO 03,93.0,Model A,2013,88 years 07 months,508000.0
2024-02-01,YISHUN,4 ROOM,446,YISHUN AVE 11,01 TO 03,92.0,Model A,2012,87 years 05 months,548888.0
2024-02-01,YISHUN,4 ROOM,785,YISHUN AVE 2,04 TO 06,84.0,Simplified,1988,63 years 04 months,465000.0
2024-02-01,YISHUN,4 ROOM,766,YISHUN AVE 3,04 TO 06,84.0,Simplified,1985,60 years 07 months,465000.0
2024-02-01,YISHUN,4 ROOM,673A,YISHUN AVE 4,07 TO 09,93.0,Model A,2018,93 years 11 months,573000.0
2024-02-01,YISHUN,4 ROOM,509B,YISHUN AVE 4,10 TO 12,93.0,Model A,2018,93 years 03 months,583000.0
2024-02-01,YISHUN,4 ROOM,507A,YISHUN AVE 4,13 TO 15,93.0,Model A,2018,93 years 02 months,600000.0
2024-02-01,YISHUN,4 ROOM,508B,YISHUN AVE 4,13 TO 15,93.0,Model A,2018,93 years 03 months,610000.0
2024-02-01,YISHUN,4 ROOM,672B,YISHUN AVE 4,01 TO 03,93.0,Model A,2018,93 years,510000.0
2024-02-01,YISHUN,4 ROOM,462B,YISHUN AVE 6,01 TO 03,93.0,Model A,2019,94 years 07 months,515000.0
2024-02-01,YISHUN,4 ROOM,404,YISHUN AVE 6,01 TO 03,104.0,Model A,1988,63 years 08 months,475000.0
2024-02-01,YISHUN,4 ROOM,283,YISHUN AVE 6,01 TO 03,104.0,Model A,1985,60 years 09 months,460000.0
2024-02-01,YISHUN,4 ROOM,462B,YISHUN AVE 6,01 TO 03,93.0,Model A,2019,94 years 07 months,525000.0
2024-02-01,YISHUN,4 ROOM,408,YISHUN AVE 6,10 TO 12,84.0,Simplified,1988,63 years 06 months,438888.0
2024-02-01,YISHUN,4 ROOM,462B,YISHUN AVE 6,04 TO 06,93.0,Model A,2019,94 years 06 months,580000.0
2024-02-01,YISHUN,4 ROOM,462A,YISHUN AVE 6,07 TO 09,93.0,Model A,2019,94 years 07 months,550000.0
2024-02-01,YISHUN,4 ROOM,286,YISHUN AVE 6,07 TO 09,105.0,Model A,1987,62 years 06 months,480000.0
2024-02-01,YISHUN,4 ROOM,462A,YISHUN AVE 6,04 TO 06,93.0,Model A,2019,94 years 07 months,551000.0
2024-02-01,YISHUN,4 ROOM,433,YISHUN AVE 6,01 TO 03,84.0,Simplified,1988,63 years 06 months,415000.0
2024-02-01,YISHUN,4 ROOM,171,YISHUN AVE 7,04 TO 06,103.0,Model A,1988,63 years 08 months,461000.0
2024-02-01,YISHUN,4 ROOM,249,YISHUN AVE 9,10 TO 12,84.0,Simplified,1985,60 years 06 months,440888.0
2024-02-01,YISHUN,4 ROOM,315A,YISHUN AVE 9,10 TO 12,92.0,Model A,2015,90 years 09 months,565000.0
2024-02-01,YISHUN,4 ROOM,250,YISHUN AVE 9,04 TO 06,84.0,Simplified,1985,60 years 03 months,425000.0
2024-02-01,YISHUN,4 ROOM,677B,YISHUN RING RD,10 TO 12,93.0,Model A,2018,93 years 09 months,638000.0
2024-02-01,YISHUN,4 ROOM,110,YISHUN RING RD,04 TO 06,84.0,Simplified,1986,61 years 03 months,435000.0
2024-02-01,YISHUN,4 ROOM,804,YISHUN RING RD,07 TO 09,84.0,Simplified,1987,62 years 01 month,499000.0
2024-02-01,YISHUN,4 ROOM,139,YISHUN RING RD,04 TO 06,93.0,New Generation,1984,59 years 08 months,480000.0
2024-02-01,YISHUN,4 ROOM,243,YISHUN RING RD,04 TO 06,104.0,Model A,1985,60 years 08 months,522000.0
2024-02-01,YISHUN,4 ROOM,236,YISHUN RING RD,04 TO 06,96.0,New Generation,1985,60 years 08 months,470000.0
2024-02-01,YISHUN,4 ROOM,854,YISHUN RING RD,10 TO 12,109.0,Model A,1988,63 years 08 months,570000.0
2024-02-01,YISHUN,4 ROOM,410,YISHUN RING RD,10 TO 12,104.0,Model A,1988,63 years 07 months,500000.0
2024-02-01,YISHUN,4 ROOM,448,YISHUN RING RD,04 TO 06,92.0,Model A,2012,87 years 06 months,536000.0
2024-02-01,YISHUN,4 ROOM,311,YISHUN RING RD,10 TO 12,84.0,Simplified,1987,62 years 03 months,435000.0
2024-02-01,YISHUN,4 ROOM,327,YISHUN RING RD,10 TO 12,84.0,Simplified,1988,63 years 03 months,455000.0
2024-02-01,YISHUN,4 ROOM,122,YISHUN ST 11,07 TO 09,91.0,New Generation,1984,59 years 10 months,490000.0
2024-02-01,YISHUN,4 ROOM,122,YISHUN ST 11,07 TO 09,91.0,New Generation,1984,59 years 10 months,475000.0
2024-02-01,YISHUN,4 ROOM,278,YISHUN ST 22,10 TO 12,104.0,Model A,1985,60 years 08 months,550000.0
2024-02-01,YISHUN,4 ROOM,334B,YISHUN ST 31,13 TO 15,92.0,Model A,2015,90 years 10 months,565000.0
2024-02-01,YISHUN,4 ROOM,335C,YISHUN ST 31,13 TO 15,92.0,Model A,2015,90 years 09 months,555000.0
2024-02-01,YISHUN,4 ROOM,469B,YISHUN ST 43,07 TO 09,93.0,Model A,2019,94 years 10 months,545555.0
2024-02-01,YISHUN,4 ROOM,469B,YISHUN ST 43,07 TO 09,93.0,Model A,2019,94 years 10 months,550000.0
2024-02-01,YISHUN,4 ROOM,468A,YISHUN ST 43,07 TO 09,93.0,Model A,2019,94 years 10 months,570000.0
2024-02-01,YISHUN,4 ROOM,505D,YISHUN ST 51,07 TO 09,93.0,Model A,2016,91 years 02 months,537000.0
2024-02-01,YISHUN,4 ROOM,512A,YISHUN ST 51,10 TO 12,93.0,Model A,2017,92 years 08 months,568000.0
2024-02-01,YISHUN,4 ROOM,511A,YISHUN ST 51,07 TO 09,93.0,Model A,2017,92 years 07 months,555000.0
2024-02-01,YISHUN,4 ROOM,512A,YISHUN ST 51,04 TO 06,93.0,Model A,2017,92 years 06 months,510000.0
2024-02-01,YISHUN,4 ROOM,502A,YISHUN ST 51,04 TO 06,92.0,Model A,2018,93 years,590000.0
2024-02-01,YISHUN,4 ROOM,645,YISHUN ST 61,01 TO 03,91.0,New Generation,1992,67 years 05 months,475000.0
2024-02-01,YISHUN,4 ROOM,603,YISHUN ST 61,07 TO 09,83.0,Simplified,1987,62 years,460000.0
2024-02-01,YISHUN,4 ROOM,756,YISHUN ST 72,07 TO 09,84.0,Simplified,1985,60 years 10 months,455000.0
2024-02-01,YISHUN,4 ROOM,866,YISHUN ST 81,01 TO 03,104.0,Model A,1988,63 years 01 month,483000.0
2024-02-01,YISHUN,4 ROOM,825,YISHUN ST 81,07 TO 09,103.0,Model A,1988,63 years 08 months,570000.0
2024-02-01,YISHUN,5 ROOM,431A,YISHUN AVE 1,10 TO 12,112.0,Improved,2015,90 years 08 months,620000.0
2024-02-01,YISHUN,5 ROOM,428A,YISHUN AVE 11,07 TO 09,112.0,Improved,2015,90 years 02 months,650000.0
2024-02-01,YISHUN,5 ROOM,673A,YISHUN AVE 4,04 TO 06,112.0,Improved,2018,93 years 10 months,678000.0
2024-02-01,YISHUN,5 ROOM,651,YISHUN AVE 4,07 TO 09,121.0,Improved,1987,62 years 08 months,648000.0
2024-02-01,YISHUN,5 ROOM,342A,YISHUN RING RD,13 TO 15,117.0,Premium Apartment,2016,91 years 01 month,740000.0
2024-02-01,YISHUN,5 ROOM,240,YISHUN RING RD,01 TO 03,122.0,Improved,1985,60 years 06 months,530000.0
2024-02-01,YISHUN,5 ROOM,115A,YISHUN RING RD,04 TO 06,110.0,Improved,2001,76 years 05 months,590000.0
2024-02-01,YISHUN,5 ROOM,120,YISHUN RING RD,10 TO 12,122.0,Improved,1986,61 years 02 months,600000.0
2024-02-01,YISHUN,5 ROOM,159,YISHUN ST 11,04 TO 06,126.0,Improved,1985,60 years 03 months,580000.0
2024-02-01,YISHUN,5 ROOM,209,YISHUN ST 21,01 TO 03,121.0,Improved,1985,60 years 04 months,612000.0
2024-02-01,YISHUN,5 ROOM,212,YISHUN ST 21,10 TO 12,121.0,Improved,1985,60 years 02 months,630000.0
2024-02-01,YISHUN,5 ROOM,335C,YISHUN ST 31,01 TO 03,112.0,Improved,2015,90 years 10 months,630000.0
2024-02-01,YISHUN,5 ROOM,334C,YISHUN ST 31,13 TO 15,112.0,Improved,2015,90 years 10 months,700000.0
2024-02-01,YISHUN,5 ROOM,502B,YISHUN ST 51,04 TO 06,112.0,Improved,2018,93 years 01 month,690000.0
2024-02-01,YISHUN,5 ROOM,513D,YISHUN ST 51,04 TO 06,113.0,Improved,2018,93 years 01 month,708000.0
2024-02-01,YISHUN,5 ROOM,502B,YISHUN ST 51,10 TO 12,112.0,Improved,2018,93 years,718000.0
2024-02-01,YISHUN,5 ROOM,512C,YISHUN ST 51,10 TO 12,113.0,Improved,2017,92 years 07 months,750000.0
2024-02-01,YISHUN,5 ROOM,513A,YISHUN ST 51,01 TO 03,113.0,Improved,2018,93 years 01 month,600888.0
2024-02-01,YISHUN,5 ROOM,512C,YISHUN ST 51,01 TO 03,113.0,Improved,2017,92 years 07 months,640000.0
2024-02-01,YISHUN,5 ROOM,758,YISHUN ST 72,10 TO 12,122.0,Improved,1986,61 years 10 months,700000.0
2024-02-01,YISHUN,5 ROOM,757,YISHUN ST 72,04 TO 06,121.0,Improved,1986,61 years 08 months,675000.0
2024-02-01,YISHUN,EXECUTIVE,652,YISHUN AVE 4,01 TO 03,181.0,Apartment,1992,67 years 05 months,980000.0
2024-02-01,YISHUN,EXECUTIVE,405,YISHUN AVE 6,04 TO 06,142.0,Apartment,1988,63 years 07 months,780000.0
2024-02-01,YISHUN,EXECUTIVE,325,YISHUN CTRL,04 TO 06,146.0,Maisonette,1988,63 years 10 months,860000.0
2024-02-01,YISHUN,EXECUTIVE,387,YISHUN RING RD,04 TO 06,142.0,Apartment,1988,63 years 05 months,820000.0
2024-02-01,YISHUN,EXECUTIVE,355,YISHUN RING RD,01 TO 03,154.0,Maisonette,1988,63 years 10 months,850000.0
2024-02-01,YISHUN,EXECUTIVE,606,YISHUN ST 61,10 TO 12,142.0,Apartment,1987,62 years 11 months,795000.0
2024-02-01,YISHUN,EXECUTIVE,614,YISHUN ST 61,07 TO 09,142.0,Apartment,1987,62 years 03 months,800000.0
2024-02-01,YISHUN,EXECUTIVE,824,YISHUN ST 81,07 TO 09,146.0,Maisonette,1987,62 years 10 months,935000.0
2024-02-01,YISHUN,EXECUTIVE,826,YISHUN ST 81,04 TO 06,146.0,Maisonette,1988,62 years 11 months,908000.0
2024-02-01,YISHUN,EXECUTIVE,826,YISHUN ST 81,01 TO 03,146.0,Maisonette,1988,63 years,800000.0
2024-02-01,YISHUN,MULTI-GENERATION,666,YISHUN AVE 4,04 TO 06,164.0,Multi Generation,1987,62 years 11 months,998000.0
2024-03-01,ANG MO KIO,2 ROOM,172,ANG MO KIO AVE 4,01 TO 03,45.0,Improved,1986,60 years 11 months,300000.0
2024-03-01,ANG MO KIO,3 ROOM,308B,ANG MO KIO AVE 1,10 TO 12,70.0,Model A,2012,87 years 07 months,598000.0
2024-03-01,ANG MO KIO,3 ROOM,321,ANG MO KIO AVE 1,07 TO 09,73.0,New Generation,1977,52 years 02 months,415000.0
2024-03-01,ANG MO KIO,3 ROOM,307C,ANG MO KIO AVE 1,10 TO 12,70.0,Model A,2012,87 years 07 months,601888.0
2024-03-01,ANG MO KIO,3 ROOM,549,ANG MO KIO AVE 10,04 TO 06,68.0,New Generation,1981,55 years 11 months,380000.0
2024-03-01,ANG MO KIO,3 ROOM,474,ANG MO KIO AVE 10,07 TO 09,67.0,New Generation,1984,59 years,405000.0
2024-03-01,ANG MO KIO,3 ROOM,576,ANG MO KIO AVE 10,13 TO 15,67.0,New Generation,1980,54 years 11 months,438000.0
2024-03-01,ANG MO KIO,3 ROOM,542,ANG MO KIO AVE 10,01 TO 03,68.0,New Generation,1981,56 years,365000.0
2024-03-01,ANG MO KIO,3 ROOM,577,ANG MO KIO AVE 10,13 TO 15,67.0,New Generation,1980,54 years 11 months,390000.0
2024-03-01,ANG MO KIO,3 ROOM,578,ANG MO KIO AVE 10,01 TO 03,82.0,New Generation,1980,54 years 11 months,450000.0
2024-03-01,ANG MO KIO,3 ROOM,441,ANG MO KIO AVE 10,01 TO 03,67.0,New Generation,1979,53 years 11 months,360000.0
2024-03-01,ANG MO KIO,3 ROOM,542,ANG MO KIO AVE 10,01 TO 03,68.0,New Generation,1981,55 years 11 months,388000.0
2024-03-01,ANG MO KIO,3 ROOM,576,ANG MO KIO AVE 10,07 TO 09,81.0,New Generation,1980,54 years 11 months,446888.0
2024-03-01,ANG MO KIO,3 ROOM,416,ANG MO KIO AVE 10,10 TO 12,74.0,New Generation,1979,54 years 05 months,422000.0
2024-03-01,ANG MO KIO,3 ROOM,346,ANG MO KIO AVE 3,01 TO 03,73.0,New Generation,1978,53 years 02 months,380000.0
2024-03-01,ANG MO KIO,3 ROOM,212,ANG MO KIO AVE 3,07 TO 09,67.0,New Generation,1977,52 years 02 months,385000.0
2024-03-01,ANG MO KIO,3 ROOM,202,ANG MO KIO AVE 3,07 TO 09,67.0,New Generation,1977,52 years 02 months,420000.0
2024-03-01,ANG MO KIO,3 ROOM,121,ANG MO KIO AVE 3,07 TO 09,67.0,New Generation,1978,53 years 08 months,375000.0
2024-03-01,ANG MO KIO,3 ROOM,211,ANG MO KIO AVE 3,04 TO 06,67.0,New Generation,1977,52 years 02 months,388000.0
2024-03-01,ANG MO KIO,3 ROOM,328,ANG MO KIO AVE 3,10 TO 12,73.0,New Generation,1978,53 years 07 months,430000.0
2024-03-01,ANG MO KIO,3 ROOM,302,ANG MO KIO AVE 3,04 TO 06,73.0,New Generation,1978,53 years 01 month,400000.0
2024-03-01,ANG MO KIO,3 ROOM,422,ANG MO KIO AVE 3,04 TO 06,73.0,New Generation,1979,53 years 11 months,425000.0
2024-03-01,ANG MO KIO,3 ROOM,328,ANG MO KIO AVE 3,07 TO 09,88.0,New Generation,1978,53 years 06 months,442000.0
2024-03-01,ANG MO KIO,3 ROOM,117,ANG MO KIO AVE 4,01 TO 03,74.0,New Generation,1978,53 years 04 months,350000.0
2024-03-01,ANG MO KIO,3 ROOM,255,ANG MO KIO AVE 4,10 TO 12,73.0,New Generation,1977,52 years 05 months,465000.0
2024-03-01,ANG MO KIO,3 ROOM,170,ANG MO KIO AVE 4,04 TO 06,60.0,Improved,1986,60 years 11 months,350000.0
2024-03-01,ANG MO KIO,3 ROOM,624,ANG MO KIO AVE 4,07 TO 09,68.0,New Generation,1980,55 years 07 months,385500.0
2024-03-01,ANG MO KIO,3 ROOM,114,ANG MO KIO AVE 4,07 TO 09,74.0,New Generation,1978,52 years 11 months,418000.0
2024-03-01,ANG MO KIO,3 ROOM,170,ANG MO KIO AVE 4,10 TO 12,69.0,Improved,1986,60 years 10 months,470000.0
2024-03-01,ANG MO KIO,3 ROOM,605,ANG MO KIO AVE 5,04 TO 06,67.0,New Generation,1980,55 years 04 months,365000.0
2024-03-01,ANG MO KIO,3 ROOM,649,ANG MO KIO AVE 5,07 TO 09,75.0,New Generation,1980,55 years 09 months,438888.0
2024-03-01,ANG MO KIO,3 ROOM,154,ANG MO KIO AVE 5,01 TO 03,68.0,New Generation,1981,55 years 11 months,360888.0
2024-03-01,ANG MO KIO,3 ROOM,643,ANG MO KIO AVE 5,07 TO 09,89.0,New Generation,1980,55 years 09 months,460000.0
2024-03-01,ANG MO KIO,3 ROOM,601,ANG MO KIO AVE 5,07 TO 09,82.0,New Generation,1980,55 years 03 months,423000.0
2024-03-01,ANG MO KIO,3 ROOM,150,ANG MO KIO AVE 5,04 TO 06,68.0,New Generation,1981,55 years 11 months,375000.0
2024-03-01,ANG MO KIO,3 ROOM,635,ANG MO KIO AVE 6,10 TO 12,68.0,New Generation,1980,55 years 07 months,390000.0
2024-03-01,ANG MO KIO,3 ROOM,639,ANG MO KIO AVE 6,04 TO 06,68.0,New Generation,1980,55 years 07 months,385000.0
2024-03-01,ANG MO KIO,3 ROOM,512,ANG MO KIO AVE 8,07 TO 09,68.0,New Generation,1980,55 years 06 months,405000.0
2024-03-01,ANG MO KIO,3 ROOM,513,ANG MO KIO AVE 8,07 TO 09,67.0,New Generation,1984,59 years 06 months,420000.0
2024-03-01,ANG MO KIO,3 ROOM,455C,ANG MO KIO ST 44,01 TO 03,68.0,Model A,2018,93 years 01 month,485000.0
2024-03-01,ANG MO KIO,3 ROOM,455A,ANG MO KIO ST 44,13 TO 15,68.0,Model A,2018,93 years 01 month,625000.0
2024-03-01,ANG MO KIO,3 ROOM,590A,ANG MO KIO ST 51,10 TO 12,68.0,Model A,2019,94 years,705000.0
2024-03-01,ANG MO KIO,4 ROOM,226,ANG MO KIO AVE 1,10 TO 12,91.0,New Generation,1978,52 years 11 months,530000.0
2024-03-01,ANG MO KIO,4 ROOM,218,ANG MO KIO AVE 1,04 TO 06,82.0,New Generation,1976,51 years 03 months,525888.0
2024-03-01,ANG MO KIO,4 ROOM,438,ANG MO KIO AVE 10,01 TO 03,92.0,New Generation,1979,53 years 11 months,470000.0
2024-03-01,ANG MO KIO,4 ROOM,329,ANG MO KIO AVE 3,07 TO 09,98.0,New Generation,1978,52 years 11 months,588000.0
2024-03-01,ANG MO KIO,4 ROOM,231,ANG MO KIO AVE 3,07 TO 09,92.0,New Generation,1977,52 years 06 months,550000.0
2024-03-01,ANG MO KIO,4 ROOM,328,ANG MO KIO AVE 3,07 TO 09,98.0,New Generation,1978,53 years 06 months,560000.0
2024-03-01,ANG MO KIO,4 ROOM,610,ANG MO KIO AVE 4,10 TO 12,95.0,New Generation,1980,55 years 09 months,501888.0
2024-03-01,ANG MO KIO,4 ROOM,619,ANG MO KIO AVE 4,07 TO 09,107.0,Model A,1996,71 years 03 months,660000.0
2024-03-01,ANG MO KIO,4 ROOM,254,ANG MO KIO AVE 4,01 TO 03,97.0,New Generation,1977,52 years 05 months,470000.0
2024-03-01,ANG MO KIO,4 ROOM,612,ANG MO KIO AVE 4,01 TO 03,91.0,New Generation,1980,55 years 06 months,462000.0
2024-03-01,ANG MO KIO,4 ROOM,606,ANG MO KIO AVE 5,04 TO 06,91.0,New Generation,1980,55 years 04 months,525000.0
2024-03-01,ANG MO KIO,4 ROOM,511,ANG MO KIO AVE 8,07 TO 09,91.0,New Generation,1980,55 years 06 months,533000.0
2024-03-01,ANG MO KIO,4 ROOM,505,ANG MO KIO AVE 8,01 TO 03,93.0,New Generation,1980,55 years 06 months,495000.0
2024-03-01,ANG MO KIO,4 ROOM,513,ANG MO KIO AVE 8,07 TO 09,93.0,New Generation,1984,59 years 06 months,578888.0
2024-03-01,ANG MO KIO,4 ROOM,620,ANG MO KIO AVE 9,10 TO 12,100.0,New Generation,1980,55 years 07 months,588000.0
2024-03-01,ANG MO KIO,4 ROOM,315B,ANG MO KIO ST 31,07 TO 09,95.0,Model A,2006,80 years 11 months,770000.0
2024-03-01,ANG MO KIO,4 ROOM,455C,ANG MO KIO ST 44,19 TO 21,93.0,Model A,2018,93 years 01 month,955000.0
2024-03-01,ANG MO KIO,4 ROOM,591A,ANG MO KIO ST 51,04 TO 06,93.0,Model A,2019,93 years 11 months,880000.0
2024-03-01,ANG MO KIO,4 ROOM,588A,ANG MO KIO ST 52,16 TO 18,90.0,DBSS,2011,86 years 06 months,910000.0
2024-03-01,ANG MO KIO,4 ROOM,588C,ANG MO KIO ST 52,19 TO 21,90.0,DBSS,2011,86 years 05 months,930000.0
2024-03-01,ANG MO KIO,5 ROOM,222,ANG MO KIO AVE 1,01 TO 03,126.0,Improved,1993,68 years 02 months,730723.0
2024-03-01,ANG MO KIO,5 ROOM,460,ANG MO KIO AVE 10,16 TO 18,120.0,Improved,1980,54 years 11 months,680000.0
2024-03-01,ANG MO KIO,5 ROOM,551,ANG MO KIO AVE 10,01 TO 03,118.0,Improved,1981,55 years 11 months,615000.0
2024-03-01,ANG MO KIO,5 ROOM,259,ANG MO KIO AVE 2,22 TO 24,135.0,Model A,1982,57 years 02 months,970000.0
2024-03-01,ANG MO KIO,5 ROOM,648,ANG MO KIO AVE 5,07 TO 09,121.0,Improved,1980,55 years 09 months,720000.0
2024-03-01,ANG MO KIO,5 ROOM,648,ANG MO KIO AVE 5,01 TO 03,121.0,Improved,1980,55 years 09 months,653888.0
2024-03-01,ANG MO KIO,5 ROOM,501,ANG MO KIO AVE 5,07 TO 09,121.0,Improved,1981,55 years 11 months,700000.0
2024-03-01,ANG MO KIO,5 ROOM,700C,ANG MO KIO AVE 6,19 TO 21,111.0,Improved,2003,78 years 04 months,1070000.0
2024-03-01,ANG MO KIO,5 ROOM,455B,ANG MO KIO ST 44,13 TO 15,113.0,Improved,2018,93 years 01 month,1060000.0
2024-03-01,BEDOK,2 ROOM,113,BEDOK NTH ST 2,04 TO 06,44.0,Improved,1978,53 years 04 months,290000.0
2024-03-01,BEDOK,3 ROOM,521,BEDOK NTH AVE 1,01 TO 03,67.0,New Generation,1979,54 years 05 months,365000.0
2024-03-01,BEDOK,3 ROOM,549,BEDOK NTH AVE 1,01 TO 03,67.0,New Generation,1984,59 years 09 months,372000.0
2024-03-01,BEDOK,3 ROOM,549,BEDOK NTH AVE 1,04 TO 06,67.0,New Generation,1984,59 years 08 months,408000.0
2024-03-01,BEDOK,3 ROOM,520,BEDOK NTH AVE 1,01 TO 03,67.0,New Generation,1979,54 years 04 months,355000.0
2024-03-01,BEDOK,3 ROOM,416,BEDOK NTH AVE 2,04 TO 06,67.0,New Generation,1978,53 years 09 months,399000.0
2024-03-01,BEDOK,3 ROOM,418,BEDOK NTH AVE 2,07 TO 09,67.0,New Generation,1978,53 years 09 months,408000.0
2024-03-01,BEDOK,3 ROOM,136,BEDOK NTH AVE 3,01 TO 03,67.0,New Generation,1979,53 years 11 months,370000.0
2024-03-01,BEDOK,3 ROOM,401,BEDOK NTH AVE 3,01 TO 03,67.0,New Generation,1979,54 years 04 months,350000.0
2024-03-01,BEDOK,3 ROOM,105,BEDOK NTH AVE 4,07 TO 09,82.0,New Generation,1977,52 years 06 months,420000.0
2024-03-01,BEDOK,3 ROOM,102,BEDOK NTH AVE 4,10 TO 12,67.0,New Generation,1977,52 years 05 months,420000.0
2024-03-01,BEDOK,3 ROOM,103,BEDOK NTH AVE 4,04 TO 06,67.0,New Generation,1977,52 years 05 months,380000.0
2024-03-01,BEDOK,3 ROOM,74,BEDOK NTH RD,07 TO 09,59.0,Improved,1978,53 years,320000.0
2024-03-01,BEDOK,3 ROOM,116,BEDOK NTH RD,13 TO 15,73.0,New Generation,1978,53 years 03 months,418888.0
2024-03-01,BEDOK,3 ROOM,419,BEDOK NTH ST 1,10 TO 12,68.0,New Generation,1979,54 years,400000.0
2024-03-01,BEDOK,3 ROOM,419,BEDOK NTH ST 1,01 TO 03,68.0,New Generation,1979,53 years 11 months,390000.0
2024-03-01,BEDOK,3 ROOM,419,BEDOK NTH ST 1,10 TO 12,68.0,New Generation,1979,53 years 10 months,450000.0
2024-03-01,BEDOK,3 ROOM,126,BEDOK NTH ST 2,10 TO 12,67.0,New Generation,1978,53 years 03 months,380000.0
2024-03-01,BEDOK,3 ROOM,501,BEDOK NTH ST 3,13 TO 15,70.0,Improved,1978,53 years 02 months,375000.0
2024-03-01,BEDOK,3 ROOM,510,BEDOK NTH ST 3,04 TO 06,67.0,New Generation,1979,54 years 07 months,373888.0
2024-03-01,BEDOK,3 ROOM,528,BEDOK NTH ST 3,13 TO 15,82.0,New Generation,1979,54 years 05 months,465000.0
2024-03-01,BEDOK,3 ROOM,188D,BEDOK NTH ST 4,10 TO 12,68.0,Model A,2020,94 years 11 months,570000.0
2024-03-01,BEDOK,3 ROOM,704,BEDOK RESERVOIR RD,10 TO 12,68.0,New Generation,1981,56 years 05 months,410000.0
2024-03-01,BEDOK,3 ROOM,614,BEDOK RESERVOIR RD,04 TO 06,67.0,New Generation,1981,56 years 06 months,445000.0
2024-03-01,BEDOK,3 ROOM,704,BEDOK RESERVOIR RD,07 TO 09,82.0,New Generation,1981,56 years 05 months,430000.0
2024-03-01,BEDOK,3 ROOM,107,BEDOK RESERVOIR RD,04 TO 06,67.0,New Generation,1985,60 years 05 months,395000.0
2024-03-01,BEDOK,3 ROOM,3,BEDOK STH AVE 1,01 TO 03,67.0,Improved,1976,50 years 11 months,368888.0
2024-03-01,BEDOK,3 ROOM,1,BEDOK STH AVE 1,04 TO 06,59.0,Improved,1976,51 years,335000.0
2024-03-01,BEDOK,3 ROOM,23,BEDOK STH AVE 1,04 TO 06,73.0,New Generation,1977,52 years 02 months,410000.0
2024-03-01,BEDOK,3 ROOM,18,BEDOK STH RD,01 TO 03,65.0,Improved,1976,50 years 11 months,348888.0
2024-03-01,BEDOK,3 ROOM,37,CHAI CHEE AVE,10 TO 12,66.0,Improved,1983,58 years 03 months,380000.0
2024-03-01,BEDOK,3 ROOM,58,CHAI CHEE DR,10 TO 12,76.0,Model A,1983,58 years 11 months,428000.0
2024-03-01,BEDOK,3 ROOM,20,CHAI CHEE RD,10 TO 12,65.0,Improved,1972,47 years 05 months,360000.0
2024-03-01,BEDOK,3 ROOM,21,CHAI CHEE RD,10 TO 12,65.0,Improved,1972,47 years 05 months,380000.0
2024-03-01,BEDOK,3 ROOM,44,CHAI CHEE ST,07 TO 09,68.0,New Generation,1980,55 years 03 months,370000.0
2024-03-01,BEDOK,3 ROOM,59,NEW UPP CHANGI RD,01 TO 03,65.0,Improved,1978,53 years 03 months,308000.0
2024-03-01,BEDOK,3 ROOM,29,NEW UPP CHANGI RD,04 TO 06,65.0,Improved,1977,52 years 03 months,330000.0
2024-03-01,BEDOK,3 ROOM,29,NEW UPP CHANGI RD,10 TO 12,65.0,Improved,1977,52 years 03 months,360000.0
2024-03-01,BEDOK,3 ROOM,57,NEW UPP CHANGI RD,07 TO 09,60.0,Improved,1985,60 years 08 months,368000.0
2024-03-01,BEDOK,4 ROOM,219A,BEDOK CTRL,04 TO 06,94.0,Model A,2010,85 years 03 months,828888.0
2024-03-01,BEDOK,4 ROOM,423,BEDOK NTH AVE 1,10 TO 12,91.0,New Generation,1979,53 years 11 months,548800.0
2024-03-01,BEDOK,4 ROOM,418,BEDOK NTH AVE 2,07 TO 09,92.0,New Generation,1978,53 years 09 months,492000.0
2024-03-01,BEDOK,4 ROOM,512,BEDOK NTH AVE 2,04 TO 06,92.0,New Generation,1979,54 years 05 months,486000.0
2024-03-01,BEDOK,4 ROOM,518,BEDOK NTH AVE 2,10 TO 12,92.0,New Generation,1979,54 years 05 months,520000.0
2024-03-01,BEDOK,4 ROOM,402,BEDOK NTH AVE 3,04 TO 06,92.0,New Generation,1979,54 years 03 months,545000.0
2024-03-01,BEDOK,4 ROOM,121,BEDOK NTH RD,01 TO 03,92.0,New Generation,1978,53 years 02 months,432000.0
2024-03-01,BEDOK,4 ROOM,705,BEDOK NTH RD,04 TO 06,92.0,New Generation,1980,55 years 10 months,530000.0
2024-03-01,BEDOK,4 ROOM,112,BEDOK NTH RD,10 TO 12,91.0,New Generation,1978,53 years 03 months,502000.0
2024-03-01,BEDOK,4 ROOM,130,BEDOK NTH ST 2,01 TO 03,92.0,New Generation,1978,53 years 02 months,460000.0
2024-03-01,BEDOK,4 ROOM,532,BEDOK NTH ST 3,07 TO 09,101.0,New Generation,1980,54 years 11 months,490000.0
2024-03-01,BEDOK,4 ROOM,188A,BEDOK NTH ST 4,13 TO 15,93.0,Model A,2018,93 years 10 months,808000.0
2024-03-01,BEDOK,4 ROOM,188B,BEDOK NTH ST 4,04 TO 06,93.0,Model A,2018,93 years 10 months,788888.0
2024-03-01,BEDOK,4 ROOM,186B,BEDOK NTH ST 4,04 TO 06,93.0,Model A,2018,93 years 10 months,720000.0
2024-03-01,BEDOK,4 ROOM,723,BEDOK RESERVOIR RD,10 TO 12,103.0,Model A,1984,59 years 07 months,553800.0
2024-03-01,BEDOK,4 ROOM,150,BEDOK RESERVOIR RD,04 TO 06,84.0,Simplified,1988,63 years 05 months,575000.0
2024-03-01,BEDOK,4 ROOM,709,BEDOK RESERVOIR RD,01 TO 03,93.0,New Generation,1981,56 years 05 months,498000.0
2024-03-01,BEDOK,4 ROOM,140,BEDOK RESERVOIR RD,07 TO 09,84.0,Simplified,1986,61 years 07 months,500000.0
2024-03-01,BEDOK,4 ROOM,128,BEDOK RESERVOIR RD,01 TO 03,84.0,Simplified,1986,61 years 09 months,478000.0
2024-03-01,BEDOK,4 ROOM,120,BEDOK RESERVOIR RD,01 TO 03,91.0,New Generation,1985,60 years 06 months,570000.0
2024-03-01,BEDOK,4 ROOM,701,BEDOK RESERVOIR RD,01 TO 03,93.0,New Generation,1980,55 years 09 months,490000.0
2024-03-01,BEDOK,4 ROOM,767,BEDOK RESERVOIR VIEW,13 TO 15,105.0,Premium Apartment,2000,75 years 10 months,715888.0
2024-03-01,BEDOK,4 ROOM,7,BEDOK STH AVE 2,01 TO 03,82.0,Improved,1976,51 years,420000.0
2024-03-01,BEDOK,4 ROOM,41,BEDOK STH RD,10 TO 12,84.0,Improved,1977,52 years 07 months,478000.0
2024-03-01,BEDOK,4 ROOM,51,NEW UPP CHANGI RD,10 TO 12,84.0,Improved,1977,52 years 07 months,460000.0
2024-03-01,BEDOK,5 ROOM,94D,BEDOK NTH AVE 4,07 TO 09,127.0,Improved,1993,68 years 02 months,858000.0
2024-03-01,BEDOK,5 ROOM,94E,BEDOK NTH AVE 4,07 TO 09,132.0,Model A,1993,68 years 02 months,770000.0
2024-03-01,BEDOK,5 ROOM,140,BEDOK NTH ST 2,04 TO 06,120.0,Improved,1998,73 years 05 months,750000.0
2024-03-01,BEDOK,5 ROOM,187B,BEDOK NTH ST 4,19 TO 21,113.0,Improved,2018,93 years 10 months,980000.0
2024-03-01,BEDOK,5 ROOM,747B,BEDOK RESERVOIR CRES,10 TO 12,105.0,DBSS,2014,89 years 06 months,1060000.0
2024-03-01,BEDOK,5 ROOM,748A,BEDOK RESERVOIR CRES,04 TO 06,105.0,DBSS,2014,89 years 06 months,978000.0
2024-03-01,BEDOK,5 ROOM,747C,BEDOK RESERVOIR CRES,01 TO 03,109.0,DBSS,2014,89 years 06 months,960000.0
2024-03-01,BEDOK,5 ROOM,605,BEDOK RESERVOIR RD,10 TO 12,121.0,Improved,1982,57 years 03 months,618888.0
2024-03-01,BEDOK,5 ROOM,101,BEDOK RESERVOIR RD,07 TO 09,121.0,Improved,1985,60 years 05 months,600000.0
2024-03-01,BEDOK,5 ROOM,605,BEDOK RESERVOIR RD,01 TO 03,121.0,Improved,1982,57 years 03 months,565000.0
2024-03-01,BEDOK,5 ROOM,715,BEDOK RESERVOIR RD,04 TO 06,121.0,Improved,1980,55 years 09 months,623000.0
2024-03-01,BEDOK,5 ROOM,613,BEDOK RESERVOIR RD,04 TO 06,121.0,Improved,1981,56 years 02 months,610000.0
2024-03-01,BEDOK,5 ROOM,770,BEDOK RESERVOIR VIEW,04 TO 06,115.0,Premium Apartment,2000,75 years 11 months,735000.0
2024-03-01,BEDOK,5 ROOM,770,BEDOK RESERVOIR VIEW,04 TO 06,115.0,Premium Apartment,2000,75 years 10 months,700800.0
2024-03-01,BEDOK,5 ROOM,774,BEDOK RESERVOIR VIEW,13 TO 15,115.0,Premium Apartment,2000,75 years 10 months,810000.0
2024-03-01,BEDOK,5 ROOM,9,BEDOK STH AVE 2,04 TO 06,133.0,Model A,1993,68 years 02 months,862000.0
2024-03-01,BEDOK,5 ROOM,171,BEDOK STH RD,01 TO 03,122.0,Improved,1985,60 years 09 months,628888.0
2024-03-01,BEDOK,5 ROOM,11,CHAI CHEE RD,07 TO 09,120.0,Improved,2001,76 years 01 month,880000.0
2024-03-01,BEDOK,5 ROOM,53,CHAI CHEE ST,07 TO 09,121.0,Improved,1981,56 years 04 months,630000.0
2024-03-01,BEDOK,5 ROOM,670,JLN DAMAI,04 TO 06,128.0,Improved,1996,71 years 08 months,770000.0
2024-03-01,BEDOK,5 ROOM,649,JLN TENAGA,01 TO 03,124.0,Improved,1993,68 years 03 months,680000.0
2024-03-01,BEDOK,EXECUTIVE,115,BEDOK RESERVOIR RD,10 TO 12,156.0,Maisonette,1985,60 years 08 months,918000.0
2024-03-01,BEDOK,EXECUTIVE,10B,BEDOK STH AVE 2,10 TO 12,143.0,Apartment,1995,70 years 10 months,1150000.0
2024-03-01,BEDOK,EXECUTIVE,10D,BEDOK STH AVE 2,10 TO 12,145.0,Apartment,1995,70 years 11 months,1100000.0
2024-03-01,BEDOK,EXECUTIVE,29A,CHAI CHEE AVE,07 TO 09,145.0,Apartment,1996,71 years 08 months,980000.0
2024-03-01,BISHAN,3 ROOM,150A,BISHAN ST 11,04 TO 06,64.0,Simplified,1989,63 years 11 months,468000.0
2024-03-01,BISHAN,3 ROOM,304,SHUNFU RD,07 TO 09,67.0,New Generation,1985,60 years 01 month,525000.0
2024-03-01,BISHAN,3 ROOM,406,SIN MING AVE,10 TO 12,64.0,Simplified,1987,62 years 02 months,510888.0
2024-03-01,BISHAN,3 ROOM,23,SIN MING RD,01 TO 03,65.0,Improved,1973,48 years 08 months,367888.0
2024-03-01,BISHAN,4 ROOM,138,BISHAN ST 12,07 TO 09,103.0,Model A,1987,62 years 05 months,688000.0
2024-03-01,BISHAN,4 ROOM,171,BISHAN ST 13,07 TO 09,84.0,Simplified,1988,62 years 11 months,680000.0
2024-03-01,BISHAN,4 ROOM,216,BISHAN ST 23,13 TO 15,103.0,Model A,1992,67 years 02 months,830000.0
2024-03-01,BISHAN,4 ROOM,205,BISHAN ST 23,07 TO 09,114.0,Model A,1992,67 years 03 months,800888.0
2024-03-01,BISHAN,4 ROOM,286,BISHAN ST 24,13 TO 15,108.0,Model A,1992,67 years 06 months,888000.0
2024-03-01,BISHAN,4 ROOM,289,BISHAN ST 24,10 TO 12,102.0,Premium Apartment,1998,73 years 05 months,900000.0
2024-03-01,BISHAN,4 ROOM,268,BISHAN ST 24,04 TO 06,104.0,Model A,1992,67 years 06 months,685000.0
2024-03-01,BISHAN,4 ROOM,267,BISHAN ST 24,07 TO 09,111.0,Model A,1992,67 years 06 months,780000.0
2024-03-01,BISHAN,4 ROOM,271,BISHAN ST 24,01 TO 03,104.0,Model A,1992,67 years 05 months,678000.0
2024-03-01,BISHAN,4 ROOM,273A,BISHAN ST 24,16 TO 18,95.0,DBSS,2011,86 years 06 months,1062000.0
2024-03-01,BISHAN,4 ROOM,313,SHUNFU RD,01 TO 03,95.0,New Generation,1985,60 years 03 months,640000.0
2024-03-01,BISHAN,4 ROOM,445,SIN MING AVE,01 TO 03,105.0,Model A,1990,64 years 11 months,708000.0
2024-03-01,BISHAN,4 ROOM,25,SIN MING RD,04 TO 06,88.0,Improved,1974,49 years 05 months,430000.0
2024-03-01,BISHAN,5 ROOM,102,BISHAN ST 12,19 TO 21,121.0,Improved,1987,62 years,950000.0
2024-03-01,BISHAN,5 ROOM,136,BISHAN ST 12,04 TO 06,122.0,Improved,1987,62 years 08 months,860000.0
2024-03-01,BISHAN,5 ROOM,157,BISHAN ST 13,07 TO 09,131.0,Improved,1988,62 years 11 months,940000.0
2024-03-01,BISHAN,5 ROOM,183,BISHAN ST 13,10 TO 12,121.0,Improved,1987,62 years 01 month,980000.0
2024-03-01,BISHAN,5 ROOM,290,BISHAN ST 24,19 TO 21,123.0,Premium Apartment,1998,73 years 04 months,1030888.0
2024-03-01,BISHAN,5 ROOM,273B,BISHAN ST 24,04 TO 06,120.0,DBSS,2011,86 years 06 months,1320000.0
2024-03-01,BISHAN,5 ROOM,291,BISHAN ST 24,13 TO 15,123.0,Premium Apartment,1998,73 years 04 months,900000.0
2024-03-01,BISHAN,EXECUTIVE,261,BISHAN ST 22,10 TO 12,147.0,Maisonette,1992,67 years 06 months,1170000.0
2024-03-01,BUKIT BATOK,2 ROOM,292A,BT BATOK EAST AVE 6,04 TO 06,47.0,Model A,2019,93 years 10 months,330000.0
2024-03-01,BUKIT BATOK,2 ROOM,450A,BT BATOK WEST AVE 6,07 TO 09,47.0,2-room,2019,94 years 02 months,348000.0
2024-03-01,BUKIT BATOK,2 ROOM,451A,BT BATOK WEST AVE 6,01 TO 03,47.0,Model A,2019,94 years 01 month,322000.0
2024-03-01,BUKIT BATOK,2 ROOM,451A,BT BATOK WEST AVE 6,07 TO 09,47.0,Model A,2019,94 years 01 month,343000.0
2024-03-01,BUKIT BATOK,2 ROOM,438A,BT BATOK WEST AVE 8,07 TO 09,47.0,Model A,2020,95 years 01 month,315000.0
2024-03-01,BUKIT BATOK,2 ROOM,441A,BT BATOK WEST AVE 8,10 TO 12,37.0,Model A,2019,94 years 01 month,330888.0
2024-03-01,BUKIT BATOK,2 ROOM,438A,BT BATOK WEST AVE 8,07 TO 09,47.0,Model A,2020,95 years,350000.0
2024-03-01,BUKIT BATOK,2 ROOM,438B,BT BATOK WEST AVE 8,01 TO 03,38.0,Model A,2020,95 years,318000.0
2024-03-01,BUKIT BATOK,2 ROOM,438B,BT BATOK WEST AVE 8,13 TO 15,47.0,Model A,2020,95 years,358000.0
2024-03-01,BUKIT BATOK,2 ROOM,438A,BT BATOK WEST AVE 8,13 TO 15,47.0,Model A,2020,94 years 11 months,350000.0
2024-03-01,BUKIT BATOK,2 ROOM,438C,BT BATOK WEST AVE 8,01 TO 03,47.0,Model A,2020,95 years,335000.0
2024-03-01,BUKIT BATOK,2 ROOM,445B,BT BATOK WEST AVE 8,01 TO 03,47.0,Model A,2019,93 years 10 months,330000.0
2024-03-01,BUKIT BATOK,2 ROOM,448B,BT BATOK WEST AVE 9,16 TO 18,38.0,Model A,2019,94 years 02 months,340000.0
2024-03-01,BUKIT BATOK,3 ROOM,227,BT BATOK CTRL,04 TO 06,67.0,New Generation,1985,60 years 01 month,377000.0
2024-03-01,BUKIT BATOK,3 ROOM,228,BT BATOK CTRL,01 TO 03,67.0,New Generation,1985,60 years 03 months,387000.0
2024-03-01,BUKIT BATOK,3 ROOM,230,BT BATOK EAST AVE 3,07 TO 09,67.0,New Generation,1985,60 years 08 months,375000.0
2024-03-01,BUKIT BATOK,3 ROOM,267,BT BATOK EAST AVE 4,07 TO 09,64.0,Simplified,1987,61 years 11 months,368000.0
2024-03-01,BUKIT BATOK,3 ROOM,264,BT BATOK EAST AVE 4,04 TO 06,73.0,Model A,1985,60 years 01 month,370000.0
2024-03-01,BUKIT BATOK,3 ROOM,247,BT BATOK EAST AVE 5,01 TO 03,73.0,Model A,1985,60 years 01 month,360000.0
2024-03-01,BUKIT BATOK,3 ROOM,240,BT BATOK EAST AVE 5,01 TO 03,67.0,New Generation,1985,60 years 07 months,370000.0
2024-03-01,BUKIT BATOK,3 ROOM,219,BT BATOK ST 21,04 TO 06,67.0,New Generation,1985,60 years 01 month,365000.0
2024-03-01,BUKIT BATOK,3 ROOM,213,BT BATOK ST 21,01 TO 03,67.0,New Generation,1984,59 years 09 months,365000.0
2024-03-01,BUKIT BATOK,3 ROOM,296B,BT BATOK ST 22,19 TO 21,68.0,Premium Apartment,2018,93 years 01 month,520000.0
2024-03-01,BUKIT BATOK,3 ROOM,377,BT BATOK ST 31,01 TO 03,67.0,Model A,2019,94 years 02 months,467000.0
2024-03-01,BUKIT BATOK,3 ROOM,363,BT BATOK ST 31,01 TO 03,68.0,New Generation,1987,62 years 08 months,365000.0
2024-03-01,BUKIT BATOK,3 ROOM,333,BT BATOK ST 32,04 TO 06,64.0,Simplified,1987,62 years 10 months,377000.0
2024-03-01,BUKIT BATOK,3 ROOM,333,BT BATOK ST 32,10 TO 12,64.0,Simplified,1987,62 years 10 months,347000.0
2024-03-01,BUKIT BATOK,3 ROOM,342,BT BATOK ST 34,01 TO 03,64.0,Simplified,1987,62 years 10 months,342888.0
2024-03-01,BUKIT BATOK,3 ROOM,506,BT BATOK ST 52,01 TO 03,69.0,Improved,1987,62 years 05 months,340000.0
2024-03-01,BUKIT BATOK,3 ROOM,504,BT BATOK ST 52,07 TO 09,69.0,Improved,1988,63 years,380000.0
2024-03-01,BUKIT BATOK,3 ROOM,523,BT BATOK ST 52,07 TO 09,69.0,Improved,1987,62 years 03 months,395000.0
2024-03-01,BUKIT BATOK,3 ROOM,408,BT BATOK WEST AVE 4,04 TO 06,68.0,New Generation,1988,63 years 03 months,350000.0
2024-03-01,BUKIT BATOK,3 ROOM,436A,BT BATOK WEST AVE 5,04 TO 06,68.0,Model A,2020,95 years 01 month,442000.0
2024-03-01,BUKIT BATOK,3 ROOM,148,BT BATOK WEST AVE 6,07 TO 09,82.0,New Generation,1984,59 years 06 months,445000.0
2024-03-01,BUKIT BATOK,3 ROOM,148,BT BATOK WEST AVE 6,10 TO 12,68.0,New Generation,1984,59 years 06 months,378000.0
2024-03-01,BUKIT BATOK,3 ROOM,131,BT BATOK WEST AVE 6,10 TO 12,73.0,Model A,1984,59 years 11 months,408000.0
2024-03-01,BUKIT BATOK,3 ROOM,146,BT BATOK WEST AVE 6,10 TO 12,68.0,New Generation,1984,59 years 06 months,376000.0
2024-03-01,BUKIT BATOK,3 ROOM,178,BT BATOK WEST AVE 8,10 TO 12,73.0,Model A,1984,59 years 10 months,415000.0
2024-03-01,BUKIT BATOK,3 ROOM,441C,BT BATOK WEST AVE 8,04 TO 06,67.0,Model A,2019,94 years 01 month,432000.0
2024-03-01,BUKIT BATOK,3 ROOM,441A,BT BATOK WEST AVE 8,01 TO 03,67.0,Model A,2019,94 years 01 month,415000.0
2024-03-01,BUKIT BATOK,3 ROOM,438B,BT BATOK WEST AVE 8,10 TO 12,68.0,Model A,2020,94 years 11 months,475000.0
2024-03-01,BUKIT BATOK,3 ROOM,180,BT BATOK WEST AVE 8,07 TO 09,67.0,New Generation,1984,59 years 08 months,355000.0
2024-03-01,BUKIT BATOK,4 ROOM,292B,BT BATOK EAST AVE 6,22 TO 24,93.0,Model A,2019,94 years,743000.0
2024-03-01,BUKIT BATOK,4 ROOM,292C,BT BATOK EAST AVE 6,25 TO 27,92.0,Model A,2019,93 years 11 months,755000.0
2024-03-01,BUKIT BATOK,4 ROOM,163,BT BATOK ST 11,04 TO 06,105.0,Model A,1985,59 years 11 months,525000.0
2024-03-01,BUKIT BATOK,4 ROOM,210,BT BATOK ST 21,13 TO 15,104.0,Model A,1985,60 years 03 months,550000.0
2024-03-01,BUKIT BATOK,4 ROOM,293B,BT BATOK ST 21,16 TO 18,92.0,Model A,2019,93 years 11 months,725000.0
2024-03-01,BUKIT BATOK,4 ROOM,293D,BT BATOK ST 21,16 TO 18,93.0,Model A,2019,94 years,710000.0
2024-03-01,BUKIT BATOK,4 ROOM,203,BT BATOK ST 21,01 TO 03,109.0,Model A,1985,60 years 05 months,539000.0
2024-03-01,BUKIT BATOK,4 ROOM,293D,BT BATOK ST 21,07 TO 09,93.0,Model A,2019,93 years 10 months,685000.0
2024-03-01,BUKIT BATOK,4 ROOM,293D,BT BATOK ST 21,31 TO 33,93.0,Model A,2019,93 years 10 months,750000.0
2024-03-01,BUKIT BATOK,4 ROOM,213,BT BATOK ST 21,01 TO 03,93.0,New Generation,1984,59 years 10 months,485000.0
2024-03-01,BUKIT BATOK,4 ROOM,296C,BT BATOK ST 22,13 TO 15,92.0,Premium Apartment,2018,93 years 01 month,715000.0
2024-03-01,BUKIT BATOK,4 ROOM,291B,BT BATOK ST 24,16 TO 18,103.0,Model A,1998,72 years 11 months,560000.0
2024-03-01,BUKIT BATOK,4 ROOM,289F,BT BATOK ST 25,07 TO 09,92.0,Model A2,1998,73 years 05 months,503998.0
2024-03-01,BUKIT BATOK,4 ROOM,289G,BT BATOK ST 25,07 TO 09,102.0,Model A,1998,73 years 04 months,568888.0
2024-03-01,BUKIT BATOK,4 ROOM,305,BT BATOK ST 31,01 TO 03,93.0,New Generation,1985,60 years 04 months,455000.0
2024-03-01,BUKIT BATOK,4 ROOM,316,BT BATOK ST 32,07 TO 09,93.0,New Generation,1986,60 years 11 months,470000.0
2024-03-01,BUKIT BATOK,4 ROOM,417,BT BATOK WEST AVE 4,07 TO 09,103.0,Model A,1986,61 years 04 months,508000.0
2024-03-01,BUKIT BATOK,4 ROOM,436A,BT BATOK WEST AVE 5,13 TO 15,93.0,Model A,2020,95 years,625000.0
2024-03-01,BUKIT BATOK,4 ROOM,393,BT BATOK WEST AVE 5,04 TO 06,92.0,Model A,2004,79 years 09 months,497000.0
2024-03-01,BUKIT BATOK,4 ROOM,437A,BT BATOK WEST AVE 5,10 TO 12,93.0,Model A,2020,95 years,618000.0
2024-03-01,BUKIT BATOK,4 ROOM,435C,BT BATOK WEST AVE 5,07 TO 09,93.0,Model A,2020,95 years,610888.0
2024-03-01,BUKIT BATOK,4 ROOM,437A,BT BATOK WEST AVE 5,10 TO 12,93.0,Model A,2020,95 years,626000.0
2024-03-01,BUKIT BATOK,4 ROOM,450C,BT BATOK WEST AVE 6,07 TO 09,93.0,Model A,2019,94 years 01 month,600000.0
2024-03-01,BUKIT BATOK,4 ROOM,107,BT BATOK WEST AVE 6,07 TO 09,104.0,Model A,1985,60 years 01 month,550000.0
2024-03-01,BUKIT BATOK,4 ROOM,451B,BT BATOK WEST AVE 6,04 TO 06,93.0,Model A,2019,94 years 01 month,570000.0
2024-03-01,BUKIT BATOK,4 ROOM,452A,BT BATOK WEST AVE 6,04 TO 06,93.0,Model A,2019,94 years 01 month,593000.0
2024-03-01,BUKIT BATOK,4 ROOM,194A,BT BATOK WEST AVE 6,13 TO 15,92.0,Premium Apartment,2017,92 years 04 months,700000.0
2024-03-01,BUKIT BATOK,4 ROOM,451B,BT BATOK WEST AVE 6,16 TO 18,93.0,Model A,2019,94 years,658000.0
2024-03-01,BUKIT BATOK,4 ROOM,450B,BT BATOK WEST AVE 6,01 TO 03,93.0,Model A,2019,94 years 01 month,585000.0
2024-03-01,BUKIT BATOK,4 ROOM,134,BT BATOK WEST AVE 6,04 TO 06,93.0,New Generation,1984,59 years 08 months,515000.0
2024-03-01,BUKIT BATOK,4 ROOM,107,BT BATOK WEST AVE 6,04 TO 06,104.0,Model A,1985,60 years,513000.0
2024-03-01,BUKIT BATOK,4 ROOM,182,BT BATOK WEST AVE 8,07 TO 09,93.0,New Generation,1984,59 years 11 months,492000.0
2024-03-01,BUKIT BATOK,4 ROOM,439A,BT BATOK WEST AVE 8,04 TO 06,93.0,Model A,2020,95 years 01 month,608888.0
2024-03-01,BUKIT BATOK,4 ROOM,443B,BT BATOK WEST AVE 8,07 TO 09,92.0,Model A,2019,94 years 01 month,600000.0
2024-03-01,BUKIT BATOK,4 ROOM,439A,BT BATOK WEST AVE 8,10 TO 12,93.0,Model A,2020,95 years,665000.0
2024-03-01,BUKIT BATOK,4 ROOM,177,BT BATOK WEST AVE 8,01 TO 03,110.0,Model A,1985,59 years 11 months,510000.0
2024-03-01,BUKIT BATOK,4 ROOM,440B,BT BATOK WEST AVE 8,01 TO 03,92.0,Model A,2019,94 years 01 month,555000.0
2024-03-01,BUKIT BATOK,4 ROOM,445B,BT BATOK WEST AVE 8,01 TO 03,92.0,Model A,2019,93 years 11 months,555000.0
2024-03-01,BUKIT BATOK,4 ROOM,438B,BT BATOK WEST AVE 8,10 TO 12,93.0,Model A,2020,95 years 01 month,630000.0
2024-03-01,BUKIT BATOK,4 ROOM,461C,BT BATOK WEST AVE 8,07 TO 09,93.0,Model A,2019,94 years 07 months,635888.0
2024-03-01,BUKIT BATOK,4 ROOM,441B,BT BATOK WEST AVE 8,04 TO 06,92.0,Model A,2019,94 years 01 month,575888.0
2024-03-01,BUKIT BATOK,4 ROOM,439C,BT BATOK WEST AVE 8,07 TO 09,93.0,Model A,2020,95 years,628000.0
2024-03-01,BUKIT BATOK,4 ROOM,438A,BT BATOK WEST AVE 8,13 TO 15,93.0,Model A,2020,95 years,654949.0
2024-03-01,BUKIT BATOK,4 ROOM,439B,BT BATOK WEST AVE 8,13 TO 15,93.0,Model A,2020,95 years,648000.0
2024-03-01,BUKIT BATOK,4 ROOM,438C,BT BATOK WEST AVE 8,07 TO 09,93.0,Model A,2020,95 years,625000.0
2024-03-01,BUKIT BATOK,4 ROOM,461A,BT BATOK WEST AVE 8,13 TO 15,93.0,Model A,2019,94 years 07 months,665000.0
2024-03-01,BUKIT BATOK,4 ROOM,449A,BT BATOK WEST AVE 9,04 TO 06,93.0,Model A,2019,94 years 01 month,595000.0
2024-03-01,BUKIT BATOK,4 ROOM,449B,BT BATOK WEST AVE 9,10 TO 12,93.0,Model A,2019,94 years 01 month,670000.0
2024-03-01,BUKIT BATOK,4 ROOM,449A,BT BATOK WEST AVE 9,07 TO 09,93.0,Model A,2019,94 years 01 month,622000.0
2024-03-01,BUKIT BATOK,4 ROOM,449B,BT BATOK WEST AVE 9,16 TO 18,93.0,Model A,2019,94 years 02 months,660000.0
2024-03-01,BUKIT BATOK,4 ROOM,449B,BT BATOK WEST AVE 9,10 TO 12,93.0,Model A,2019,94 years,640000.0
2024-03-01,BUKIT BATOK,5 ROOM,285,BT BATOK EAST AVE 3,01 TO 03,131.0,Model A,1995,70 years 10 months,645000.0
2024-03-01,BUKIT BATOK,5 ROOM,257,BT BATOK EAST AVE 4,04 TO 06,121.0,Improved,1985,60 years 05 months,568000.0
2024-03-01,BUKIT BATOK,5 ROOM,292B,BT BATOK EAST AVE 6,04 TO 06,113.0,Improved,2019,93 years 11 months,758000.0
2024-03-01,BUKIT BATOK,5 ROOM,201,BT BATOK ST 21,22 TO 24,133.0,Model A,1985,60 years 05 months,780000.0
2024-03-01,BUKIT BATOK,5 ROOM,296A,BT BATOK ST 22,07 TO 09,113.0,Premium Apartment,2018,93 years 01 month,865000.0
2024-03-01,BUKIT BATOK,5 ROOM,296B,BT BATOK ST 22,01 TO 03,113.0,Premium Apartment,2018,93 years 01 month,790000.0
2024-03-01,BUKIT BATOK,5 ROOM,291D,BT BATOK ST 24,10 TO 12,121.0,Improved,1998,72 years 11 months,700000.0
2024-03-01,BUKIT BATOK,5 ROOM,435C,BT BATOK WEST AVE 5,07 TO 09,113.0,Improved,2020,95 years,655000.0
2024-03-01,BUKIT BATOK,5 ROOM,394,BT BATOK WEST AVE 5,04 TO 06,118.0,Improved,2004,79 years 07 months,666000.0
2024-03-01,BUKIT BATOK,5 ROOM,437A,BT BATOK WEST AVE 5,07 TO 09,113.0,Improved,2020,94 years 11 months,785000.0
2024-03-01,BUKIT BATOK,5 ROOM,452A,BT BATOK WEST AVE 6,07 TO 09,115.0,Improved,2019,94 years 01 month,780000.0
2024-03-01,BUKIT BATOK,5 ROOM,450C,BT BATOK WEST AVE 6,07 TO 09,113.0,Improved,2019,94 years,785888.0
2024-03-01,BUKIT BATOK,5 ROOM,453A,BT BATOK WEST AVE 6,04 TO 06,115.0,Improved,2019,94 years 01 month,747888.0
2024-03-01,BUKIT BATOK,5 ROOM,117,BT BATOK WEST AVE 6,01 TO 03,132.0,Model A,1985,59 years 11 months,400000.0
2024-03-01,BUKIT BATOK,5 ROOM,451B,BT BATOK WEST AVE 6,19 TO 21,113.0,Improved,2019,94 years,808000.0
2024-03-01,BUKIT BATOK,5 ROOM,461D,BT BATOK WEST AVE 8,04 TO 06,121.0,3Gen,2019,94 years 07 months,810000.0
2024-03-01,BUKIT BATOK,5 ROOM,461C,BT BATOK WEST AVE 8,13 TO 15,114.0,Improved,2019,94 years 07 months,805888.0
2024-03-01,BUKIT BATOK,5 ROOM,443C,BT BATOK WEST AVE 8,10 TO 12,112.0,Improved,2019,94 years 01 month,755000.0
2024-03-01,BUKIT BATOK,5 ROOM,439B,BT BATOK WEST AVE 8,13 TO 15,113.0,Improved,2020,95 years,820000.0
2024-03-01,BUKIT BATOK,5 ROOM,440C,BT BATOK WEST AVE 8,04 TO 06,112.0,Improved,2019,94 years 01 month,735000.0
2024-03-01,BUKIT BATOK,5 ROOM,442A,BT BATOK WEST AVE 8,10 TO 12,112.0,Improved,2019,94 years 01 month,733000.0
2024-03-01,BUKIT BATOK,5 ROOM,172,BT BATOK WEST AVE 8,07 TO 09,134.0,Model A,1985,60 years 03 months,660000.0
2024-03-01,BUKIT BATOK,5 ROOM,440D,BT BATOK WEST AVE 8,01 TO 03,112.0,Improved,2019,94 years,675000.0
2024-03-01,BUKIT BATOK,5 ROOM,461D,BT BATOK WEST AVE 8,01 TO 03,114.0,Improved,2019,94 years 07 months,712000.0
2024-03-01,BUKIT BATOK,5 ROOM,441B,BT BATOK WEST AVE 8,01 TO 03,112.0,Improved,2019,94 years 01 month,715000.0
2024-03-01,BUKIT BATOK,EXECUTIVE,223,BT BATOK EAST AVE 3,04 TO 06,141.0,Apartment,1985,60 years 04 months,785000.0
2024-03-01,BUKIT BATOK,EXECUTIVE,290B,BT BATOK ST 24,04 TO 06,142.0,Apartment,1997,72 years 10 months,825000.0
2024-03-01,BUKIT BATOK,EXECUTIVE,351,BT BATOK ST 34,01 TO 03,154.0,Maisonette,1986,61 years 07 months,800000.0
2024-03-01,BUKIT MERAH,1 ROOM,7,TELOK BLANGAH CRES,01 TO 03,31.0,Improved,1975,50 years 01 month,230000.0
2024-03-01,BUKIT MERAH,2 ROOM,48,LOWER DELTA RD,04 TO 06,43.0,Standard,1970,45 years 01 month,262888.0
2024-03-01,BUKIT MERAH,3 ROOM,38,BEO CRES,01 TO 03,59.0,Standard,1971,46 years,355000.0
2024-03-01,BUKIT MERAH,3 ROOM,130,BT MERAH VIEW,07 TO 09,65.0,Improved,1973,48 years 05 months,396000.0
2024-03-01,BUKIT MERAH,3 ROOM,109,BT PURMEI RD,01 TO 03,77.0,Model A,1984,59 years 06 months,445000.0
2024-03-01,BUKIT MERAH,3 ROOM,108,BT PURMEI RD,10 TO 12,75.0,Model A,1984,59 years 05 months,510000.0
2024-03-01,BUKIT MERAH,3 ROOM,96A,HENDERSON RD,07 TO 09,68.0,Model A,2019,94 years 04 months,718000.0
2024-03-01,BUKIT MERAH,3 ROOM,6,JLN BT HO SWEE,04 TO 06,56.0,Standard,1971,46 years 05 months,306000.0
2024-03-01,BUKIT MERAH,3 ROOM,46,JLN BT HO SWEE,04 TO 06,62.0,Standard,1970,44 years 11 months,355000.0
2024-03-01,BUKIT MERAH,3 ROOM,4,JLN BT HO SWEE,04 TO 06,59.0,Standard,1971,46 years 05 months,342000.0
2024-03-01,BUKIT MERAH,3 ROOM,46,JLN BT HO SWEE,01 TO 03,62.0,Standard,1970,44 years 10 months,325000.0
2024-03-01,BUKIT MERAH,3 ROOM,132,JLN BT MERAH,04 TO 06,59.0,Improved,1975,50 years 03 months,325000.0
2024-03-01,BUKIT MERAH,3 ROOM,144,JLN BT MERAH,01 TO 03,67.0,New Generation,1981,56 years 07 months,380000.0
2024-03-01,BUKIT MERAH,3 ROOM,113,JLN BT MERAH,07 TO 09,60.0,Standard,1969,43 years 11 months,300000.0
2024-03-01,BUKIT MERAH,3 ROOM,1,JLN BT MERAH,01 TO 03,64.0,Improved,1983,58 years 03 months,355500.0
2024-03-01,BUKIT MERAH,3 ROOM,113,JLN BT MERAH,07 TO 09,60.0,Standard,1969,43 years 11 months,318000.0
2024-03-01,BUKIT MERAH,3 ROOM,132,JLN BT MERAH,01 TO 03,70.0,Improved,1975,50 years 03 months,380888.0
2024-03-01,BUKIT MERAH,3 ROOM,132,JLN BT MERAH,07 TO 09,70.0,Improved,1975,50 years 03 months,408000.0
2024-03-01,BUKIT MERAH,3 ROOM,146,JLN BT MERAH,10 TO 12,81.0,New Generation,1981,56 years 07 months,492888.0
2024-03-01,BUKIT MERAH,3 ROOM,1,JLN BT MERAH,13 TO 15,64.0,Improved,1983,58 years 01 month,400000.0
2024-03-01,BUKIT MERAH,3 ROOM,131,JLN BT MERAH,04 TO 06,65.0,Improved,1976,50 years 11 months,360000.0
2024-03-01,BUKIT MERAH,3 ROOM,45,KIM CHENG ST,04 TO 06,88.0,Standard,1973,47 years 10 months,800000.0
2024-03-01,BUKIT MERAH,3 ROOM,127A,KIM TIAN RD,07 TO 09,62.0,Model A,2013,87 years 11 months,680000.0
2024-03-01,BUKIT MERAH,3 ROOM,33,LIM LIAK ST,01 TO 03,75.0,Standard,1973,47 years 11 months,750000.0
2024-03-01,BUKIT MERAH,3 ROOM,23,LIM LIAK ST,01 TO 03,88.0,Standard,1973,47 years 10 months,738000.0
2024-03-01,BUKIT MERAH,3 ROOM,86,REDHILL CL,07 TO 09,59.0,Improved,1973,47 years 11 months,375000.0
2024-03-01,BUKIT MERAH,3 ROOM,14,TAMAN HO SWEE,04 TO 06,54.0,Standard,1970,45 years,328000.0
2024-03-01,BUKIT MERAH,3 ROOM,44,TELOK BLANGAH DR,01 TO 03,65.0,Improved,1976,50 years 11 months,345000.0
2024-03-01,BUKIT MERAH,3 ROOM,65,TELOK BLANGAH DR,10 TO 12,67.0,New Generation,1978,53 years 05 months,420000.0
2024-03-01,BUKIT MERAH,3 ROOM,64,TELOK BLANGAH DR,10 TO 12,67.0,New Generation,1978,53 years 05 months,415000.0
2024-03-01,BUKIT MERAH,3 ROOM,65,TELOK BLANGAH DR,10 TO 12,67.0,New Generation,1978,53 years 05 months,408000.0
2024-03-01,BUKIT MERAH,3 ROOM,44,TELOK BLANGAH DR,04 TO 06,65.0,Improved,1976,50 years 11 months,365000.0
2024-03-01,BUKIT MERAH,3 ROOM,43,TELOK BLANGAH RISE,13 TO 15,59.0,Improved,1976,51 years 02 months,345000.0
2024-03-01,BUKIT MERAH,3 ROOM,91A,TELOK BLANGAH ST 31,04 TO 06,68.0,Model A,2018,93 years 10 months,643000.0
2024-03-01,BUKIT MERAH,3 ROOM,91A,TELOK BLANGAH ST 31,07 TO 09,68.0,Model A,2018,93 years 09 months,688888.0
2024-03-01,BUKIT MERAH,4 ROOM,9B,BOON TIONG RD,25 TO 27,92.0,Model A,2016,90 years 11 months,1188000.0
2024-03-01,BUKIT MERAH,4 ROOM,10A,BOON TIONG RD,22 TO 24,92.0,Model A,2016,90 years 11 months,1158888.0
2024-03-01,BUKIT MERAH,4 ROOM,8B,BOON TIONG RD,04 TO 06,91.0,Model A,2005,80 years 07 months,870000.0
2024-03-01,BUKIT MERAH,4 ROOM,13,CANTONMENT CL,22 TO 24,90.0,Model A,2003,77 years 11 months,975000.0
2024-03-01,BUKIT MERAH,4 ROOM,12,CANTONMENT CL,04 TO 06,75.0,Model A,2003,78 years,780000.0
2024-03-01,BUKIT MERAH,4 ROOM,16,CANTONMENT CL,19 TO 21,75.0,Model A,2003,77 years 11 months,820000.0
2024-03-01,BUKIT MERAH,4 ROOM,25A,JLN MEMBINA,13 TO 15,90.0,Model A,2008,83 years 07 months,970000.0
2024-03-01,BUKIT MERAH,4 ROOM,19,JLN MEMBINA,10 TO 12,90.0,Model A,2003,78 years 09 months,930000.0
2024-03-01,BUKIT MERAH,4 ROOM,38,JLN RUMAH TINGGI,10 TO 12,100.0,Model A,1997,72 years 05 months,800000.0
2024-03-01,BUKIT MERAH,4 ROOM,38,JLN RUMAH TINGGI,01 TO 03,100.0,Model A,1997,72 years 03 months,650000.0
2024-03-01,BUKIT MERAH,4 ROOM,127D,KIM TIAN RD,19 TO 21,93.0,Model A,2013,88 years,938000.0
2024-03-01,BUKIT MERAH,4 ROOM,127D,KIM TIAN RD,22 TO 24,93.0,Model A,2013,88 years 01 month,950000.0
2024-03-01,BUKIT MERAH,4 ROOM,129,KIM TIAN RD,01 TO 03,88.0,Improved,1976,50 years 11 months,510000.0
2024-03-01,BUKIT MERAH,4 ROOM,127A,KIM TIAN RD,19 TO 21,93.0,Model A,2013,88 years,1000000.0
2024-03-01,BUKIT MERAH,4 ROOM,126C,KIM TIAN RD,28 TO 30,88.0,Model A,2013,87 years 11 months,960000.0
2024-03-01,BUKIT MERAH,4 ROOM,119D,KIM TIAN RD,16 TO 18,92.0,Model A,2002,77 years 08 months,870000.0
2024-03-01,BUKIT MERAH,4 ROOM,127C,KIM TIAN RD,25 TO 27,93.0,Model A,2013,88 years,968000.0
2024-03-01,BUKIT MERAH,4 ROOM,47,LENGKOK BAHRU,04 TO 06,103.0,Model A,1984,59 years 05 months,650000.0
2024-03-01,BUKIT MERAH,4 ROOM,48,LENGKOK BAHRU,10 TO 12,84.0,Simplified,1986,61 years 05 months,610000.0
2024-03-01,BUKIT MERAH,4 ROOM,76A,REDHILL RD,04 TO 06,100.0,Model A,2005,80 years 09 months,810000.0
2024-03-01,BUKIT MERAH,4 ROOM,55,TELOK BLANGAH DR,04 TO 06,98.0,New Generation,1978,52 years 10 months,558000.0
2024-03-01,BUKIT MERAH,4 ROOM,68,TELOK BLANGAH HTS,07 TO 09,91.0,New Generation,1978,52 years 11 months,590000.0
2024-03-01,BUKIT MERAH,4 ROOM,59,TELOK BLANGAH HTS,04 TO 06,91.0,New Generation,1976,51 years 07 months,520000.0
2024-03-01,BUKIT MERAH,4 ROOM,88,TELOK BLANGAH HTS,25 TO 27,90.0,Model A,2003,78 years,790000.0
2024-03-01,BUKIT MERAH,4 ROOM,88,TELOK BLANGAH HTS,13 TO 15,90.0,Model A,2003,78 years 01 month,718000.0
2024-03-01,BUKIT MERAH,4 ROOM,57,TELOK BLANGAH HTS,07 TO 09,92.0,New Generation,1976,51 years 06 months,600000.0
2024-03-01,BUKIT MERAH,4 ROOM,91A,TELOK BLANGAH ST 31,10 TO 12,93.0,Model A,2018,93 years 10 months,890000.0
2024-03-01,BUKIT MERAH,4 ROOM,90B,TELOK BLANGAH ST 31,19 TO 21,93.0,Model A,2018,93 years 10 months,936000.0
2024-03-01,BUKIT MERAH,4 ROOM,93A,TELOK BLANGAH ST 31,16 TO 18,93.0,Model A,2018,93 years 10 months,855000.0
2024-03-01,BUKIT MERAH,4 ROOM,92B,TELOK BLANGAH ST 31,28 TO 30,93.0,Model A,2018,93 years 10 months,950000.0
2024-03-01,BUKIT MERAH,4 ROOM,90A,TELOK BLANGAH ST 31,10 TO 12,93.0,Model A,2018,93 years 11 months,890000.0
2024-03-01,BUKIT MERAH,4 ROOM,93A,TELOK BLANGAH ST 31,22 TO 24,93.0,Model A,2018,93 years 10 months,910000.0
2024-03-01,BUKIT MERAH,4 ROOM,93B,TELOK BLANGAH ST 31,25 TO 27,93.0,Model A,2018,93 years 10 months,960000.0
2024-03-01,BUKIT MERAH,4 ROOM,91A,TELOK BLANGAH ST 31,01 TO 03,93.0,Model A,2018,93 years 10 months,780088.0
2024-03-01,BUKIT MERAH,4 ROOM,90A,TELOK BLANGAH ST 31,01 TO 03,93.0,Model A,2018,93 years 10 months,850000.0
2024-03-01,BUKIT MERAH,4 ROOM,93A,TELOK BLANGAH ST 31,25 TO 27,93.0,Model A,2018,93 years 10 months,917888.0
2024-03-01,BUKIT MERAH,4 ROOM,92B,TELOK BLANGAH ST 31,10 TO 12,93.0,Model A,2018,93 years 09 months,900888.0
2024-03-01,BUKIT MERAH,4 ROOM,92B,TELOK BLANGAH ST 31,28 TO 30,93.0,Model A,2018,93 years 09 months,980000.0
2024-03-01,BUKIT MERAH,4 ROOM,92B,TELOK BLANGAH ST 31,07 TO 09,93.0,Model A,2018,93 years 09 months,875000.0
2024-03-01,BUKIT MERAH,4 ROOM,34,TELOK BLANGAH WAY,07 TO 09,82.0,Improved,1976,51 years 02 months,470000.0
2024-03-01,BUKIT MERAH,5 ROOM,9A,BOON TIONG RD,19 TO 21,112.0,Improved,2016,90 years 11 months,1450000.0
2024-03-01,BUKIT MERAH,5 ROOM,129,BT MERAH VIEW,16 TO 18,130.0,Adjoined flat,1973,48 years 05 months,840000.0
2024-03-01,BUKIT MERAH,5 ROOM,95,HAVELOCK RD,19 TO 21,118.0,Improved,1983,58 years 05 months,1070000.0
2024-03-01,BUKIT MERAH,5 ROOM,138,JLN BT MERAH,04 TO 06,118.0,Adjoined flat,1983,58 years 06 months,720000.0
2024-03-01,BUKIT MERAH,5 ROOM,140,JLN BT MERAH,07 TO 09,119.0,Improved,1979,54 years,720000.0
2024-03-01,BUKIT MERAH,5 ROOM,7,KIM TIAN PL,10 TO 12,131.0,Model A,1984,59 years 05 months,1010000.0
2024-03-01,BUKIT MERAH,5 ROOM,131B,KIM TIAN RD,10 TO 12,110.0,Improved,2002,76 years 11 months,944000.0
2024-03-01,BUKIT MERAH,5 ROOM,83,REDHILL LANE,19 TO 21,123.0,Improved,1996,71 years 08 months,1130000.0
2024-03-01,BUKIT MERAH,5 ROOM,17,TELOK BLANGAH CRES,01 TO 03,120.0,Improved,2002,76 years 11 months,832000.0
2024-03-01,BUKIT MERAH,5 ROOM,20,TELOK BLANGAH CRES,10 TO 12,153.0,Adjoined flat,1975,50 years 02 months,940000.0
2024-03-01,BUKIT MERAH,5 ROOM,17A,TELOK BLANGAH CRES,16 TO 18,119.0,Improved,2002,76 years 11 months,865000.0
2024-03-01,BUKIT MERAH,5 ROOM,67,TELOK BLANGAH DR,07 TO 09,120.0,Standard,1978,53 years 06 months,820000.0
2024-03-01,BUKIT MERAH,5 ROOM,48,TELOK BLANGAH DR,19 TO 21,125.0,Standard,1976,51 years 09 months,830000.0
2024-03-01,BUKIT MERAH,5 ROOM,86,TELOK BLANGAH HTS,25 TO 27,111.0,Improved,2003,78 years 02 months,945000.0
2024-03-01,BUKIT MERAH,5 ROOM,86,TELOK BLANGAH HTS,07 TO 09,110.0,Improved,2003,78 years 02 months,850000.0
2024-03-01,BUKIT MERAH,5 ROOM,43,TELOK BLANGAH RISE,07 TO 09,141.0,Adjoined flat,1976,51 years 02 months,850000.0
2024-03-01,BUKIT MERAH,5 ROOM,37,TELOK BLANGAH RISE,13 TO 15,117.0,Standard,1976,51 years 06 months,730000.0
2024-03-01,BUKIT PANJANG,3 ROOM,443A,FAJAR RD,10 TO 12,68.0,Model A,2016,91 years 11 months,428000.0
2024-03-01,BUKIT PANJANG,3 ROOM,116,PENDING RD,10 TO 12,73.0,Model A,1987,62 years 07 months,442888.0
2024-03-01,BUKIT PANJANG,3 ROOM,223,PENDING RD,04 TO 06,73.0,Model A,1988,62 years 11 months,388000.0
2024-03-01,BUKIT PANJANG,3 ROOM,116,PENDING RD,04 TO 06,73.0,Model A,1987,62 years 07 months,397000.0
2024-03-01,BUKIT PANJANG,3 ROOM,137,PETIR RD,01 TO 03,73.0,Model A,1989,64 years 05 months,390000.0
2024-03-01,BUKIT PANJANG,3 ROOM,485,SEGAR RD,01 TO 03,67.0,Model A,2014,89 years 10 months,400000.0
2024-03-01,BUKIT PANJANG,3 ROOM,636A,SENJA RD,25 TO 27,67.0,Model A,2015,90 years 08 months,476000.0
2024-03-01,BUKIT PANJANG,4 ROOM,274,BANGKIT RD,01 TO 03,104.0,Model A,1987,62 years 10 months,520000.0
2024-03-01,BUKIT PANJANG,4 ROOM,537,BT PANJANG RING RD,07 TO 09,99.0,Model A,1999,74 years 04 months,540000.0
2024-03-01,BUKIT PANJANG,4 ROOM,443A,FAJAR RD,16 TO 18,93.0,Model A,2016,91 years 10 months,550000.0
2024-03-01,BUKIT PANJANG,4 ROOM,104,GANGSA RD,04 TO 06,103.0,Model A,1988,63 years 02 months,480000.0
2024-03-01,BUKIT PANJANG,4 ROOM,510,JELAPANG RD,04 TO 06,91.0,Model A2,1998,73 years 05 months,455000.0
2024-03-01,BUKIT PANJANG,4 ROOM,508,JELAPANG RD,10 TO 12,94.0,Model A2,1998,73 years 03 months,575000.0
2024-03-01,BUKIT PANJANG,4 ROOM,531,JELAPANG RD,10 TO 12,103.0,Model A,1999,73 years 11 months,575000.0
2024-03-01,BUKIT PANJANG,4 ROOM,118,PENDING RD,01 TO 03,107.0,Model A,1988,63 years 03 months,468000.0
2024-03-01,BUKIT PANJANG,4 ROOM,208,PETIR RD,07 TO 09,84.0,Simplified,1988,63 years 01 month,438000.0
2024-03-01,BUKIT PANJANG,4 ROOM,216,PETIR RD,10 TO 12,103.0,Model A,1989,64 years 01 month,510000.0
2024-03-01,BUKIT PANJANG,4 ROOM,150,PETIR RD,10 TO 12,103.0,Model A,1988,63 years 06 months,535000.0
2024-03-01,BUKIT PANJANG,4 ROOM,465,SEGAR RD,07 TO 09,95.0,Premium Apartment,2002,77 years 05 months,478000.0
2024-03-01,BUKIT PANJANG,4 ROOM,482,SEGAR RD,10 TO 12,91.0,Premium Apartment,2002,77 years 10 months,478000.0
2024-03-01,BUKIT PANJANG,4 ROOM,548A,SEGAR RD,07 TO 09,92.0,Model A,2015,90 years 10 months,550000.0
2024-03-01,BUKIT PANJANG,4 ROOM,547A,SEGAR RD,07 TO 09,92.0,Model A,2015,90 years 05 months,550000.0
2024-03-01,BUKIT PANJANG,4 ROOM,473,SEGAR RD,10 TO 12,91.0,Premium Apartment,2003,77 years 11 months,485000.0
2024-03-01,BUKIT PANJANG,4 ROOM,456,SEGAR RD,10 TO 12,93.0,Premium Apartment,2012,87 years 09 months,583000.0
2024-03-01,BUKIT PANJANG,4 ROOM,474,SEGAR RD,04 TO 06,91.0,Premium Apartment,2003,77 years 11 months,488000.0
2024-03-01,BUKIT PANJANG,4 ROOM,470,SEGAR RD,10 TO 12,90.0,Premium Apartment,2002,77 years 02 months,475000.0
2024-03-01,BUKIT PANJANG,4 ROOM,486,SEGAR RD,13 TO 15,93.0,Model A,2014,89 years 09 months,560000.0
2024-03-01,BUKIT PANJANG,4 ROOM,456,SEGAR RD,10 TO 12,93.0,Premium Apartment,2012,87 years 09 months,590000.0
2024-03-01,BUKIT PANJANG,4 ROOM,634B,SENJA RD,19 TO 21,92.0,Model A,2015,90 years 08 months,608888.0
2024-03-01,BUKIT PANJANG,4 ROOM,630,SENJA RD,04 TO 06,93.0,Premium Apartment,2004,79 years 08 months,530000.0
2024-03-01,BUKIT PANJANG,4 ROOM,623,SENJA RD,01 TO 03,90.0,Model A,2001,76 years 09 months,480000.0
2024-03-01,BUKIT PANJANG,4 ROOM,602,SENJA RD,01 TO 03,90.0,Model A2,1999,74 years,533888.0
2024-03-01,BUKIT PANJANG,5 ROOM,609,BT PANJANG RING RD,04 TO 06,110.0,Improved,2001,76 years 11 months,608000.0
2024-03-01,BUKIT PANJANG,5 ROOM,243,BT PANJANG RING RD,10 TO 12,122.0,Improved,1988,63 years 08 months,618000.0
2024-03-01,BUKIT PANJANG,5 ROOM,533,BT PANJANG RING RD,13 TO 15,122.0,Improved,1999,74 years 03 months,688000.0
2024-03-01,BUKIT PANJANG,5 ROOM,238,BT PANJANG RING RD,07 TO 09,122.0,Improved,1988,63 years 10 months,615000.0
2024-03-01,BUKIT PANJANG,5 ROOM,243,BT PANJANG RING RD,10 TO 12,122.0,Improved,1988,63 years 08 months,603000.0
2024-03-01,BUKIT PANJANG,5 ROOM,533,BT PANJANG RING RD,04 TO 06,122.0,Improved,1999,74 years 03 months,650000.0
2024-03-01,BUKIT PANJANG,5 ROOM,425,FAJAR RD,16 TO 18,122.0,Improved,1989,64 years 01 month,650000.0
2024-03-01,BUKIT PANJANG,5 ROOM,443D,FAJAR RD,04 TO 06,113.0,Improved,2016,91 years 10 months,668888.0
2024-03-01,BUKIT PANJANG,5 ROOM,443B,FAJAR RD,13 TO 15,113.0,Improved,2016,91 years 10 months,700000.0
2024-03-01,BUKIT PANJANG,5 ROOM,153,GANGSA RD,13 TO 15,121.0,Improved,1998,73 years 08 months,716988.0
2024-03-01,BUKIT PANJANG,5 ROOM,522,JELAPANG RD,07 TO 09,120.0,Improved,1998,73 years 06 months,622000.0
2024-03-01,BUKIT PANJANG,5 ROOM,538,JELAPANG RD,01 TO 03,120.0,Improved,1999,74 years 03 months,600000.0
2024-03-01,BUKIT PANJANG,5 ROOM,516,JELAPANG RD,10 TO 12,121.0,Improved,1998,73 years 06 months,655000.0
2024-03-01,BUKIT PANJANG,5 ROOM,410,SAUJANA RD,04 TO 06,134.0,Improved,1989,64 years 02 months,672000.0
2024-03-01,BUKIT PANJANG,5 ROOM,484,SEGAR RD,13 TO 15,110.0,Premium Apartment,2002,77 years 09 months,555000.0
2024-03-01,BUKIT PANJANG,5 ROOM,479,SEGAR RD,01 TO 03,110.0,Premium Apartment,2002,77 years 07 months,580000.0
2024-03-01,BUKIT PANJANG,5 ROOM,470,SEGAR RD,13 TO 15,110.0,Premium Apartment,2002,77 years 01 month,578888.0
2024-03-01,BUKIT PANJANG,5 ROOM,477,SEGAR RD,10 TO 12,111.0,Premium Apartment,2003,77 years 11 months,565000.0
2024-03-01,BUKIT PANJANG,5 ROOM,655,SENJA RD,04 TO 06,111.0,Premium Apartment,2001,76 years 09 months,528000.0
2024-03-01,BUKIT PANJANG,5 ROOM,604,SENJA RD,04 TO 06,121.0,Improved,1999,74 years 03 months,690000.0
2024-03-01,BUKIT PANJANG,5 ROOM,626,SENJA RD,22 TO 24,110.0,Premium Apartment,2005,80 years 02 months,668888.0
2024-03-01,BUKIT PANJANG,5 ROOM,605,SENJA RD,22 TO 24,120.0,Improved,1999,74 years 02 months,860000.0
2024-03-01,BUKIT PANJANG,5 ROOM,635A,SENJA RD,19 TO 21,112.0,Improved,2015,90 years 08 months,750000.0
2024-03-01,BUKIT PANJANG,EXECUTIVE,239,BT PANJANG RING RD,01 TO 03,146.0,Maisonette,1989,64 years,785000.0
2024-03-01,BUKIT PANJANG,EXECUTIVE,135,CASHEW RD,01 TO 03,155.0,Maisonette,1988,63 years 04 months,900000.0
2024-03-01,BUKIT PANJANG,EXECUTIVE,422,FAJAR RD,10 TO 12,155.0,Maisonette,1988,63 years 10 months,820000.0
2024-03-01,BUKIT PANJANG,EXECUTIVE,184,JELEBU RD,22 TO 24,126.0,Premium Apartment,2003,78 years 03 months,1007788.0
2024-03-01,BUKIT PANJANG,EXECUTIVE,124,PENDING RD,07 TO 09,144.0,Apartment,1988,63 years,825000.0
2024-03-01,BUKIT PANJANG,EXECUTIVE,138,PETIR RD,01 TO 03,150.0,Maisonette,1989,64 years 02 months,800000.0
2024-03-01,BUKIT PANJANG,EXECUTIVE,651,SENJA LINK,19 TO 21,130.0,Premium Apartment,2001,76 years 08 months,760000.0
2024-03-01,BUKIT PANJANG,EXECUTIVE,654,SENJA RD,16 TO 18,130.0,Premium Apartment,2001,76 years 07 months,828000.0
2024-03-01,BUKIT TIMAH,3 ROOM,4,QUEEN'S RD,04 TO 06,74.0,Improved,1974,49 years 02 months,450000.0
2024-03-01,BUKIT TIMAH,4 ROOM,3,QUEEN'S RD,07 TO 09,91.0,Improved,1974,49 years 02 months,620000.0
2024-03-01,BUKIT TIMAH,4 ROOM,3,QUEEN'S RD,01 TO 03,91.0,Improved,1974,49 years 02 months,515000.0
2024-03-01,BUKIT TIMAH,4 ROOM,14,TOH YI DR,01 TO 03,104.0,Model A,1988,63 years 07 months,720000.0
2024-03-01,BUKIT TIMAH,5 ROOM,5,FARRER RD,10 TO 12,120.0,Standard,1974,49 years 02 months,1020000.0
2024-03-01,CENTRAL AREA,2 ROOM,10,JLN KUKOH,07 TO 09,53.0,Improved,1971,46 years 04 months,300000.0
2024-03-01,CENTRAL AREA,3 ROOM,9,JLN KUKOH,04 TO 06,66.0,Improved,1982,56 years 11 months,425000.0
2024-03-01,CENTRAL AREA,3 ROOM,29,KELANTAN RD,07 TO 09,65.0,Improved,1977,52 years 08 months,415000.0
2024-03-01,CENTRAL AREA,3 ROOM,9,SELEGIE RD,07 TO 09,56.0,Standard,1974,48 years 10 months,390000.0
2024-03-01,CENTRAL AREA,3 ROOM,3,TG PAGAR PLAZA,07 TO 09,59.0,Improved,1977,52 years,465000.0
2024-03-01,CENTRAL AREA,3 ROOM,4,TG PAGAR PLAZA,16 TO 18,59.0,Improved,1977,52 years,525000.0
2024-03-01,CENTRAL AREA,3 ROOM,538,UPP CROSS ST,10 TO 12,68.0,Improved,1978,53 years 09 months,522000.0
2024-03-01,CENTRAL AREA,3 ROOM,34,UPP CROSS ST,10 TO 12,65.0,Improved,1975,50 years 04 months,390000.0
2024-03-01,CENTRAL AREA,3 ROOM,533,UPP CROSS ST,07 TO 09,60.0,Improved,1980,55 years 06 months,500000.0
2024-03-01,CENTRAL AREA,3 ROOM,633,VEERASAMY RD,07 TO 09,72.0,Model A,1985,60 years 04 months,518000.0
2024-03-01,CENTRAL AREA,3 ROOM,264,WATERLOO ST,07 TO 09,68.0,Improved,1986,61 years 07 months,511008.0
2024-03-01,CENTRAL AREA,3 ROOM,264,WATERLOO ST,07 TO 09,60.0,Improved,1986,61 years 07 months,520000.0
2024-03-01,CENTRAL AREA,4 ROOM,232,BAIN ST,07 TO 09,82.0,Improved,1980,55 years 03 months,700000.0
2024-03-01,CENTRAL AREA,4 ROOM,661,BUFFALO RD,07 TO 09,82.0,Improved,1982,57 years 03 months,555000.0
2024-03-01,CENTRAL AREA,4 ROOM,1B,CANTONMENT RD,16 TO 18,93.0,Type S1,2011,85 years 10 months,1220000.0
2024-03-01,CENTRAL AREA,4 ROOM,1G,CANTONMENT RD,31 TO 33,95.0,Type S1,2011,85 years 10 months,1350000.0
2024-03-01,CENTRAL AREA,4 ROOM,1A,CANTONMENT RD,46 TO 48,97.0,Type S1,2011,85 years 10 months,1370000.0
2024-03-01,CENTRAL AREA,4 ROOM,53,CHIN SWEE RD,04 TO 06,77.0,Improved,1974,49 years 05 months,510000.0
2024-03-01,CENTRAL AREA,4 ROOM,26,JLN BERSEH,13 TO 15,87.0,Improved,1979,54 years 04 months,600000.0
2024-03-01,CENTRAL AREA,4 ROOM,639,ROWELL RD,07 TO 09,108.0,Model A,1983,58 years 09 months,770000.0
2024-03-01,CENTRAL AREA,4 ROOM,642,ROWELL RD,19 TO 21,111.0,Model A,1984,58 years 11 months,788888.0
2024-03-01,CENTRAL AREA,5 ROOM,1E,CANTONMENT RD,16 TO 18,107.0,Type S2,2011,85 years 11 months,1378888.0
2024-03-01,CENTRAL AREA,5 ROOM,672B,KLANG LANE,07 TO 09,105.0,Improved,2002,77 years 04 months,838000.0
2024-03-01,CHOA CHU KANG,2 ROOM,809B,CHOA CHU KANG AVE 1,01 TO 03,47.0,Model A,2017,92 years 02 months,303000.0
2024-03-01,CHOA CHU KANG,3 ROOM,476C,CHOA CHU KANG AVE 5,07 TO 09,67.0,Model A,2013,88 years 05 months,437000.0
2024-03-01,CHOA CHU KANG,3 ROOM,801B,KEAT HONG CL,04 TO 06,67.0,Model A,2018,93 years 01 month,423000.0
2024-03-01,CHOA CHU KANG,3 ROOM,2,TECK WHYE AVE,01 TO 03,74.0,Model A,1984,59 years 07 months,390000.0
2024-03-01,CHOA CHU KANG,3 ROOM,166A,TECK WHYE CRES,13 TO 15,68.0,Model A,2015,90 years,420000.0
2024-03-01,CHOA CHU KANG,3 ROOM,115,TECK WHYE LANE,04 TO 06,73.0,Model A,1989,64 years 03 months,394000.0
2024-03-01,CHOA CHU KANG,4 ROOM,808A,CHOA CHU KANG AVE 1,04 TO 06,92.0,Model A,2017,92 years 03 months,525000.0
2024-03-01,CHOA CHU KANG,4 ROOM,809B,CHOA CHU KANG AVE 1,13 TO 15,92.0,Model A,2017,92 years 02 months,580000.0
2024-03-01,CHOA CHU KANG,4 ROOM,818C,CHOA CHU KANG AVE 1,04 TO 06,92.0,Model A,2017,92 years 07 months,570000.0
2024-03-01,CHOA CHU KANG,4 ROOM,818B,CHOA CHU KANG AVE 1,19 TO 21,92.0,Model A,2017,92 years 07 months,600000.0
2024-03-01,CHOA CHU KANG,4 ROOM,251,CHOA CHU KANG AVE 2,01 TO 03,104.0,Model A,1994,69 years 10 months,482000.0
2024-03-01,CHOA CHU KANG,4 ROOM,297,CHOA CHU KANG AVE 2,04 TO 06,101.0,Premium Apartment,1999,74 years 04 months,480000.0
2024-03-01,CHOA CHU KANG,4 ROOM,284,CHOA CHU KANG AVE 3,07 TO 09,104.0,Model A,1990,65 years 06 months,518000.0
2024-03-01,CHOA CHU KANG,4 ROOM,280,CHOA CHU KANG AVE 3,04 TO 06,104.0,Model A,1992,67 years 05 months,495000.0
2024-03-01,CHOA CHU KANG,4 ROOM,289,CHOA CHU KANG AVE 3,10 TO 12,104.0,Model A,1993,68 years 03 months,520000.0
2024-03-01,CHOA CHU KANG,4 ROOM,410,CHOA CHU KANG AVE 3,04 TO 06,104.0,Model A,1992,67 years 05 months,480000.0
2024-03-01,CHOA CHU KANG,4 ROOM,417,CHOA CHU KANG AVE 4,04 TO 06,105.0,Model A,1993,68 years 04 months,542000.0
2024-03-01,CHOA CHU KANG,4 ROOM,431,CHOA CHU KANG AVE 4,10 TO 12,104.0,Model A,1993,68 years 04 months,530000.0
2024-03-01,CHOA CHU KANG,4 ROOM,440,CHOA CHU KANG AVE 4,01 TO 03,106.0,Model A,1993,68 years 04 months,455000.0
2024-03-01,CHOA CHU KANG,4 ROOM,440,CHOA CHU KANG AVE 4,07 TO 09,106.0,Model A,1993,68 years 04 months,520000.0
2024-03-01,CHOA CHU KANG,4 ROOM,459,CHOA CHU KANG AVE 4,04 TO 06,104.0,Premium Apartment,2000,75 years 02 months,480000.0
2024-03-01,CHOA CHU KANG,4 ROOM,427,CHOA CHU KANG AVE 4,01 TO 03,104.0,Model A,1992,67 years 05 months,480000.0
2024-03-01,CHOA CHU KANG,4 ROOM,421,CHOA CHU KANG AVE 4,10 TO 12,104.0,Model A,1992,67 years 05 months,532000.0
2024-03-01,CHOA CHU KANG,4 ROOM,306,CHOA CHU KANG AVE 4,04 TO 06,106.0,Model A,1993,68 years 03 months,580000.0
2024-03-01,CHOA CHU KANG,4 ROOM,435,CHOA CHU KANG AVE 4,04 TO 06,104.0,Model A,1993,68 years 04 months,510000.0
2024-03-01,CHOA CHU KANG,4 ROOM,488B,CHOA CHU KANG AVE 5,01 TO 03,93.0,Model A,2016,91 years 03 months,525000.0
2024-03-01,CHOA CHU KANG,4 ROOM,811B,CHOA CHU KANG AVE 7,10 TO 12,93.0,Model A,2017,92 years 09 months,570000.0
2024-03-01,CHOA CHU KANG,4 ROOM,812B,CHOA CHU KANG AVE 7,13 TO 15,93.0,Model A,2017,92 years 09 months,560000.0
2024-03-01,CHOA CHU KANG,4 ROOM,691B,CHOA CHU KANG CRES,07 TO 09,90.0,Model A,2003,78 years 03 months,456000.0
2024-03-01,CHOA CHU KANG,4 ROOM,673A,CHOA CHU KANG CRES,07 TO 09,103.0,Premium Apartment,1999,74 years 11 months,510000.0
2024-03-01,CHOA CHU KANG,4 ROOM,684B,CHOA CHU KANG CRES,13 TO 15,90.0,Model A,2002,77 years 08 months,475000.0
2024-03-01,CHOA CHU KANG,4 ROOM,688C,CHOA CHU KANG CRES,01 TO 03,90.0,Model A,2003,78 years 02 months,472000.0
2024-03-01,CHOA CHU KANG,4 ROOM,688C,CHOA CHU KANG CRES,04 TO 06,90.0,Model A,2003,78 years 01 month,460000.0
2024-03-01,CHOA CHU KANG,4 ROOM,673,CHOA CHU KANG CRES,01 TO 03,104.0,Premium Apartment,1999,74 years 08 months,470000.0
2024-03-01,CHOA CHU KANG,4 ROOM,673,CHOA CHU KANG CRES,10 TO 12,103.0,Premium Apartment,1999,74 years 08 months,523888.0
2024-03-01,CHOA CHU KANG,4 ROOM,692A,CHOA CHU KANG CRES,16 TO 18,90.0,Model A,2003,78 years,490000.0
2024-03-01,CHOA CHU KANG,4 ROOM,675,CHOA CHU KANG CRES,04 TO 06,104.0,Premium Apartment,1999,74 years 07 months,475000.0
2024-03-01,CHOA CHU KANG,4 ROOM,352,CHOA CHU KANG CTRL,04 TO 06,106.0,Model A,1993,68 years 04 months,538000.0
2024-03-01,CHOA CHU KANG,4 ROOM,688B,CHOA CHU KANG DR,04 TO 06,90.0,Model A,2002,77 years 02 months,455000.0
2024-03-01,CHOA CHU KANG,4 ROOM,501,CHOA CHU KANG ST 51,01 TO 03,107.0,Model A,1995,69 years 11 months,480000.0
2024-03-01,CHOA CHU KANG,4 ROOM,565,CHOA CHU KANG ST 52,10 TO 12,111.0,Model A,1995,70 years 09 months,557000.0
2024-03-01,CHOA CHU KANG,4 ROOM,544,CHOA CHU KANG ST 52,10 TO 12,104.0,Model A,1995,70 years 07 months,500000.0
2024-03-01,CHOA CHU KANG,4 ROOM,574,CHOA CHU KANG ST 52,13 TO 15,92.0,Model A,2015,89 years 11 months,542000.0
2024-03-01,CHOA CHU KANG,4 ROOM,708,CHOA CHU KANG ST 53,07 TO 09,108.0,Model A,1995,70 years 03 months,500000.0
2024-03-01,CHOA CHU KANG,4 ROOM,614,CHOA CHU KANG ST 62,04 TO 06,108.0,Model A,1996,71 years 04 months,517000.0
2024-03-01,CHOA CHU KANG,4 ROOM,626,CHOA CHU KANG ST 62,07 TO 09,100.0,Model A,1997,72 years 03 months,560000.0
2024-03-01,CHOA CHU KANG,4 ROOM,643,CHOA CHU KANG ST 64,10 TO 12,100.0,Premium Apartment,1998,72 years 11 months,588888.0
2024-03-01,CHOA CHU KANG,4 ROOM,162,JLN TECK WHYE,01 TO 03,102.0,Model A,1998,73 years,485000.0
2024-03-01,CHOA CHU KANG,4 ROOM,150,JLN TECK WHYE,04 TO 06,102.0,Model A,1998,72 years 10 months,495000.0
2024-03-01,CHOA CHU KANG,4 ROOM,152,JLN TECK WHYE,04 TO 06,100.0,Model A,1998,72 years 11 months,545000.0
2024-03-01,CHOA CHU KANG,4 ROOM,805A,KEAT HONG CL,10 TO 12,93.0,Model A,2017,92 years 03 months,550000.0
2024-03-01,CHOA CHU KANG,4 ROOM,802A,KEAT HONG CL,04 TO 06,92.0,Model A,2018,93 years,520000.0
2024-03-01,CHOA CHU KANG,4 ROOM,805D,KEAT HONG CL,13 TO 15,93.0,Model A,2017,92 years 02 months,585000.0
2024-03-01,CHOA CHU KANG,4 ROOM,817C,KEAT HONG LINK,19 TO 21,92.0,Model A,2017,92 years 07 months,638888.0
2024-03-01,CHOA CHU KANG,4 ROOM,817C,KEAT HONG LINK,16 TO 18,92.0,Model A,2017,92 years 08 months,617000.0
2024-03-01,CHOA CHU KANG,4 ROOM,112,TECK WHYE LANE,04 TO 06,103.0,Model A,1989,64 years 01 month,480000.0
2024-03-01,CHOA CHU KANG,4 ROOM,123,TECK WHYE LANE,07 TO 09,104.0,Model A,1989,64 years 02 months,489000.0
2024-03-01,CHOA CHU KANG,4 ROOM,104,TECK WHYE LANE,07 TO 09,106.0,Model A,1989,64 years,470000.0
2024-03-01,CHOA CHU KANG,5 ROOM,447,CHOA CHU KANG AVE 4,01 TO 03,122.0,Improved,1997,72 years 05 months,560000.0
2024-03-01,CHOA CHU KANG,5 ROOM,421,CHOA CHU KANG AVE 4,10 TO 12,132.0,Model A,1992,67 years 05 months,620000.0
2024-03-01,CHOA CHU KANG,5 ROOM,484B,CHOA CHU KANG AVE 5,13 TO 15,116.0,Improved,1999,74 years 02 months,600000.0
2024-03-01,CHOA CHU KANG,5 ROOM,485D,CHOA CHU KANG AVE 5,10 TO 12,116.0,Improved,1999,74 years 04 months,565000.0
2024-03-01,CHOA CHU KANG,5 ROOM,810A,CHOA CHU KANG AVE 7,04 TO 06,113.0,Improved,2017,92 years 09 months,600000.0
2024-03-01,CHOA CHU KANG,5 ROOM,684C,CHOA CHU KANG CRES,04 TO 06,110.0,Improved,2002,77 years 08 months,538888.0
2024-03-01,CHOA CHU KANG,5 ROOM,684D,CHOA CHU KANG CRES,01 TO 03,110.0,Improved,2002,77 years 08 months,508000.0
2024-03-01,CHOA CHU KANG,5 ROOM,680,CHOA CHU KANG CRES,10 TO 12,123.0,Premium Apartment,1999,74 years 09 months,585000.0
2024-03-01,CHOA CHU KANG,5 ROOM,685A,CHOA CHU KANG CRES,13 TO 15,110.0,Improved,2002,77 years 07 months,528000.0
2024-03-01,CHOA CHU KANG,5 ROOM,692B,CHOA CHU KANG CRES,16 TO 18,110.0,Improved,2003,78 years,551888.0
2024-03-01,CHOA CHU KANG,5 ROOM,677,CHOA CHU KANG CRES,01 TO 03,122.0,Premium Apartment,1999,74 years 08 months,552000.0
2024-03-01,CHOA CHU KANG,5 ROOM,671A,CHOA CHU KANG CRES,16 TO 18,124.0,Premium Apartment,2000,75 years,630888.0
2024-03-01,CHOA CHU KANG,5 ROOM,683C,CHOA CHU KANG CRES,07 TO 09,110.0,Improved,2002,77 years 05 months,520000.0
2024-03-01,CHOA CHU KANG,5 ROOM,692B,CHOA CHU KANG CRES,22 TO 24,110.0,Improved,2003,78 years,592888.0
2024-03-01,CHOA CHU KANG,5 ROOM,206,CHOA CHU KANG CTRL,04 TO 06,122.0,Improved,1989,64 years 01 month,585000.0
2024-03-01,CHOA CHU KANG,5 ROOM,688A,CHOA CHU KANG DR,13 TO 15,110.0,Improved,2002,77 years 02 months,522000.0
2024-03-01,CHOA CHU KANG,5 ROOM,689B,CHOA CHU KANG DR,16 TO 18,110.0,Improved,2002,77 years 01 month,570000.0
2024-03-01,CHOA CHU KANG,5 ROOM,792,CHOA CHU KANG NTH 6,01 TO 03,127.0,Improved,1996,71 years 07 months,622000.0
2024-03-01,CHOA CHU KANG,5 ROOM,619,CHOA CHU KANG NTH 7,10 TO 12,121.0,Improved,1996,71 years 02 months,673000.0
2024-03-01,CHOA CHU KANG,5 ROOM,569,CHOA CHU KANG ST 52,04 TO 06,127.0,Improved,1995,70 years 03 months,685000.0
2024-03-01,CHOA CHU KANG,5 ROOM,546,CHOA CHU KANG ST 52,04 TO 06,123.0,Improved,1995,69 years 11 months,585000.0
2024-03-01,CHOA CHU KANG,5 ROOM,705,CHOA CHU KANG ST 53,10 TO 12,137.0,Model A,1995,70 years 04 months,640000.0
2024-03-01,CHOA CHU KANG,5 ROOM,702,CHOA CHU KANG ST 53,10 TO 12,121.0,Improved,1995,70 years 03 months,605000.0
2024-03-01,CHOA CHU KANG,5 ROOM,769,CHOA CHU KANG ST 54,13 TO 15,121.0,Improved,1996,71 years 08 months,628000.0
2024-03-01,CHOA CHU KANG,5 ROOM,156,JLN TECK WHYE,07 TO 09,122.0,Improved,1998,73 years 01 month,640000.0
2024-03-01,CHOA CHU KANG,5 ROOM,804B,KEAT HONG CL,13 TO 15,113.0,Improved,2017,92 years 03 months,650000.0
2024-03-01,CHOA CHU KANG,5 ROOM,805C,KEAT HONG CL,16 TO 18,113.0,Improved,2017,92 years 02 months,675000.0
2024-03-01,CHOA CHU KANG,5 ROOM,7,TECK WHYE AVE,07 TO 09,132.0,Model A,1984,59 years,610000.0
2024-03-01,CHOA CHU KANG,5 ROOM,117,TECK WHYE LANE,04 TO 06,121.0,Improved,1989,63 years 11 months,580000.0
2024-03-01,CHOA CHU KANG,5 ROOM,116,TECK WHYE LANE,04 TO 06,121.0,Improved,1988,63 years 10 months,550000.0
2024-03-01,CHOA CHU KANG,EXECUTIVE,274,CHOA CHU KANG AVE 2,04 TO 06,148.0,Apartment,1993,68 years 05 months,750000.0
2024-03-01,CHOA CHU KANG,EXECUTIVE,297A,CHOA CHU KANG AVE 2,07 TO 09,141.0,Premium Apartment,1999,74 years 05 months,735000.0
2024-03-01,CHOA CHU KANG,EXECUTIVE,296B,CHOA CHU KANG AVE 2,04 TO 06,141.0,Premium Apartment,1999,74 years 05 months,668000.0
2024-03-01,CHOA CHU KANG,EXECUTIVE,296,CHOA CHU KANG AVE 2,04 TO 06,142.0,Premium Apartment,1999,74 years 05 months,730000.0
2024-03-01,CHOA CHU KANG,EXECUTIVE,275,CHOA CHU KANG AVE 2,04 TO 06,147.0,Apartment,1993,68 years 05 months,750000.0
2024-03-01,CHOA CHU KANG,EXECUTIVE,282,CHOA CHU KANG AVE 3,04 TO 06,144.0,Apartment,1992,67 years 05 months,760000.0
2024-03-01,CHOA CHU KANG,EXECUTIVE,448,CHOA CHU KANG AVE 4,10 TO 12,143.0,Maisonette,1997,72 years 02 months,800000.0
2024-03-01,CHOA CHU KANG,EXECUTIVE,419,CHOA CHU KANG AVE 4,04 TO 06,143.0,Apartment,1993,68 years 03 months,726888.0
2024-03-01,CHOA CHU KANG,EXECUTIVE,208,CHOA CHU KANG CTRL,07 TO 09,149.0,Maisonette,1989,64 years 06 months,820000.0
2024-03-01,CHOA CHU KANG,EXECUTIVE,531,CHOA CHU KANG ST 51,04 TO 06,148.0,Apartment,1995,70 years 03 months,732000.0
2024-03-01,CHOA CHU KANG,EXECUTIVE,530,CHOA CHU KANG ST 51,01 TO 03,144.0,Apartment,1995,70 years 03 months,690000.0
2024-03-01,CHOA CHU KANG,EXECUTIVE,108,TECK WHYE LANE,04 TO 06,150.0,Maisonette,1989,64 years 02 months,835000.0
2024-03-01,CLEMENTI,3 ROOM,365,CLEMENTI AVE 2,04 TO 06,81.0,New Generation,1978,52 years 11 months,485000.0
2024-03-01,CLEMENTI,3 ROOM,363,CLEMENTI AVE 2,07 TO 09,67.0,New Generation,1978,52 years 11 months,400000.0
2024-03-01,CLEMENTI,3 ROOM,428,CLEMENTI AVE 3,04 TO 06,67.0,New Generation,1978,53 years 04 months,395000.0
2024-03-01,CLEMENTI,3 ROOM,374,CLEMENTI AVE 4,04 TO 06,68.0,New Generation,1981,56 years 07 months,383000.0
2024-03-01,CLEMENTI,3 ROOM,305,CLEMENTI AVE 4,07 TO 09,67.0,New Generation,1979,54 years 01 month,388000.0
2024-03-01,CLEMENTI,3 ROOM,310,CLEMENTI AVE 4,10 TO 12,67.0,New Generation,1980,54 years 10 months,438000.0
2024-03-01,CLEMENTI,3 ROOM,374,CLEMENTI AVE 4,07 TO 09,68.0,New Generation,1981,56 years 06 months,377000.0
2024-03-01,CLEMENTI,3 ROOM,303,CLEMENTI AVE 4,10 TO 12,67.0,New Generation,1979,54 years 01 month,380000.0
2024-03-01,CLEMENTI,3 ROOM,311C,CLEMENTI AVE 4,34 TO 36,60.0,DBSS,2014,89 years 09 months,615000.0
2024-03-01,CLEMENTI,3 ROOM,377,CLEMENTI AVE 5,10 TO 12,67.0,New Generation,1980,55 years 09 months,400000.0
2024-03-01,CLEMENTI,3 ROOM,343,CLEMENTI AVE 5,04 TO 06,67.0,New Generation,1979,54 years 09 months,380000.0
2024-03-01,CLEMENTI,3 ROOM,208A,CLEMENTI AVE 6,07 TO 09,68.0,Model A,2017,92 years 07 months,598000.0
2024-03-01,CLEMENTI,3 ROOM,602,CLEMENTI WEST ST 1,01 TO 03,67.0,New Generation,1979,54 years 10 months,318000.0
2024-03-01,CLEMENTI,3 ROOM,607,CLEMENTI WEST ST 1,07 TO 09,67.0,New Generation,1979,54 years 09 months,360000.0
2024-03-01,CLEMENTI,3 ROOM,710,CLEMENTI WEST ST 2,01 TO 03,68.0,New Generation,1984,59 years 02 months,365000.0
2024-03-01,CLEMENTI,3 ROOM,714,CLEMENTI WEST ST 2,04 TO 06,67.0,New Generation,1980,55 years 09 months,359500.0
2024-03-01,CLEMENTI,3 ROOM,706,CLEMENTI WEST ST 2,04 TO 06,68.0,New Generation,1980,55 years 05 months,350000.0
2024-03-01,CLEMENTI,3 ROOM,715,CLEMENTI WEST ST 2,04 TO 06,68.0,New Generation,1981,56 years 06 months,370000.0
2024-03-01,CLEMENTI,3 ROOM,703,WEST COAST RD,10 TO 12,67.0,New Generation,1980,55 years 06 months,352188.0
2024-03-01,CLEMENTI,4 ROOM,410,C'WEALTH AVE WEST,04 TO 06,97.0,New Generation,1978,53 years 02 months,518000.0
2024-03-01,CLEMENTI,4 ROOM,421,CLEMENTI AVE 1,34 TO 36,100.0,Model A,2013,88 years 07 months,935888.0
2024-03-01,CLEMENTI,4 ROOM,420,CLEMENTI AVE 1,25 TO 27,92.0,Model A,2013,88 years 07 months,895000.0
2024-03-01,CLEMENTI,4 ROOM,421,CLEMENTI AVE 1,13 TO 15,96.0,Model A,2013,88 years 06 months,856888.0
2024-03-01,CLEMENTI,4 ROOM,358,CLEMENTI AVE 2,07 TO 09,92.0,New Generation,1978,52 years 11 months,618000.0
2024-03-01,CLEMENTI,4 ROOM,454,CLEMENTI AVE 3,04 TO 06,90.0,Model A,2002,77 years 10 months,770000.0
2024-03-01,CLEMENTI,4 ROOM,454,CLEMENTI AVE 3,19 TO 21,91.0,Model A,2002,77 years 10 months,808888.0
2024-03-01,CLEMENTI,4 ROOM,318,CLEMENTI AVE 4,10 TO 12,91.0,New Generation,1979,54 years 03 months,650000.0
2024-03-01,CLEMENTI,4 ROOM,303,CLEMENTI AVE 4,01 TO 03,92.0,New Generation,1979,54 years 01 month,560000.0
2024-03-01,CLEMENTI,4 ROOM,307,CLEMENTI AVE 4,04 TO 06,92.0,New Generation,1979,54 years 09 months,548000.0
2024-03-01,CLEMENTI,4 ROOM,303,CLEMENTI AVE 4,04 TO 06,92.0,New Generation,1979,54 years 01 month,516000.0
2024-03-01,CLEMENTI,4 ROOM,377,CLEMENTI AVE 5,07 TO 09,91.0,New Generation,1980,55 years 08 months,590000.0
2024-03-01,CLEMENTI,4 ROOM,347,CLEMENTI AVE 5,01 TO 03,92.0,New Generation,1979,53 years 11 months,512000.0
2024-03-01,CLEMENTI,4 ROOM,327,CLEMENTI AVE 5,04 TO 06,92.0,New Generation,1978,53 years 05 months,565000.0
2024-03-01,CLEMENTI,4 ROOM,347,CLEMENTI AVE 5,07 TO 09,92.0,New Generation,1979,53 years 10 months,540000.0
2024-03-01,CLEMENTI,4 ROOM,202,CLEMENTI AVE 6,10 TO 12,91.0,New Generation,1985,59 years 11 months,600000.0
2024-03-01,CLEMENTI,4 ROOM,611,CLEMENTI WEST ST 1,07 TO 09,111.0,Model A,1983,58 years 08 months,600000.0
2024-03-01,CLEMENTI,5 ROOM,414,C'WEALTH AVE WEST,16 TO 18,125.0,Improved,1978,53 years 05 months,750000.0
2024-03-01,CLEMENTI,5 ROOM,425,CLEMENTI AVE 1,10 TO 12,117.0,Improved,2013,88 years 08 months,1080000.0
2024-03-01,CLEMENTI,5 ROOM,416,CLEMENTI AVE 1,13 TO 15,113.0,Improved,2013,88 years 06 months,1030000.0
2024-03-01,CLEMENTI,5 ROOM,459,CLEMENTI AVE 3,07 TO 09,110.0,Improved,2002,77 years 10 months,960000.0
2024-03-01,CLEMENTI,5 ROOM,440C,CLEMENTI AVE 3,04 TO 06,112.0,Improved,2018,93 years 06 months,1210000.0
2024-03-01,CLEMENTI,5 ROOM,312B,CLEMENTI AVE 4,22 TO 24,113.0,Improved,2017,92 years 06 months,1210000.0
2024-03-01,CLEMENTI,5 ROOM,312A,CLEMENTI AVE 4,37 TO 39,113.0,Improved,2017,92 years 05 months,1260000.0
2024-03-01,CLEMENTI,5 ROOM,312B,CLEMENTI AVE 4,16 TO 18,113.0,Improved,2017,92 years 05 months,1180000.0
2024-03-01,CLEMENTI,EXECUTIVE,201,CLEMENTI AVE 6,07 TO 09,150.0,Maisonette,1985,60 years 03 months,1000000.0
2024-03-01,GEYLANG,2 ROOM,32,BALAM RD,07 TO 09,46.0,Standard,1973,48 years 05 months,280000.0
2024-03-01,GEYLANG,2 ROOM,39,CIRCUIT RD,01 TO 03,45.0,Standard,1971,45 years 10 months,270000.0
2024-03-01,GEYLANG,3 ROOM,106,ALJUNIED CRES,01 TO 03,67.0,New Generation,1979,54 years,355000.0
2024-03-01,GEYLANG,3 ROOM,98,ALJUNIED CRES,10 TO 12,65.0,Improved,1975,50 years 06 months,405000.0
2024-03-01,GEYLANG,3 ROOM,21,BALAM RD,07 TO 09,60.3,Standard,1967,41 years 11 months,270000.0
2024-03-01,GEYLANG,3 ROOM,24,BALAM RD,07 TO 09,60.0,Standard,1967,41 years 11 months,312000.0
2024-03-01,GEYLANG,3 ROOM,32,CASSIA CRES,07 TO 09,68.0,New Generation,1981,56 years 05 months,465000.0
2024-03-01,GEYLANG,3 ROOM,65,CIRCUIT RD,07 TO 09,59.0,Standard,1967,41 years 11 months,325000.0
2024-03-01,GEYLANG,3 ROOM,66,CIRCUIT RD,04 TO 06,56.0,Standard,1967,42 years,320000.0
2024-03-01,GEYLANG,3 ROOM,40,CIRCUIT RD,07 TO 09,57.0,Standard,1971,45 years 11 months,325888.0
2024-03-01,GEYLANG,3 ROOM,61,CIRCUIT RD,04 TO 06,61.0,Standard,1969,44 years,335000.0
2024-03-01,GEYLANG,3 ROOM,61,CIRCUIT RD,04 TO 06,61.0,Standard,1969,44 years,310000.0
2024-03-01,GEYLANG,3 ROOM,43,CIRCUIT RD,10 TO 12,52.0,Standard,1971,45 years 11 months,318000.0
2024-03-01,GEYLANG,3 ROOM,66,CIRCUIT RD,10 TO 12,56.0,Standard,1967,41 years 10 months,325000.0
2024-03-01,GEYLANG,3 ROOM,45,CIRCUIT RD,01 TO 03,52.0,Standard,1971,45 years 10 months,301000.0
2024-03-01,GEYLANG,3 ROOM,49,CIRCUIT RD,10 TO 12,56.0,Standard,1969,43 years 10 months,305000.0
2024-03-01,GEYLANG,3 ROOM,39,CIRCUIT RD,01 TO 03,57.0,Standard,1971,45 years 11 months,318000.0
2024-03-01,GEYLANG,3 ROOM,58,CIRCUIT RD,01 TO 03,56.0,Standard,1969,43 years 11 months,290000.0
2024-03-01,GEYLANG,3 ROOM,18A,CIRCUIT RD,04 TO 06,67.0,Model A,2016,91 years 09 months,685000.0
2024-03-01,GEYLANG,3 ROOM,20,EUNOS CRES,10 TO 12,66.0,Improved,1982,56 years 11 months,380000.0
2024-03-01,GEYLANG,3 ROOM,9,HAIG RD,07 TO 09,59.0,Improved,1976,51 years 05 months,368000.0
2024-03-01,GEYLANG,3 ROOM,4,JOO CHIAT RD,16 TO 18,74.0,Model A,1985,60 years 10 months,565000.0
2024-03-01,GEYLANG,4 ROOM,111,ALJUNIED CRES,07 TO 09,92.0,New Generation,1978,52 years 10 months,580000.0
2024-03-01,GEYLANG,4 ROOM,29,BALAM RD,01 TO 03,107.0,Model A,1997,72 years 05 months,770000.0
2024-03-01,GEYLANG,4 ROOM,42,CASSIA CRES,04 TO 06,93.0,New Generation,1981,56 years 05 months,633000.0
2024-03-01,GEYLANG,4 ROOM,18B,CIRCUIT RD,07 TO 09,93.0,Model A,2016,91 years 09 months,915000.0
2024-03-01,GEYLANG,4 ROOM,17A,CIRCUIT RD,10 TO 12,93.0,Model A,2016,91 years 09 months,950000.0
2024-03-01,GEYLANG,4 ROOM,9,EUNOS CRES,07 TO 09,91.0,New Generation,1978,53 years 05 months,541000.0
2024-03-01,GEYLANG,4 ROOM,125,GEYLANG EAST AVE 1,10 TO 12,104.0,Model A,1984,59 years 01 month,735000.0
2024-03-01,GEYLANG,4 ROOM,2C,GEYLANG SERAI,19 TO 21,93.0,Model A,2011,86 years 10 months,910000.0
2024-03-01,GEYLANG,4 ROOM,9,PINE CL,04 TO 06,102.0,Model A,1997,72 years 10 months,840000.0
2024-03-01,GEYLANG,4 ROOM,54,PIPIT RD,13 TO 15,91.0,New Generation,1985,60 years 01 month,593888.0
2024-03-01,GEYLANG,4 ROOM,44,SIMS DR,13 TO 15,88.0,Improved,1975,50 years 06 months,450000.0
2024-03-01,GEYLANG,4 ROOM,44,SIMS DR,04 TO 06,88.0,Improved,1975,50 years 06 months,430000.0
2024-03-01,GEYLANG,4 ROOM,341,UBI AVE 1,01 TO 03,104.0,Model A,1985,60 years 07 months,543888.0
2024-03-01,GEYLANG,4 ROOM,318,UBI AVE 1,04 TO 06,84.0,Simplified,1985,60 years 04 months,502000.0
2024-03-01,GEYLANG,5 ROOM,110,ALJUNIED CRES,01 TO 03,121.0,Improved,1980,55 years 05 months,740000.0
2024-03-01,GEYLANG,5 ROOM,29,BALAM RD,19 TO 21,127.0,Improved,1997,72 years 06 months,916000.0
2024-03-01,GEYLANG,EXECUTIVE,133,GEYLANG EAST AVE 1,07 TO 09,144.0,Apartment,1987,62 years 02 months,970000.0
2024-03-01,GEYLANG,EXECUTIVE,53,PIPIT RD,13 TO 15,146.0,Maisonette,1986,61 years 08 months,930000.0
2024-03-01,GEYLANG,EXECUTIVE,326,UBI AVE 1,10 TO 12,146.0,Maisonette,1986,61 years 03 months,938888.0
2024-03-01,HOUGANG,2 ROOM,995B,BUANGKOK CRES,07 TO 09,47.0,Model A,2019,94 years 08 months,345000.0
2024-03-01,HOUGANG,2 ROOM,986A,BUANGKOK CRES,04 TO 06,47.0,Model A,2012,87 years 02 months,305000.0
2024-03-01,HOUGANG,2 ROOM,991B,BUANGKOK LINK,10 TO 12,47.0,Model A,2019,94 years 05 months,355000.0
2024-03-01,HOUGANG,2 ROOM,992A,BUANGKOK LINK,07 TO 09,38.0,Model A,2019,94 years 05 months,315000.0
2024-03-01,HOUGANG,3 ROOM,999B,BUANGKOK CRES,16 TO 18,68.0,Model A,2019,94 years 10 months,500000.0
2024-03-01,HOUGANG,3 ROOM,998A,BUANGKOK CRES,10 TO 12,68.0,Model A,2019,94 years 10 months,510000.0
2024-03-01,HOUGANG,3 ROOM,125,HOUGANG AVE 1,01 TO 03,67.0,New Generation,1981,56 years 06 months,370000.0
2024-03-01,HOUGANG,3 ROOM,110,HOUGANG AVE 1,04 TO 06,67.0,New Generation,1982,57 years 08 months,373000.0
2024-03-01,HOUGANG,3 ROOM,6,HOUGANG AVE 3,01 TO 03,59.0,Improved,1975,50 years 06 months,320000.0
2024-03-01,HOUGANG,3 ROOM,19,HOUGANG AVE 3,04 TO 06,73.0,New Generation,1978,53 years 03 months,361000.0
2024-03-01,HOUGANG,3 ROOM,1,HOUGANG AVE 3,10 TO 12,59.0,Improved,1975,50 years 05 months,325000.0
2024-03-01,HOUGANG,3 ROOM,252,HOUGANG AVE 3,07 TO 09,67.0,New Generation,1985,59 years 11 months,409888.0
2024-03-01,HOUGANG,3 ROOM,1,HOUGANG AVE 3,01 TO 03,59.0,Improved,1975,50 years 05 months,290000.0
2024-03-01,HOUGANG,3 ROOM,24,HOUGANG AVE 3,07 TO 09,67.0,New Generation,1978,53 years 03 months,370000.0
2024-03-01,HOUGANG,3 ROOM,20,HOUGANG AVE 3,04 TO 06,73.0,New Generation,1978,53 years 02 months,408000.0
2024-03-01,HOUGANG,3 ROOM,311,HOUGANG AVE 5,13 TO 15,68.0,New Generation,1983,58 years 03 months,455000.0
2024-03-01,HOUGANG,3 ROOM,319,HOUGANG AVE 5,04 TO 06,67.0,New Generation,1983,58 years 05 months,405000.0
2024-03-01,HOUGANG,3 ROOM,321,HOUGANG AVE 5,04 TO 06,67.0,New Generation,1983,58 years,395000.0
2024-03-01,HOUGANG,3 ROOM,321,HOUGANG AVE 5,04 TO 06,67.0,New Generation,1983,58 years,403000.0
2024-03-01,HOUGANG,3 ROOM,524,HOUGANG AVE 6,07 TO 09,74.0,Model A,1987,62 years 01 month,445000.0
2024-03-01,HOUGANG,3 ROOM,529,HOUGANG AVE 6,10 TO 12,74.0,Model A,1987,62 years 05 months,425000.0
2024-03-01,HOUGANG,3 ROOM,619,HOUGANG AVE 8,01 TO 03,60.0,Improved,1985,60 years 07 months,355000.0
2024-03-01,HOUGANG,3 ROOM,678,HOUGANG AVE 8,07 TO 09,64.0,Simplified,1988,63 years 09 months,402000.0
2024-03-01,HOUGANG,3 ROOM,631,HOUGANG AVE 8,13 TO 15,60.0,Improved,1985,60 years 05 months,375000.0
2024-03-01,HOUGANG,3 ROOM,242,HOUGANG ST 22,07 TO 09,67.0,New Generation,1984,59 years 09 months,368888.0
2024-03-01,HOUGANG,3 ROOM,243,HOUGANG ST 22,01 TO 03,67.0,New Generation,1984,59 years 03 months,370000.0
2024-03-01,HOUGANG,3 ROOM,688,HOUGANG ST 61,10 TO 12,74.0,Model A,1987,62 years 01 month,430000.0
2024-03-01,HOUGANG,3 ROOM,685,HOUGANG ST 61,04 TO 06,64.0,Simplified,1986,61 years 06 months,383000.0
2024-03-01,HOUGANG,4 ROOM,996C,BUANGKOK CRES,04 TO 06,92.0,Model A,2019,94 years 07 months,573000.0
2024-03-01,HOUGANG,4 ROOM,998A,BUANGKOK CRES,13 TO 15,93.0,Model A,2019,94 years 10 months,655000.0
2024-03-01,HOUGANG,4 ROOM,996C,BUANGKOK CRES,13 TO 15,92.0,Model A,2019,94 years 08 months,655888.0
2024-03-01,HOUGANG,4 ROOM,997B,BUANGKOK CRES,04 TO 06,93.0,Model A,2018,93 years 09 months,550000.0
2024-03-01,HOUGANG,4 ROOM,996A,BUANGKOK CRES,04 TO 06,93.0,Model A,2019,94 years 07 months,565000.0
2024-03-01,HOUGANG,4 ROOM,998A,BUANGKOK CRES,07 TO 09,93.0,Model A,2019,94 years 10 months,612888.0
2024-03-01,HOUGANG,4 ROOM,999B,BUANGKOK CRES,13 TO 15,93.0,Model A,2019,94 years 10 months,655000.0
2024-03-01,HOUGANG,4 ROOM,996B,BUANGKOK CRES,13 TO 15,93.0,Model A,2019,94 years 07 months,605000.0
2024-03-01,HOUGANG,4 ROOM,999B,BUANGKOK CRES,13 TO 15,94.0,Model A,2019,94 years 09 months,640000.0
2024-03-01,HOUGANG,4 ROOM,999B,BUANGKOK CRES,16 TO 18,93.0,Model A,2019,94 years 09 months,655600.0
2024-03-01,HOUGANG,4 ROOM,996B,BUANGKOK CRES,13 TO 15,93.0,Model A,2019,94 years 06 months,642000.0
2024-03-01,HOUGANG,4 ROOM,988A,BUANGKOK GREEN,16 TO 18,93.0,Model A,2015,90 years,635000.0
2024-03-01,HOUGANG,4 ROOM,992A,BUANGKOK LINK,01 TO 03,93.0,Model A,2019,94 years 04 months,570000.0
2024-03-01,HOUGANG,4 ROOM,992B,BUANGKOK LINK,04 TO 06,93.0,Model A,2019,94 years 04 months,550000.0
2024-03-01,HOUGANG,4 ROOM,992B,BUANGKOK LINK,10 TO 12,93.0,Model A,2019,94 years 04 months,632500.0
2024-03-01,HOUGANG,4 ROOM,992A,BUANGKOK LINK,04 TO 06,93.0,Model A,2019,94 years 04 months,600000.0
2024-03-01,HOUGANG,4 ROOM,992B,BUANGKOK LINK,04 TO 06,93.0,Model A,2019,94 years 04 months,650000.0
2024-03-01,HOUGANG,4 ROOM,165,HOUGANG AVE 1,01 TO 03,92.0,Model A2,1997,72 years 09 months,508000.0
2024-03-01,HOUGANG,4 ROOM,172,HOUGANG AVE 1,10 TO 12,103.0,Model A,1997,72 years 10 months,553008.0
2024-03-01,HOUGANG,4 ROOM,509,HOUGANG AVE 10,01 TO 03,84.0,Simplified,1986,61 years 04 months,483000.0
2024-03-01,HOUGANG,4 ROOM,448,HOUGANG AVE 10,01 TO 03,105.0,Model A,1990,65 years 02 months,538888.0
2024-03-01,HOUGANG,4 ROOM,709,HOUGANG AVE 2,10 TO 12,91.0,New Generation,1985,60 years 05 months,538000.0
2024-03-01,HOUGANG,4 ROOM,17,HOUGANG AVE 3,07 TO 09,98.0,New Generation,1978,53 years 03 months,538000.0
2024-03-01,HOUGANG,4 ROOM,601,HOUGANG AVE 4,01 TO 03,84.0,Simplified,1986,61 years 04 months,475000.0
2024-03-01,HOUGANG,4 ROOM,602,HOUGANG AVE 4,10 TO 12,84.0,Simplified,1985,60 years 06 months,490000.0
2024-03-01,HOUGANG,4 ROOM,322,HOUGANG AVE 5,01 TO 03,93.0,New Generation,1983,58 years 01 month,475000.0
2024-03-01,HOUGANG,4 ROOM,524,HOUGANG AVE 6,04 TO 06,105.0,Model A,1987,62 years 01 month,630000.0
2024-03-01,HOUGANG,4 ROOM,337,HOUGANG AVE 7,13 TO 15,93.0,New Generation,1985,60 years 06 months,550000.0
2024-03-01,HOUGANG,4 ROOM,354,HOUGANG AVE 7,04 TO 06,94.0,New Generation,1986,61 years 03 months,497000.0
2024-03-01,HOUGANG,4 ROOM,326,HOUGANG AVE 7,04 TO 06,104.0,Model A,1983,58 years 02 months,508000.0
2024-03-01,HOUGANG,4 ROOM,614,HOUGANG AVE 8,01 TO 03,84.0,Simplified,1986,61 years,480000.0
2024-03-01,HOUGANG,4 ROOM,506,HOUGANG AVE 8,04 TO 06,84.0,Simplified,1987,62 years 01 month,500000.0
2024-03-01,HOUGANG,4 ROOM,636,HOUGANG AVE 8,10 TO 12,84.0,Simplified,1987,62 years 10 months,480000.0
2024-03-01,HOUGANG,4 ROOM,629,HOUGANG AVE 8,07 TO 09,104.0,Model A,1986,61 years 05 months,566980.0
2024-03-01,HOUGANG,4 ROOM,502,HOUGANG AVE 8,04 TO 06,84.0,Simplified,1987,62 years 03 months,510000.0
2024-03-01,HOUGANG,4 ROOM,434,HOUGANG AVE 8,04 TO 06,105.0,Model A,1989,64 years 03 months,570000.0
2024-03-01,HOUGANG,4 ROOM,418,HOUGANG AVE 8,04 TO 06,113.0,Model A,1989,64 years 02 months,580000.0
2024-03-01,HOUGANG,4 ROOM,924,HOUGANG AVE 9,04 TO 06,100.0,Model A,1998,73 years 07 months,545000.0
2024-03-01,HOUGANG,4 ROOM,159,HOUGANG ST 11,01 TO 03,101.0,Model A,1998,72 years 11 months,570000.0
2024-03-01,HOUGANG,4 ROOM,370,HOUGANG ST 31,07 TO 09,100.0,Model A,1999,74 years 09 months,630000.0
2024-03-01,HOUGANG,4 ROOM,570,HOUGANG ST 51,10 TO 12,100.0,Model A,1997,72 years 07 months,520000.0
2024-03-01,HOUGANG,4 ROOM,550,HOUGANG ST 51,10 TO 12,103.0,Model A,1992,67 years 08 months,633000.0
2024-03-01,HOUGANG,4 ROOM,571,HOUGANG ST 51,13 TO 15,98.0,Model A,1997,72 years 02 months,562000.0
2024-03-01,HOUGANG,4 ROOM,697,HOUGANG ST 61,01 TO 03,85.0,Simplified,1987,62 years 02 months,485000.0
2024-03-01,HOUGANG,4 ROOM,693,HOUGANG ST 61,04 TO 06,89.0,Simplified,1987,62 years 04 months,488000.0
2024-03-01,HOUGANG,4 ROOM,695,HOUGANG ST 61,10 TO 12,104.0,Model A,1987,62 years 07 months,565000.0
2024-03-01,HOUGANG,4 ROOM,697,HOUGANG ST 61,04 TO 06,89.0,Simplified,1987,62 years 02 months,518888.0
2024-03-01,HOUGANG,4 ROOM,911,HOUGANG ST 91,04 TO 06,93.0,Model A2,1998,73 years,495000.0
2024-03-01,HOUGANG,4 ROOM,913,HOUGANG ST 91,04 TO 06,100.0,Model A,1997,72 years 08 months,520000.0
2024-03-01,HOUGANG,4 ROOM,944,HOUGANG ST 92,01 TO 03,101.0,Model A,1998,73 years 08 months,520000.0
2024-03-01,HOUGANG,4 ROOM,941,HOUGANG ST 92,04 TO 06,101.0,Model A,1998,73 years,540000.0
2024-03-01,HOUGANG,4 ROOM,471A,UPP SERANGOON CRES,07 TO 09,92.0,Model A,2015,90 years 03 months,643888.0
2024-03-01,HOUGANG,4 ROOM,475B,UPP SERANGOON CRES,16 TO 18,92.0,DBSS,2014,89 years 09 months,790000.0
2024-03-01,HOUGANG,4 ROOM,470C,UPP SERANGOON CRES,04 TO 06,93.0,Model A,2015,90 years 03 months,550000.0
2024-03-01,HOUGANG,4 ROOM,475A,UPP SERANGOON CRES,07 TO 09,92.0,DBSS,2014,89 years 09 months,760000.0
2024-03-01,HOUGANG,4 ROOM,470C,UPP SERANGOON CRES,04 TO 06,92.0,Model A,2015,90 years 03 months,555000.0
2024-03-01,HOUGANG,4 ROOM,365B,UPP SERANGOON RD,01 TO 03,92.0,Model A,2018,93 years,725000.0
2024-03-01,HOUGANG,4 ROOM,365B,UPP SERANGOON RD,07 TO 09,92.0,Model A,2018,92 years 11 months,695000.0
2024-03-01,HOUGANG,4 ROOM,476C,UPP SERANGOON VIEW,07 TO 09,95.0,Premium Apartment,2016,91 years 01 month,721000.0
2024-03-01,HOUGANG,5 ROOM,979A,BUANGKOK CRES,13 TO 15,110.0,Improved,2003,78 years 05 months,625800.0
2024-03-01,HOUGANG,5 ROOM,461,HOUGANG AVE 10,13 TO 15,124.0,Improved,1992,67 years 07 months,880000.0
2024-03-01,HOUGANG,5 ROOM,607,HOUGANG AVE 4,04 TO 06,122.0,Improved,1986,61 years 04 months,652000.0
2024-03-01,HOUGANG,5 ROOM,360,HOUGANG AVE 5,07 TO 09,125.0,Improved,1992,67 years 08 months,739888.0
2024-03-01,HOUGANG,5 ROOM,363,HOUGANG AVE 5,07 TO 09,124.0,Improved,1992,67 years 08 months,708000.0
2024-03-01,HOUGANG,5 ROOM,306,HOUGANG AVE 5,10 TO 12,131.0,Model A,1983,58 years 01 month,760000.0
2024-03-01,HOUGANG,5 ROOM,231,HOUGANG ST 21,01 TO 03,142.0,Model A-Maisonette,1984,59 years 06 months,900000.0
2024-03-01,HOUGANG,5 ROOM,567,HOUGANG ST 51,13 TO 15,117.0,Improved,1997,72 years 02 months,750000.0
2024-03-01,HOUGANG,5 ROOM,699A,HOUGANG ST 52,07 TO 09,121.0,Improved,1999,73 years 11 months,738000.0
2024-03-01,HOUGANG,5 ROOM,973,HOUGANG ST 91,13 TO 15,115.0,Improved,1999,74 years 10 months,647888.0
2024-03-01,HOUGANG,5 ROOM,956,HOUGANG ST 91,07 TO 09,115.0,Improved,1999,74 years 03 months,660000.0
2024-03-01,HOUGANG,5 ROOM,473D,UPP SERANGOON CRES,01 TO 03,113.0,Improved,2017,92 years 04 months,720000.0
2024-03-01,HOUGANG,5 ROOM,473A,UPP SERANGOON CRES,04 TO 06,113.0,Improved,2017,92 years 04 months,768000.0
2024-03-01,HOUGANG,5 ROOM,471B,UPP SERANGOON CRES,07 TO 09,112.0,Improved,2015,90 years 03 months,828000.0
2024-03-01,HOUGANG,5 ROOM,465,UPP SERANGOON RD,01 TO 03,124.0,Improved,1992,67 years 07 months,665000.0
2024-03-01,HOUGANG,5 ROOM,476C,UPP SERANGOON VIEW,07 TO 09,115.0,Premium Apartment,2016,91 years 01 month,878000.0
2024-03-01,HOUGANG,5 ROOM,476C,UPP SERANGOON VIEW,04 TO 06,115.0,Premium Apartment,2016,91 years 01 month,856888.0
2024-03-01,HOUGANG,EXECUTIVE,533,HOUGANG AVE 6,04 TO 06,145.0,Maisonette,1988,63 years 02 months,900000.0
2024-03-01,HOUGANG,EXECUTIVE,533,HOUGANG AVE 6,10 TO 12,145.0,Maisonette,1988,63 years 01 month,950000.0
2024-03-01,HOUGANG,EXECUTIVE,656,HOUGANG AVE 8,01 TO 03,146.0,Maisonette,1987,62 years 04 months,830000.0
2024-03-01,HOUGANG,EXECUTIVE,441,HOUGANG AVE 8,01 TO 03,146.0,Maisonette,1990,65 years 08 months,880000.0
2024-03-01,HOUGANG,EXECUTIVE,609,HOUGANG AVE 8,01 TO 03,148.0,Maisonette,1985,60 years 10 months,820000.0
2024-03-01,HOUGANG,EXECUTIVE,633,HOUGANG AVE 8,04 TO 06,148.0,Maisonette,1987,62 years 05 months,920000.0
2024-03-01,HOUGANG,EXECUTIVE,960,HOUGANG AVE 9,07 TO 09,137.0,Apartment,1999,74 years 07 months,850000.0
2024-03-01,HOUGANG,EXECUTIVE,851,HOUGANG CTRL,04 TO 06,138.0,Apartment,1997,72 years 01 month,1000000.0
2024-03-01,HOUGANG,EXECUTIVE,833,HOUGANG CTRL,10 TO 12,147.0,Maisonette,1992,67 years 08 months,1050000.0
2024-03-01,HOUGANG,EXECUTIVE,237,HOUGANG ST 21,13 TO 15,156.0,Maisonette,1984,59 years 05 months,1150000.0
2024-03-01,HOUGANG,EXECUTIVE,222,HOUGANG ST 21,04 TO 06,148.0,Maisonette,1992,67 years 07 months,1036000.0
2024-03-01,HOUGANG,EXECUTIVE,221,HOUGANG ST 21,10 TO 12,148.0,Maisonette,1992,67 years 07 months,1063000.0
2024-03-01,HOUGANG,EXECUTIVE,375,HOUGANG ST 31,07 TO 09,141.0,Apartment,1999,74 years 09 months,1088000.0
2024-03-01,HOUGANG,EXECUTIVE,974,HOUGANG ST 91,01 TO 03,137.0,Apartment,1999,74 years 09 months,888888.0
2024-03-01,HOUGANG,EXECUTIVE,128,LOR AH SOO,07 TO 09,142.0,Apartment,1984,59 years 05 months,915000.0
2024-03-01,JURONG EAST,2 ROOM,372,JURONG EAST ST 32,13 TO 15,44.0,2-room,2014,89 years,338000.0
2024-03-01,JURONG EAST,3 ROOM,104,JURONG EAST ST 13,04 TO 06,68.0,New Generation,1982,57 years 08 months,415000.0
2024-03-01,JURONG EAST,3 ROOM,101,JURONG EAST ST 13,01 TO 03,68.0,New Generation,1983,58 years 01 month,355000.0
2024-03-01,JURONG EAST,3 ROOM,101,JURONG EAST ST 13,07 TO 09,68.0,New Generation,1983,58 years 01 month,410000.0
2024-03-01,JURONG EAST,3 ROOM,225A,JURONG EAST ST 21,04 TO 06,67.0,New Generation,1984,59 years 10 months,365000.0
2024-03-01,JURONG EAST,3 ROOM,231,JURONG EAST ST 21,10 TO 12,67.0,New Generation,1981,56 years 04 months,375888.0
2024-03-01,JURONG EAST,3 ROOM,206,JURONG EAST ST 21,04 TO 06,67.0,New Generation,1982,57 years 09 months,370000.0
2024-03-01,JURONG EAST,3 ROOM,231,JURONG EAST ST 21,10 TO 12,67.0,New Generation,1981,56 years 04 months,408000.0
2024-03-01,JURONG EAST,3 ROOM,243,JURONG EAST ST 24,04 TO 06,67.0,New Generation,1983,58 years,352000.0
2024-03-01,JURONG EAST,3 ROOM,245,JURONG EAST ST 24,01 TO 03,68.0,New Generation,1982,57 years 07 months,358000.0
2024-03-01,JURONG EAST,3 ROOM,248,JURONG EAST ST 24,10 TO 12,67.0,New Generation,1983,58 years 02 months,388000.0
2024-03-01,JURONG EAST,3 ROOM,248,JURONG EAST ST 24,04 TO 06,82.0,New Generation,1983,58 years 02 months,425000.0
2024-03-01,JURONG EAST,3 ROOM,304,JURONG EAST ST 32,04 TO 06,67.0,New Generation,1983,58 years 06 months,358000.0
2024-03-01,JURONG EAST,3 ROOM,302,JURONG EAST ST 32,01 TO 03,68.0,New Generation,1983,58 years 10 months,335000.0
2024-03-01,JURONG EAST,3 ROOM,410,PANDAN GDNS,07 TO 09,86.0,Improved,1979,54 years 04 months,408888.0
2024-03-01,JURONG EAST,3 ROOM,20,TEBAN GDNS RD,22 TO 24,72.0,Model A,2013,88 years 08 months,460000.0
2024-03-01,JURONG EAST,3 ROOM,23,TEBAN GDNS RD,34 TO 36,72.0,Model A,2013,88 years 07 months,490000.0
2024-03-01,JURONG EAST,3 ROOM,36,TEBAN GDNS RD,10 TO 12,77.0,Improved,1977,52 years 05 months,368000.0
2024-03-01,JURONG EAST,4 ROOM,221A,JURONG EAST ST 21,04 TO 06,91.0,New Generation,1984,59 years 07 months,500000.0
2024-03-01,JURONG EAST,4 ROOM,218,JURONG EAST ST 21,04 TO 06,91.0,New Generation,1984,59 years 09 months,484888.0
2024-03-01,JURONG EAST,4 ROOM,221A,JURONG EAST ST 21,10 TO 12,91.0,New Generation,1984,59 years 07 months,488000.0
2024-03-01,JURONG EAST,4 ROOM,257,JURONG EAST ST 24,10 TO 12,94.0,New Generation,1983,58 years,465000.0
2024-03-01,JURONG EAST,4 ROOM,257,JURONG EAST ST 24,07 TO 09,94.0,New Generation,1983,57 years 11 months,460000.0
2024-03-01,JURONG EAST,4 ROOM,247,JURONG EAST ST 24,10 TO 12,95.0,New Generation,1983,58 years 04 months,460000.0
2024-03-01,JURONG EAST,4 ROOM,316,JURONG EAST ST 32,01 TO 03,105.0,Model A,1984,59 years 07 months,465000.0
2024-03-01,JURONG EAST,4 ROOM,21,TEBAN GDNS RD,19 TO 21,87.0,Model A,2013,88 years 07 months,570000.0
2024-03-01,JURONG EAST,4 ROOM,63,TEBAN GDNS RD,10 TO 12,90.0,Model A,2003,78 years 04 months,485000.0
2024-03-01,JURONG EAST,4 ROOM,275,TOH GUAN RD,01 TO 03,90.0,Model A2,1998,73 years 08 months,460000.0
2024-03-01,JURONG EAST,4 ROOM,286A,TOH GUAN RD,10 TO 12,104.0,Model A,1998,73 years 10 months,610000.0
2024-03-01,JURONG EAST,5 ROOM,340,JURONG EAST AVE 1,04 TO 06,152.0,Model A-Maisonette,1984,59 years 05 months,788000.0
2024-03-01,JURONG EAST,5 ROOM,331,JURONG EAST AVE 1,01 TO 03,131.0,Model A,1985,60 years 04 months,600000.0
2024-03-01,JURONG EAST,5 ROOM,111,JURONG EAST ST 13,04 TO 06,120.0,Improved,1981,56 years 07 months,580000.0
2024-03-01,JURONG EAST,5 ROOM,109,JURONG EAST ST 13,13 TO 15,120.0,Improved,1981,56 years 09 months,650000.0
2024-03-01,JURONG EAST,5 ROOM,209,JURONG EAST ST 21,04 TO 06,123.0,Improved,1983,58 years 01 month,620000.0
2024-03-01,JURONG EAST,5 ROOM,219A,JURONG EAST ST 21,07 TO 09,118.0,Improved,1985,60 years 02 months,710000.0
2024-03-01,JURONG EAST,5 ROOM,230,JURONG EAST ST 21,19 TO 21,120.0,Improved,1981,56 years 07 months,642000.0
2024-03-01,JURONG EAST,5 ROOM,239,JURONG EAST ST 21,13 TO 15,120.0,Improved,1982,57 years 08 months,648000.0
2024-03-01,JURONG EAST,5 ROOM,317,JURONG EAST ST 31,07 TO 09,135.0,Model A,1984,59 years 03 months,678000.0
2024-03-01,JURONG EAST,EXECUTIVE,336,JURONG EAST AVE 1,04 TO 06,149.0,Maisonette,1985,60 years 05 months,708000.0
2024-03-01,JURONG EAST,EXECUTIVE,216,JURONG EAST ST 21,01 TO 03,148.0,Maisonette,1985,60 years 04 months,860000.0
2024-03-01,JURONG EAST,EXECUTIVE,286C,TOH GUAN RD,10 TO 12,143.0,Apartment,1998,73 years 10 months,1000888.0
2024-03-01,JURONG WEST,2 ROOM,150A,CORPORATION DR,04 TO 06,47.0,Model A,2019,94 years 03 months,325000.0
2024-03-01,JURONG WEST,2 ROOM,560A,JURONG WEST ST 42,07 TO 09,47.0,Model A,2018,93 years,320000.0
2024-03-01,JURONG WEST,2 ROOM,560A,JURONG WEST ST 42,07 TO 09,47.0,Model A,2018,93 years,330000.0
2024-03-01,JURONG WEST,2 ROOM,990A,JURONG WEST ST 93,07 TO 09,56.0,Premium Apartment,2008,83 years 07 months,315000.0
2024-03-01,JURONG WEST,3 ROOM,187,BOON LAY AVE,19 TO 21,59.0,Improved,1978,53 years 06 months,300000.0
2024-03-01,JURONG WEST,3 ROOM,185,BOON LAY AVE,19 TO 21,59.0,Improved,1975,50 years 08 months,305000.0
2024-03-01,JURONG WEST,3 ROOM,217B,BOON LAY AVE,13 TO 15,68.0,Model A,2018,93 years 05 months,455000.0
2024-03-01,JURONG WEST,3 ROOM,186,BOON LAY AVE,13 TO 15,59.0,Improved,1975,50 years 08 months,308000.0
2024-03-01,JURONG WEST,3 ROOM,217B,BOON LAY AVE,01 TO 03,68.0,Model A,2018,93 years 05 months,420000.0
2024-03-01,JURONG WEST,3 ROOM,186,BOON LAY AVE,13 TO 15,59.0,Improved,1975,50 years 08 months,283000.0
2024-03-01,JURONG WEST,3 ROOM,186,BOON LAY AVE,10 TO 12,59.0,Improved,1975,50 years 07 months,283000.0
2024-03-01,JURONG WEST,3 ROOM,197B,BOON LAY DR,01 TO 03,68.0,Model A,2015,90 years 03 months,410000.0
2024-03-01,JURONG WEST,3 ROOM,181A,BOON LAY DR,07 TO 09,68.0,Model A,2014,89 years 02 months,413888.0
2024-03-01,JURONG WEST,3 ROOM,210,BOON LAY PL,16 TO 18,74.0,Improved,1977,52 years 08 months,351212.0
2024-03-01,JURONG WEST,3 ROOM,211,BOON LAY PL,07 TO 09,65.0,Improved,1976,51 years 10 months,310000.0
2024-03-01,JURONG WEST,3 ROOM,210,BOON LAY PL,04 TO 06,65.0,Improved,1977,52 years 08 months,300888.0
2024-03-01,JURONG WEST,3 ROOM,209,BOON LAY PL,10 TO 12,65.0,Improved,1976,51 years 03 months,310000.0
2024-03-01,JURONG WEST,3 ROOM,215,BOON LAY PL,04 TO 06,66.0,Improved,1974,49 years 09 months,315000.0
2024-03-01,JURONG WEST,3 ROOM,208,BOON LAY PL,07 TO 09,74.0,Improved,1976,51 years 09 months,335000.0
2024-03-01,JURONG WEST,3 ROOM,208,BOON LAY PL,07 TO 09,65.0,Improved,1976,51 years 09 months,350000.0
2024-03-01,JURONG WEST,3 ROOM,208,BOON LAY PL,10 TO 12,65.0,Improved,1976,51 years 09 months,310000.0
2024-03-01,JURONG WEST,3 ROOM,210,BOON LAY PL,07 TO 09,65.0,Improved,1977,52 years 08 months,320000.0
2024-03-01,JURONG WEST,4 ROOM,337B,TAH CHING RD,04 TO 06,92.0,Model A,2010,85 years 02 months,560000.0
2024-03-01,JURONG WEST,3 ROOM,140C,CORPORATION DR,01 TO 03,68.0,Model A,2019,94 years 04 months,427000.0
2024-03-01,JURONG WEST,3 ROOM,150A,CORPORATION DR,07 TO 09,68.0,Model A,2019,94 years 03 months,429000.0
2024-03-01,JURONG WEST,3 ROOM,114,HO CHING RD,07 TO 09,67.0,Improved,1971,46 years 03 months,310000.0
2024-03-01,JURONG WEST,3 ROOM,495,JURONG WEST ST 41,04 TO 06,64.0,Simplified,1986,61 years 05 months,355000.0
2024-03-01,JURONG WEST,3 ROOM,561B,JURONG WEST ST 42,07 TO 09,68.0,Model A,2018,93 years,458000.0
2024-03-01,JURONG WEST,3 ROOM,534,JURONG WEST ST 52,04 TO 06,67.0,New Generation,1982,57 years 04 months,365000.0
2024-03-01,JURONG WEST,3 ROOM,520,JURONG WEST ST 52,07 TO 09,74.0,Model A,1984,59 years 05 months,438888.0
2024-03-01,JURONG WEST,3 ROOM,518,JURONG WEST ST 52,10 TO 12,79.0,Model A,1984,59 years 09 months,435000.0
2024-03-01,JURONG WEST,3 ROOM,530,JURONG WEST ST 52,04 TO 06,67.0,New Generation,1983,58 years 06 months,374000.0
2024-03-01,JURONG WEST,3 ROOM,915,JURONG WEST ST 91,07 TO 09,73.0,Model A,1988,63 years 05 months,380000.0
2024-03-01,JURONG WEST,3 ROOM,936,JURONG WEST ST 91,10 TO 12,73.0,Model A,1989,64 years 02 months,383000.0
2024-03-01,JURONG WEST,3 ROOM,925,JURONG WEST ST 92,07 TO 09,73.0,Model A,1988,63 years 08 months,380000.0
2024-03-01,JURONG WEST,3 ROOM,926,JURONG WEST ST 92,07 TO 09,73.0,Model A,1989,63 years 10 months,385000.0
2024-03-01,JURONG WEST,4 ROOM,183B,BOON LAY AVE,07 TO 09,92.0,Model A,2015,89 years 11 months,535000.0
2024-03-01,JURONG WEST,4 ROOM,218C,BOON LAY AVE,07 TO 09,94.0,Model A,2018,93 years 05 months,595000.0
2024-03-01,JURONG WEST,4 ROOM,264,BOON LAY DR,04 TO 06,113.0,Model A,1995,70 years 05 months,472000.0
2024-03-01,JURONG WEST,4 ROOM,268C,BOON LAY DR,07 TO 09,90.0,Model A,2002,77 years,485000.0
2024-03-01,JURONG WEST,4 ROOM,197A,BOON LAY DR,07 TO 09,93.0,Model A,2015,90 years 01 month,608000.0
2024-03-01,JURONG WEST,4 ROOM,196B,BOON LAY DR,07 TO 09,93.0,Model A,2015,90 years 01 month,600000.0
2024-03-01,JURONG WEST,4 ROOM,349,CORPORATION DR,04 TO 06,102.0,Model A,1997,72 years 11 months,540000.0
2024-03-01,JURONG WEST,4 ROOM,140C,CORPORATION DR,07 TO 09,93.0,Model A,2019,94 years 04 months,570000.0
2024-03-01,JURONG WEST,4 ROOM,484,JURONG WEST AVE 1,01 TO 03,100.0,New Generation,1985,60 years 05 months,433000.0
2024-03-01,JURONG WEST,4 ROOM,430,JURONG WEST AVE 1,01 TO 03,103.0,Model A,1985,59 years 11 months,433000.0
2024-03-01,JURONG WEST,4 ROOM,485,JURONG WEST AVE 1,10 TO 12,103.0,Model A,1984,59 years 06 months,508888.0
2024-03-01,JURONG WEST,4 ROOM,431,JURONG WEST AVE 1,01 TO 03,110.0,Model A,1985,59 years 10 months,465000.0
2024-03-01,JURONG WEST,4 ROOM,425,JURONG WEST AVE 1,04 TO 06,105.0,Model A,1984,59 years 08 months,468000.0
2024-03-01,JURONG WEST,4 ROOM,273D,JURONG WEST AVE 3,04 TO 06,88.0,Model A2,2001,76 years 09 months,445000.0
2024-03-01,JURONG WEST,4 ROOM,723,JURONG WEST AVE 5,07 TO 09,104.0,Model A,1990,65 years 10 months,478000.0
2024-03-01,JURONG WEST,4 ROOM,695,JURONG WEST CTRL 1,07 TO 09,102.0,Premium Apartment,1998,73 years 01 month,560888.0
2024-03-01,JURONG WEST,4 ROOM,694,JURONG WEST CTRL 1,07 TO 09,102.0,Premium Apartment,1998,73 years,560000.0
2024-03-01,JURONG WEST,4 ROOM,691,JURONG WEST CTRL 1,07 TO 09,99.0,Premium Apartment,1998,73 years 03 months,575000.0
2024-03-01,JURONG WEST,4 ROOM,272C,JURONG WEST ST 24,10 TO 12,95.0,Premium Apartment,2003,78 years 08 months,500000.0
2024-03-01,JURONG WEST,4 ROOM,476,JURONG WEST ST 41,04 TO 06,102.0,Model A,1984,59 years 07 months,505000.0
2024-03-01,JURONG WEST,4 ROOM,561A,JURONG WEST ST 42,04 TO 06,93.0,Model A,2018,93 years,555000.0
2024-03-01,JURONG WEST,4 ROOM,403,JURONG WEST ST 42,10 TO 12,106.0,Model A,1984,59 years 04 months,490000.0
2024-03-01,JURONG WEST,4 ROOM,447,JURONG WEST ST 42,10 TO 12,103.0,Model A,1984,59 years 04 months,500000.0
2024-03-01,JURONG WEST,4 ROOM,455,JURONG WEST ST 42,01 TO 03,104.0,Model A,1985,59 years 11 months,450000.0
2024-03-01,JURONG WEST,4 ROOM,527,JURONG WEST ST 52,10 TO 12,94.0,New Generation,1983,58 years 06 months,486888.0
2024-03-01,JURONG WEST,4 ROOM,677C,JURONG WEST ST 64,04 TO 06,90.0,Premium Apartment,2008,83 years 04 months,495000.0
2024-03-01,JURONG WEST,4 ROOM,617,JURONG WEST ST 65,01 TO 03,90.0,Model A2,2000,75 years 10 months,488000.0
2024-03-01,JURONG WEST,4 ROOM,673A,JURONG WEST ST 65,10 TO 12,86.0,Model A2,2002,77 years 09 months,470000.0
2024-03-01,JURONG WEST,4 ROOM,633,JURONG WEST ST 65,01 TO 03,91.0,Model A,2001,76 years 09 months,500000.0
2024-03-01,JURONG WEST,4 ROOM,633,JURONG WEST ST 65,04 TO 06,91.0,Model A,2001,76 years 09 months,482000.0
2024-03-01,JURONG WEST,4 ROOM,621,JURONG WEST ST 65,10 TO 12,85.0,Model A2,2000,75 years 09 months,495000.0
2024-03-01,JURONG WEST,4 ROOM,657B,JURONG WEST ST 65,13 TO 15,91.0,Model A,2001,76 years 04 months,517000.0
2024-03-01,JURONG WEST,4 ROOM,657A,JURONG WEST ST 65,07 TO 09,92.0,Model A,2002,77 years 01 month,522888.0
2024-03-01,JURONG WEST,4 ROOM,611,JURONG WEST ST 65,04 TO 06,95.0,Premium Apartment,2001,76 years,530000.0
2024-03-01,JURONG WEST,4 ROOM,711,JURONG WEST ST 71,04 TO 06,104.0,Model A,1991,65 years 11 months,488000.0
2024-03-01,JURONG WEST,4 ROOM,744,JURONG WEST ST 73,04 TO 06,116.0,Model A,1993,68 years 10 months,510000.0
2024-03-01,JURONG WEST,4 ROOM,826,JURONG WEST ST 81,10 TO 12,104.0,Model A,1990,65 years 02 months,470000.0
2024-03-01,JURONG WEST,4 ROOM,942,JURONG WEST ST 91,07 TO 09,105.0,Model A,1989,64 years 05 months,470000.0
2024-03-01,JURONG WEST,4 ROOM,914,JURONG WEST ST 91,04 TO 06,103.0,Model A,1988,63 years 05 months,470000.0
2024-03-01,JURONG WEST,4 ROOM,934,JURONG WEST ST 91,07 TO 09,104.0,Model A,1988,63 years 08 months,465000.0
2024-03-01,JURONG WEST,4 ROOM,903,JURONG WEST ST 91,01 TO 03,104.0,Model A,1988,63 years 06 months,450000.0
2024-03-01,JURONG WEST,4 ROOM,941,JURONG WEST ST 91,01 TO 03,105.0,Model A,1989,64 years 01 month,457500.0
2024-03-01,JURONG WEST,4 ROOM,925,JURONG WEST ST 92,04 TO 06,103.0,Model A,1988,63 years 08 months,450000.0
2024-03-01,JURONG WEST,4 ROOM,339A,KANG CHING RD,13 TO 15,89.0,Model A,2012,87 years,590000.0
2024-03-01,JURONG WEST,4 ROOM,337D,TAH CHING RD,01 TO 03,94.0,Model A,2010,85 years 01 month,525000.0
2024-03-01,JURONG WEST,4 ROOM,175C,YUNG KUANG RD,16 TO 18,93.0,Premium Apartment,2015,90 years 03 months,605000.0
2024-03-01,JURONG WEST,4 ROOM,166B,YUNG KUANG RD,10 TO 12,93.0,Model A,2018,93 years 08 months,552888.0
2024-03-01,JURONG WEST,4 ROOM,166B,YUNG KUANG RD,01 TO 03,93.0,Model A,2018,93 years 08 months,512888.0
2024-03-01,JURONG WEST,4 ROOM,175C,YUNG KUANG RD,13 TO 15,93.0,Premium Apartment,2015,90 years 03 months,580000.0
2024-03-01,JURONG WEST,4 ROOM,166B,YUNG KUANG RD,16 TO 18,93.0,Model A,2018,93 years 08 months,595000.0
2024-03-01,JURONG WEST,4 ROOM,166B,YUNG KUANG RD,07 TO 09,93.0,Model A,2018,93 years 08 months,550000.0
2024-03-01,JURONG WEST,4 ROOM,166B,YUNG KUANG RD,19 TO 21,93.0,Model A,2018,93 years 07 months,590000.0
2024-03-01,JURONG WEST,5 ROOM,218C,BOON LAY AVE,07 TO 09,114.0,Improved,2018,93 years 06 months,728000.0
2024-03-01,JURONG WEST,5 ROOM,183C,BOON LAY AVE,01 TO 03,112.0,Improved,2015,89 years 11 months,628000.0
2024-03-01,JURONG WEST,5 ROOM,197D,BOON LAY DR,07 TO 09,113.0,Improved,2015,90 years 02 months,743500.0
2024-03-01,JURONG WEST,5 ROOM,197D,BOON LAY DR,07 TO 09,113.0,Improved,2015,90 years 01 month,728000.0
2024-03-01,JURONG WEST,5 ROOM,268C,BOON LAY DR,04 TO 06,110.0,Improved,2002,76 years 11 months,547000.0
2024-03-01,JURONG WEST,5 ROOM,367,CORPORATION DR,01 TO 03,122.0,Improved,1997,72 years 06 months,585000.0
2024-03-01,JURONG WEST,5 ROOM,368,CORPORATION DR,07 TO 09,122.0,Improved,1997,72 years 08 months,621888.0
2024-03-01,JURONG WEST,5 ROOM,351,CORPORATION DR,01 TO 03,123.0,Improved,1997,72 years 10 months,601888.0
2024-03-01,JURONG WEST,5 ROOM,444,JURONG WEST AVE 1,13 TO 15,133.0,Model A,1985,60 years 01 month,620000.0
2024-03-01,JURONG WEST,5 ROOM,273C,JURONG WEST AVE 3,01 TO 03,111.0,Improved,2001,76 years 10 months,515000.0
2024-03-01,JURONG WEST,5 ROOM,276B,JURONG WEST AVE 3,13 TO 15,111.0,Improved,2002,77 years 01 month,530000.0
2024-03-01,JURONG WEST,5 ROOM,687,JURONG WEST CTRL 1,07 TO 09,120.0,Premium Apartment,1998,73 years 04 months,635000.0
2024-03-01,JURONG WEST,5 ROOM,692,JURONG WEST CTRL 1,04 TO 06,123.0,Premium Apartment,1998,73 years 01 month,678888.0
2024-03-01,JURONG WEST,5 ROOM,692,JURONG WEST CTRL 1,04 TO 06,127.0,Premium Apartment,1998,73 years,645000.0
2024-03-01,JURONG WEST,5 ROOM,271C,JURONG WEST ST 24,13 TO 15,113.0,Premium Apartment,2003,78 years 08 months,539000.0
2024-03-01,JURONG WEST,5 ROOM,461,JURONG WEST ST 41,01 TO 03,121.0,Improved,1985,60 years 01 month,578000.0
2024-03-01,JURONG WEST,5 ROOM,408,JURONG WEST ST 42,01 TO 03,139.0,Model A-Maisonette,1984,59 years 01 month,640000.0
2024-03-01,JURONG WEST,5 ROOM,452,JURONG WEST ST 42,07 TO 09,133.0,Model A,1985,60 years,590000.0
2024-03-01,JURONG WEST,5 ROOM,653C,JURONG WEST ST 61,01 TO 03,111.0,Improved,2002,77 years 08 months,528000.0
2024-03-01,JURONG WEST,5 ROOM,624,JURONG WEST ST 61,13 TO 15,110.0,Improved,2001,76 years 01 month,604000.0
2024-03-01,JURONG WEST,5 ROOM,648C,JURONG WEST ST 61,13 TO 15,110.0,Improved,2001,76 years 02 months,645000.0
2024-03-01,JURONG WEST,5 ROOM,654B,JURONG WEST ST 61,04 TO 06,110.0,Improved,2002,77 years 07 months,580888.0
2024-03-01,JURONG WEST,5 ROOM,646,JURONG WEST ST 61,10 TO 12,120.0,Improved,1998,73 years 06 months,618000.0
2024-03-01,JURONG WEST,5 ROOM,641,JURONG WEST ST 61,07 TO 09,120.0,Improved,1998,73 years 04 months,588000.0
2024-03-01,JURONG WEST,5 ROOM,601,JURONG WEST ST 62,07 TO 09,113.0,Premium Apartment,2001,75 years 11 months,636000.0
2024-03-01,JURONG WEST,5 ROOM,678C,JURONG WEST ST 64,13 TO 15,110.0,Premium Apartment,2008,83 years 04 months,561000.0
2024-03-01,JURONG WEST,5 ROOM,662C,JURONG WEST ST 64,10 TO 12,110.0,Improved,2001,76 years 06 months,650000.0
2024-03-01,JURONG WEST,5 ROOM,664C,JURONG WEST ST 64,01 TO 03,110.0,Improved,2000,75 years 06 months,548000.0
2024-03-01,JURONG WEST,5 ROOM,683C,JURONG WEST ST 64,04 TO 06,111.0,Premium Apartment,2000,75 years 07 months,575000.0
2024-03-01,JURONG WEST,5 ROOM,633,JURONG WEST ST 65,13 TO 15,110.0,Improved,2001,76 years 09 months,530000.0
2024-03-01,JURONG WEST,5 ROOM,612,JURONG WEST ST 65,04 TO 06,115.0,Premium Apartment,2001,76 years 01 month,565000.0
2024-03-01,JURONG WEST,5 ROOM,663C,JURONG WEST ST 65,04 TO 06,110.0,Improved,2000,75 years 05 months,585000.0
2024-03-01,JURONG WEST,5 ROOM,620,JURONG WEST ST 65,13 TO 15,109.0,Improved,2000,75 years 10 months,570000.0
2024-03-01,JURONG WEST,5 ROOM,749,JURONG WEST ST 73,01 TO 03,122.0,Improved,1990,65 years 06 months,530000.0
2024-03-01,JURONG WEST,5 ROOM,739,JURONG WEST ST 73,04 TO 06,126.0,Improved,1995,70 years 03 months,560000.0
2024-03-01,JURONG WEST,5 ROOM,746,JURONG WEST ST 73,07 TO 09,122.0,Improved,1990,65 years 02 months,580000.0
2024-03-01,JURONG WEST,5 ROOM,764,JURONG WEST ST 74,01 TO 03,126.0,Improved,1996,71 years 05 months,575000.0
2024-03-01,JURONG WEST,5 ROOM,759,JURONG WEST ST 74,04 TO 06,126.0,Improved,1996,71 years 08 months,625000.0
2024-03-01,JURONG WEST,5 ROOM,764,JURONG WEST ST 74,10 TO 12,123.0,Improved,1996,71 years 04 months,618888.0
2024-03-01,JURONG WEST,5 ROOM,848,JURONG WEST ST 81,04 TO 06,129.0,Improved,1996,71 years 02 months,551888.0
2024-03-01,JURONG WEST,5 ROOM,833,JURONG WEST ST 81,04 TO 06,127.0,Improved,1993,68 years 04 months,550000.0
2024-03-01,JURONG WEST,5 ROOM,865,JURONG WEST ST 81,01 TO 03,122.0,Improved,1996,71 years 08 months,547000.0
2024-03-01,JURONG WEST,5 ROOM,845,JURONG WEST ST 81,04 TO 06,128.0,Improved,1996,71 years 01 month,545000.0
2024-03-01,JURONG WEST,5 ROOM,865,JURONG WEST ST 81,04 TO 06,122.0,Improved,1996,71 years 07 months,580000.0
2024-03-01,JURONG WEST,5 ROOM,940,JURONG WEST ST 91,01 TO 03,121.0,Improved,1989,64 years 03 months,505000.0
2024-03-01,JURONG WEST,5 ROOM,923,JURONG WEST ST 92,07 TO 09,122.0,Improved,1989,63 years 11 months,570000.0
2024-03-01,JURONG WEST,5 ROOM,989A,JURONG WEST ST 93,16 TO 18,112.0,Premium Apartment,2008,83 years 06 months,545000.0
2024-03-01,JURONG WEST,5 ROOM,989C,JURONG WEST ST 93,07 TO 09,110.0,Premium Apartment,2008,83 years 06 months,606000.0
2024-03-01,JURONG WEST,5 ROOM,987A,JURONG WEST ST 93,01 TO 03,110.0,Premium Apartment,2008,83 years 06 months,540000.0
2024-03-01,JURONG WEST,5 ROOM,987D,JURONG WEST ST 93,07 TO 09,112.0,Premium Apartment,2006,81 years 03 months,610000.0
2024-03-01,JURONG WEST,5 ROOM,987B,JURONG WEST ST 93,16 TO 18,110.0,Premium Apartment,2008,83 years 06 months,580000.0
2024-03-01,JURONG WEST,5 ROOM,347,KANG CHING RD,01 TO 03,123.0,Improved,1997,72 years 03 months,615000.0
2024-03-01,JURONG WEST,5 ROOM,328,TAH CHING RD,10 TO 12,124.0,Improved,1997,72 years 06 months,656000.0
2024-03-01,JURONG WEST,5 ROOM,138C,YUAN CHING RD,07 TO 09,108.0,DBSS,2014,89 years 07 months,806888.0
2024-03-01,JURONG WEST,5 ROOM,175A,YUNG KUANG RD,01 TO 03,113.0,Premium Apartment,2015,90 years 03 months,715000.0
2024-03-01,JURONG WEST,5 ROOM,165A,YUNG KUANG RD,04 TO 06,113.0,Improved,2018,93 years 08 months,648000.0
2024-03-01,JURONG WEST,5 ROOM,164A,YUNG KUANG RD,16 TO 18,113.0,Improved,2018,93 years 07 months,760000.0
2024-03-01,JURONG WEST,5 ROOM,178,YUNG SHENG RD,04 TO 06,116.0,Improved,2001,76 years 03 months,578000.0
2024-03-01,JURONG WEST,5 ROOM,183,YUNG SHENG RD,07 TO 09,116.0,Improved,2001,76 years 02 months,568000.0
2024-03-01,JURONG WEST,EXECUTIVE,726,JURONG WEST AVE 5,01 TO 03,146.0,Maisonette,1992,67 years 06 months,680000.0
2024-03-01,JURONG WEST,EXECUTIVE,688,JURONG WEST CTRL 1,10 TO 12,139.0,Premium Apartment,1998,73 years 03 months,800000.0
2024-03-01,JURONG WEST,EXECUTIVE,549,JURONG WEST ST 42,10 TO 12,149.0,Maisonette,1986,61 years 02 months,735000.0
2024-03-01,JURONG WEST,EXECUTIVE,558,JURONG WEST ST 42,01 TO 03,151.0,Maisonette,1985,60 years 04 months,690000.0
2024-03-01,JURONG WEST,EXECUTIVE,669B,JURONG WEST ST 64,10 TO 12,130.0,Apartment,2000,75 years 05 months,683000.0
2024-03-01,JURONG WEST,EXECUTIVE,671A,JURONG WEST ST 65,10 TO 12,125.0,Apartment,2002,77 years 05 months,700000.0
2024-03-01,JURONG WEST,EXECUTIVE,607,JURONG WEST ST 65,10 TO 12,133.0,Premium Apartment,2001,76 years 02 months,698000.0
2024-03-01,JURONG WEST,EXECUTIVE,628,JURONG WEST ST 65,10 TO 12,130.0,Apartment,2001,76 years 06 months,716888.0
2024-03-01,JURONG WEST,EXECUTIVE,626,JURONG WEST ST 65,01 TO 03,130.0,Apartment,2001,76 years 06 months,640000.0
2024-03-01,JURONG WEST,EXECUTIVE,630,JURONG WEST ST 65,04 TO 06,130.0,Apartment,2001,76 years 06 months,740000.0
2024-03-01,JURONG WEST,EXECUTIVE,752,JURONG WEST ST 74,07 TO 09,154.0,Apartment,1995,70 years 07 months,772888.0
2024-03-01,JURONG WEST,EXECUTIVE,753,JURONG WEST ST 74,04 TO 06,152.0,Apartment,1995,70 years 07 months,730500.0
2024-03-01,JURONG WEST,EXECUTIVE,859,JURONG WEST ST 81,07 TO 09,146.0,Maisonette,1997,71 years 11 months,740000.0
2024-03-01,JURONG WEST,EXECUTIVE,334,KANG CHING RD,10 TO 12,139.0,Apartment,1997,72 years,828000.0
2024-03-01,JURONG WEST,EXECUTIVE,333,KANG CHING RD,04 TO 06,143.0,Maisonette,1997,71 years 11 months,838000.0
2024-03-01,JURONG WEST,EXECUTIVE,159,YUNG PING RD,19 TO 21,150.0,Apartment,1996,71 years 03 months,853000.0
2024-03-01,KALLANG/WHAMPOA,3 ROOM,12,FARRER PK RD,13 TO 15,62.0,Model A,2004,79 years 04 months,607000.0
2024-03-01,KALLANG/WHAMPOA,3 ROOM,15,FARRER PK RD,07 TO 09,62.0,Model A,2004,79 years 03 months,568888.88
2024-03-01,KALLANG/WHAMPOA,3 ROOM,97,GEYLANG BAHRU,04 TO 06,68.0,New Generation,1979,53 years 11 months,415888.0
2024-03-01,KALLANG/WHAMPOA,3 ROOM,95,GEYLANG BAHRU,07 TO 09,68.0,New Generation,1979,53 years 11 months,430000.0
2024-03-01,KALLANG/WHAMPOA,3 ROOM,97,GEYLANG BAHRU,13 TO 15,68.0,New Generation,1979,53 years 11 months,428000.0
2024-03-01,KALLANG/WHAMPOA,3 ROOM,32,JLN BAHAGIA,04 TO 06,56.0,Standard,1971,45 years 11 months,286888.0
2024-03-01,KALLANG/WHAMPOA,3 ROOM,27,JLN BAHAGIA,10 TO 12,56.0,Standard,1970,45 years 04 months,300000.0
2024-03-01,KALLANG/WHAMPOA,3 ROOM,35,JLN BAHAGIA,10 TO 12,56.0,Standard,1971,45 years 11 months,306000.0
2024-03-01,KALLANG/WHAMPOA,3 ROOM,48,JLN BAHAGIA,01 TO 03,78.0,Terrace,1972,47 years 04 months,750000.0
2024-03-01,KALLANG/WHAMPOA,3 ROOM,4,JLN BATU,07 TO 09,60.0,Standard,1969,43 years 11 months,339000.0
2024-03-01,KALLANG/WHAMPOA,3 ROOM,117A,JLN TENTERAM,07 TO 09,67.0,Model A,2017,92 years 09 months,574000.0
2024-03-01,KALLANG/WHAMPOA,3 ROOM,117A,JLN TENTERAM,13 TO 15,67.0,Model A,2017,92 years 09 months,598000.0
2024-03-01,KALLANG/WHAMPOA,3 ROOM,65,KALLANG BAHRU,07 TO 09,65.0,Improved,1981,55 years 10 months,390000.0
2024-03-01,KALLANG/WHAMPOA,3 ROOM,64,KALLANG BAHRU,07 TO 09,65.0,Improved,1974,48 years 10 months,349000.0
2024-03-01,KALLANG/WHAMPOA,3 ROOM,108,MCNAIR RD,04 TO 06,64.0,Simplified,1987,62 years 05 months,490000.0
2024-03-01,KALLANG/WHAMPOA,3 ROOM,684,RACE COURSE RD,01 TO 03,63.0,Simplified,1986,60 years 11 months,425000.0
2024-03-01,KALLANG/WHAMPOA,3 ROOM,26A,ST. GEORGE'S LANE,19 TO 21,68.0,Model A,2020,95 years 03 months,800000.0
2024-03-01,KALLANG/WHAMPOA,3 ROOM,26A,ST. GEORGE'S LANE,22 TO 24,68.0,Model A,2020,95 years 03 months,780000.0
2024-03-01,KALLANG/WHAMPOA,3 ROOM,8,ST. GEORGE'S LANE,07 TO 09,68.0,New Generation,1982,57 years 02 months,428000.0
2024-03-01,KALLANG/WHAMPOA,3 ROOM,25A,ST. GEORGE'S LANE,13 TO 15,68.0,Model A,2020,95 years 02 months,800000.0
2024-03-01,KALLANG/WHAMPOA,3 ROOM,14,ST. GEORGE'S RD,01 TO 03,82.0,New Generation,1984,59 years 08 months,471000.0
2024-03-01,KALLANG/WHAMPOA,3 ROOM,105,TOWNER RD,04 TO 06,74.0,Model A,1984,59 years 11 months,550000.0
2024-03-01,KALLANG/WHAMPOA,3 ROOM,5A,UPP BOON KENG RD,04 TO 06,67.0,Model A,2012,87 years 03 months,670000.0
2024-03-01,KALLANG/WHAMPOA,3 ROOM,11,UPP BOON KENG RD,04 TO 06,75.0,Improved,1974,48 years 10 months,403000.0
2024-03-01,KALLANG/WHAMPOA,3 ROOM,11,UPP BOON KENG RD,13 TO 15,65.0,Improved,1974,48 years 11 months,385000.0
2024-03-01,KALLANG/WHAMPOA,3 ROOM,75,WHAMPOA DR,07 TO 09,65.0,Improved,1974,48 years 11 months,300000.0
2024-03-01,KALLANG/WHAMPOA,3 ROOM,98,WHAMPOA DR,13 TO 15,76.0,Improved,1974,49 years 01 month,390000.0
2024-03-01,KALLANG/WHAMPOA,3 ROOM,93,WHAMPOA DR,01 TO 03,65.0,Improved,1974,49 years 01 month,345000.0
2024-03-01,KALLANG/WHAMPOA,4 ROOM,38A,BENDEMEER RD,13 TO 15,89.0,Model A,2012,87 years 03 months,902888.0
2024-03-01,KALLANG/WHAMPOA,4 ROOM,38C,BENDEMEER RD,07 TO 09,89.0,Model A,2012,87 years 03 months,860088.0
2024-03-01,KALLANG/WHAMPOA,4 ROOM,466,CRAWFORD LANE,07 TO 09,82.0,Improved,1982,57 years 08 months,588000.0
2024-03-01,KALLANG/WHAMPOA,4 ROOM,15,FARRER PK RD,28 TO 30,76.0,Model A,2004,79 years 04 months,765000.0
2024-03-01,KALLANG/WHAMPOA,4 ROOM,102,JLN RAJAH,04 TO 06,94.0,New Generation,1981,56 years 01 month,550000.0
2024-03-01,KALLANG/WHAMPOA,4 ROOM,116A,JLN TENTERAM,28 TO 30,93.0,Model A,2017,92 years 09 months,875000.0
2024-03-01,KALLANG/WHAMPOA,4 ROOM,117A,JLN TENTERAM,04 TO 06,93.0,Model A,2017,92 years 09 months,725000.0
2024-03-01,KALLANG/WHAMPOA,4 ROOM,52,KENT RD,10 TO 12,91.0,New Generation,1982,57 years 02 months,600000.0
2024-03-01,KALLANG/WHAMPOA,4 ROOM,78,LOR LIMAU,04 TO 06,93.0,Model A,2018,93 years 04 months,828000.0
2024-03-01,KALLANG/WHAMPOA,4 ROOM,113D,MCNAIR RD,22 TO 24,93.0,Premium Apartment,2017,92 years 10 months,980000.0
2024-03-01,KALLANG/WHAMPOA,4 ROOM,108C,MCNAIR RD,04 TO 06,95.0,Model A,2005,79 years 11 months,865000.0
2024-03-01,KALLANG/WHAMPOA,4 ROOM,113C,MCNAIR RD,13 TO 15,93.0,Premium Apartment,2017,92 years 09 months,975000.0
2024-03-01,KALLANG/WHAMPOA,4 ROOM,108C,MCNAIR RD,07 TO 09,95.0,Model A,2005,79 years 10 months,880000.0
2024-03-01,KALLANG/WHAMPOA,4 ROOM,69,MOULMEIN RD,04 TO 06,84.0,Improved,1972,47 years 04 months,608000.0
2024-03-01,KALLANG/WHAMPOA,4 ROOM,26B,ST. GEORGE'S LANE,16 TO 18,92.0,Model A,2020,95 years 03 months,1051000.0
2024-03-01,KALLANG/WHAMPOA,4 ROOM,26B,ST. GEORGE'S LANE,07 TO 09,92.0,Model A,2020,95 years 03 months,995000.0
2024-03-01,KALLANG/WHAMPOA,4 ROOM,26A,ST. GEORGE'S LANE,22 TO 24,92.0,Model A,2020,95 years 03 months,1050000.0
2024-03-01,KALLANG/WHAMPOA,4 ROOM,25A,ST. GEORGE'S LANE,31 TO 33,92.0,Model A,2020,95 years 03 months,1180000.0
2024-03-01,KALLANG/WHAMPOA,4 ROOM,26A,ST. GEORGE'S LANE,10 TO 12,92.0,Model A,2020,95 years 02 months,1000000.0
2024-03-01,KALLANG/WHAMPOA,4 ROOM,25A,ST. GEORGE'S LANE,01 TO 03,92.0,Model A,2020,95 years 03 months,908000.0
2024-03-01,KALLANG/WHAMPOA,4 ROOM,9,ST. GEORGE'S RD,10 TO 12,84.0,Simplified,1985,60 years 02 months,615000.0
2024-03-01,KALLANG/WHAMPOA,4 ROOM,105,TOWNER RD,04 TO 06,106.0,Model A,1984,59 years 10 months,783888.0
2024-03-01,KALLANG/WHAMPOA,4 ROOM,107,TOWNER RD,07 TO 09,105.0,Model A,1983,58 years 02 months,805000.0
2024-03-01,KALLANG/WHAMPOA,4 ROOM,3B,UPP BOON KENG RD,22 TO 24,90.0,Model A,2006,81 years 06 months,895000.0
2024-03-01,KALLANG/WHAMPOA,4 ROOM,8C,UPP BOON KENG RD,01 TO 03,88.0,Premium Apartment,2017,92 years 05 months,868000.0
2024-03-01,KALLANG/WHAMPOA,4 ROOM,2A,UPP BOON KENG RD,19 TO 21,90.0,Model A,2006,81 years 09 months,910888.0
2024-03-01,KALLANG/WHAMPOA,4 ROOM,101,WHAMPOA DR,22 TO 24,91.0,Improved,1974,49 years 02 months,508888.0
2024-03-01,KALLANG/WHAMPOA,4 ROOM,49,WHAMPOA STH,07 TO 09,87.0,Improved,1974,49 years 09 months,480000.0
2024-03-01,KALLANG/WHAMPOA,5 ROOM,6,BOON KENG RD,10 TO 12,125.0,Improved,1996,71 years 08 months,1000000.0
2024-03-01,KALLANG/WHAMPOA,5 ROOM,55,GEYLANG BAHRU,19 TO 21,117.0,Standard,1974,49 years 05 months,665000.0
2024-03-01,KALLANG/WHAMPOA,5 ROOM,119,MCNAIR RD,10 TO 12,129.0,Improved,1987,62 years 07 months,858000.0
2024-03-01,KALLANG/WHAMPOA,5 ROOM,108B,MCNAIR RD,13 TO 15,110.0,Improved,2004,79 years 09 months,918000.0
2024-03-01,KALLANG/WHAMPOA,5 ROOM,103,TOWNER RD,04 TO 06,138.0,Model A-Maisonette,1983,58 years 09 months,1068000.0
2024-03-01,KALLANG/WHAMPOA,5 ROOM,86,WHAMPOA DR,04 TO 06,132.0,Adjoined flat,1974,49 years 05 months,720000.0
2024-03-01,KALLANG/WHAMPOA,EXECUTIVE,110,MCNAIR RD,04 TO 06,144.0,Apartment,1987,62 years 10 months,975000.0
2024-03-01,MARINE PARADE,3 ROOM,67,MARINE DR,13 TO 15,65.0,Improved,1976,51 years 01 month,470000.0
2024-03-01,MARINE PARADE,3 ROOM,59,MARINE TER,04 TO 06,65.0,Improved,1975,50 years 02 months,396888.0
2024-03-01,MARINE PARADE,4 ROOM,17,MARINE TER,04 TO 06,82.0,Improved,1975,50 years 01 month,490000.0
2024-03-01,MARINE PARADE,4 ROOM,17,MARINE TER,07 TO 09,82.0,Improved,1975,50 years,560000.0
2024-03-01,MARINE PARADE,4 ROOM,18,MARINE TER,04 TO 06,88.0,Improved,1975,50 years,528000.0
2024-03-01,MARINE PARADE,5 ROOM,78,MARINE DR,16 TO 18,117.0,Standard,1977,51 years 11 months,975000.0
2024-03-01,MARINE PARADE,5 ROOM,3,MARINE TER,07 TO 09,120.0,Standard,1975,50 years,880000.0
2024-03-01,PASIR RIS,3 ROOM,527B,PASIR RIS ST 51,04 TO 06,68.0,Model A,2015,90 years 04 months,520000.0
2024-03-01,PASIR RIS,4 ROOM,613,ELIAS RD,10 TO 12,110.0,Model A,1996,71 years 05 months,590000.0
2024-03-01,PASIR RIS,4 ROOM,231,PASIR RIS DR 4,10 TO 12,107.0,Model A,1993,68 years 05 months,530000.0
2024-03-01,PASIR RIS,4 ROOM,484,PASIR RIS DR 4,01 TO 03,105.0,Model A,1992,67 years 10 months,528000.0
2024-03-01,PASIR RIS,4 ROOM,458,PASIR RIS DR 4,04 TO 06,104.0,Model A,1992,67 years 10 months,550000.0
2024-03-01,PASIR RIS,4 ROOM,458,PASIR RIS DR 4,07 TO 09,104.0,Model A,1992,67 years 10 months,556828.0
2024-03-01,PASIR RIS,4 ROOM,440,PASIR RIS DR 4,04 TO 06,106.0,Model A,1989,64 years 03 months,583000.0
2024-03-01,PASIR RIS,4 ROOM,427,PASIR RIS DR 6,10 TO 12,84.0,Simplified,1988,63 years 09 months,480000.0
2024-03-01,PASIR RIS,4 ROOM,477,PASIR RIS DR 6,01 TO 03,107.0,Model A,1989,64 years 08 months,550000.0
2024-03-01,PASIR RIS,4 ROOM,406,PASIR RIS DR 6,01 TO 03,106.0,Model A,1989,64 years 10 months,543888.0
2024-03-01,PASIR RIS,4 ROOM,476,PASIR RIS DR 6,04 TO 06,105.0,Model A,1989,64 years 09 months,570000.0
2024-03-01,PASIR RIS,4 ROOM,426,PASIR RIS DR 6,04 TO 06,84.0,Simplified,1988,63 years 08 months,520000.0
2024-03-01,PASIR RIS,4 ROOM,109,PASIR RIS ST 11,04 TO 06,113.0,Model A,1990,65 years 07 months,575000.0
2024-03-01,PASIR RIS,4 ROOM,126,PASIR RIS ST 11,07 TO 09,106.0,Model A,1989,64 years 03 months,525000.0
2024-03-01,PASIR RIS,4 ROOM,104,PASIR RIS ST 12,04 TO 06,104.0,Model A,1989,64 years 02 months,575000.0
2024-03-01,PASIR RIS,4 ROOM,102,PASIR RIS ST 12,10 TO 12,104.0,Model A,1988,63 years 10 months,558888.0
2024-03-01,PASIR RIS,4 ROOM,103,PASIR RIS ST 12,01 TO 03,104.0,Model A,1989,64 years 02 months,565000.0
2024-03-01,PASIR RIS,4 ROOM,526A,PASIR RIS ST 51,10 TO 12,93.0,Model A,2015,90 years 06 months,716000.0
2024-03-01,PASIR RIS,4 ROOM,568,PASIR RIS ST 51,07 TO 09,104.0,Model A,1992,67 years 09 months,640000.0
2024-03-01,PASIR RIS,4 ROOM,768,PASIR RIS ST 71,10 TO 12,104.0,Model A,1996,71 years 06 months,568000.0
2024-03-01,PASIR RIS,4 ROOM,769,PASIR RIS ST 71,04 TO 06,107.0,Model A,1996,71 years 05 months,570000.0
2024-03-01,PASIR RIS,4 ROOM,722,PASIR RIS ST 72,04 TO 06,111.0,Model A,1996,71 years 05 months,600000.0
2024-03-01,PASIR RIS,5 ROOM,640,PASIR RIS DR 1,01 TO 03,122.0,Improved,1995,70 years 02 months,640000.0
2024-03-01,PASIR RIS,5 ROOM,472,PASIR RIS DR 6,10 TO 12,122.0,Improved,1989,64 years 05 months,655000.0
2024-03-01,PASIR RIS,5 ROOM,405,PASIR RIS DR 6,04 TO 06,127.0,Improved,1989,64 years 11 months,675000.0
2024-03-01,PASIR RIS,5 ROOM,146,PASIR RIS ST 11,07 TO 09,126.0,Improved,1995,69 years 11 months,652000.0
2024-03-01,PASIR RIS,5 ROOM,113,PASIR RIS ST 11,07 TO 09,123.0,Improved,1990,65 years 01 month,698000.0
2024-03-01,PASIR RIS,5 ROOM,118,PASIR RIS ST 11,04 TO 06,122.0,Improved,1989,64 years 05 months,645000.0
2024-03-01,PASIR RIS,5 ROOM,193,PASIR RIS ST 12,07 TO 09,126.0,Improved,1993,68 years 07 months,650888.0
2024-03-01,PASIR RIS,5 ROOM,198,PASIR RIS ST 12,07 TO 09,124.0,Improved,1993,68 years 07 months,680000.0
2024-03-01,PASIR RIS,5 ROOM,192,PASIR RIS ST 12,07 TO 09,125.0,Improved,1993,68 years 07 months,640000.0
2024-03-01,PASIR RIS,5 ROOM,568,PASIR RIS ST 51,07 TO 09,122.0,Improved,1992,67 years 10 months,750000.0
2024-03-01,PASIR RIS,5 ROOM,752,PASIR RIS ST 71,01 TO 03,126.0,Improved,1996,71 years 09 months,665000.0
2024-03-01,PASIR RIS,5 ROOM,757,PASIR RIS ST 71,07 TO 09,126.0,Improved,1996,71 years 08 months,690000.0
2024-03-01,PASIR RIS,EXECUTIVE,531,PASIR RIS DR 1,01 TO 03,147.0,Maisonette,1992,67 years 10 months,938000.0
2024-03-01,PASIR RIS,EXECUTIVE,647,PASIR RIS DR 10,10 TO 12,150.0,Apartment,1995,70 years 06 months,878000.0
2024-03-01,PASIR RIS,EXECUTIVE,448,PASIR RIS DR 6,01 TO 03,146.0,Maisonette,1989,64 years 10 months,835000.0
2024-03-01,PASIR RIS,EXECUTIVE,408,PASIR RIS DR 6,04 TO 06,152.0,Maisonette,1990,65 years 02 months,930000.0
2024-03-01,PASIR RIS,EXECUTIVE,448,PASIR RIS DR 6,04 TO 06,146.0,Maisonette,1989,64 years 10 months,890000.0
2024-03-01,PASIR RIS,EXECUTIVE,153,PASIR RIS ST 13,01 TO 03,145.0,Apartment,1995,70 years,818000.0
2024-03-01,PASIR RIS,EXECUTIVE,243,PASIR RIS ST 21,10 TO 12,145.0,Apartment,1993,68 years 06 months,800888.0
2024-03-01,PASIR RIS,EXECUTIVE,250,PASIR RIS ST 21,01 TO 03,148.0,Apartment,1993,68 years 05 months,800000.0
2024-03-01,PASIR RIS,EXECUTIVE,245,PASIR RIS ST 21,10 TO 12,147.0,Apartment,1993,68 years 05 months,760000.0
2024-03-01,PASIR RIS,EXECUTIVE,220,PASIR RIS ST 21,07 TO 09,146.0,Apartment,1993,68 years 05 months,808000.0
2024-03-01,PASIR RIS,EXECUTIVE,217,PASIR RIS ST 21,04 TO 06,149.0,Apartment,1993,68 years 05 months,780000.0
2024-03-01,PASIR RIS,EXECUTIVE,207,PASIR RIS ST 21,07 TO 09,148.0,Apartment,1993,68 years 06 months,780000.0
2024-03-01,PASIR RIS,EXECUTIVE,269,PASIR RIS ST 21,07 TO 09,146.0,Apartment,1994,69 years 08 months,818000.0
2024-03-01,PASIR RIS,EXECUTIVE,465,PASIR RIS ST 41,07 TO 09,150.0,Apartment,1992,67 years 11 months,846000.0
2024-03-01,PASIR RIS,EXECUTIVE,505,PASIR RIS ST 52,04 TO 06,146.0,Apartment,1993,68 years 07 months,850888.0
2024-03-01,PASIR RIS,EXECUTIVE,510,PASIR RIS ST 52,13 TO 15,146.0,Apartment,1993,68 years 07 months,880000.0
2024-03-01,PASIR RIS,EXECUTIVE,582,PASIR RIS ST 53,04 TO 06,148.0,Apartment,1995,70 years 08 months,850000.0
2024-03-01,PASIR RIS,EXECUTIVE,584,PASIR RIS ST 53,07 TO 09,145.0,Apartment,1995,70 years 08 months,908000.0
2024-03-01,PASIR RIS,EXECUTIVE,779,PASIR RIS ST 71,04 TO 06,144.0,Apartment,1996,71 years 07 months,818000.0
2024-03-01,PASIR RIS,EXECUTIVE,711,PASIR RIS ST 72,07 TO 09,145.0,Maisonette,1996,71 years 03 months,950000.0
2024-03-01,PUNGGOL,2 ROOM,672C,EDGEFIELD PLAINS,10 TO 12,44.0,Model A,2015,90 years 10 months,353000.0
2024-03-01,PUNGGOL,2 ROOM,623B,PUNGGOL CTRL,01 TO 03,46.0,Model A,2014,89 years 03 months,320000.0
2024-03-01,PUNGGOL,2 ROOM,601D,PUNGGOL CTRL,13 TO 15,50.0,Model A,2012,87 years 05 months,380000.0
2024-03-01,PUNGGOL,2 ROOM,601A,PUNGGOL CTRL,10 TO 12,50.0,Model A,2012,87 years 05 months,355500.0
2024-03-01,PUNGGOL,2 ROOM,659C,PUNGGOL EAST,07 TO 09,47.0,Model A,2018,93 years 09 months,355000.0
2024-03-01,PUNGGOL,2 ROOM,232C,SUMANG LANE,04 TO 06,38.0,2-room,2018,93 years 10 months,336000.0
2024-03-01,PUNGGOL,2 ROOM,221B,SUMANG LANE,01 TO 03,37.0,2-room,2018,93 years 10 months,290000.0
2024-03-01,PUNGGOL,2 ROOM,233A,SUMANG LANE,13 TO 15,47.0,2-room,2018,93 years 08 months,350000.0
2024-03-01,PUNGGOL,2 ROOM,327B,SUMANG WALK,04 TO 06,47.0,Model A,2018,93 years 09 months,330000.0
2024-03-01,PUNGGOL,2 ROOM,326C,SUMANG WALK,07 TO 09,47.0,Model A,2018,93 years 08 months,355000.0
2024-03-01,PUNGGOL,2 ROOM,327C,SUMANG WALK,07 TO 09,47.0,Model A,2018,93 years 08 months,390000.0
2024-03-01,PUNGGOL,3 ROOM,120A,EDGEDALE PLAINS,10 TO 12,67.0,Model A,2017,92 years 04 months,468000.0
2024-03-01,PUNGGOL,3 ROOM,683B,EDGEDALE PLAINS,13 TO 15,68.0,Premium Apartment,2018,93 years 06 months,502888.0
2024-03-01,PUNGGOL,3 ROOM,601C,PUNGGOL CTRL,13 TO 15,70.0,Model A,2012,87 years 04 months,490000.0
2024-03-01,PUNGGOL,3 ROOM,664A,PUNGGOL DR,16 TO 18,65.0,Model A,2016,91 years 03 months,515717.0
2024-03-01,PUNGGOL,3 ROOM,289A,PUNGGOL PL,10 TO 12,73.0,Premium Apartment,2013,88 years 01 month,560000.0
2024-03-01,PUNGGOL,3 ROOM,208A,PUNGGOL PL,04 TO 06,67.0,Model A,2014,89 years 04 months,450000.0
2024-03-01,PUNGGOL,3 ROOM,208A,PUNGGOL PL,07 TO 09,67.0,Model A,2014,89 years 03 months,518888.0
2024-03-01,PUNGGOL,3 ROOM,211D,PUNGGOL WALK,04 TO 06,67.0,Model A,2014,89 years 01 month,470000.0
2024-03-01,PUNGGOL,3 ROOM,220B,SUMANG LANE,10 TO 12,68.0,Model A,2018,93 years 10 months,480888.0
2024-03-01,PUNGGOL,3 ROOM,224A,SUMANG LANE,07 TO 09,68.0,Model A,2018,93 years 10 months,480888.0
2024-03-01,PUNGGOL,3 ROOM,224C,SUMANG LANE,10 TO 12,68.0,Model A,2018,93 years 10 months,455000.0
2024-03-01,PUNGGOL,3 ROOM,224B,SUMANG LANE,04 TO 06,68.0,Model A,2018,93 years 10 months,465000.0
2024-03-01,PUNGGOL,3 ROOM,224B,SUMANG LANE,01 TO 03,68.0,Model A,2018,93 years 10 months,457000.0
2024-03-01,PUNGGOL,3 ROOM,312A,SUMANG LINK,16 TO 18,68.0,Model A,2015,90 years 04 months,515000.0
2024-03-01,PUNGGOL,3 ROOM,322C,SUMANG WALK,16 TO 18,68.0,Premium Apartment,2019,94 years 02 months,512000.0
2024-03-01,PUNGGOL,3 ROOM,325B,SUMANG WALK,04 TO 06,68.0,Premium Apartment,2020,94 years 11 months,460000.0
2024-03-01,PUNGGOL,3 ROOM,325A,SUMANG WALK,16 TO 18,68.0,Premium Apartment,2020,94 years 11 months,508000.0
2024-03-01,PUNGGOL,3 ROOM,322C,SUMANG WALK,07 TO 09,68.0,Premium Apartment,2019,94 years 01 month,498000.0
2024-03-01,PUNGGOL,3 ROOM,327A,SUMANG WALK,04 TO 06,68.0,Model A,2018,93 years 09 months,455000.0
2024-03-01,PUNGGOL,3 ROOM,325A,SUMANG WALK,13 TO 15,68.0,Premium Apartment,2020,95 years,518000.0
2024-03-01,PUNGGOL,3 ROOM,325B,SUMANG WALK,19 TO 21,68.0,Premium Apartment,2020,94 years 11 months,515000.0
2024-03-01,PUNGGOL,4 ROOM,682A,EDGEDALE PLAINS,16 TO 18,93.0,Premium Apartment,2018,93 years 07 months,645000.0
2024-03-01,PUNGGOL,4 ROOM,132,EDGEDALE PLAINS,13 TO 15,91.0,Premium Apartment,2003,78 years 10 months,520888.0
2024-03-01,PUNGGOL,4 ROOM,684A,EDGEDALE PLAINS,01 TO 03,93.0,Premium Apartment,2018,93 years 06 months,620000.0
2024-03-01,PUNGGOL,4 ROOM,120B,EDGEDALE PLAINS,04 TO 06,93.0,Model A,2017,92 years 03 months,570000.0
2024-03-01,PUNGGOL,4 ROOM,682A,EDGEDALE PLAINS,13 TO 15,93.0,Premium Apartment,2018,93 years 05 months,658000.0
2024-03-01,PUNGGOL,4 ROOM,120B,EDGEDALE PLAINS,10 TO 12,93.0,Model A,2017,92 years 03 months,570000.0
2024-03-01,PUNGGOL,4 ROOM,684C,EDGEDALE PLAINS,07 TO 09,93.0,Premium Apartment,2018,93 years 06 months,680000.0
2024-03-01,PUNGGOL,4 ROOM,662A,EDGEDALE PLAINS,16 TO 18,92.0,Premium Apartment,2017,92 years 03 months,610000.0
2024-03-01,PUNGGOL,4 ROOM,615B,EDGEFIELD PLAINS,04 TO 06,92.0,Model A,2012,87 years 10 months,558000.0
2024-03-01,PUNGGOL,4 ROOM,672D,EDGEFIELD PLAINS,13 TO 15,90.0,Model A,2015,90 years 10 months,610000.0
2024-03-01,PUNGGOL,4 ROOM,672D,EDGEFIELD PLAINS,10 TO 12,90.0,Model A,2015,90 years 10 months,588888.0
2024-03-01,PUNGGOL,4 ROOM,673B,EDGEFIELD PLAINS,10 TO 12,90.0,Model A,2015,90 years 09 months,625000.0
2024-03-01,PUNGGOL,4 ROOM,601A,PUNGGOL CTRL,10 TO 12,93.0,Model A,2012,87 years 05 months,620000.0
2024-03-01,PUNGGOL,4 ROOM,623A,PUNGGOL CTRL,10 TO 12,94.0,Model A,2014,89 years 03 months,633000.0
2024-03-01,PUNGGOL,4 ROOM,166B,PUNGGOL CTRL,04 TO 06,94.0,Premium Apartment,2004,79 years 04 months,542000.0
2024-03-01,PUNGGOL,4 ROOM,166A,PUNGGOL CTRL,13 TO 15,95.0,Premium Apartment,2004,79 years 03 months,565000.0
2024-03-01,PUNGGOL,4 ROOM,622B,PUNGGOL CTRL,07 TO 09,94.0,Model A,2014,89 years 03 months,628000.0
2024-03-01,PUNGGOL,4 ROOM,624A,PUNGGOL CTRL,13 TO 15,95.0,Model A,2014,89 years 02 months,658000.0
2024-03-01,PUNGGOL,4 ROOM,602A,PUNGGOL CTRL,13 TO 15,94.0,Model A,2012,87 years 04 months,650000.0
2024-03-01,PUNGGOL,4 ROOM,678A,PUNGGOL DR,10 TO 12,93.0,Premium Apartment,2016,91 years 07 months,668888.0
2024-03-01,PUNGGOL,4 ROOM,667A,PUNGGOL DR,04 TO 06,93.0,Premium Apartment,2016,91 years,640000.0
2024-03-01,PUNGGOL,4 ROOM,635B,PUNGGOL DR,13 TO 15,92.0,Premium Apartment,2007,82 years 10 months,572000.0
2024-03-01,PUNGGOL,4 ROOM,676A,PUNGGOL DR,07 TO 09,93.0,Premium Apartment,2016,91 years 06 months,645000.0
2024-03-01,PUNGGOL,4 ROOM,678B,PUNGGOL DR,07 TO 09,93.0,Premium Apartment,2016,91 years 06 months,656000.0
2024-03-01,PUNGGOL,4 ROOM,612A,PUNGGOL DR,07 TO 09,93.0,Model A,2012,87 years 10 months,620000.0
2024-03-01,PUNGGOL,4 ROOM,617D,PUNGGOL DR,10 TO 12,93.0,Premium Apartment,2013,88 years 06 months,639000.0
2024-03-01,PUNGGOL,4 ROOM,663C,PUNGGOL DR,10 TO 12,90.0,Model A,2016,91 years 03 months,645888.0
2024-03-01,PUNGGOL,4 ROOM,679B,PUNGGOL DR,01 TO 03,93.0,Premium Apartment,2016,91 years 06 months,610000.0
2024-03-01,PUNGGOL,4 ROOM,618A,PUNGGOL DR,04 TO 06,93.0,Premium Apartment,2013,88 years 06 months,610000.0
2024-03-01,PUNGGOL,4 ROOM,268C,PUNGGOL FIELD,13 TO 15,97.0,Premium Apartment,2013,88 years,720000.0
2024-03-01,PUNGGOL,4 ROOM,168D,PUNGGOL FIELD,13 TO 15,92.0,Model A,2014,89 years 02 months,620000.0
2024-03-01,PUNGGOL,4 ROOM,199B,PUNGGOL FIELD,04 TO 06,90.0,Model A,2003,78 years 03 months,525000.0
2024-03-01,PUNGGOL,4 ROOM,306C,PUNGGOL PL,10 TO 12,93.0,Premium Apartment,2012,87 years 05 months,730000.0
2024-03-01,PUNGGOL,4 ROOM,210B,PUNGGOL PL,16 TO 18,92.0,Model A,2014,89 years 10 months,635000.0
2024-03-01,PUNGGOL,4 ROOM,208C,PUNGGOL PL,13 TO 15,92.0,Model A,2014,89 years 04 months,650000.0
2024-03-01,PUNGGOL,4 ROOM,274D,PUNGGOL PL,13 TO 15,93.0,Premium Apartment,2013,88 years 05 months,688800.0
2024-03-01,PUNGGOL,4 ROOM,274A,PUNGGOL PL,01 TO 03,96.0,Premium Apartment,2013,88 years 04 months,640000.0
2024-03-01,PUNGGOL,4 ROOM,274B,PUNGGOL PL,10 TO 12,94.0,Premium Apartment,2013,88 years 04 months,800000.0
2024-03-01,PUNGGOL,4 ROOM,289A,PUNGGOL PL,13 TO 15,96.0,Premium Apartment,2013,88 years,720000.0
2024-03-01,PUNGGOL,4 ROOM,604A,PUNGGOL RD,13 TO 15,92.0,Model A,2012,87 years 07 months,620000.0
2024-03-01,PUNGGOL,4 ROOM,603C,PUNGGOL RD,07 TO 09,92.0,Model A,2012,87 years 07 months,588000.0
2024-03-01,PUNGGOL,4 ROOM,603B,PUNGGOL RD,13 TO 15,92.0,Model A,2012,87 years 06 months,620000.0
2024-03-01,PUNGGOL,4 ROOM,271D,PUNGGOL WALK,07 TO 09,92.0,Premium Apartment,2014,89 years 03 months,750000.0
2024-03-01,PUNGGOL,4 ROOM,271D,PUNGGOL WALK,10 TO 12,97.0,Premium Apartment,2014,89 years 02 months,770000.0
2024-03-01,PUNGGOL,4 ROOM,308A,PUNGGOL WALK,07 TO 09,92.0,Premium Apartment,2016,91 years 02 months,680000.0
2024-03-01,PUNGGOL,4 ROOM,308B,PUNGGOL WALK,07 TO 09,92.0,Premium Apartment,2016,91 years 01 month,655000.0
2024-03-01,PUNGGOL,4 ROOM,308C,PUNGGOL WALK,01 TO 03,92.0,Premium Apartment,2016,91 years 01 month,585000.0
2024-03-01,PUNGGOL,4 ROOM,212A,PUNGGOL WALK,04 TO 06,93.0,Model A,2015,90 years 01 month,600000.0
2024-03-01,PUNGGOL,4 ROOM,272B,PUNGGOL WALK,07 TO 09,97.0,Premium Apartment,2014,89 years 01 month,748888.0
2024-03-01,PUNGGOL,4 ROOM,310B,PUNGGOL WALK,07 TO 09,92.0,Premium Apartment,2016,91 years 03 months,658888.0
2024-03-01,PUNGGOL,4 ROOM,266D,PUNGGOL WAY,10 TO 12,92.0,Model A,2015,90 years 04 months,640000.0
2024-03-01,PUNGGOL,4 ROOM,265A,PUNGGOL WAY,04 TO 06,92.0,Model A,2015,90 years 04 months,640000.0
2024-03-01,PUNGGOL,4 ROOM,260B,PUNGGOL WAY,01 TO 03,93.0,Model A,2016,91 years 04 months,535000.0
2024-03-01,PUNGGOL,4 ROOM,316D,PUNGGOL WAY,01 TO 03,93.0,Premium Apartment,2017,92 years 07 months,620000.0
2024-03-01,PUNGGOL,4 ROOM,316C,PUNGGOL WAY,10 TO 12,93.0,Premium Apartment,2017,92 years 06 months,709000.0
2024-03-01,PUNGGOL,4 ROOM,231A,SUMANG LANE,07 TO 09,93.0,Model A,2018,93 years 09 months,590000.0
2024-03-01,PUNGGOL,4 ROOM,220A,SUMANG LANE,10 TO 12,93.0,Model A,2018,93 years 11 months,612000.0
2024-03-01,PUNGGOL,4 ROOM,220A,SUMANG LANE,04 TO 06,93.0,Model A,2018,93 years 11 months,600000.0
2024-03-01,PUNGGOL,4 ROOM,227A,SUMANG LANE,07 TO 09,93.0,Premium Apartment,2018,93 years 01 month,614000.0
2024-03-01,PUNGGOL,4 ROOM,224A,SUMANG LANE,07 TO 09,93.0,Model A,2018,93 years 10 months,580000.0
2024-03-01,PUNGGOL,4 ROOM,224C,SUMANG LANE,10 TO 12,93.0,Model A,2018,93 years 09 months,620000.0
2024-03-01,PUNGGOL,4 ROOM,217A,SUMANG WALK,01 TO 03,92.0,Model A,2017,92 years 06 months,570000.0
2024-03-01,PUNGGOL,4 ROOM,323D,SUMANG WALK,16 TO 18,93.0,Premium Apartment,2020,95 years,710000.0
2024-03-01,PUNGGOL,4 ROOM,323C,SUMANG WALK,04 TO 06,93.0,Premium Apartment,2020,95 years,670000.0
2024-03-01,PUNGGOL,4 ROOM,323B,SUMANG WALK,07 TO 09,93.0,Premium Apartment,2020,94 years 11 months,700000.0
2024-03-01,PUNGGOL,4 ROOM,325A,SUMANG WALK,07 TO 09,96.0,Premium Apartment,2020,94 years 11 months,700000.0
2024-03-01,PUNGGOL,4 ROOM,322D,SUMANG WALK,07 TO 09,96.0,Premium Apartment,2019,94 years 01 month,703000.0
2024-03-01,PUNGGOL,4 ROOM,325B,SUMANG WALK,19 TO 21,93.0,Premium Apartment,2020,94 years 10 months,712000.0
2024-03-01,PUNGGOL,4 ROOM,323A,SUMANG WALK,04 TO 06,93.0,Premium Apartment,2020,94 years 11 months,585000.0
2024-03-01,PUNGGOL,4 ROOM,323D,SUMANG WALK,13 TO 15,93.0,Premium Apartment,2020,94 years 10 months,695000.0
2024-03-01,PUNGGOL,4 ROOM,217B,SUMANG WALK,01 TO 03,92.0,Model A,2017,92 years 04 months,580000.0
2024-03-01,PUNGGOL,5 ROOM,661B,EDGEDALE PLAINS,04 TO 06,112.0,Premium Apartment,2017,92 years 03 months,705000.0
2024-03-01,PUNGGOL,5 ROOM,172C,EDGEDALE PLAINS,04 TO 06,110.0,Improved,2004,79 years 03 months,578000.0
2024-03-01,PUNGGOL,5 ROOM,661C,EDGEDALE PLAINS,01 TO 03,112.0,Premium Apartment,2017,92 years 03 months,700088.0
2024-03-01,PUNGGOL,5 ROOM,684C,EDGEDALE PLAINS,04 TO 06,113.0,Premium Apartment,2018,93 years 06 months,728000.0
2024-03-01,PUNGGOL,5 ROOM,682A,EDGEDALE PLAINS,07 TO 09,113.0,Premium Apartment,2018,93 years 06 months,780000.0
2024-03-01,PUNGGOL,5 ROOM,126B,EDGEDALE PLAINS,07 TO 09,110.0,Improved,2003,78 years,620000.0
2024-03-01,PUNGGOL,5 ROOM,682A,EDGEDALE PLAINS,04 TO 06,113.0,Premium Apartment,2018,93 years 05 months,695000.0
2024-03-01,PUNGGOL,5 ROOM,662D,EDGEDALE PLAINS,16 TO 18,112.0,Premium Apartment,2017,92 years 02 months,818000.0
2024-03-01,PUNGGOL,5 ROOM,193,EDGEFIELD PLAINS,13 TO 15,110.0,Premium Apartment,2003,78 years 08 months,640000.0
2024-03-01,PUNGGOL,5 ROOM,161A,PUNGGOL CTRL,13 TO 15,114.0,Premium Apartment,2004,79 years 03 months,665000.0
2024-03-01,PUNGGOL,5 ROOM,295,PUNGGOL CTRL,07 TO 09,110.0,Premium Apartment,2003,78 years 09 months,623000.0
2024-03-01,PUNGGOL,5 ROOM,665A,PUNGGOL DR,07 TO 09,113.0,Premium Apartment,2016,91 years,790000.0
2024-03-01,PUNGGOL,5 ROOM,678C,PUNGGOL DR,07 TO 09,113.0,Premium Apartment,2016,91 years 07 months,860000.0
2024-03-01,PUNGGOL,5 ROOM,677C,PUNGGOL DR,16 TO 18,113.0,Premium Apartment,2016,91 years 07 months,858000.0
2024-03-01,PUNGGOL,5 ROOM,658C,PUNGGOL EAST,07 TO 09,113.0,Improved,2018,93 years 09 months,770000.0
2024-03-01,PUNGGOL,5 ROOM,204A,PUNGGOL FIELD,01 TO 03,110.0,Improved,2004,79 years 08 months,575000.0
2024-03-01,PUNGGOL,5 ROOM,259C,PUNGGOL FIELD,16 TO 18,113.0,Improved,2016,91 years 04 months,738000.0
2024-03-01,PUNGGOL,5 ROOM,168C,PUNGGOL FIELD,13 TO 15,113.0,Improved,2014,89 years 02 months,730000.0
2024-03-01,PUNGGOL,5 ROOM,258C,PUNGGOL FIELD,04 TO 06,113.0,Improved,2016,91 years 04 months,708888.0
2024-03-01,PUNGGOL,5 ROOM,106A,PUNGGOL FIELD,04 TO 06,110.0,Improved,2003,78 years 02 months,618888.0
2024-03-01,PUNGGOL,5 ROOM,196B,PUNGGOL FIELD,07 TO 09,110.0,Improved,2003,78 years 03 months,625000.0
2024-03-01,PUNGGOL,5 ROOM,196B,PUNGGOL FIELD,04 TO 06,110.0,Improved,2003,78 years 03 months,618000.0
2024-03-01,PUNGGOL,5 ROOM,202A,PUNGGOL FIELD,04 TO 06,110.0,Improved,2004,79 years 04 months,605000.0
2024-03-01,PUNGGOL,5 ROOM,106D,PUNGGOL FIELD,07 TO 09,110.0,Improved,2003,78 years,545000.0
2024-03-01,PUNGGOL,5 ROOM,169A,PUNGGOL FIELD,01 TO 03,112.0,Improved,2014,89 years 02 months,670000.0
2024-03-01,PUNGGOL,5 ROOM,207D,PUNGGOL PL,04 TO 06,112.0,Improved,2014,89 years 04 months,725000.0
2024-03-01,PUNGGOL,5 ROOM,207D,PUNGGOL PL,04 TO 06,112.0,Improved,2014,89 years 03 months,732000.0
2024-03-01,PUNGGOL,5 ROOM,310C,PUNGGOL WALK,10 TO 12,112.0,Premium Apartment,2016,91 years 04 months,820000.0
2024-03-01,PUNGGOL,5 ROOM,213A,PUNGGOL WALK,07 TO 09,113.0,Improved,2015,90 years 03 months,680000.0
2024-03-01,PUNGGOL,5 ROOM,266D,PUNGGOL WAY,13 TO 15,111.0,Improved,2015,90 years 04 months,760000.0
2024-03-01,PUNGGOL,5 ROOM,264A,PUNGGOL WAY,07 TO 09,112.0,Improved,2015,90 years 03 months,820000.0
2024-03-01,PUNGGOL,5 ROOM,234B,SUMANG LANE,07 TO 09,113.0,Improved,2018,93 years 09 months,735000.0
2024-03-01,PUNGGOL,5 ROOM,234B,SUMANG LANE,04 TO 06,113.0,Improved,2018,93 years 09 months,670888.0
2024-03-01,PUNGGOL,5 ROOM,232A,SUMANG LANE,07 TO 09,113.0,Improved,2018,93 years 08 months,700000.0
2024-03-01,PUNGGOL,5 ROOM,234B,SUMANG LANE,07 TO 09,113.0,Improved,2018,93 years 09 months,740000.0
2024-03-01,PUNGGOL,5 ROOM,232A,SUMANG LANE,04 TO 06,113.0,Improved,2018,93 years 09 months,685000.0
2024-03-01,PUNGGOL,5 ROOM,313B,SUMANG LINK,13 TO 15,112.0,Improved,2015,90 years 04 months,850000.0
2024-03-01,PUNGGOL,5 ROOM,322D,SUMANG WALK,01 TO 03,116.0,Premium Apartment,2019,94 years 01 month,828000.0
2024-03-01,PUNGGOL,5 ROOM,217A,SUMANG WALK,13 TO 15,112.0,Improved,2017,92 years 06 months,745000.0
2024-03-01,PUNGGOL,5 ROOM,217D,SUMANG WALK,10 TO 12,112.0,Improved,2017,92 years 05 months,725000.0
2024-03-01,PUNGGOL,5 ROOM,323D,SUMANG WALK,04 TO 06,121.0,Premium Apartment,2020,94 years 11 months,900000.0
2024-03-01,PUNGGOL,5 ROOM,323A,SUMANG WALK,04 TO 06,113.0,Premium Apartment,2020,94 years 11 months,755000.0
2024-03-01,PUNGGOL,5 ROOM,323B,SUMANG WALK,16 TO 18,113.0,Premium Apartment,2020,94 years 11 months,889000.0
2024-03-01,PUNGGOL,EXECUTIVE,114,EDGEFIELD PLAINS,01 TO 03,130.0,Premium Apartment,2003,78 years 06 months,730888.0
2024-03-01,PUNGGOL,EXECUTIVE,184,EDGEFIELD PLAINS,07 TO 09,128.0,Premium Apartment,2003,78 years 09 months,745000.0
2024-03-01,PUNGGOL,EXECUTIVE,191,PUNGGOL CTRL,04 TO 06,128.0,Premium Apartment,2004,79 years 02 months,760000.0
2024-03-01,QUEENSTOWN,2 ROOM,27,GHIM MOH LINK,01 TO 03,47.0,Model A,2013,88 years 02 months,430000.0
2024-03-01,QUEENSTOWN,3 ROOM,84,C'WEALTH CL,10 TO 12,58.0,Standard,1967,41 years 11 months,338000.0
2024-03-01,QUEENSTOWN,3 ROOM,108,C'WEALTH CRES,04 TO 06,60.0,Standard,1969,43 years 11 months,320000.0
2024-03-01,QUEENSTOWN,3 ROOM,101,C'WEALTH CRES,07 TO 09,64.0,Standard,1970,45 years 04 months,333000.0
2024-03-01,QUEENSTOWN,3 ROOM,53,C'WEALTH DR,04 TO 06,63.0,Model A,2015,90 years,575000.0
2024-03-01,QUEENSTOWN,3 ROOM,87,DAWSON RD,34 TO 36,65.0,Premium Apartment,2016,91 years 07 months,765000.0
2024-03-01,QUEENSTOWN,3 ROOM,90,DAWSON RD,28 TO 30,65.0,Premium Apartment,2016,91 years 03 months,710000.0
2024-03-01,QUEENSTOWN,3 ROOM,28C,DOVER CRES,01 TO 03,69.0,Model A,2012,87 years 02 months,530000.0
2024-03-01,QUEENSTOWN,3 ROOM,28B,DOVER CRES,01 TO 03,70.0,Model A,2012,87 years 02 months,520000.0
2024-03-01,QUEENSTOWN,3 ROOM,28B,DOVER CRES,31 TO 33,69.0,Model A,2012,87 years 02 months,635000.0
2024-03-01,QUEENSTOWN,3 ROOM,33,GHIM MOH LINK,07 TO 09,68.0,Model A,2018,93 years 04 months,700000.0
2024-03-01,QUEENSTOWN,3 ROOM,5,GHIM MOH RD,07 TO 09,65.0,Improved,1976,51 years 06 months,428000.0
2024-03-01,QUEENSTOWN,3 ROOM,21,GHIM MOH RD,10 TO 12,65.0,Improved,1977,52 years 03 months,393000.0
2024-03-01,QUEENSTOWN,3 ROOM,19,GHIM MOH RD,04 TO 06,65.0,Improved,1977,52 years 02 months,410000.0
2024-03-01,QUEENSTOWN,3 ROOM,1,GHIM MOH RD,01 TO 03,76.0,Improved,1976,51 years 05 months,433000.0
2024-03-01,QUEENSTOWN,3 ROOM,21,GHIM MOH RD,10 TO 12,65.0,Improved,1977,52 years 03 months,388888.0
2024-03-01,QUEENSTOWN,3 ROOM,8,HOLLAND AVE,10 TO 12,59.0,Improved,1974,49 years 02 months,426000.0
2024-03-01,QUEENSTOWN,3 ROOM,8,HOLLAND AVE,19 TO 21,59.0,Improved,1974,49 years 03 months,388000.0
2024-03-01,QUEENSTOWN,3 ROOM,6,HOLLAND CL,04 TO 06,65.0,Improved,1974,49 years 03 months,440000.0
2024-03-01,QUEENSTOWN,3 ROOM,11,HOLLAND DR,16 TO 18,65.0,Improved,1975,49 years 11 months,460000.0
2024-03-01,QUEENSTOWN,3 ROOM,11,HOLLAND DR,19 TO 21,65.0,Improved,1975,49 years 11 months,450000.0
2024-03-01,QUEENSTOWN,3 ROOM,18B,HOLLAND DR,04 TO 06,67.0,Model A,2012,87 years 07 months,615000.0
2024-03-01,QUEENSTOWN,3 ROOM,11,HOLLAND DR,10 TO 12,65.0,Improved,1975,49 years 11 months,465000.0
2024-03-01,QUEENSTOWN,3 ROOM,18A,HOLLAND DR,04 TO 06,67.0,Model A,2012,87 years 08 months,655000.0
2024-03-01,QUEENSTOWN,3 ROOM,11,HOLLAND DR,01 TO 03,65.0,Improved,1975,49 years 10 months,400000.0
2024-03-01,QUEENSTOWN,3 ROOM,154,MEI LING ST,10 TO 12,67.0,Improved,1970,44 years 11 months,385000.0
2024-03-01,QUEENSTOWN,3 ROOM,166,STIRLING RD,10 TO 12,60.0,Improved,1970,45 years 05 months,333888.0
2024-03-01,QUEENSTOWN,3 ROOM,61C,STRATHMORE AVE,25 TO 27,69.0,Model A,2011,86 years 07 months,699000.0
2024-03-01,QUEENSTOWN,4 ROOM,7A,C'WEALTH AVE,10 TO 12,108.0,Model A,1996,71 years 07 months,836000.0
2024-03-01,QUEENSTOWN,4 ROOM,17,DOVER CRES,10 TO 12,92.0,Model A,2003,78 years 07 months,810000.0
2024-03-01,QUEENSTOWN,4 ROOM,30,GHIM MOH LINK,25 TO 27,93.0,Model A,2018,93 years 04 months,995000.0
2024-03-01,QUEENSTOWN,4 ROOM,3A,HOLLAND CL,04 TO 06,106.0,Model A,1998,73 years 09 months,895000.0
2024-03-01,QUEENSTOWN,4 ROOM,18D,HOLLAND DR,13 TO 15,92.0,Model A,2012,87 years 06 months,950000.0
2024-03-01,QUEENSTOWN,4 ROOM,20,QUEEN'S CL,07 TO 09,107.0,Model A,1996,71 years 08 months,738000.0
2024-03-01,QUEENSTOWN,4 ROOM,168A,QUEENSWAY,04 TO 06,84.0,Improved,1974,49 years 04 months,431000.0
2024-03-01,QUEENSTOWN,4 ROOM,168A,QUEENSWAY,13 TO 15,84.0,Improved,1974,49 years 03 months,505000.0
2024-03-01,QUEENSTOWN,4 ROOM,58,STRATHMORE AVE,16 TO 18,96.0,Model A,2000,75 years 08 months,900000.0
2024-03-01,QUEENSTOWN,4 ROOM,48,STRATHMORE AVE,28 TO 30,90.0,Model A,2006,81 years 10 months,950000.0
2024-03-01,QUEENSTOWN,4 ROOM,59,STRATHMORE AVE,04 TO 06,96.0,Model A,2000,75 years 09 months,720888.0
2024-03-01,QUEENSTOWN,4 ROOM,61A,STRATHMORE AVE,19 TO 21,98.0,Model A,2011,86 years 06 months,950000.0
2024-03-01,QUEENSTOWN,4 ROOM,58,STRATHMORE AVE,01 TO 03,96.0,Model A,2000,75 years 08 months,750000.0
2024-03-01,QUEENSTOWN,4 ROOM,61A,STRATHMORE AVE,04 TO 06,96.0,Model A,2011,86 years 06 months,905000.0
2024-03-01,QUEENSTOWN,4 ROOM,89,TANGLIN HALT RD,25 TO 27,90.0,Model A,2008,83 years 06 months,940000.0
2024-03-01,QUEENSTOWN,5 ROOM,27,DOVER CRES,19 TO 21,123.0,Standard,1976,51 years 05 months,860000.0
2024-03-01,QUEENSTOWN,5 ROOM,17,DOVER CRES,22 TO 24,112.0,Improved,2003,78 years 07 months,930000.0
2024-03-01,QUEENSTOWN,5 ROOM,28D,DOVER CRES,28 TO 30,124.0,Improved,2012,87 years 01 month,1140000.0
2024-03-01,QUEENSTOWN,5 ROOM,28A,DOVER CRES,10 TO 12,124.0,Improved,2012,87 years,1130000.0
2024-03-01,QUEENSTOWN,5 ROOM,184,STIRLING RD,10 TO 12,115.0,Improved,2000,75 years 09 months,988888.0
2024-03-01,QUEENSTOWN,5 ROOM,58,STRATHMORE AVE,07 TO 09,110.0,Improved,2000,75 years 08 months,960000.0
2024-03-01,QUEENSTOWN,5 ROOM,62A,STRATHMORE AVE,07 TO 09,117.0,Improved,2011,86 years 06 months,1280000.0
2024-03-01,QUEENSTOWN,EXECUTIVE,147,MEI LING ST,04 TO 06,154.0,Maisonette,1995,70 years 08 months,1200000.0
2024-03-01,SEMBAWANG,2 ROOM,116A,CANBERRA CRES,10 TO 12,47.0,Model A,2020,95 years 02 months,400000.0
2024-03-01,SEMBAWANG,2 ROOM,104B,CANBERRA ST,07 TO 09,47.0,Model A,2018,93 years 04 months,343000.0
2024-03-01,SEMBAWANG,2 ROOM,363B,SEMBAWANG CRES,10 TO 12,47.0,Model A,2019,94 years 03 months,345000.0
2024-03-01,SEMBAWANG,3 ROOM,130B,CANBERRA CRES,01 TO 03,68.0,Model A,2018,93 years 08 months,450000.0
2024-03-01,SEMBAWANG,3 ROOM,104D,CANBERRA ST,04 TO 06,68.0,Model A,2018,93 years 05 months,435000.0
2024-03-01,SEMBAWANG,3 ROOM,115B,CANBERRA WALK,07 TO 09,68.0,Model A,2018,93 years 05 months,480000.0
2024-03-01,SEMBAWANG,3 ROOM,362C,SEMBAWANG CRES,13 TO 15,68.0,Model A,2019,94 years 03 months,480000.0
2024-03-01,SEMBAWANG,3 ROOM,365C,SEMBAWANG CRES,10 TO 12,68.0,Model A,2019,94 years 02 months,453000.0
2024-03-01,SEMBAWANG,4 ROOM,356C,ADMIRALTY DR,07 TO 09,95.0,Premium Apartment,2001,76 years 04 months,545000.0
2024-03-01,SEMBAWANG,4 ROOM,490,ADMIRALTY LINK,13 TO 15,94.0,Model A,2010,85 years 07 months,520000.0
2024-03-01,SEMBAWANG,4 ROOM,418,CANBERRA RD,10 TO 12,90.0,Model A,2001,76 years 01 month,536000.0
2024-03-01,SEMBAWANG,4 ROOM,107A,CANBERRA ST,13 TO 15,93.0,Model A,2018,93 years 05 months,620000.0
2024-03-01,SEMBAWANG,4 ROOM,129C,CANBERRA ST,07 TO 09,93.0,Model A,2018,93 years 08 months,670000.0
2024-03-01,SEMBAWANG,4 ROOM,104B,CANBERRA ST,01 TO 03,93.0,Model A,2018,93 years 05 months,548000.0
2024-03-01,SEMBAWANG,4 ROOM,107C,CANBERRA ST,07 TO 09,93.0,Model A,2018,93 years 06 months,586000.0
2024-03-01,SEMBAWANG,4 ROOM,107A,CANBERRA ST,10 TO 12,93.0,Model A,2018,93 years 05 months,600000.0
2024-03-01,SEMBAWANG,4 ROOM,107C,CANBERRA ST,04 TO 06,93.0,Model A,2018,93 years 05 months,560000.0
2024-03-01,SEMBAWANG,4 ROOM,104D,CANBERRA ST,04 TO 06,93.0,Model A,2018,93 years 05 months,565000.0
2024-03-01,SEMBAWANG,4 ROOM,592B,MONTREAL LINK,10 TO 12,93.0,Model A,2015,90 years 02 months,565000.0
2024-03-01,SEMBAWANG,4 ROOM,592B,MONTREAL LINK,13 TO 15,93.0,Model A,2015,90 years 02 months,565000.0
2024-03-01,SEMBAWANG,4 ROOM,335,SEMBAWANG CL,04 TO 06,100.0,Model A,1999,74 years 08 months,480000.0
2024-03-01,SEMBAWANG,4 ROOM,362A,SEMBAWANG CRES,10 TO 12,93.0,Model A,2019,94 years 04 months,600000.0
2024-03-01,SEMBAWANG,4 ROOM,362B,SEMBAWANG CRES,04 TO 06,93.0,Model A,2019,94 years 03 months,550000.0
2024-03-01,SEMBAWANG,4 ROOM,362C,SEMBAWANG CRES,04 TO 06,93.0,Model A,2019,94 years 03 months,565000.0
2024-03-01,SEMBAWANG,4 ROOM,336,SEMBAWANG CRES,04 TO 06,100.0,Model A,1999,74 years 05 months,493000.0
2024-03-01,SEMBAWANG,4 ROOM,362C,SEMBAWANG CRES,10 TO 12,93.0,Model A,2019,94 years 02 months,625000.0
2024-03-01,SEMBAWANG,4 ROOM,362C,SEMBAWANG CRES,07 TO 09,93.0,Model A,2019,94 years 02 months,600000.0
2024-03-01,SEMBAWANG,4 ROOM,365C,SEMBAWANG CRES,10 TO 12,93.0,Model A,2019,94 years 01 month,622000.0
2024-03-01,SEMBAWANG,4 ROOM,362C,SEMBAWANG CRES,16 TO 18,93.0,Model A,2019,94 years 04 months,610000.0
2024-03-01,SEMBAWANG,4 ROOM,362C,SEMBAWANG CRES,07 TO 09,93.0,Model A,2019,94 years 03 months,620888.0
2024-03-01,SEMBAWANG,4 ROOM,365C,SEMBAWANG CRES,07 TO 09,93.0,Model A,2019,94 years 02 months,585888.0
2024-03-01,SEMBAWANG,4 ROOM,362C,SEMBAWANG CRES,07 TO 09,93.0,Model A,2019,94 years 02 months,615000.0
2024-03-01,SEMBAWANG,4 ROOM,480,SEMBAWANG DR,10 TO 12,90.0,Model A,2000,75 years 07 months,483888.0
2024-03-01,SEMBAWANG,4 ROOM,317,SEMBAWANG VISTA,01 TO 03,101.0,Model A,1999,74 years 01 month,495000.0
2024-03-01,SEMBAWANG,4 ROOM,508B,WELLINGTON CIRCLE,04 TO 06,90.0,Model A,2004,79 years 06 months,500000.0
2024-03-01,SEMBAWANG,5 ROOM,359C,ADMIRALTY DR,01 TO 03,110.0,Premium Apartment,2001,76 years 07 months,530000.0
2024-03-01,SEMBAWANG,5 ROOM,356B,ADMIRALTY DR,10 TO 12,110.0,Premium Apartment,2001,76 years 04 months,600000.0
2024-03-01,SEMBAWANG,5 ROOM,359A,ADMIRALTY DR,10 TO 12,111.0,Premium Apartment,2001,76 years 06 months,600000.0
2024-03-01,SEMBAWANG,5 ROOM,491,ADMIRALTY LINK,13 TO 15,110.0,Improved,2004,79 years 04 months,585000.0
2024-03-01,SEMBAWANG,5 ROOM,491,ADMIRALTY LINK,10 TO 12,110.0,Improved,2004,79 years 04 months,570000.0
2024-03-01,SEMBAWANG,5 ROOM,484,ADMIRALTY LINK,04 TO 06,110.0,Improved,2003,78 years 05 months,515000.0
2024-03-01,SEMBAWANG,5 ROOM,119A,CANBERRA CRES,07 TO 09,113.0,Improved,2018,93 years,768888.0
2024-03-01,SEMBAWANG,5 ROOM,425,CANBERRA RD,13 TO 15,110.0,Improved,2001,76 years 02 months,570000.0
2024-03-01,SEMBAWANG,5 ROOM,309,CANBERRA RD,07 TO 09,122.0,Improved,1998,73 years 11 months,640000.0
2024-03-01,SEMBAWANG,5 ROOM,311,CANBERRA RD,13 TO 15,120.0,Improved,1998,73 years 09 months,658000.0
2024-03-01,SEMBAWANG,5 ROOM,419,CANBERRA RD,07 TO 09,110.0,Improved,2001,76 years 02 months,555000.0
2024-03-01,SEMBAWANG,5 ROOM,121D,CANBERRA ST,13 TO 15,113.0,Improved,2018,92 years 11 months,755000.0
2024-03-01,SEMBAWANG,5 ROOM,129A,CANBERRA ST,10 TO 12,113.0,Improved,2018,93 years 08 months,768000.0
2024-03-01,SEMBAWANG,5 ROOM,121D,CANBERRA ST,10 TO 12,113.0,Improved,2018,92 years 11 months,738000.0
2024-03-01,SEMBAWANG,5 ROOM,121D,CANBERRA ST,07 TO 09,113.0,Improved,2018,92 years 11 months,725000.0
2024-03-01,SEMBAWANG,5 ROOM,128A,CANBERRA ST,01 TO 03,113.0,Improved,2018,93 years 07 months,665000.0
2024-03-01,SEMBAWANG,5 ROOM,108C,CANBERRA WALK,04 TO 06,113.0,Improved,2018,93 years 03 months,710000.0
2024-03-01,SEMBAWANG,5 ROOM,341A,SEMBAWANG CL,10 TO 12,110.0,Premium Apartment,2001,76 years 04 months,620000.0
2024-03-01,SEMBAWANG,5 ROOM,412,SEMBAWANG DR,04 TO 06,110.0,Improved,2001,76 years 02 months,570000.0
2024-03-01,SEMBAWANG,5 ROOM,410,SEMBAWANG DR,01 TO 03,110.0,Improved,2001,76 years 02 months,528000.0
2024-03-01,SEMBAWANG,5 ROOM,409,SEMBAWANG DR,01 TO 03,110.0,Improved,2001,76 years 02 months,525000.0
2024-03-01,SEMBAWANG,5 ROOM,481,SEMBAWANG DR,01 TO 03,110.0,Improved,2000,75 years 06 months,521000.0
2024-03-01,SEMBAWANG,5 ROOM,476,SEMBAWANG DR,01 TO 03,110.0,Improved,2000,75 years 07 months,525000.0
2024-03-01,SEMBAWANG,5 ROOM,470,SEMBAWANG DR,13 TO 15,112.0,Improved,2000,75 years 06 months,620000.0
2024-03-01,SEMBAWANG,5 ROOM,507A,WELLINGTON CIRCLE,04 TO 06,111.0,Improved,2001,76 years 09 months,565000.0
2024-03-01,SEMBAWANG,5 ROOM,507C,WELLINGTON CIRCLE,04 TO 06,110.0,Improved,2001,76 years 09 months,585000.0
2024-03-01,SEMBAWANG,EXECUTIVE,468C,ADMIRALTY DR,04 TO 06,137.0,Premium Apartment,2001,76 years 04 months,650000.0
2024-03-01,SEMBAWANG,EXECUTIVE,469A,ADMIRALTY DR,13 TO 15,137.0,Premium Apartment,2001,76 years 06 months,660000.0
2024-03-01,SEMBAWANG,EXECUTIVE,310,CANBERRA RD,04 TO 06,141.0,Maisonette,1998,73 years 08 months,850000.0
2024-03-01,SEMBAWANG,EXECUTIVE,502A,WELLINGTON CIRCLE,01 TO 03,130.0,Apartment,2001,76 years 06 months,720000.0
2024-03-01,SENGKANG,2 ROOM,351B,ANCHORVALE RD,07 TO 09,47.0,2-room,2019,94 years 03 months,375000.0
2024-03-01,SENGKANG,2 ROOM,418A,FERNVALE LINK,07 TO 09,38.0,Model A,2018,93 years 05 months,340000.0
2024-03-01,SENGKANG,2 ROOM,445B,FERNVALE RD,16 TO 18,47.0,Model A,2012,87 years 09 months,340000.0
2024-03-01,SENGKANG,2 ROOM,180B,RIVERVALE CRES,13 TO 15,47.0,Model A,2015,90 years 01 month,345000.0
2024-03-01,SENGKANG,2 ROOM,180D,RIVERVALE CRES,04 TO 06,47.0,Model A,2015,90 years 01 month,332000.0
2024-03-01,SENGKANG,3 ROOM,334B,ANCHORVALE CRES,13 TO 15,67.0,Premium Apartment,2015,90 years 10 months,485000.0
2024-03-01,SENGKANG,3 ROOM,334B,ANCHORVALE CRES,10 TO 12,67.0,Premium Apartment,2015,90 years 09 months,500888.0
2024-03-01,SENGKANG,3 ROOM,417A,FERNVALE LINK,10 TO 12,69.0,Model A,2018,93 years 06 months,490888.0
2024-03-01,SENGKANG,3 ROOM,414A,FERNVALE LINK,22 TO 24,68.0,Model A,2016,90 years 11 months,503000.0
2024-03-01,SENGKANG,3 ROOM,414A,FERNVALE LINK,01 TO 03,68.0,Model A,2016,90 years 11 months,435000.0
2024-03-01,SENGKANG,3 ROOM,417A,FERNVALE LINK,04 TO 06,69.0,Model A,2018,93 years 04 months,440000.0
2024-03-01,SENGKANG,3 ROOM,473A,FERNVALE ST,10 TO 12,68.0,Model A,2016,91 years 07 months,481888.0
2024-03-01,SENGKANG,3 ROOM,471C,FERNVALE ST,07 TO 09,68.0,Model A,2016,91 years 09 months,480000.0
2024-03-01,SENGKANG,4 ROOM,334B,ANCHORVALE CRES,13 TO 15,92.0,Premium Apartment,2015,90 years 10 months,638888.0
2024-03-01,SENGKANG,4 ROOM,335C,ANCHORVALE CRES,10 TO 12,92.0,Premium Apartment,2015,90 years 10 months,640000.0
2024-03-01,SENGKANG,4 ROOM,338A,ANCHORVALE CRES,10 TO 12,93.0,Model A,2018,93 years 03 months,585000.0
2024-03-01,SENGKANG,4 ROOM,318B,ANCHORVALE LINK,10 TO 12,92.0,Premium Apartment,2003,78 years 04 months,528888.0
2024-03-01,SENGKANG,4 ROOM,333A,ANCHORVALE LINK,07 TO 09,92.0,Model A,2015,90 years 04 months,628000.0
2024-03-01,SENGKANG,4 ROOM,303C,ANCHORVALE LINK,13 TO 15,88.0,Model A2,2001,76 years 07 months,538000.0
2024-03-01,SENGKANG,4 ROOM,305B,ANCHORVALE LINK,07 TO 09,90.0,Model A,2001,76 years 10 months,520000.0
2024-03-01,SENGKANG,4 ROOM,327A,ANCHORVALE RD,13 TO 15,92.0,Premium Apartment,2015,90 years 02 months,630000.0
2024-03-01,SENGKANG,4 ROOM,326B,ANCHORVALE RD,04 TO 06,92.0,Premium Apartment,2015,90 years 01 month,560000.0
2024-03-01,SENGKANG,4 ROOM,331C,ANCHORVALE ST,07 TO 09,92.0,Model A,2015,90 years 06 months,615000.0
2024-03-01,SENGKANG,4 ROOM,329B,ANCHORVALE ST,10 TO 12,92.0,Model A,2015,90 years 06 months,620000.0
2024-03-01,SENGKANG,4 ROOM,264B,COMPASSVALE BOW,13 TO 15,92.0,Premium Apartment,2007,82 years 05 months,695000.0
2024-03-01,SENGKANG,4 ROOM,288C,COMPASSVALE CRES,10 TO 12,93.0,Premium Apartment,2017,92 years 09 months,638888.0
2024-03-01,SENGKANG,4 ROOM,288C,COMPASSVALE CRES,13 TO 15,93.0,Premium Apartment,2017,92 years 09 months,640000.0
2024-03-01,SENGKANG,4 ROOM,286A,COMPASSVALE CRES,13 TO 15,93.0,Premium Apartment,2017,92 years 09 months,658888.0
2024-03-01,SENGKANG,4 ROOM,293B,COMPASSVALE CRES,13 TO 15,93.0,Model A,2016,91 years 09 months,658888.0
2024-03-01,SENGKANG,4 ROOM,227A,COMPASSVALE DR,07 TO 09,101.0,Model A,1999,74 years 10 months,553888.0
2024-03-01,SENGKANG,4 ROOM,201B,COMPASSVALE DR,01 TO 03,90.0,Model A,2001,76 years 04 months,492000.0
2024-03-01,SENGKANG,4 ROOM,211B,COMPASSVALE LANE,16 TO 18,95.0,Model A,2013,88 years,650000.0
2024-03-01,SENGKANG,4 ROOM,208A,COMPASSVALE LANE,01 TO 03,92.0,Model A,2011,86 years 09 months,531000.0
2024-03-01,SENGKANG,4 ROOM,275C,COMPASSVALE LINK,04 TO 06,92.0,Premium Apartment,2009,84 years 04 months,715000.0
2024-03-01,SENGKANG,4 ROOM,269D,COMPASSVALE LINK,04 TO 06,90.0,Premium Apartment,2006,81 years,630000.0
2024-03-01,SENGKANG,4 ROOM,269A,COMPASSVALE LINK,13 TO 15,90.0,Premium Apartment,2006,81 years,730000.0
2024-03-01,SENGKANG,4 ROOM,268C,COMPASSVALE LINK,04 TO 06,90.0,Premium Apartment,2006,81 years 01 month,588000.0
2024-03-01,SENGKANG,4 ROOM,268C,COMPASSVALE LINK,13 TO 15,91.0,Premium Apartment,2006,81 years 01 month,635000.0
2024-03-01,SENGKANG,4 ROOM,277C,COMPASSVALE LINK,10 TO 12,90.0,Premium Apartment,2009,84 years 04 months,768000.0
2024-03-01,SENGKANG,4 ROOM,292B,COMPASSVALE ST,07 TO 09,90.0,Model A,2002,77 years,508000.0
2024-03-01,SENGKANG,4 ROOM,234,COMPASSVALE WALK,07 TO 09,101.0,Model A,1999,74 years 04 months,590000.0
2024-03-01,SENGKANG,4 ROOM,417A,FERNVALE LINK,19 TO 21,94.0,Model A,2018,93 years 05 months,702888.0
2024-03-01,SENGKANG,4 ROOM,415C,FERNVALE LINK,19 TO 21,93.0,Model A,2016,90 years 11 months,638000.0
2024-03-01,SENGKANG,4 ROOM,440B,FERNVALE LINK,13 TO 15,92.0,Model A,2015,90 years 05 months,628000.0
2024-03-01,SENGKANG,4 ROOM,410C,FERNVALE RD,10 TO 12,95.0,Premium Apartment,2012,87 years 09 months,608888.0
2024-03-01,SENGKANG,4 ROOM,443A,FERNVALE RD,16 TO 18,94.0,Model A,2012,87 years 09 months,655000.0
2024-03-01,SENGKANG,4 ROOM,408B,FERNVALE RD,04 TO 06,95.0,Premium Apartment,2004,79 years 06 months,530000.0
2024-03-01,SENGKANG,4 ROOM,441B,FERNVALE RD,22 TO 24,94.0,Model A,2012,87 years,641068.0
2024-03-01,SENGKANG,4 ROOM,443C,FERNVALE RD,22 TO 24,94.0,Model A,2012,87 years 09 months,668000.0
2024-03-01,SENGKANG,4 ROOM,411A,FERNVALE RD,13 TO 15,95.0,Premium Apartment,2012,87 years 09 months,605000.0
2024-03-01,SENGKANG,4 ROOM,410A,FERNVALE RD,16 TO 18,95.0,Premium Apartment,2012,87 years 08 months,610000.0
2024-03-01,SENGKANG,4 ROOM,435B,FERNVALE RD,04 TO 06,94.0,Premium Apartment,2013,88 years 03 months,550000.0
2024-03-01,SENGKANG,4 ROOM,436C,FERNVALE RD,07 TO 09,96.0,Model A,2010,85 years 01 month,565000.0
2024-03-01,SENGKANG,4 ROOM,472B,FERNVALE ST,16 TO 18,93.0,Model A,2016,91 years 07 months,590000.0
2024-03-01,SENGKANG,4 ROOM,471C,FERNVALE ST,16 TO 18,93.0,Model A,2016,91 years 07 months,600000.0
2024-03-01,SENGKANG,4 ROOM,155,RIVERVALE CRES,16 TO 18,91.0,Model A,2005,80 years 10 months,550000.0
2024-03-01,SENGKANG,4 ROOM,163A,RIVERVALE CRES,16 TO 18,93.0,Model A,2017,92 years 03 months,580000.0
2024-03-01,SENGKANG,4 ROOM,162B,RIVERVALE CRES,13 TO 15,93.0,Model A,2017,92 years 03 months,601000.0
2024-03-01,SENGKANG,4 ROOM,158A,RIVERVALE CRES,16 TO 18,94.0,Premium Apartment,2003,78 years 09 months,526000.0
2024-03-01,SENGKANG,4 ROOM,178C,RIVERVALE CRES,13 TO 15,93.0,Model A,2015,90 years 02 months,530000.0
2024-03-01,SENGKANG,4 ROOM,183D,RIVERVALE CRES,10 TO 12,85.0,Model A2,2003,78 years 04 months,520000.0
2024-03-01,SENGKANG,4 ROOM,180C,RIVERVALE CRES,04 TO 06,93.0,Model A,2015,90 years 02 months,530000.0
2024-03-01,SENGKANG,4 ROOM,185D,RIVERVALE CRES,04 TO 06,87.0,Model A2,2000,75 years 10 months,455000.0
2024-03-01,SENGKANG,4 ROOM,163C,RIVERVALE CRES,07 TO 09,93.0,Model A,2017,92 years 03 months,585000.0
2024-03-01,SENGKANG,4 ROOM,187A,RIVERVALE DR,07 TO 09,91.0,Model A,2000,75 years 10 months,518000.0
2024-03-01,SENGKANG,4 ROOM,190B,RIVERVALE DR,10 TO 12,96.0,Model A,2000,75 years 03 months,530000.0
2024-03-01,SENGKANG,4 ROOM,270A,SENGKANG CTRL,13 TO 15,93.0,Premium Apartment,2010,85 years 03 months,775000.0
2024-03-01,SENGKANG,4 ROOM,279B,SENGKANG EAST AVE,10 TO 12,92.0,Premium Apartment,2015,90 years 05 months,780000.0
2024-03-01,SENGKANG,4 ROOM,122,SENGKANG EAST WAY,01 TO 03,91.0,Model A,2000,75 years 06 months,490000.0
2024-03-01,SENGKANG,4 ROOM,324B,SENGKANG EAST WAY,01 TO 03,90.0,Model A,2003,78 years 02 months,551888.0
2024-03-01,SENGKANG,4 ROOM,451A,SENGKANG WEST WAY,13 TO 15,92.0,Model A,2015,90 years 03 months,605000.0
2024-03-01,SENGKANG,4 ROOM,451B,SENGKANG WEST WAY,07 TO 09,92.0,Model A,2015,90 years 03 months,570000.0
2024-03-01,SENGKANG,4 ROOM,451A,SENGKANG WEST WAY,01 TO 03,92.0,Model A,2015,90 years 03 months,540000.0
2024-03-01,SENGKANG,4 ROOM,452A,SENGKANG WEST WAY,16 TO 18,92.0,Model A,2015,90 years 03 months,594000.0
2024-03-01,SENGKANG,4 ROOM,433A,SENGKANG WEST WAY,19 TO 21,93.0,Model A,2014,89 years 07 months,618888.0
2024-03-01,SENGKANG,5 ROOM,336B,ANCHORVALE CRES,04 TO 06,112.0,Premium Apartment,2015,90 years 10 months,740000.0
2024-03-01,SENGKANG,5 ROOM,321C,ANCHORVALE DR,07 TO 09,110.0,Improved,2002,77 years 07 months,650000.0
2024-03-01,SENGKANG,5 ROOM,321C,ANCHORVALE DR,10 TO 12,110.0,Improved,2002,77 years 07 months,683000.0
2024-03-01,SENGKANG,5 ROOM,319C,ANCHORVALE DR,04 TO 06,110.0,Improved,2002,77 years 05 months,608000.0
2024-03-01,SENGKANG,5 ROOM,311D,ANCHORVALE LANE,04 TO 06,112.0,Premium Apartment,2002,77 years 09 months,565000.0
2024-03-01,SENGKANG,5 ROOM,318B,ANCHORVALE LINK,13 TO 15,110.0,Premium Apartment,2003,78 years 04 months,625000.0
2024-03-01,SENGKANG,5 ROOM,333B,ANCHORVALE LINK,07 TO 09,112.0,Improved,2015,90 years 03 months,790000.0
2024-03-01,SENGKANG,5 ROOM,302A,ANCHORVALE LINK,07 TO 09,110.0,Improved,2001,76 years 05 months,598868.0
2024-03-01,SENGKANG,5 ROOM,326A,ANCHORVALE RD,13 TO 15,112.0,Premium Apartment,2015,90 years 02 months,800000.0
2024-03-01,SENGKANG,5 ROOM,308B,ANCHORVALE RD,04 TO 06,110.0,Improved,2001,76 years 08 months,595000.0
2024-03-01,SENGKANG,5 ROOM,274A,COMPASSVALE BOW,13 TO 15,113.0,Improved,2017,92 years 09 months,875000.0
2024-03-01,SENGKANG,5 ROOM,293A,COMPASSVALE CRES,13 TO 15,113.0,Improved,2016,91 years 09 months,755000.0
2024-03-01,SENGKANG,5 ROOM,288C,COMPASSVALE CRES,04 TO 06,113.0,Premium Apartment,2017,92 years 09 months,750000.0
2024-03-01,SENGKANG,5 ROOM,293B,COMPASSVALE CRES,01 TO 03,113.0,Improved,2016,91 years 08 months,698000.0
2024-03-01,SENGKANG,5 ROOM,201D,COMPASSVALE DR,04 TO 06,110.0,Improved,2001,76 years 05 months,630000.0
2024-03-01,SENGKANG,5 ROOM,216A,COMPASSVALE DR,13 TO 15,112.0,Premium Apartment,2017,92 years 04 months,968000.0
2024-03-01,SENGKANG,5 ROOM,215B,COMPASSVALE DR,07 TO 09,112.0,Premium Apartment,2017,92 years 03 months,930000.0
2024-03-01,SENGKANG,5 ROOM,216B,COMPASSVALE DR,04 TO 06,112.0,Premium Apartment,2017,92 years 02 months,915000.0
2024-03-01,SENGKANG,5 ROOM,268C,COMPASSVALE LINK,01 TO 03,110.0,Premium Apartment,2006,81 years,650000.0
2024-03-01,SENGKANG,5 ROOM,258A,COMPASSVALE RD,01 TO 03,110.0,Improved,2001,76 years 01 month,618888.0
2024-03-01,SENGKANG,5 ROOM,298C,COMPASSVALE ST,10 TO 12,121.0,Premium Apartment,2001,76 years 06 months,690000.0
2024-03-01,SENGKANG,5 ROOM,240,COMPASSVALE WALK,07 TO 09,116.0,Improved,1999,74 years 08 months,652888.0
2024-03-01,SENGKANG,5 ROOM,228A,COMPASSVALE WALK,10 TO 12,121.0,Improved,2000,75 years,620000.0
2024-03-01,SENGKANG,5 ROOM,228A,COMPASSVALE WALK,10 TO 12,121.0,Improved,2000,74 years 11 months,658000.0
2024-03-01,SENGKANG,5 ROOM,403A,FERNVALE LANE,10 TO 12,112.0,Premium Apartment,2004,79 years 02 months,630000.0
2024-03-01,SENGKANG,5 ROOM,430D,FERNVALE LINK,10 TO 12,112.0,Improved,2015,90 years 03 months,720000.0
2024-03-01,SENGKANG,5 ROOM,416C,FERNVALE LINK,19 TO 21,112.0,Improved,2016,90 years 11 months,790000.0
2024-03-01,SENGKANG,5 ROOM,416B,FERNVALE LINK,13 TO 15,113.0,Improved,2016,90 years 11 months,775000.0
2024-03-01,SENGKANG,5 ROOM,408C,FERNVALE RD,25 TO 27,115.0,Premium Apartment,2005,80 years,680000.0
2024-03-01,SENGKANG,5 ROOM,408C,FERNVALE RD,07 TO 09,115.0,Premium Apartment,2005,80 years,638000.0
2024-03-01,SENGKANG,5 ROOM,407B,FERNVALE RD,13 TO 15,110.0,Premium Apartment,2005,79 years 11 months,685000.0
2024-03-01,SENGKANG,5 ROOM,408C,FERNVALE RD,19 TO 21,112.0,Premium Apartment,2005,80 years 01 month,650000.0
2024-03-01,SENGKANG,5 ROOM,434B,FERNVALE RD,22 TO 24,113.0,Premium Apartment,2013,88 years 04 months,750000.0
2024-03-01,SENGKANG,5 ROOM,435A,FERNVALE RD,16 TO 18,113.0,Premium Apartment,2013,88 years 03 months,760000.0
2024-03-01,SENGKANG,5 ROOM,183A,RIVERVALE CRES,10 TO 12,110.0,Improved,2003,78 years 03 months,550000.0
2024-03-01,SENGKANG,5 ROOM,157B,RIVERVALE CRES,01 TO 03,109.0,Premium Apartment,2003,78 years 07 months,550000.0
2024-03-01,SENGKANG,5 ROOM,148,RIVERVALE CRES,10 TO 12,116.0,Improved,1999,74 years 06 months,625000.0
2024-03-01,SENGKANG,5 ROOM,151,RIVERVALE CRES,07 TO 09,110.0,Improved,2005,80 years 09 months,615000.0
2024-03-01,SENGKANG,5 ROOM,193,RIVERVALE DR,01 TO 03,110.0,Improved,2001,76 years 02 months,545000.0
2024-03-01,SENGKANG,5 ROOM,122E,RIVERVALE DR,01 TO 03,110.0,Improved,2000,75 years 05 months,555000.0
2024-03-01,SENGKANG,5 ROOM,194,RIVERVALE DR,16 TO 18,111.0,Improved,2001,76 years 03 months,618888.0
2024-03-01,SENGKANG,5 ROOM,121,RIVERVALE DR,04 TO 06,110.0,Improved,2000,75 years 07 months,560000.0
2024-03-01,SENGKANG,5 ROOM,117B,RIVERVALE DR,16 TO 18,115.0,Improved,2000,75 years 05 months,633888.0
2024-03-01,SENGKANG,5 ROOM,122E,RIVERVALE DR,04 TO 06,110.0,Improved,2000,75 years 05 months,550000.0
2024-03-01,SENGKANG,5 ROOM,145,RIVERVALE DR,04 TO 06,122.0,Improved,1999,74 years 09 months,618888.0
2024-03-01,SENGKANG,5 ROOM,124,RIVERVALE DR,01 TO 03,120.0,Improved,1999,74 years 02 months,570000.0
2024-03-01,SENGKANG,5 ROOM,188A,RIVERVALE DR,07 TO 09,115.0,Improved,2000,75 years 04 months,580000.0
2024-03-01,SENGKANG,5 ROOM,122D,RIVERVALE DR,04 TO 06,110.0,Improved,2000,75 years 05 months,560000.0
2024-03-01,SENGKANG,5 ROOM,125,RIVERVALE ST,07 TO 09,120.0,Improved,1999,74 years 01 month,600000.0
2024-03-01,SENGKANG,5 ROOM,112,RIVERVALE WALK,07 TO 09,121.0,Improved,1998,73 years 09 months,660000.0
2024-03-01,SENGKANG,5 ROOM,200D,SENGKANG EAST RD,07 TO 09,110.0,Improved,2001,76 years 05 months,620000.0
2024-03-01,SENGKANG,5 ROOM,200A,SENGKANG EAST RD,01 TO 03,110.0,Improved,2001,76 years 06 months,628000.0
2024-03-01,SENGKANG,5 ROOM,200B,SENGKANG EAST RD,01 TO 03,110.0,Improved,2001,76 years 04 months,575000.0
2024-03-01,SENGKANG,5 ROOM,202C,SENGKANG EAST RD,13 TO 15,110.0,Improved,2001,76 years 03 months,720000.0
2024-03-01,SENGKANG,5 ROOM,122A,SENGKANG EAST WAY,13 TO 15,110.0,Improved,2000,75 years 07 months,590000.0
2024-03-01,SENGKANG,5 ROOM,325A,SENGKANG EAST WAY,01 TO 03,110.0,Improved,2003,78 years 01 month,580000.0
2024-03-01,SENGKANG,5 ROOM,325C,SENGKANG EAST WAY,13 TO 15,110.0,Improved,2003,78 years 01 month,650000.0
2024-03-01,SENGKANG,5 ROOM,122A,SENGKANG EAST WAY,16 TO 18,110.0,Improved,2000,75 years 07 months,610000.0
2024-03-01,SENGKANG,5 ROOM,323C,SENGKANG EAST WAY,04 TO 06,110.0,Improved,2003,78 years 03 months,652800.0
2024-03-01,SENGKANG,EXECUTIVE,314D,ANCHORVALE LINK,07 TO 09,125.0,Premium Apartment,2003,78 years 03 months,718000.0
2024-03-01,SENGKANG,EXECUTIVE,307B,ANCHORVALE RD,13 TO 15,125.0,Apartment,2001,76 years 09 months,715000.0
2024-03-01,SENGKANG,EXECUTIVE,310A,ANCHORVALE RD,04 TO 06,130.0,Premium Apartment,2003,77 years 11 months,680000.0
2024-03-01,SENGKANG,EXECUTIVE,299B,COMPASSVALE ST,04 TO 06,134.0,Premium Apartment,2001,76 years 06 months,781000.0
2024-03-01,SENGKANG,EXECUTIVE,147,RIVERVALE CRES,04 TO 06,135.0,Apartment,1999,74 years 07 months,750000.0
2024-03-01,SENGKANG,EXECUTIVE,138,RIVERVALE ST,16 TO 18,142.0,Apartment,1999,73 years 11 months,838000.0
2024-03-01,SERANGOON,3 ROOM,305,SERANGOON AVE 2,01 TO 03,60.0,Improved,1985,60 years 02 months,415000.0
2024-03-01,SERANGOON,3 ROOM,306,SERANGOON AVE 2,07 TO 09,60.0,Improved,1985,60 years 02 months,485000.0
2024-03-01,SERANGOON,3 ROOM,323,SERANGOON AVE 3,10 TO 12,64.0,Simplified,1985,60 years 10 months,530000.0
2024-03-01,SERANGOON,3 ROOM,218,SERANGOON AVE 4,04 TO 06,67.0,New Generation,1985,60 years,415000.0
2024-03-01,SERANGOON,3 ROOM,221,SERANGOON AVE 4,01 TO 03,67.0,New Generation,1984,59 years 10 months,380000.0
2024-03-01,SERANGOON,3 ROOM,217,SERANGOON AVE 4,01 TO 03,67.0,New Generation,1984,59 years 08 months,380000.0
2024-03-01,SERANGOON,3 ROOM,147,SERANGOON NTH AVE 1,04 TO 06,64.0,Simplified,1988,63 years 06 months,390000.0
2024-03-01,SERANGOON,4 ROOM,7,LOR LEW LIAN,10 TO 12,98.0,New Generation,1978,53 years 02 months,550000.0
2024-03-01,SERANGOON,4 ROOM,239,SERANGOON AVE 2,04 TO 06,84.0,Simplified,1985,60 years 05 months,563000.0
2024-03-01,SERANGOON,4 ROOM,232,SERANGOON AVE 3,04 TO 06,104.0,Model A,1985,60 years 04 months,663000.0
2024-03-01,SERANGOON,4 ROOM,233,SERANGOON AVE 3,10 TO 12,84.0,Simplified,1985,60 years 04 months,585000.0
2024-03-01,SERANGOON,4 ROOM,211,SERANGOON AVE 4,04 TO 06,94.0,New Generation,1985,60 years 07 months,585000.0
2024-03-01,SERANGOON,4 ROOM,217,SERANGOON AVE 4,07 TO 09,93.0,New Generation,1984,59 years 08 months,638000.0
2024-03-01,SERANGOON,4 ROOM,206,SERANGOON CTRL,07 TO 09,89.0,Simplified,1985,60 years 11 months,750000.0
2024-03-01,SERANGOON,4 ROOM,415,SERANGOON CTRL,10 TO 12,111.0,Model A,1989,64 years 01 month,820000.0
2024-03-01,SERANGOON,4 ROOM,147,SERANGOON NTH AVE 1,10 TO 12,83.0,Simplified,1988,63 years 06 months,510000.0
2024-03-01,SERANGOON,4 ROOM,143,SERANGOON NTH AVE 1,07 TO 09,83.0,Simplified,1987,62 years 08 months,510000.0
2024-03-01,SERANGOON,4 ROOM,101,SERANGOON NTH AVE 1,04 TO 06,91.0,New Generation,1985,60 years 01 month,520000.0
2024-03-01,SERANGOON,4 ROOM,111,SERANGOON NTH AVE 1,10 TO 12,91.0,New Generation,1985,60 years 06 months,539000.0
2024-03-01,SERANGOON,4 ROOM,140,SERANGOON NTH AVE 2,10 TO 12,105.0,Model A,1989,64 years 04 months,565000.0
2024-03-01,SERANGOON,4 ROOM,554,SERANGOON NTH AVE 3,04 TO 06,101.0,Model A,1997,72 years 07 months,568000.0
2024-03-01,SERANGOON,4 ROOM,547,SERANGOON NTH AVE 3,04 TO 06,100.0,Model A,1997,72 years 09 months,553888.0
2024-03-01,SERANGOON,4 ROOM,541,SERANGOON NTH AVE 4,01 TO 03,104.0,Model A,1992,67 years 09 months,570000.0
2024-03-01,SERANGOON,4 ROOM,510,SERANGOON NTH AVE 4,07 TO 09,101.0,Model A,1997,72 years 03 months,592888.0
2024-03-01,SERANGOON,5 ROOM,404,SERANGOON AVE 1,01 TO 03,123.0,Improved,1989,64 years,760000.0
2024-03-01,SERANGOON,5 ROOM,117,SERANGOON NTH AVE 1,01 TO 03,121.0,Improved,1985,60 years 07 months,635000.0
2024-03-01,SERANGOON,5 ROOM,551,SERANGOON NTH AVE 3,07 TO 09,120.0,Improved,1997,72 years 09 months,743888.0
2024-03-01,SERANGOON,5 ROOM,507,SERANGOON NTH AVE 4,01 TO 03,121.0,Improved,1997,72 years 03 months,673000.0
2024-03-01,SERANGOON,5 ROOM,507,SERANGOON NTH AVE 4,07 TO 09,120.0,Improved,1997,72 years 02 months,780000.0
2024-03-01,SERANGOON,EXECUTIVE,321,SERANGOON AVE 2,10 TO 12,146.0,Maisonette,1986,60 years 11 months,1150000.0
2024-03-01,SERANGOON,EXECUTIVE,321,SERANGOON AVE 2,07 TO 09,150.0,Apartment,1986,60 years 11 months,1208000.0
2024-03-01,SERANGOON,EXECUTIVE,119,SERANGOON NTH AVE 1,01 TO 03,148.0,Maisonette,1984,59 years 10 months,910888.0
2024-03-01,SERANGOON,EXECUTIVE,537,SERANGOON NTH AVE 4,04 TO 06,152.0,Maisonette,1992,67 years 09 months,1000000.0
2024-03-01,TAMPINES,2 ROOM,523B,TAMPINES CTRL 7,07 TO 09,47.0,Model A,2015,90 years 06 months,388000.0
2024-03-01,TAMPINES,2 ROOM,299A,TAMPINES ST 22,01 TO 03,45.0,Model A,2012,87 years 01 month,350000.0
2024-03-01,TAMPINES,3 ROOM,801,TAMPINES AVE 4,01 TO 03,68.0,New Generation,1984,59 years 05 months,423000.0
2024-03-01,TAMPINES,3 ROOM,907,TAMPINES AVE 4,04 TO 06,73.0,Model A,1984,59 years 08 months,453000.0
2024-03-01,TAMPINES,3 ROOM,878A,TAMPINES AVE 8,04 TO 06,68.0,Model A,2017,92 years 04 months,488000.0
2024-03-01,TAMPINES,3 ROOM,601B,TAMPINES AVE 9,07 TO 09,68.0,Model A,2020,95 years,570000.0
2024-03-01,TAMPINES,3 ROOM,604A,TAMPINES AVE 9,10 TO 12,68.0,Model A,2020,94 years 11 months,560000.0
2024-03-01,TAMPINES,3 ROOM,601D,TAMPINES AVE 9,01 TO 03,68.0,Model A,2020,95 years,550000.0
2024-03-01,TAMPINES,3 ROOM,601B,TAMPINES AVE 9,13 TO 15,68.0,Model A,2020,95 years,565000.0
2024-03-01,TAMPINES,3 ROOM,522A,TAMPINES CTRL 7,10 TO 12,67.0,Model A,2015,90 years 06 months,548000.0
2024-03-01,TAMPINES,3 ROOM,522A,TAMPINES CTRL 7,07 TO 09,67.0,Model A,2015,90 years 06 months,520000.0
2024-03-01,TAMPINES,3 ROOM,110,TAMPINES ST 11,10 TO 12,78.0,Model A,1984,59 years,455000.0
2024-03-01,TAMPINES,3 ROOM,157,TAMPINES ST 12,07 TO 09,68.0,New Generation,1985,59 years 11 months,461000.0
2024-03-01,TAMPINES,3 ROOM,251,TAMPINES ST 21,01 TO 03,74.0,Model A,1985,60 years,455000.0
2024-03-01,TAMPINES,3 ROOM,295,TAMPINES ST 22,01 TO 03,73.0,Model A,1984,59 years 01 month,406000.0
2024-03-01,TAMPINES,3 ROOM,287,TAMPINES ST 22,04 TO 06,74.0,Model A,1984,59 years 05 months,426000.0
2024-03-01,TAMPINES,3 ROOM,272,TAMPINES ST 22,07 TO 09,73.0,Model A,1984,59 years 05 months,430000.0
2024-03-01,TAMPINES,3 ROOM,227,TAMPINES ST 23,04 TO 06,71.0,New Generation,1986,61 years 01 month,432000.0
2024-03-01,TAMPINES,3 ROOM,227,TAMPINES ST 23,01 TO 03,73.0,New Generation,1986,61 years 01 month,437000.0
2024-03-01,TAMPINES,3 ROOM,218,TAMPINES ST 24,04 TO 06,73.0,Model A,1985,60 years,423000.0
2024-03-01,TAMPINES,3 ROOM,420,TAMPINES ST 41,01 TO 03,74.0,Model A,1985,60 years 04 months,410000.0
2024-03-01,TAMPINES,3 ROOM,403,TAMPINES ST 41,01 TO 03,69.0,Improved,1985,60 years 08 months,390000.0
2024-03-01,TAMPINES,3 ROOM,408,TAMPINES ST 41,07 TO 09,69.0,Improved,1985,60 years 04 months,425000.0
2024-03-01,TAMPINES,3 ROOM,406,TAMPINES ST 41,04 TO 06,64.0,Simplified,1986,61 years 07 months,408000.0
2024-03-01,TAMPINES,3 ROOM,434,TAMPINES ST 43,04 TO 06,74.0,Model A,1986,61 years 06 months,420000.0
2024-03-01,TAMPINES,3 ROOM,434,TAMPINES ST 43,01 TO 03,74.0,Model A,1986,61 years 06 months,420000.0
2024-03-01,TAMPINES,3 ROOM,462,TAMPINES ST 44,10 TO 12,64.0,Simplified,1987,62 years 05 months,410000.0
2024-03-01,TAMPINES,3 ROOM,463,TAMPINES ST 44,07 TO 09,74.0,Model A,1986,61 years 06 months,430000.0
2024-03-01,TAMPINES,3 ROOM,492G,TAMPINES ST 45,07 TO 09,67.0,Model A,2018,93 years 09 months,510000.0
2024-03-01,TAMPINES,3 ROOM,605B,TAMPINES ST 61,04 TO 06,68.0,Model A,2020,95 years,550000.0
2024-03-01,TAMPINES,3 ROOM,605D,TAMPINES ST 61,10 TO 12,68.0,Model A,2020,95 years,536888.0
2024-03-01,TAMPINES,3 ROOM,606C,TAMPINES ST 61,07 TO 09,68.0,Model A,2020,95 years,555000.0
2024-03-01,TAMPINES,3 ROOM,605B,TAMPINES ST 61,07 TO 09,68.0,Model A,2020,95 years,560000.0
2024-03-01,TAMPINES,3 ROOM,829,TAMPINES ST 81,04 TO 06,67.0,New Generation,1986,61 years 07 months,462000.0
2024-03-01,TAMPINES,3 ROOM,898,TAMPINES ST 81,04 TO 06,74.0,Model A,1988,63 years 02 months,435000.0
2024-03-01,TAMPINES,3 ROOM,925,TAMPINES ST 91,04 TO 06,73.0,Model A,1983,58 years 10 months,425000.0
2024-03-01,TAMPINES,4 ROOM,167C,SIMEI LANE,04 TO 06,94.0,DBSS,2011,86 years,802000.0
2024-03-01,TAMPINES,4 ROOM,155,SIMEI RD,04 TO 06,104.0,Model A,1989,63 years 10 months,588000.0
2024-03-01,TAMPINES,4 ROOM,108,SIMEI ST 1,01 TO 03,104.0,Model A,1988,63 years 04 months,570000.0
2024-03-01,TAMPINES,4 ROOM,135,SIMEI ST 1,01 TO 03,84.0,Simplified,1988,63 years 04 months,535000.0
2024-03-01,TAMPINES,4 ROOM,233,SIMEI ST 4,07 TO 09,104.0,Model A,1989,64 years 04 months,679000.0
2024-03-01,TAMPINES,4 ROOM,225,SIMEI ST 4,04 TO 06,104.0,Model A,1988,63 years 09 months,638000.0
2024-03-01,TAMPINES,4 ROOM,235,SIMEI ST 4,01 TO 03,104.0,Model A,1988,63 years 05 months,620000.0
2024-03-01,TAMPINES,4 ROOM,890B,TAMPINES AVE 1,13 TO 15,93.0,Model A,2015,90 years 07 months,770000.0
2024-03-01,TAMPINES,4 ROOM,812,TAMPINES AVE 4,01 TO 03,91.0,New Generation,1984,59 years 07 months,510000.0
2024-03-01,TAMPINES,4 ROOM,907,TAMPINES AVE 4,04 TO 06,104.0,Model A,1984,59 years 07 months,578000.0
2024-03-01,TAMPINES,4 ROOM,811,TAMPINES AVE 4,04 TO 06,92.0,New Generation,1985,60 years 01 month,555000.0
2024-03-01,TAMPINES,4 ROOM,861,TAMPINES AVE 5,07 TO 09,104.0,Model A,1988,63 years 06 months,590000.0
2024-03-01,TAMPINES,4 ROOM,859,TAMPINES AVE 5,04 TO 06,104.0,Model A,1988,63 years 05 months,630000.0
2024-03-01,TAMPINES,4 ROOM,869B,TAMPINES AVE 8,04 TO 06,92.0,Model A,2015,90 years 04 months,678000.0
2024-03-01,TAMPINES,4 ROOM,891,TAMPINES AVE 8,13 TO 15,101.0,Model A,1997,72 years 02 months,648000.0
2024-03-01,TAMPINES,4 ROOM,604A,TAMPINES AVE 9,04 TO 06,92.0,Model A,2020,95 years,710000.0
2024-03-01,TAMPINES,4 ROOM,601A,TAMPINES AVE 9,04 TO 06,92.0,Model A,2020,95 years,705888.0
2024-03-01,TAMPINES,4 ROOM,601A,TAMPINES AVE 9,07 TO 09,92.0,Model A,2020,95 years 01 month,749000.0
2024-03-01,TAMPINES,4 ROOM,601A,TAMPINES AVE 9,13 TO 15,92.0,Model A,2020,94 years 11 months,745000.0
2024-03-01,TAMPINES,4 ROOM,496G,TAMPINES AVE 9,07 TO 09,106.0,Model A,1993,68 years 05 months,608000.0
2024-03-01,TAMPINES,4 ROOM,604B,TAMPINES AVE 9,16 TO 18,92.0,Model A,2020,94 years 11 months,742888.0
2024-03-01,TAMPINES,4 ROOM,523C,TAMPINES CTRL 7,01 TO 03,93.0,Model A,2015,90 years 06 months,660000.0
2024-03-01,TAMPINES,4 ROOM,162,TAMPINES ST 12,04 TO 06,103.0,Model A,1984,59 years 05 months,600000.0
2024-03-01,TAMPINES,4 ROOM,247,TAMPINES ST 21,04 TO 06,91.0,New Generation,1984,59 years 02 months,567000.0
2024-03-01,TAMPINES,4 ROOM,257,TAMPINES ST 21,10 TO 12,96.0,New Generation,1985,60 years,560000.0
2024-03-01,TAMPINES,4 ROOM,297,TAMPINES ST 22,10 TO 12,104.0,Model A,1984,59 years 03 months,565000.0
2024-03-01,TAMPINES,4 ROOM,272,TAMPINES ST 22,01 TO 03,103.0,Model A,1984,59 years 05 months,565000.0
2024-03-01,TAMPINES,4 ROOM,292,TAMPINES ST 22,01 TO 03,91.0,New Generation,1985,60 years 02 months,492000.0
2024-03-01,TAMPINES,4 ROOM,285,TAMPINES ST 22,10 TO 12,103.0,Model A,1984,59 years 06 months,568888.0
2024-03-01,TAMPINES,4 ROOM,284,TAMPINES ST 22,10 TO 12,103.0,Model A,1984,59 years 05 months,562000.0
2024-03-01,TAMPINES,4 ROOM,287,TAMPINES ST 22,01 TO 03,102.0,Model A,1984,59 years 04 months,520000.0
2024-03-01,TAMPINES,4 ROOM,283,TAMPINES ST 22,10 TO 12,103.0,Model A,1984,59 years 06 months,575000.0
2024-03-01,TAMPINES,4 ROOM,227,TAMPINES ST 23,10 TO 12,96.0,New Generation,1986,61 years 02 months,545000.0
2024-03-01,TAMPINES,4 ROOM,223,TAMPINES ST 24,04 TO 06,93.0,New Generation,1985,60 years 09 months,550000.0
2024-03-01,TAMPINES,4 ROOM,352,TAMPINES ST 33,10 TO 12,108.0,Model A,1996,71 years 06 months,555000.0
2024-03-01,TAMPINES,4 ROOM,353,TAMPINES ST 33,07 TO 09,107.0,Model A,1996,71 years 06 months,570000.0
2024-03-01,TAMPINES,4 ROOM,361,TAMPINES ST 34,07 TO 09,107.0,Model A,1996,71 years 03 months,580000.0
2024-03-01,TAMPINES,4 ROOM,367,TAMPINES ST 34,01 TO 03,100.0,Model A,1997,72 years 03 months,538000.0
2024-03-01,TAMPINES,4 ROOM,370,TAMPINES ST 34,07 TO 09,100.0,Model A,1997,71 years 11 months,598000.0
2024-03-01,TAMPINES,4 ROOM,361,TAMPINES ST 34,07 TO 09,107.0,Model A,1996,71 years 03 months,588000.0
2024-03-01,TAMPINES,4 ROOM,455,TAMPINES ST 42,04 TO 06,103.0,Model A,1988,62 years 11 months,570000.0
2024-03-01,TAMPINES,4 ROOM,492G,TAMPINES ST 45,07 TO 09,92.0,Model A,2018,93 years 09 months,670000.0
2024-03-01,TAMPINES,4 ROOM,488B,TAMPINES ST 45,07 TO 09,113.0,Model A,1989,64 years 08 months,605000.0
2024-03-01,TAMPINES,4 ROOM,498M,TAMPINES ST 45,01 TO 03,106.0,Premium Apartment,1997,72 years 05 months,580000.0
2024-03-01,TAMPINES,4 ROOM,494H,TAMPINES ST 45,10 TO 12,93.0,Model A,2018,93 years 09 months,700000.0
2024-03-01,TAMPINES,4 ROOM,494G,TAMPINES ST 45,07 TO 09,92.0,Model A,2018,93 years 08 months,680000.0
2024-03-01,TAMPINES,4 ROOM,606B,TAMPINES ST 61,04 TO 06,92.0,Model A,2020,95 years,710000.0
2024-03-01,TAMPINES,4 ROOM,605A,TAMPINES ST 61,04 TO 06,92.0,Model A,2020,95 years,690000.0
2024-03-01,TAMPINES,4 ROOM,606A,TAMPINES ST 61,07 TO 09,92.0,Model A,2020,95 years 01 month,705000.0
2024-03-01,TAMPINES,4 ROOM,605A,TAMPINES ST 61,07 TO 09,92.0,Model A,2020,95 years,725000.0
2024-03-01,TAMPINES,4 ROOM,605C,TAMPINES ST 61,07 TO 09,92.0,Model A,2020,95 years,748000.0
2024-03-01,TAMPINES,4 ROOM,606D,TAMPINES ST 61,16 TO 18,92.0,Model A,2020,95 years,738000.0
2024-03-01,TAMPINES,4 ROOM,605C,TAMPINES ST 61,13 TO 15,92.0,Model A,2020,95 years,730000.0
2024-03-01,TAMPINES,4 ROOM,605C,TAMPINES ST 61,16 TO 18,92.0,Model A,2020,95 years,755000.0
2024-03-01,TAMPINES,4 ROOM,605A,TAMPINES ST 61,01 TO 03,92.0,Model A,2020,95 years,700000.0
2024-03-01,TAMPINES,4 ROOM,605A,TAMPINES ST 61,04 TO 06,92.0,Model A,2020,94 years 11 months,712000.0
2024-03-01,TAMPINES,4 ROOM,605D,TAMPINES ST 61,07 TO 09,92.0,Model A,2020,95 years,733000.0
2024-03-01,TAMPINES,4 ROOM,606D,TAMPINES ST 61,07 TO 09,92.0,Model A,2020,94 years 11 months,745000.0
2024-03-01,TAMPINES,4 ROOM,701,TAMPINES ST 71,10 TO 12,100.0,Model A,1997,72 years 04 months,616000.0
2024-03-01,TAMPINES,4 ROOM,741,TAMPINES ST 72,13 TO 15,101.0,Model A,1997,72 years 10 months,600188.0
2024-03-01,TAMPINES,4 ROOM,888,TAMPINES ST 81,04 TO 06,108.0,Model A,1988,63 years 08 months,600000.0
2024-03-01,TAMPINES,4 ROOM,894A,TAMPINES ST 81,04 TO 06,103.0,Model A,1988,63 years 06 months,600000.0
2024-03-01,TAMPINES,4 ROOM,898A,TAMPINES ST 81,04 TO 06,104.0,Model A,1988,63 years 09 months,570000.0
2024-03-01,TAMPINES,4 ROOM,842B,TAMPINES ST 82,10 TO 12,107.0,Model A,1995,70 years,710000.0
2024-03-01,TAMPINES,4 ROOM,842,TAMPINES ST 82,07 TO 09,84.0,Simplified,1986,61 years 03 months,518000.0
2024-03-01,TAMPINES,4 ROOM,837,TAMPINES ST 83,07 TO 09,84.0,Simplified,1985,60 years 01 month,525000.0
2024-03-01,TAMPINES,4 ROOM,866,TAMPINES ST 83,10 TO 12,106.0,Model A,1989,64 years 03 months,585000.0
2024-03-01,TAMPINES,4 ROOM,870A,TAMPINES ST 86,04 TO 06,94.0,Model A,2017,92 years,675000.0
2024-03-01,TAMPINES,4 ROOM,929,TAMPINES ST 91,13 TO 15,104.0,Model A,1984,59 years 08 months,615000.0
2024-03-01,TAMPINES,4 ROOM,910,TAMPINES ST 91,01 TO 03,104.0,Model A,1984,59 years 08 months,562000.0
2024-03-01,TAMPINES,4 ROOM,916,TAMPINES ST 91,04 TO 06,105.0,Model A,1984,59 years 07 months,588000.0
2024-03-01,TAMPINES,5 ROOM,156,SIMEI RD,04 TO 06,122.0,Improved,1989,64 years,650000.0
2024-03-01,TAMPINES,5 ROOM,151,SIMEI ST 1,10 TO 12,122.0,Improved,1988,63 years,718000.0
2024-03-01,TAMPINES,5 ROOM,137,SIMEI ST 1,04 TO 06,122.0,Improved,1988,63 years 06 months,675000.0
2024-03-01,TAMPINES,5 ROOM,145,SIMEI ST 2,01 TO 03,122.0,Improved,1988,63 years 01 month,655000.0
2024-03-01,TAMPINES,5 ROOM,224,SIMEI ST 4,07 TO 09,122.0,Improved,1989,64 years 05 months,690000.0
2024-03-01,TAMPINES,5 ROOM,242,SIMEI ST 5,04 TO 06,122.0,Improved,1997,71 years 10 months,790000.0
2024-03-01,TAMPINES,5 ROOM,601A,TAMPINES AVE 9,10 TO 12,112.0,Improved,2020,95 years,855000.0
2024-03-01,TAMPINES,5 ROOM,601C,TAMPINES AVE 9,07 TO 09,112.0,Improved,2020,95 years,868000.0
2024-03-01,TAMPINES,5 ROOM,601C,TAMPINES AVE 9,07 TO 09,112.0,Improved,2020,94 years 11 months,888000.0
2024-03-01,TAMPINES,5 ROOM,601A,TAMPINES AVE 9,10 TO 12,112.0,Improved,2020,95 years,880000.0
2024-03-01,TAMPINES,5 ROOM,518C,TAMPINES CTRL 7,04 TO 06,108.0,DBSS,2008,83 years 11 months,875000.0
2024-03-01,TAMPINES,5 ROOM,515A,TAMPINES CTRL 7,13 TO 15,110.0,DBSS,2008,83 years 11 months,935000.0
2024-03-01,TAMPINES,5 ROOM,524A,TAMPINES CTRL 7,13 TO 15,113.0,Improved,2015,90 years 06 months,935000.0
2024-03-01,TAMPINES,5 ROOM,298,TAMPINES ST 22,07 TO 09,121.0,Improved,1985,60 years 01 month,650088.0
2024-03-01,TAMPINES,5 ROOM,298,TAMPINES ST 22,04 TO 06,130.0,Improved,1985,60 years 02 months,635000.0
2024-03-01,TAMPINES,5 ROOM,216,TAMPINES ST 23,07 TO 09,121.0,Improved,1985,60 years,685000.0
2024-03-01,TAMPINES,5 ROOM,230C,TAMPINES ST 24,01 TO 03,127.0,Improved,1993,68 years 05 months,700000.0
2024-03-01,TAMPINES,5 ROOM,230,TAMPINES ST 24,07 TO 09,121.0,Improved,1985,60 years,678000.0
2024-03-01,TAMPINES,5 ROOM,356,TAMPINES ST 33,01 TO 03,124.0,Improved,1996,71 years 01 month,640000.0
2024-03-01,TAMPINES,5 ROOM,317,TAMPINES ST 33,07 TO 09,132.0,Model A,1995,70 years 06 months,735000.0
2024-03-01,TAMPINES,5 ROOM,342,TAMPINES ST 33,10 TO 12,127.0,Improved,1995,70 years 11 months,720888.0
2024-03-01,TAMPINES,5 ROOM,450G,TAMPINES ST 42,01 TO 03,122.0,Improved,1996,71 years 09 months,687000.0
2024-03-01,TAMPINES,5 ROOM,496C,TAMPINES ST 43,10 TO 12,126.0,Improved,1993,68 years 05 months,716000.0
2024-03-01,TAMPINES,5 ROOM,497B,TAMPINES ST 45,10 TO 12,130.0,Premium Apartment,1996,71 years 04 months,750000.0
2024-03-01,TAMPINES,5 ROOM,490A,TAMPINES ST 45,04 TO 06,128.0,Improved,1993,68 years 07 months,685000.0
2024-03-01,TAMPINES,5 ROOM,490B,TAMPINES ST 45,07 TO 09,126.0,Improved,1993,68 years 06 months,700000.0
2024-03-01,TAMPINES,5 ROOM,605C,TAMPINES ST 61,07 TO 09,112.0,Improved,2020,95 years 01 month,860000.0
2024-03-01,TAMPINES,5 ROOM,710,TAMPINES ST 71,13 TO 15,119.0,Improved,1997,72 years 04 months,748000.0
2024-03-01,TAMPINES,5 ROOM,711,TAMPINES ST 71,01 TO 03,119.0,Improved,1997,72 years 04 months,640000.0
2024-03-01,TAMPINES,5 ROOM,723,TAMPINES ST 72,10 TO 12,119.0,Improved,1997,72 years 02 months,735888.0
2024-03-01,TAMPINES,5 ROOM,722,TAMPINES ST 72,04 TO 06,119.0,Improved,1997,72 years 02 months,690000.0
2024-03-01,TAMPINES,5 ROOM,722,TAMPINES ST 72,07 TO 09,119.0,Improved,1997,72 years 03 months,710000.0
2024-03-01,TAMPINES,5 ROOM,887,TAMPINES ST 81,07 TO 09,122.0,Improved,1988,63 years 06 months,750000.0
2024-03-01,TAMPINES,5 ROOM,898A,TAMPINES ST 81,04 TO 06,129.0,Improved,1988,63 years 11 months,752000.0
2024-03-01,TAMPINES,5 ROOM,842,TAMPINES ST 82,01 TO 03,122.0,Improved,1986,61 years 03 months,650000.0
2024-03-01,TAMPINES,5 ROOM,840,TAMPINES ST 82,04 TO 06,122.0,Improved,1986,60 years 11 months,670000.0
2024-03-01,TAMPINES,5 ROOM,842G,TAMPINES ST 82,10 TO 12,128.0,Improved,1995,70 years 06 months,866000.0
2024-03-01,TAMPINES,5 ROOM,842G,TAMPINES ST 82,01 TO 03,133.0,Model A,1995,70 years 05 months,780000.0
2024-03-01,TAMPINES,5 ROOM,862,TAMPINES ST 83,10 TO 12,127.0,Improved,1988,63 years 02 months,731000.0
2024-03-01,TAMPINES,5 ROOM,876,TAMPINES ST 84,07 TO 09,122.0,Improved,1988,63 years 04 months,680000.0
2024-03-01,TAMPINES,5 ROOM,871B,TAMPINES ST 86,13 TO 15,113.0,Improved,2017,92 years,845000.0
2024-03-01,TAMPINES,EXECUTIVE,938,TAMPINES AVE 5,04 TO 06,142.0,Apartment,1988,63 years 08 months,920000.0
2024-03-01,TAMPINES,EXECUTIVE,146,TAMPINES AVE 5,04 TO 06,142.0,Apartment,1985,60 years 02 months,905000.0
2024-03-01,TAMPINES,EXECUTIVE,893,TAMPINES AVE 8,07 TO 09,144.0,Maisonette,1997,72 years 02 months,920000.0
2024-03-01,TAMPINES,EXECUTIVE,893,TAMPINES AVE 8,07 TO 09,139.0,Apartment,1997,72 years,928000.0
2024-03-01,TAMPINES,EXECUTIVE,431,TAMPINES ST 41,01 TO 03,148.0,Maisonette,1986,61 years,805000.0
2024-03-01,TAMPINES,EXECUTIVE,495D,TAMPINES ST 43,10 TO 12,146.0,Apartment,1994,68 years 11 months,888888.0
2024-03-01,TAMPINES,EXECUTIVE,498D,TAMPINES ST 45,07 TO 09,143.0,Premium Apartment,1997,72 years 02 months,868000.0
2024-03-01,TAMPINES,EXECUTIVE,737,TAMPINES ST 72,04 TO 06,141.0,Apartment,1997,72 years 07 months,860000.0
2024-03-01,TAMPINES,EXECUTIVE,739,TAMPINES ST 72,04 TO 06,140.0,Apartment,1997,72 years 07 months,870000.0
2024-03-01,TAMPINES,EXECUTIVE,889,TAMPINES ST 81,07 TO 09,146.0,Maisonette,1989,63 years 11 months,950000.0
2024-03-01,TAMPINES,MULTI-GENERATION,454,TAMPINES ST 42,10 TO 12,166.0,Multi Generation,1987,62 years 06 months,1060000.0
2024-03-01,TOA PAYOH,2 ROOM,161,LOR 1 TOA PAYOH,01 TO 03,40.0,Improved,1972,47 years,300000.0
2024-03-01,TOA PAYOH,2 ROOM,120,LOR 2 TOA PAYOH,04 TO 06,45.0,Standard,1968,43 years 04 months,290000.0
2024-03-01,TOA PAYOH,3 ROOM,131B,LOR 1 TOA PAYOH,34 TO 36,68.0,Model A,2018,93 years 06 months,775000.0
2024-03-01,TOA PAYOH,3 ROOM,126,LOR 1 TOA PAYOH,04 TO 06,67.0,Improved,1970,45 years,310000.0
2024-03-01,TOA PAYOH,3 ROOM,98,LOR 1 TOA PAYOH,13 TO 15,68.0,Improved,1970,44 years 11 months,380888.0
2024-03-01,TOA PAYOH,3 ROOM,108,LOR 1 TOA PAYOH,04 TO 06,66.0,Improved,1970,44 years 11 months,380000.0
2024-03-01,TOA PAYOH,3 ROOM,115,LOR 1 TOA PAYOH,01 TO 03,65.0,Improved,1967,42 years 04 months,350000.0
2024-03-01,TOA PAYOH,3 ROOM,157,LOR 1 TOA PAYOH,04 TO 06,67.0,Improved,1971,46 years 05 months,388888.0
2024-03-01,TOA PAYOH,3 ROOM,173,LOR 1 TOA PAYOH,01 TO 03,77.0,Improved,1972,47 years 05 months,380000.0
2024-03-01,TOA PAYOH,3 ROOM,157,LOR 1 TOA PAYOH,04 TO 06,67.0,Improved,1971,46 years 04 months,380000.0
2024-03-01,TOA PAYOH,3 ROOM,113,LOR 1 TOA PAYOH,07 TO 09,65.0,Improved,1967,42 years 05 months,360000.0
2024-03-01,TOA PAYOH,3 ROOM,100,LOR 1 TOA PAYOH,04 TO 06,68.0,Improved,1970,44 years 10 months,360000.0
2024-03-01,TOA PAYOH,3 ROOM,174,LOR 1 TOA PAYOH,10 TO 12,65.0,Improved,1972,47 years 04 months,360000.0
2024-03-01,TOA PAYOH,3 ROOM,96,LOR 3 TOA PAYOH,04 TO 06,68.0,Improved,1970,44 years 11 months,355000.0
2024-03-01,TOA PAYOH,3 ROOM,69,LOR 4 TOA PAYOH,04 TO 06,62.0,Standard,1973,47 years 10 months,350000.0
2024-03-01,TOA PAYOH,3 ROOM,12,LOR 7 TOA PAYOH,07 TO 09,66.0,Improved,1970,45 years 06 months,339888.0
2024-03-01,TOA PAYOH,3 ROOM,20,LOR 7 TOA PAYOH,10 TO 12,67.0,Improved,1970,45 years 04 months,368000.0
2024-03-01,TOA PAYOH,3 ROOM,17,LOR 7 TOA PAYOH,10 TO 12,67.0,Improved,1971,45 years 11 months,378000.0
2024-03-01,TOA PAYOH,3 ROOM,13,LOR 7 TOA PAYOH,07 TO 09,66.0,Improved,1970,45 years 05 months,328000.0
2024-03-01,TOA PAYOH,3 ROOM,235,LOR 8 TOA PAYOH,07 TO 09,65.0,Improved,1976,51 years 03 months,345000.0
2024-03-01,TOA PAYOH,3 ROOM,120,POTONG PASIR AVE 1,04 TO 06,67.0,New Generation,1984,59 years 08 months,400000.0
2024-03-01,TOA PAYOH,3 ROOM,116,POTONG PASIR AVE 1,01 TO 03,73.0,New Generation,1984,59 years 07 months,375000.0
2024-03-01,TOA PAYOH,3 ROOM,116,POTONG PASIR AVE 1,01 TO 03,67.0,New Generation,1984,59 years 07 months,360000.0
2024-03-01,TOA PAYOH,3 ROOM,143,POTONG PASIR AVE 2,01 TO 03,74.0,Model A,1984,59 years 05 months,490000.0
2024-03-01,TOA PAYOH,3 ROOM,25,TOA PAYOH EAST,04 TO 06,67.0,Improved,1971,46 years,325000.0
2024-03-01,TOA PAYOH,3 ROOM,4,UPP ALJUNIED LANE,04 TO 06,57.0,Standard,1968,43 years 04 months,306000.0
2024-03-01,TOA PAYOH,4 ROOM,9,JOO SENG RD,04 TO 06,93.0,Model A,2017,92 years,770000.0
2024-03-01,TOA PAYOH,4 ROOM,258,KIM KEAT AVE,13 TO 15,104.0,Model A,1988,63 years 10 months,715000.0
2024-03-01,TOA PAYOH,4 ROOM,131B,LOR 1 TOA PAYOH,01 TO 03,93.0,Model A,2018,93 years 06 months,900000.0
2024-03-01,TOA PAYOH,4 ROOM,130B,LOR 1 TOA PAYOH,19 TO 21,93.0,Model A,2018,93 years 06 months,1101000.0
2024-03-01,TOA PAYOH,4 ROOM,130B,LOR 1 TOA PAYOH,25 TO 27,93.0,Model A,2018,93 years 06 months,1080000.0
2024-03-01,TOA PAYOH,4 ROOM,131B,LOR 1 TOA PAYOH,16 TO 18,93.0,Model A,2018,93 years 06 months,1150000.0
2024-03-01,TOA PAYOH,4 ROOM,131A,LOR 1 TOA PAYOH,31 TO 33,93.0,Model A,2018,93 years 05 months,1000000.0
2024-03-01,TOA PAYOH,4 ROOM,138A,LOR 1A TOA PAYOH,31 TO 33,91.0,DBSS,2012,87 years 03 months,1038888.0
2024-03-01,TOA PAYOH,4 ROOM,139B,LOR 1A TOA PAYOH,13 TO 15,91.0,DBSS,2012,87 years 02 months,1000000.0
2024-03-01,TOA PAYOH,4 ROOM,122,LOR 2 TOA PAYOH,01 TO 03,101.0,Model A,1999,74 years 10 months,750000.0
2024-03-01,TOA PAYOH,4 ROOM,146,LOR 2 TOA PAYOH,04 TO 06,91.0,Model A,2006,80 years 10 months,846500.0
2024-03-01,TOA PAYOH,4 ROOM,145,LOR 2 TOA PAYOH,13 TO 15,91.0,Model A,2006,80 years 10 months,885000.0
2024-03-01,TOA PAYOH,4 ROOM,60,LOR 4 TOA PAYOH,22 TO 24,100.0,Model A,1999,74 years 07 months,920000.0
2024-03-01,TOA PAYOH,4 ROOM,10,LOR 7 TOA PAYOH,07 TO 09,104.0,Model A,1998,73 years 05 months,745000.0
2024-03-01,TOA PAYOH,4 ROOM,221,LOR 8 TOA PAYOH,04 TO 06,82.0,Improved,1976,51 years 03 months,470000.0
2024-03-01,TOA PAYOH,4 ROOM,214,LOR 8 TOA PAYOH,04 TO 06,82.0,Improved,1975,50 years 06 months,434000.0
2024-03-01,TOA PAYOH,4 ROOM,220,LOR 8 TOA PAYOH,13 TO 15,82.0,Improved,1976,51 years 03 months,465000.0
2024-03-01,TOA PAYOH,4 ROOM,121,POTONG PASIR AVE 1,01 TO 03,104.0,Model A,1984,59 years 03 months,650000.0
2024-03-01,TOA PAYOH,4 ROOM,116,POTONG PASIR AVE 1,01 TO 03,100.0,New Generation,1984,59 years 08 months,482000.0
2024-03-01,TOA PAYOH,4 ROOM,121,POTONG PASIR AVE 1,07 TO 09,103.0,Model A,1984,59 years 02 months,718000.0
2024-03-01,TOA PAYOH,4 ROOM,139,POTONG PASIR AVE 3,01 TO 03,104.0,Model A,1984,59 years 05 months,550000.0
2024-03-01,TOA PAYOH,4 ROOM,261,TOA PAYOH EAST,34 TO 36,93.0,Model A,2019,94 years 10 months,1056500.0
2024-03-01,TOA PAYOH,5 ROOM,16,JOO SENG RD,04 TO 06,132.0,Model A,1984,58 years 10 months,750000.0
2024-03-01,TOA PAYOH,5 ROOM,139A,LOR 1A TOA PAYOH,01 TO 03,113.0,DBSS,2012,87 years 02 months,1088888.0
2024-03-01,TOA PAYOH,5 ROOM,147,LOR 2 TOA PAYOH,19 TO 21,110.0,Improved,2006,80 years 10 months,1108888.0
2024-03-01,TOA PAYOH,5 ROOM,143,LOR 2 TOA PAYOH,25 TO 27,110.0,Improved,2002,77 years 06 months,990000.0
2024-03-01,TOA PAYOH,5 ROOM,46,LOR 5 TOA PAYOH,10 TO 12,129.0,Improved,1993,67 years 11 months,909000.0
2024-03-01,TOA PAYOH,5 ROOM,121,POTONG PASIR AVE 1,07 TO 09,135.0,Model A,1984,59 years 03 months,965000.0
2024-03-01,WOODLANDS,3 ROOM,6,MARSILING DR,04 TO 06,65.0,Improved,1976,50 years 11 months,308888.0
2024-03-01,WOODLANDS,3 ROOM,6,MARSILING DR,13 TO 15,65.0,Improved,1976,50 years 11 months,312000.0
2024-03-01,WOODLANDS,3 ROOM,206,MARSILING DR,07 TO 09,82.0,New Generation,1981,56 years 01 month,380000.0
2024-03-01,WOODLANDS,3 ROOM,202,MARSILING DR,07 TO 09,68.0,New Generation,1981,56 years 04 months,370000.0
2024-03-01,WOODLANDS,3 ROOM,6,MARSILING DR,01 TO 03,65.0,Improved,1976,50 years 10 months,300000.0
2024-03-01,WOODLANDS,3 ROOM,15,MARSILING LANE,01 TO 03,76.0,Improved,1976,50 years 10 months,339000.0
2024-03-01,WOODLANDS,3 ROOM,180A,MARSILING RD,19 TO 21,66.0,Model A,2015,90 years 05 months,468000.0
2024-03-01,WOODLANDS,3 ROOM,180B,MARSILING RD,13 TO 15,66.0,Model A,2015,90 years 06 months,435000.0
2024-03-01,WOODLANDS,3 ROOM,180A,MARSILING RD,16 TO 18,67.0,Model A,2015,90 years 06 months,430000.0
2024-03-01,WOODLANDS,3 ROOM,180B,MARSILING RD,28 TO 30,67.0,Model A,2015,90 years 05 months,466000.0
2024-03-01,WOODLANDS,3 ROOM,886A,WOODLANDS DR 50,07 TO 09,67.0,Premium Apartment,2015,90 years,460000.0
2024-03-01,WOODLANDS,3 ROOM,166,WOODLANDS ST 13,04 TO 06,67.0,New Generation,1986,61 years 08 months,410000.0
2024-03-01,WOODLANDS,3 ROOM,101,WOODLANDS ST 13,10 TO 12,67.0,New Generation,1985,60 years 02 months,390000.0
2024-03-01,WOODLANDS,3 ROOM,102,WOODLANDS ST 13,07 TO 09,67.0,New Generation,1985,60 years 02 months,380000.0
2024-03-01,WOODLANDS,3 ROOM,185B,WOODLANDS ST 13,10 TO 12,68.0,Model A,2019,94 years 08 months,460000.0
2024-03-01,WOODLANDS,3 ROOM,185C,WOODLANDS ST 13,04 TO 06,68.0,Model A,2019,94 years 08 months,435000.0
2024-03-01,WOODLANDS,3 ROOM,311,WOODLANDS ST 31,01 TO 03,73.0,Model A,1993,68 years 07 months,393000.0
2024-03-01,WOODLANDS,4 ROOM,31,MARSILING DR,04 TO 06,97.0,New Generation,1977,52 years 03 months,380000.0
2024-03-01,WOODLANDS,4 ROOM,201,MARSILING DR,01 TO 03,91.0,New Generation,1980,55 years 07 months,420000.0
2024-03-01,WOODLANDS,4 ROOM,5A,MARSILING DR,04 TO 06,90.0,Model A,2002,77 years 02 months,431000.0
2024-03-01,WOODLANDS,4 ROOM,349,WOODLANDS AVE 3,07 TO 09,84.0,Simplified,1988,63 years 07 months,498000.0
2024-03-01,WOODLANDS,4 ROOM,756,WOODLANDS AVE 4,07 TO 09,101.0,Model A,1998,73 years,518800.0
2024-03-01,WOODLANDS,4 ROOM,617,WOODLANDS AVE 4,10 TO 12,92.0,Model A2,1998,73 years 01 month,512000.0
2024-03-01,WOODLANDS,4 ROOM,617,WOODLANDS AVE 4,10 TO 12,91.0,Model A2,1998,73 years 02 months,525000.0
2024-03-01,WOODLANDS,4 ROOM,760,WOODLANDS AVE 6,04 TO 06,102.0,Model A,1998,73 years 01 month,493000.0
2024-03-01,WOODLANDS,4 ROOM,693B,WOODLANDS AVE 6,01 TO 03,92.0,Model A,2018,93 years 08 months,550000.0
2024-03-01,WOODLANDS,4 ROOM,726,WOODLANDS CIRCLE,07 TO 09,102.0,Model A,1997,72 years 05 months,530000.0
2024-03-01,WOODLANDS,4 ROOM,745,WOODLANDS CIRCLE,07 TO 09,101.0,Model A,1998,73 years,512000.0
2024-03-01,WOODLANDS,4 ROOM,743,WOODLANDS CIRCLE,10 TO 12,91.0,Model A2,1997,72 years 08 months,501000.0
2024-03-01,WOODLANDS,4 ROOM,764A,WOODLANDS CIRCLE,01 TO 03,90.0,Model A,2003,78 years 06 months,472000.0
2024-03-01,WOODLANDS,4 ROOM,764A,WOODLANDS CIRCLE,10 TO 12,90.0,Model A,2003,78 years 06 months,490000.0
2024-03-01,WOODLANDS,4 ROOM,748,WOODLANDS CIRCLE,01 TO 03,103.0,Model A,1998,72 years 11 months,485000.0
2024-03-01,WOODLANDS,4 ROOM,782E,WOODLANDS CRES,10 TO 12,92.0,Model A,2015,90 years 04 months,528000.0
2024-03-01,WOODLANDS,4 ROOM,504,WOODLANDS DR 14,07 TO 09,101.0,Model A,1999,73 years 11 months,528000.0
2024-03-01,WOODLANDS,4 ROOM,526,WOODLANDS DR 14,07 TO 09,104.0,Premium Apartment,2000,75 years 02 months,528000.0
2024-03-01,WOODLANDS,4 ROOM,510,WOODLANDS DR 14,01 TO 03,107.0,Premium Apartment,1999,74 years 01 month,550000.0
2024-03-01,WOODLANDS,4 ROOM,575,WOODLANDS DR 16,01 TO 03,86.0,Model A2,2000,75 years 10 months,480000.0
2024-03-01,WOODLANDS,4 ROOM,574A,WOODLANDS DR 16,10 TO 12,93.0,Model A,2018,93 years 04 months,635000.0
2024-03-01,WOODLANDS,4 ROOM,588,WOODLANDS DR 16,04 TO 06,91.0,Model A,2001,76 years 02 months,505000.0
2024-03-01,WOODLANDS,4 ROOM,574B,WOODLANDS DR 16,01 TO 03,93.0,Model A,2018,93 years 03 months,550000.0
2024-03-01,WOODLANDS,4 ROOM,605,WOODLANDS DR 42,07 TO 09,101.0,Model A2,1997,72 years 03 months,508000.0
2024-03-01,WOODLANDS,4 ROOM,604,WOODLANDS DR 42,07 TO 09,92.0,Model A2,1997,72 years 03 months,500000.0
2024-03-01,WOODLANDS,4 ROOM,889A,WOODLANDS DR 50,04 TO 06,93.0,Model A,2017,92 years 05 months,588000.0
2024-03-01,WOODLANDS,4 ROOM,886C,WOODLANDS DR 50,01 TO 03,92.0,Premium Apartment,2015,90 years 01 month,515000.0
2024-03-01,WOODLANDS,4 ROOM,886B,WOODLANDS DR 50,10 TO 12,92.0,Premium Apartment,2015,90 years 01 month,628000.0
2024-03-01,WOODLANDS,4 ROOM,886A,WOODLANDS DR 50,01 TO 03,92.0,Premium Apartment,2015,89 years 11 months,540000.0
2024-03-01,WOODLANDS,4 ROOM,554,WOODLANDS DR 53,04 TO 06,90.0,Model A2,1999,74 years 10 months,465000.0
2024-03-01,WOODLANDS,4 ROOM,786B,WOODLANDS DR 60,01 TO 03,92.0,Model A2,1997,72 years 06 months,460000.0
2024-03-01,WOODLANDS,4 ROOM,786C,WOODLANDS DR 60,04 TO 06,100.0,Model A,1997,72 years 08 months,500000.0
2024-03-01,WOODLANDS,4 ROOM,694A,WOODLANDS DR 62,01 TO 03,92.0,Model A,2018,93 years 08 months,540000.0
2024-03-01,WOODLANDS,4 ROOM,694C,WOODLANDS DR 62,10 TO 12,92.0,Model A,2018,93 years 07 months,570000.0
2024-03-01,WOODLANDS,4 ROOM,694A,WOODLANDS DR 62,13 TO 15,92.0,Model A,2018,93 years 06 months,630000.0
2024-03-01,WOODLANDS,4 ROOM,710,WOODLANDS DR 70,07 TO 09,101.0,Model A,1997,72 years 01 month,530000.0
2024-03-01,WOODLANDS,4 ROOM,712,WOODLANDS DR 70,01 TO 03,100.0,Model A,1996,71 years 10 months,510000.0
2024-03-01,WOODLANDS,4 ROOM,682D,WOODLANDS DR 73,04 TO 06,101.0,Premium Apartment,2000,75 years,520000.0
2024-03-01,WOODLANDS,4 ROOM,684D,WOODLANDS DR 73,10 TO 12,103.0,Premium Apartment,2000,75 years,562888.0
2024-03-01,WOODLANDS,4 ROOM,688E,WOODLANDS DR 75,04 TO 06,90.0,Premium Apartment,2004,79 years,488000.0
2024-03-01,WOODLANDS,4 ROOM,668,WOODLANDS RING RD,01 TO 03,91.0,Model A,2000,75 years 08 months,480000.0
2024-03-01,WOODLANDS,4 ROOM,628A,WOODLANDS RING RD,10 TO 12,101.0,Model A,1998,73 years 09 months,535000.0
2024-03-01,WOODLANDS,4 ROOM,669,WOODLANDS RING RD,04 TO 06,85.0,Model A2,2000,75 years 08 months,488000.0
2024-03-01,WOODLANDS,4 ROOM,784A,WOODLANDS RISE,13 TO 15,93.0,Model A,2018,93 years 06 months,575000.0
2024-03-01,WOODLANDS,4 ROOM,785D,WOODLANDS RISE,10 TO 12,93.0,Model A,2018,93 years 06 months,558000.0
2024-03-01,WOODLANDS,4 ROOM,785B,WOODLANDS RISE,01 TO 03,93.0,Model A,2018,93 years 05 months,523000.0
2024-03-01,WOODLANDS,4 ROOM,785D,WOODLANDS RISE,07 TO 09,93.0,Model A,2018,93 years 04 months,563000.0
2024-03-01,WOODLANDS,4 ROOM,183A,WOODLANDS ST 13,13 TO 15,93.0,Model A,2019,94 years 08 months,615000.0
2024-03-01,WOODLANDS,4 ROOM,183A,WOODLANDS ST 13,13 TO 15,93.0,Model A,2019,94 years 08 months,625000.0
2024-03-01,WOODLANDS,4 ROOM,160,WOODLANDS ST 13,01 TO 03,103.0,Model A,1990,65 years 03 months,478000.0
2024-03-01,WOODLANDS,4 ROOM,183C,WOODLANDS ST 13,04 TO 06,93.0,Model A,2019,94 years 09 months,580000.0
2024-03-01,WOODLANDS,4 ROOM,108,WOODLANDS ST 13,10 TO 12,91.0,New Generation,1987,61 years 11 months,440000.0
2024-03-01,WOODLANDS,4 ROOM,183C,WOODLANDS ST 13,10 TO 12,93.0,Model A,2019,94 years 08 months,629500.0
2024-03-01,WOODLANDS,4 ROOM,182B,WOODLANDS ST 13,04 TO 06,93.0,Model A,2019,94 years 08 months,590000.0
2024-03-01,WOODLANDS,4 ROOM,182B,WOODLANDS ST 13,07 TO 09,93.0,Model A,2019,94 years 08 months,600000.0
2024-03-01,WOODLANDS,4 ROOM,108,WOODLANDS ST 13,10 TO 12,91.0,New Generation,1987,61 years 11 months,471688.0
2024-03-01,WOODLANDS,4 ROOM,183C,WOODLANDS ST 13,16 TO 18,93.0,Model A,2019,94 years 08 months,620000.0
2024-03-01,WOODLANDS,4 ROOM,436,WOODLANDS ST 41,01 TO 03,90.0,Simplified,1996,71 years 07 months,438000.0
2024-03-01,WOODLANDS,4 ROOM,426,WOODLANDS ST 41,04 TO 06,100.0,Model A,1997,72 years 01 month,480000.0
2024-03-01,WOODLANDS,4 ROOM,843,WOODLANDS ST 82,07 TO 09,104.0,Model A,1994,69 years 04 months,520000.0
2024-03-01,WOODLANDS,4 ROOM,875,WOODLANDS ST 82,10 TO 12,111.0,Model A,1996,71 years,540000.0
2024-03-01,WOODLANDS,4 ROOM,855,WOODLANDS ST 83,01 TO 03,104.0,Model A,1993,68 years 06 months,480000.0
2024-03-01,WOODLANDS,5 ROOM,118,MARSILING RISE,10 TO 12,134.0,Model A,1995,70 years 01 month,690000.0
2024-03-01,WOODLANDS,5 ROOM,370,WOODLANDS AVE 1,07 TO 09,123.0,Improved,1996,71 years 09 months,730000.0
2024-03-01,WOODLANDS,5 ROOM,614,WOODLANDS AVE 4,10 TO 12,121.0,Improved,1998,73 years 06 months,605000.0
2024-03-01,WOODLANDS,5 ROOM,723,WOODLANDS AVE 6,04 TO 06,124.0,Improved,1997,72 years 05 months,615000.0
2024-03-01,WOODLANDS,5 ROOM,722,WOODLANDS AVE 6,10 TO 12,121.0,Improved,1997,72 years 04 months,625000.0
2024-03-01,WOODLANDS,5 ROOM,721,WOODLANDS CIRCLE,10 TO 12,121.0,Improved,1997,72 years 08 months,620000.0
2024-03-01,WOODLANDS,5 ROOM,752,WOODLANDS CIRCLE,01 TO 03,122.0,Improved,1998,72 years 11 months,550000.0
2024-03-01,WOODLANDS,5 ROOM,779,WOODLANDS CRES,01 TO 03,124.0,Improved,1997,72 years 08 months,569000.0
2024-03-01,WOODLANDS,5 ROOM,502,WOODLANDS DR 14,01 TO 03,122.0,Improved,1998,73 years 09 months,570000.0
2024-03-01,WOODLANDS,5 ROOM,511,WOODLANDS DR 14,01 TO 03,128.0,Premium Apartment,1999,74 years,656000.0
2024-03-01,WOODLANDS,5 ROOM,515,WOODLANDS DR 14,04 TO 06,125.0,Premium Apartment,1999,74 years 01 month,675000.0
2024-03-01,WOODLANDS,5 ROOM,587,WOODLANDS DR 16,10 TO 12,111.0,Improved,2001,76 years 05 months,605888.0
2024-03-01,WOODLANDS,5 ROOM,576,WOODLANDS DR 16,07 TO 09,110.0,Improved,2000,75 years 09 months,560000.0
2024-03-01,WOODLANDS,5 ROOM,892B,WOODLANDS DR 50,04 TO 06,119.0,Improved,1996,71 years 07 months,636000.0
2024-03-01,WOODLANDS,5 ROOM,892B,WOODLANDS DR 50,10 TO 12,119.0,Improved,1996,71 years 07 months,658000.0
2024-03-01,WOODLANDS,5 ROOM,778,WOODLANDS DR 60,13 TO 15,120.0,Improved,1997,72 years 10 months,608888.0
2024-03-01,WOODLANDS,5 ROOM,711,WOODLANDS DR 70,04 TO 06,121.0,Improved,1997,72 years 01 month,635000.0
2024-03-01,WOODLANDS,5 ROOM,672,WOODLANDS DR 71,07 TO 09,110.0,Improved,2000,75 years 08 months,623000.0
2024-03-01,WOODLANDS,5 ROOM,795,WOODLANDS DR 72,07 TO 09,121.0,Improved,1998,72 years 11 months,645000.0
2024-03-01,WOODLANDS,5 ROOM,685B,WOODLANDS DR 73,07 TO 09,114.0,Premium Apartment,2002,77 years 10 months,590000.0
2024-03-01,WOODLANDS,5 ROOM,686C,WOODLANDS DR 73,04 TO 06,115.0,Premium Apartment,2003,78 years 01 month,550000.0
2024-03-01,WOODLANDS,5 ROOM,687C,WOODLANDS DR 75,07 TO 09,114.0,Premium Apartment,2003,78 years,585000.0
2024-03-01,WOODLANDS,5 ROOM,688A,WOODLANDS DR 75,10 TO 12,110.0,Premium Apartment,2004,78 years 11 months,565000.0
2024-03-01,WOODLANDS,5 ROOM,689C,WOODLANDS DR 75,10 TO 12,110.0,Premium Apartment,2004,79 years,530000.0
2024-03-01,WOODLANDS,5 ROOM,687C,WOODLANDS DR 75,10 TO 12,114.0,Premium Apartment,2003,78 years,600000.0
2024-03-01,WOODLANDS,5 ROOM,688E,WOODLANDS DR 75,01 TO 03,111.0,Premium Apartment,2004,79 years,538888.0
2024-03-01,WOODLANDS,5 ROOM,630,WOODLANDS RING RD,13 TO 15,120.0,Improved,1998,73 years 07 months,610000.0
2024-03-01,WOODLANDS,5 ROOM,661,WOODLANDS RING RD,01 TO 03,122.0,Improved,1998,73 years,572000.0
2024-03-01,WOODLANDS,5 ROOM,785C,WOODLANDS RISE,07 TO 09,113.0,Improved,2018,93 years 05 months,658000.0
2024-03-01,WOODLANDS,5 ROOM,168,WOODLANDS ST 11,07 TO 09,121.0,Improved,1986,61 years 09 months,580000.0
2024-03-01,WOODLANDS,5 ROOM,183A,WOODLANDS ST 13,07 TO 09,113.0,Improved,2019,94 years 09 months,715000.0
2024-03-01,WOODLANDS,5 ROOM,184A,WOODLANDS ST 13,16 TO 18,113.0,Improved,2019,94 years 08 months,780000.0
2024-03-01,WOODLANDS,5 ROOM,165,WOODLANDS ST 13,01 TO 03,121.0,Improved,1985,60 years 04 months,585000.0
2024-03-01,WOODLANDS,5 ROOM,183A,WOODLANDS ST 13,13 TO 15,113.0,Improved,2019,94 years 09 months,750000.0
2024-03-01,WOODLANDS,5 ROOM,182B,WOODLANDS ST 13,16 TO 18,113.0,Improved,2019,94 years 08 months,765000.0
2024-03-01,WOODLANDS,5 ROOM,183B,WOODLANDS ST 13,10 TO 12,113.0,Improved,2019,94 years 08 months,750000.0
2024-03-01,WOODLANDS,5 ROOM,183B,WOODLANDS ST 13,16 TO 18,113.0,Improved,2019,94 years 07 months,785000.0
2024-03-01,WOODLANDS,5 ROOM,173,WOODLANDS ST 13,01 TO 03,121.0,Improved,1989,64 years,525000.0
2024-03-01,WOODLANDS,5 ROOM,183B,WOODLANDS ST 13,04 TO 06,113.0,Improved,2019,94 years 08 months,710000.0
2024-03-01,WOODLANDS,5 ROOM,344,WOODLANDS ST 32,04 TO 06,122.0,Improved,1993,68 years,568000.0
2024-03-01,WOODLANDS,EXECUTIVE,124,MARSILING RISE,07 TO 09,166.0,Apartment,1995,70 years 01 month,908000.0
2024-03-01,WOODLANDS,EXECUTIVE,342,WOODLANDS AVE 1,07 TO 09,177.0,Apartment,1995,70 years 03 months,880000.0
2024-03-01,WOODLANDS,EXECUTIVE,658,WOODLANDS RING RD,01 TO 03,144.0,Maisonette,1998,73 years 01 month,755000.0
2024-03-01,WOODLANDS,EXECUTIVE,636,WOODLANDS RING RD,04 TO 06,141.0,Maisonette,1999,74 years 07 months,790000.0
2024-03-01,WOODLANDS,EXECUTIVE,302,WOODLANDS ST 31,04 TO 06,162.0,Apartment,1993,68 years,915000.0
2024-03-01,WOODLANDS,EXECUTIVE,835,WOODLANDS ST 83,04 TO 06,189.0,Apartment,1994,69 years 03 months,980000.0
2024-03-01,YISHUN,2 ROOM,675A,YISHUN AVE 4,01 TO 03,38.0,Model A,2018,93 years 09 months,318000.0
2024-03-01,YISHUN,2 ROOM,675D,YISHUN AVE 4,13 TO 15,47.0,Model A,2018,93 years 09 months,365000.0
2024-03-01,YISHUN,2 ROOM,462D,YISHUN AVE 6,13 TO 15,47.0,Model A,2019,94 years 06 months,348000.0
2024-03-01,YISHUN,2 ROOM,676A,YISHUN RING RD,01 TO 03,47.0,Model A,2018,93 years 08 months,335000.0
2024-03-01,YISHUN,2 ROOM,676A,YISHUN RING RD,04 TO 06,38.0,Model A,2018,93 years 08 months,320000.0
2024-03-01,YISHUN,2 ROOM,469A,YISHUN ST 43,01 TO 03,38.0,Model A,2019,94 years 09 months,300000.0
2024-03-01,YISHUN,3 ROOM,345,YISHUN AVE 11,04 TO 06,74.0,Model A,1988,63 years 07 months,390000.0
2024-03-01,YISHUN,3 ROOM,424C,YISHUN AVE 11,10 TO 12,67.0,Model A,2015,90 years 10 months,454000.0
2024-03-01,YISHUN,3 ROOM,675D,YISHUN AVE 4,01 TO 03,68.0,Model A,2018,93 years 10 months,430000.0
2024-03-01,YISHUN,3 ROOM,506B,YISHUN AVE 4,07 TO 09,68.0,Model A,2018,93 years 02 months,450000.0
2024-03-01,YISHUN,3 ROOM,673A,YISHUN AVE 4,01 TO 03,68.0,Model A,2018,93 years 09 months,432000.0
2024-03-01,YISHUN,3 ROOM,673C,YISHUN AVE 4,04 TO 06,68.0,Model A,2018,93 years 09 months,440000.0
2024-03-01,YISHUN,3 ROOM,675C,YISHUN AVE 4,10 TO 12,68.0,Model A,2018,93 years 08 months,463000.0
2024-03-01,YISHUN,3 ROOM,742,YISHUN AVE 5,04 TO 06,67.0,New Generation,1985,60 years 10 months,400000.0
2024-03-01,YISHUN,3 ROOM,706,YISHUN AVE 5,07 TO 09,82.0,New Generation,1984,58 years 11 months,450000.0
2024-03-01,YISHUN,3 ROOM,709,YISHUN AVE 5,07 TO 09,68.0,New Generation,1984,59 years 02 months,385000.0
2024-03-01,YISHUN,3 ROOM,704,YISHUN AVE 5,07 TO 09,68.0,New Generation,1984,58 years 10 months,370000.0
2024-03-01,YISHUN,3 ROOM,706,YISHUN AVE 5,04 TO 06,68.0,New Generation,1984,58 years 10 months,370000.0
2024-03-01,YISHUN,3 ROOM,462B,YISHUN AVE 6,04 TO 06,68.0,Model A,2019,94 years 06 months,440000.0
2024-03-01,YISHUN,3 ROOM,284,YISHUN AVE 6,07 TO 09,74.0,Model A,1987,62 years 06 months,398000.0
2024-03-01,YISHUN,3 ROOM,399,YISHUN AVE 6,04 TO 06,73.0,Model A,1989,64 years 01 month,400000.0
2024-03-01,YISHUN,3 ROOM,107,YISHUN RING RD,04 TO 06,67.0,New Generation,1982,57 years 03 months,345000.0
2024-03-01,YISHUN,3 ROOM,806,YISHUN RING RD,01 TO 03,74.0,Model A,1987,62 years,405000.0
2024-03-01,YISHUN,3 ROOM,813A,YISHUN RING RD,10 TO 12,67.0,Model A,2018,93 years 03 months,560000.0
2024-03-01,YISHUN,3 ROOM,126,YISHUN ST 11,07 TO 09,67.0,New Generation,1984,59 years 07 months,360000.0
2024-03-01,YISHUN,3 ROOM,126,YISHUN ST 11,10 TO 12,67.0,New Generation,1984,59 years 07 months,378000.0
2024-03-01,YISHUN,3 ROOM,133,YISHUN ST 11,01 TO 03,68.0,New Generation,1984,59 years 09 months,380888.0
2024-03-01,YISHUN,3 ROOM,123,YISHUN ST 11,10 TO 12,68.0,New Generation,1985,60 years 03 months,418888.0
2024-03-01,YISHUN,3 ROOM,215,YISHUN ST 21,04 TO 06,67.0,New Generation,1985,59 years 11 months,395000.0
2024-03-01,YISHUN,3 ROOM,218,YISHUN ST 21,10 TO 12,68.0,New Generation,1985,60 years 04 months,440000.0
2024-03-01,YISHUN,3 ROOM,233,YISHUN ST 21,04 TO 06,67.0,New Generation,1985,60 years 08 months,380000.0
2024-03-01,YISHUN,3 ROOM,266,YISHUN ST 22,04 TO 06,74.0,Model A,1987,62 years 01 month,408000.0
2024-03-01,YISHUN,3 ROOM,263,YISHUN ST 22,04 TO 06,64.0,Simplified,1986,61 years 04 months,368000.0
2024-03-01,YISHUN,3 ROOM,266,YISHUN ST 22,01 TO 03,74.0,Model A,1987,62 years 01 month,363000.0
2024-03-01,YISHUN,3 ROOM,270,YISHUN ST 22,07 TO 09,74.0,Model A,1987,62 years 09 months,373000.0
2024-03-01,YISHUN,3 ROOM,468A,YISHUN ST 43,04 TO 06,67.0,Model A,2019,94 years 09 months,430000.0
2024-03-01,YISHUN,3 ROOM,468A,YISHUN ST 43,07 TO 09,67.0,Model A,2019,94 years 09 months,450000.0
2024-03-01,YISHUN,3 ROOM,513C,YISHUN ST 51,10 TO 12,68.0,Model A,2018,93 years,490000.0
2024-03-01,YISHUN,3 ROOM,716,YISHUN ST 71,07 TO 09,64.0,Simplified,1987,62 years 08 months,368000.0
2024-03-01,YISHUN,3 ROOM,744,YISHUN ST 72,01 TO 03,67.0,New Generation,1984,59 years 06 months,395000.0
2024-03-01,YISHUN,4 ROOM,427,YISHUN AVE 11,01 TO 03,104.0,Model A,1988,63 years 07 months,500000.0
2024-03-01,YISHUN,4 ROOM,430B,YISHUN AVE 11,01 TO 03,92.0,Model A,2015,90 years 11 months,507000.0
2024-03-01,YISHUN,4 ROOM,443,YISHUN AVE 11,04 TO 06,92.0,Model A,2012,87 years 05 months,542000.0
2024-03-01,YISHUN,4 ROOM,458,YISHUN AVE 11,01 TO 03,93.0,Model A,2013,88 years 06 months,495000.0
2024-03-01,YISHUN,4 ROOM,790,YISHUN AVE 2,04 TO 06,103.0,Model A,1987,62 years 02 months,580000.0
2024-03-01,YISHUN,4 ROOM,776,YISHUN AVE 2,04 TO 06,83.0,Simplified,1986,61 years 02 months,467000.0
2024-03-01,YISHUN,4 ROOM,508B,YISHUN AVE 4,01 TO 03,93.0,Model A,2018,93 years 02 months,535000.0
2024-03-01,YISHUN,4 ROOM,672B,YISHUN AVE 4,10 TO 12,93.0,Model A,2018,93 years,600000.0
2024-03-01,YISHUN,4 ROOM,509C,YISHUN AVE 4,07 TO 09,93.0,Model A,2018,93 years 02 months,580888.0
2024-03-01,YISHUN,4 ROOM,674A,YISHUN AVE 4,10 TO 12,93.0,Model A,2018,93 years 10 months,600000.0
2024-03-01,YISHUN,4 ROOM,674B,YISHUN AVE 4,10 TO 12,93.0,Model A,2018,93 years 10 months,610000.0
2024-03-01,YISHUN,4 ROOM,672B,YISHUN AVE 4,13 TO 15,93.0,Model A,2018,92 years 11 months,608000.0
2024-03-01,YISHUN,4 ROOM,674A,YISHUN AVE 4,04 TO 06,93.0,Model A,2018,93 years 09 months,540000.0
2024-03-01,YISHUN,4 ROOM,675C,YISHUN AVE 4,13 TO 15,93.0,Model A,2018,93 years 09 months,560000.0
2024-03-01,YISHUN,4 ROOM,508A,YISHUN AVE 4,07 TO 09,93.0,Model A,2018,93 years 02 months,588000.0
2024-03-01,YISHUN,4 ROOM,506A,YISHUN AVE 4,01 TO 03,93.0,Model A,2018,93 years 02 months,540000.0
2024-03-01,YISHUN,4 ROOM,858,YISHUN AVE 4,04 TO 06,104.0,Model A,1988,63 years 04 months,522888.0
2024-03-01,YISHUN,4 ROOM,711,YISHUN AVE 5,01 TO 03,96.0,New Generation,1984,59 years 05 months,475000.0
2024-03-01,YISHUN,4 ROOM,390,YISHUN AVE 6,10 TO 12,84.0,Simplified,1988,63 years 06 months,455000.0
2024-03-01,YISHUN,4 ROOM,462A,YISHUN AVE 6,10 TO 12,93.0,Model A,2019,94 years 07 months,580000.0
2024-03-01,YISHUN,4 ROOM,462C,YISHUN AVE 6,10 TO 12,93.0,Model A,2019,94 years 06 months,600000.0
2024-03-01,YISHUN,4 ROOM,408,YISHUN AVE 6,01 TO 03,104.0,Model A,1988,63 years 05 months,480000.0
2024-03-01,YISHUN,4 ROOM,289,YISHUN AVE 6,01 TO 03,84.0,Simplified,1987,62 years 06 months,450000.0
2024-03-01,YISHUN,4 ROOM,462C,YISHUN AVE 6,07 TO 09,93.0,Model A,2019,94 years 06 months,571888.0
2024-03-01,YISHUN,4 ROOM,286,YISHUN AVE 6,07 TO 09,104.0,Model A,1987,62 years 05 months,495000.0
2024-03-01,YISHUN,4 ROOM,462B,YISHUN AVE 6,07 TO 09,93.0,Model A,2019,94 years 06 months,575000.0
2024-03-01,YISHUN,4 ROOM,462B,YISHUN AVE 6,13 TO 15,93.0,Model A,2019,94 years 06 months,600000.0
2024-03-01,YISHUN,4 ROOM,462D,YISHUN AVE 6,04 TO 06,93.0,Model A,2019,94 years 06 months,556000.0
2024-03-01,YISHUN,4 ROOM,437,YISHUN AVE 6,07 TO 09,84.0,Simplified,1988,63 years 07 months,450000.0
2024-03-01,YISHUN,4 ROOM,399,YISHUN AVE 6,07 TO 09,105.0,Model A,1989,64 years 01 month,515000.0
2024-03-01,YISHUN,4 ROOM,173,YISHUN AVE 7,01 TO 03,84.0,Simplified,1987,62 years 07 months,430000.0
2024-03-01,YISHUN,4 ROOM,248,YISHUN AVE 9,01 TO 03,89.0,Simplified,1984,59 years 09 months,475000.0
2024-03-01,YISHUN,4 ROOM,303,YISHUN CTRL,10 TO 12,104.0,Model A,1988,63 years 09 months,535000.0
2024-03-01,YISHUN,4 ROOM,320,YISHUN CTRL,04 TO 06,105.0,Model A,1988,63 years,522000.0
2024-03-01,YISHUN,4 ROOM,395,YISHUN RING RD,07 TO 09,84.0,Simplified,1988,63 years 07 months,420000.0
2024-03-01,YISHUN,4 ROOM,141,YISHUN RING RD,10 TO 12,91.0,New Generation,1984,59 years 10 months,495000.0
2024-03-01,YISHUN,4 ROOM,805,YISHUN RING RD,04 TO 06,84.0,Simplified,1987,62 years 03 months,500000.0
2024-03-01,YISHUN,4 ROOM,410,YISHUN RING RD,07 TO 09,104.0,Model A,1988,63 years 06 months,480000.0
2024-03-01,YISHUN,4 ROOM,167,YISHUN RING RD,04 TO 06,84.0,Simplified,1987,62 years 10 months,440000.0
2024-03-01,YISHUN,4 ROOM,450,YISHUN RING RD,07 TO 09,92.0,Model A,2012,87 years 06 months,558000.0
2024-03-01,YISHUN,4 ROOM,677B,YISHUN RING RD,01 TO 03,93.0,Model A,2018,93 years 08 months,545000.0
2024-03-01,YISHUN,4 ROOM,142,YISHUN RING RD,07 TO 09,93.0,New Generation,1984,59 years 06 months,570000.0
2024-03-01,YISHUN,4 ROOM,332,YISHUN RING RD,07 TO 09,104.0,Model A,1988,63 years 06 months,520000.0
2024-03-01,YISHUN,4 ROOM,308,YISHUN RING RD,10 TO 12,104.0,Model A,1988,63 years 04 months,508888.0
2024-03-01,YISHUN,4 ROOM,140,YISHUN RING RD,01 TO 03,96.0,New Generation,1985,60 years 02 months,535000.0
2024-03-01,YISHUN,4 ROOM,796,YISHUN RING RD,04 TO 06,83.0,Simplified,1987,61 years 10 months,491800.0
2024-03-01,YISHUN,4 ROOM,278,YISHUN ST 22,07 TO 09,84.0,Simplified,1985,60 years 08 months,417000.0
2024-03-01,YISHUN,4 ROOM,265,YISHUN ST 22,01 TO 03,84.0,Simplified,1986,61 years 09 months,430000.0
2024-03-01,YISHUN,4 ROOM,292,YISHUN ST 22,04 TO 06,87.0,Simplified,1992,67 years 04 months,460000.0
2024-03-01,YISHUN,4 ROOM,334C,YISHUN ST 31,07 TO 09,92.0,Model A,2015,90 years 09 months,556888.0
2024-03-01,YISHUN,4 ROOM,453,YISHUN ST 41,07 TO 09,93.0,Model A,2013,88 years 07 months,545000.0
2024-03-01,YISHUN,4 ROOM,469A,YISHUN ST 43,07 TO 09,93.0,Model A,2019,94 years 09 months,575000.0
2024-03-01,YISHUN,4 ROOM,469A,YISHUN ST 43,07 TO 09,93.0,Model A,2019,94 years 09 months,560000.0
2024-03-01,YISHUN,4 ROOM,469A,YISHUN ST 43,04 TO 06,93.0,Model A,2019,94 years 09 months,538000.0
2024-03-01,YISHUN,4 ROOM,469B,YISHUN ST 43,04 TO 06,93.0,Model A,2019,94 years 09 months,560000.0
2024-03-01,YISHUN,4 ROOM,468A,YISHUN ST 43,10 TO 12,93.0,Model A,2019,94 years 09 months,580000.0
2024-03-01,YISHUN,4 ROOM,468A,YISHUN ST 43,04 TO 06,93.0,Model A,2019,94 years 09 months,554000.0
2024-03-01,YISHUN,4 ROOM,468A,YISHUN ST 43,10 TO 12,93.0,Model A,2019,94 years 09 months,592000.0
2024-03-01,YISHUN,4 ROOM,469B,YISHUN ST 43,04 TO 06,93.0,Model A,2019,94 years 09 months,550000.0
2024-03-01,YISHUN,4 ROOM,469A,YISHUN ST 43,04 TO 06,93.0,Model A,2019,94 years 09 months,555000.0
2024-03-01,YISHUN,4 ROOM,513D,YISHUN ST 51,13 TO 15,93.0,Model A,2018,93 years 01 month,570000.0
2024-03-01,YISHUN,4 ROOM,501A,YISHUN ST 51,10 TO 12,92.0,Model A,2018,92 years 11 months,623000.0
2024-03-01,YISHUN,4 ROOM,505D,YISHUN ST 51,07 TO 09,93.0,Model A,2016,91 years 01 month,570000.0
2024-03-01,YISHUN,4 ROOM,511A,YISHUN ST 51,04 TO 06,93.0,Model A,2017,92 years 05 months,550000.0
2024-03-01,YISHUN,4 ROOM,513D,YISHUN ST 51,13 TO 15,93.0,Model A,2018,92 years 11 months,584000.0
2024-03-01,YISHUN,4 ROOM,505C,YISHUN ST 51,04 TO 06,93.0,Model A,2016,91 years 01 month,530000.0
2024-03-01,YISHUN,4 ROOM,625,YISHUN ST 61,07 TO 09,83.0,Simplified,1987,62 years 05 months,480000.0
2024-03-01,YISHUN,4 ROOM,607,YISHUN ST 61,10 TO 12,103.0,Model A,1987,62 years 05 months,560000.0
2024-03-01,YISHUN,4 ROOM,717,YISHUN ST 71,01 TO 03,89.0,Simplified,1987,62 years 08 months,470000.0
2024-03-01,YISHUN,4 ROOM,756,YISHUN ST 72,01 TO 03,84.0,Simplified,1985,60 years 08 months,435000.0
2024-03-01,YISHUN,4 ROOM,738,YISHUN ST 72,04 TO 06,92.0,New Generation,1985,59 years 10 months,545000.0
2024-03-01,YISHUN,4 ROOM,841,YISHUN ST 81,01 TO 03,104.0,Model A,1988,62 years 11 months,575000.0
2024-03-01,YISHUN,4 ROOM,879,YISHUN ST 81,10 TO 12,104.0,Model A,1987,62 years 08 months,570000.0
2024-03-01,YISHUN,5 ROOM,428A,YISHUN AVE 11,04 TO 06,112.0,Improved,2015,90 years 01 month,663000.0
2024-03-01,YISHUN,5 ROOM,788,YISHUN AVE 2,07 TO 09,121.0,Improved,1987,62 years 10 months,645000.0
2024-03-01,YISHUN,5 ROOM,860,YISHUN AVE 4,07 TO 09,127.0,Improved,1988,63 years 06 months,700000.0
2024-03-01,YISHUN,5 ROOM,674A,YISHUN AVE 4,01 TO 03,112.0,Improved,2018,93 years 09 months,635000.0
2024-03-01,YISHUN,5 ROOM,673A,YISHUN AVE 4,04 TO 06,112.0,Improved,2018,93 years 09 months,660000.0
2024-03-01,YISHUN,5 ROOM,673A,YISHUN AVE 4,07 TO 09,112.0,Improved,2018,93 years 09 months,715888.0
2024-03-01,YISHUN,5 ROOM,508B,YISHUN AVE 4,01 TO 03,113.0,Improved,2018,93 years 02 months,650000.0
2024-03-01,YISHUN,5 ROOM,170,YISHUN AVE 7,13 TO 15,131.0,Improved,1986,61 years 05 months,670000.0
2024-03-01,YISHUN,5 ROOM,315C,YISHUN AVE 9,10 TO 12,112.0,Improved,2015,90 years 09 months,712000.0
2024-03-01,YISHUN,5 ROOM,367,YISHUN RING RD,10 TO 12,122.0,Improved,1988,63 years 06 months,660000.0
2024-03-01,YISHUN,5 ROOM,796,YISHUN RING RD,04 TO 06,132.0,Improved,1987,61 years 11 months,658000.0
2024-03-01,YISHUN,5 ROOM,330,YISHUN RING RD,07 TO 09,125.0,Improved,1995,70 years,640000.0
2024-03-01,YISHUN,5 ROOM,809,YISHUN RING RD,01 TO 03,123.0,Improved,1987,62 years 02 months,675000.0
2024-03-01,YISHUN,5 ROOM,332,YISHUN RING RD,04 TO 06,122.0,Improved,1988,63 years 06 months,620000.0
2024-03-01,YISHUN,5 ROOM,161,YISHUN ST 11,01 TO 03,121.0,Improved,1985,60 years 04 months,600000.0
2024-03-01,YISHUN,5 ROOM,298,YISHUN ST 20,04 TO 06,111.0,Improved,2000,75 years 09 months,618000.0
2024-03-01,YISHUN,5 ROOM,231,YISHUN ST 21,07 TO 09,126.0,Improved,1985,60 years 04 months,610000.0
2024-03-01,YISHUN,5 ROOM,212,YISHUN ST 21,10 TO 12,121.0,Improved,1985,60 years 02 months,680000.0
2024-03-01,YISHUN,5 ROOM,221,YISHUN ST 21,10 TO 12,121.0,Improved,1985,60 years 04 months,650000.0
2024-03-01,YISHUN,5 ROOM,513C,YISHUN ST 51,04 TO 06,113.0,Improved,2018,93 years,665000.0
2024-03-01,YISHUN,5 ROOM,512C,YISHUN ST 51,07 TO 09,113.0,Improved,2017,92 years 06 months,728000.0
2024-03-01,YISHUN,5 ROOM,637,YISHUN ST 61,10 TO 12,121.0,Improved,1987,62 years 08 months,680000.0
2024-03-01,YISHUN,5 ROOM,607,YISHUN ST 61,01 TO 03,121.0,Improved,1987,62 years 07 months,613000.0
2024-03-01,YISHUN,5 ROOM,841,YISHUN ST 81,07 TO 09,122.0,Improved,1988,62 years 11 months,745000.0
2024-03-01,YISHUN,5 ROOM,876,YISHUN ST 81,01 TO 03,121.0,Improved,1987,62 years 09 months,670000.0
2024-03-01,YISHUN,5 ROOM,850,YISHUN ST 81,04 TO 06,122.0,Improved,1988,63 years 05 months,690000.0
2024-03-01,YISHUN,EXECUTIVE,344,YISHUN AVE 11,01 TO 03,145.0,Maisonette,1988,63 years 05 months,820000.0
2024-03-01,YISHUN,EXECUTIVE,791,YISHUN AVE 2,10 TO 12,146.0,Apartment,1987,62 years 07 months,851888.0
2024-03-01,YISHUN,EXECUTIVE,392,YISHUN AVE 6,07 TO 09,146.0,Maisonette,1988,63 years 04 months,830000.0
2024-03-01,YISHUN,EXECUTIVE,406,YISHUN AVE 6,10 TO 12,142.0,Apartment,1988,63 years 06 months,815000.0
2024-03-01,YISHUN,EXECUTIVE,326,YISHUN RING RD,10 TO 12,146.0,Maisonette,1988,63 years 05 months,820000.0
2024-03-01,YISHUN,EXECUTIVE,360,YISHUN RING RD,04 TO 06,146.0,Maisonette,1988,63 years 05 months,860000.0
2024-03-01,YISHUN,EXECUTIVE,606,YISHUN ST 61,07 TO 09,142.0,Apartment,1987,62 years 10 months,780000.0
2024-03-01,YISHUN,EXECUTIVE,824,YISHUN ST 81,07 TO 09,142.0,Apartment,1987,62 years 08 months,855000.0
2024-03-01,YISHUN,MULTI-GENERATION,666,YISHUN AVE 4,10 TO 12,164.0,Multi Generation,1987,62 years 09 months,1200000.0
2024-04-01,ANG MO KIO,2 ROOM,314,ANG MO KIO AVE 3,01 TO 03,44.0,Improved,1978,52 years 10 months,288000.0
2024-04-01,ANG MO KIO,2 ROOM,174,ANG MO KIO AVE 4,01 TO 03,45.0,Improved,1986,60 years 10 months,320000.0
2024-04-01,ANG MO KIO,3 ROOM,218,ANG MO KIO AVE 1,04 TO 06,67.0,New Generation,1976,51 years 03 months,355000.0
2024-04-01,ANG MO KIO,3 ROOM,225,ANG MO KIO AVE 1,10 TO 12,67.0,New Generation,1978,53 years,380000.0
2024-04-01,ANG MO KIO,3 ROOM,225,ANG MO KIO AVE 1,10 TO 12,67.0,New Generation,1978,52 years 10 months,388000.0
2024-04-01,ANG MO KIO,3 ROOM,307C,ANG MO KIO AVE 1,07 TO 09,70.0,Model A,2012,87 years 05 months,605000.0
2024-04-01,ANG MO KIO,3 ROOM,332,ANG MO KIO AVE 1,07 TO 09,68.0,New Generation,1981,55 years 09 months,378000.0
2024-04-01,ANG MO KIO,3 ROOM,445,ANG MO KIO AVE 10,01 TO 03,67.0,New Generation,1979,54 years 05 months,380000.0
2024-04-01,ANG MO KIO,3 ROOM,561,ANG MO KIO AVE 10,01 TO 03,68.0,New Generation,1980,54 years 10 months,355000.0
2024-04-01,ANG MO KIO,3 ROOM,559,ANG MO KIO AVE 10,07 TO 09,68.0,New Generation,1980,54 years 11 months,380000.0
2024-04-01,ANG MO KIO,3 ROOM,445,ANG MO KIO AVE 10,04 TO 06,67.0,New Generation,1979,54 years 06 months,370000.0
2024-04-01,ANG MO KIO,3 ROOM,578,ANG MO KIO AVE 10,10 TO 12,82.0,New Generation,1980,54 years 10 months,450000.0
2024-04-01,ANG MO KIO,3 ROOM,457,ANG MO KIO AVE 10,13 TO 15,75.0,New Generation,1980,54 years 10 months,375000.0
2024-04-01,ANG MO KIO,3 ROOM,419,ANG MO KIO AVE 10,10 TO 12,89.0,New Generation,1979,54 years 05 months,490000.0
2024-04-01,ANG MO KIO,3 ROOM,403,ANG MO KIO AVE 10,04 TO 06,82.0,New Generation,1979,54 years 02 months,440000.0
2024-04-01,ANG MO KIO,3 ROOM,434,ANG MO KIO AVE 10,07 TO 09,67.0,New Generation,1979,53 years 10 months,425000.0
2024-04-01,ANG MO KIO,3 ROOM,345,ANG MO KIO AVE 3,10 TO 12,73.0,New Generation,1978,53 years 01 month,465000.0
2024-04-01,ANG MO KIO,3 ROOM,103,ANG MO KIO AVE 3,04 TO 06,74.0,New Generation,1978,52 years 11 months,415000.0
2024-04-01,ANG MO KIO,3 ROOM,301,ANG MO KIO AVE 3,04 TO 06,73.0,New Generation,1978,53 years,408000.0
2024-04-01,ANG MO KIO,3 ROOM,126,ANG MO KIO AVE 3,04 TO 06,67.0,New Generation,1978,53 years 06 months,370000.0
2024-04-01,ANG MO KIO,3 ROOM,424,ANG MO KIO AVE 3,07 TO 09,73.0,New Generation,1979,53 years 10 months,462000.0
2024-04-01,ANG MO KIO,3 ROOM,233,ANG MO KIO AVE 3,01 TO 03,67.0,New Generation,1977,52 years 06 months,355000.0
2024-04-01,ANG MO KIO,3 ROOM,329,ANG MO KIO AVE 3,10 TO 12,73.0,New Generation,1978,52 years 10 months,468888.0
2024-04-01,ANG MO KIO,3 ROOM,345,ANG MO KIO AVE 3,07 TO 09,73.0,New Generation,1978,53 years 01 month,440000.0
2024-04-01,ANG MO KIO,3 ROOM,346,ANG MO KIO AVE 3,04 TO 06,73.0,New Generation,1978,53 years 01 month,402000.0
2024-04-01,ANG MO KIO,3 ROOM,122,ANG MO KIO AVE 3,04 TO 06,82.0,New Generation,1978,53 years 07 months,458000.0
2024-04-01,ANG MO KIO,3 ROOM,213,ANG MO KIO AVE 3,07 TO 09,67.0,New Generation,1976,51 years,360000.0
2024-04-01,ANG MO KIO,3 ROOM,346,ANG MO KIO AVE 3,07 TO 09,88.0,New Generation,1978,53 years 01 month,492000.0
2024-04-01,ANG MO KIO,3 ROOM,345,ANG MO KIO AVE 3,10 TO 12,73.0,New Generation,1978,53 years,485000.0
2024-04-01,ANG MO KIO,3 ROOM,624,ANG MO KIO AVE 4,01 TO 03,68.0,New Generation,1980,55 years 06 months,370000.0
2024-04-01,ANG MO KIO,3 ROOM,117,ANG MO KIO AVE 4,04 TO 06,89.0,New Generation,1978,53 years 02 months,490000.0
2024-04-01,ANG MO KIO,3 ROOM,629,ANG MO KIO AVE 4,01 TO 03,82.0,New Generation,1981,56 years 07 months,460000.0
2024-04-01,ANG MO KIO,3 ROOM,172,ANG MO KIO AVE 4,01 TO 03,60.0,Improved,1986,61 years 02 months,333000.0
2024-04-01,ANG MO KIO,3 ROOM,178,ANG MO KIO AVE 4,04 TO 06,68.0,New Generation,1981,56 years,370000.0
2024-04-01,ANG MO KIO,3 ROOM,180,ANG MO KIO AVE 5,07 TO 09,68.0,New Generation,1981,56 years 01 month,393888.0
2024-04-01,ANG MO KIO,3 ROOM,535,ANG MO KIO AVE 5,04 TO 06,67.0,New Generation,1980,54 years 11 months,385000.0
2024-04-01,ANG MO KIO,3 ROOM,605,ANG MO KIO AVE 5,10 TO 12,67.0,New Generation,1980,55 years 02 months,390000.0
2024-04-01,ANG MO KIO,3 ROOM,601,ANG MO KIO AVE 5,01 TO 03,67.0,New Generation,1980,55 years 02 months,355000.0
2024-04-01,ANG MO KIO,3 ROOM,646,ANG MO KIO AVE 6,01 TO 03,75.0,New Generation,1980,55 years 09 months,408000.0
2024-04-01,ANG MO KIO,3 ROOM,633,ANG MO KIO AVE 6,10 TO 12,67.0,New Generation,1985,59 years 10 months,420000.0
2024-04-01,ANG MO KIO,3 ROOM,507,ANG MO KIO AVE 8,07 TO 09,81.0,New Generation,1980,55 years 02 months,444888.0
2024-04-01,ANG MO KIO,3 ROOM,625,ANG MO KIO AVE 9,07 TO 09,68.0,New Generation,1980,55 years 06 months,410000.0
2024-04-01,ANG MO KIO,3 ROOM,590A,ANG MO KIO ST 51,10 TO 12,68.0,Model A,2019,93 years 11 months,690000.0
2024-04-01,ANG MO KIO,4 ROOM,308A,ANG MO KIO AVE 1,19 TO 21,94.0,Model A,2012,87 years 06 months,882888.0
2024-04-01,ANG MO KIO,4 ROOM,310A,ANG MO KIO AVE 1,01 TO 03,94.0,Model A,2012,87 years 06 months,740000.0
2024-04-01,ANG MO KIO,4 ROOM,337,ANG MO KIO AVE 1,13 TO 15,92.0,New Generation,1982,56 years 11 months,522888.0
2024-04-01,ANG MO KIO,4 ROOM,310B,ANG MO KIO AVE 1,01 TO 03,94.0,Model A,2012,87 years 06 months,800000.0
2024-04-01,ANG MO KIO,4 ROOM,466,ANG MO KIO AVE 10,01 TO 03,93.0,New Generation,1984,59 years 06 months,488888.0
2024-04-01,ANG MO KIO,4 ROOM,436,ANG MO KIO AVE 10,01 TO 03,92.0,New Generation,1979,53 years 10 months,480000.0
2024-04-01,ANG MO KIO,4 ROOM,472,ANG MO KIO AVE 10,04 TO 06,92.0,New Generation,1979,54 years 04 months,488888.0
2024-04-01,ANG MO KIO,4 ROOM,121,ANG MO KIO AVE 3,07 TO 09,92.0,New Generation,1978,53 years 07 months,500000.0
2024-04-01,ANG MO KIO,4 ROOM,134,ANG MO KIO AVE 3,01 TO 03,98.0,New Generation,1978,53 years 06 months,571000.0
2024-04-01,ANG MO KIO,4 ROOM,572,ANG MO KIO AVE 3,07 TO 09,92.0,New Generation,1979,54 years 02 months,548888.0
2024-04-01,ANG MO KIO,4 ROOM,640,ANG MO KIO AVE 6,07 TO 09,91.0,New Generation,1980,55 years 04 months,535000.0
2024-04-01,ANG MO KIO,4 ROOM,260B,ANG MO KIO ST 21,01 TO 03,93.0,Model A,2018,93 years 03 months,765000.0
2024-04-01,ANG MO KIO,4 ROOM,260B,ANG MO KIO ST 21,25 TO 27,93.0,Model A,2018,93 years 03 months,973000.0
2024-04-01,ANG MO KIO,4 ROOM,260B,ANG MO KIO ST 21,04 TO 06,92.0,Model A,2018,93 years 03 months,780000.0
2024-04-01,ANG MO KIO,4 ROOM,352,ANG MO KIO ST 32,28 TO 30,90.0,Model A,2001,76 years 07 months,790000.0
2024-04-01,ANG MO KIO,4 ROOM,352,ANG MO KIO ST 32,25 TO 27,95.0,Model A,2001,76 years 06 months,868000.0
2024-04-01,ANG MO KIO,4 ROOM,352,ANG MO KIO ST 32,01 TO 03,95.0,Model A,2001,76 years 06 months,675000.0
2024-04-01,ANG MO KIO,4 ROOM,590B,ANG MO KIO ST 51,19 TO 21,93.0,Model A,2019,93 years 11 months,980000.0
2024-04-01,ANG MO KIO,4 ROOM,590A,ANG MO KIO ST 51,19 TO 21,93.0,Model A,2019,93 years 11 months,985000.0
2024-04-01,ANG MO KIO,4 ROOM,596A,ANG MO KIO ST 52,13 TO 15,91.0,Model A,2002,77 years 08 months,795000.0
2024-04-01,ANG MO KIO,5 ROOM,310B,ANG MO KIO AVE 1,22 TO 24,121.0,Improved,2012,87 years 06 months,1180000.0
2024-04-01,ANG MO KIO,5 ROOM,401,ANG MO KIO AVE 10,10 TO 12,119.0,Improved,1979,54 years 02 months,722000.0
2024-04-01,ANG MO KIO,5 ROOM,553,ANG MO KIO AVE 10,01 TO 03,119.0,Improved,1980,55 years 05 months,608000.0
2024-04-01,ANG MO KIO,5 ROOM,111,ANG MO KIO AVE 4,04 TO 06,117.0,Improved,1978,53 years 05 months,718000.0
2024-04-01,ANG MO KIO,5 ROOM,619,ANG MO KIO AVE 4,10 TO 12,133.0,Model A,1996,71 years 02 months,950000.0
2024-04-01,ANG MO KIO,5 ROOM,729,ANG MO KIO AVE 6,10 TO 12,119.0,Improved,1980,55 years 03 months,788888.0
2024-04-01,ANG MO KIO,5 ROOM,315A,ANG MO KIO ST 31,01 TO 03,110.0,Improved,2006,81 years 01 month,820888.0
2024-04-01,ANG MO KIO,5 ROOM,316A,ANG MO KIO ST 31,07 TO 09,110.0,Improved,2006,81 years,880000.0
2024-04-01,ANG MO KIO,5 ROOM,350,ANG MO KIO ST 32,10 TO 12,110.0,Improved,2001,76 years 09 months,830000.0
2024-04-01,ANG MO KIO,5 ROOM,455B,ANG MO KIO ST 44,22 TO 24,113.0,Improved,2018,93 years,1175000.0
2024-04-01,ANG MO KIO,5 ROOM,588B,ANG MO KIO ST 52,10 TO 12,112.0,DBSS,2011,86 years 05 months,1130000.0
2024-04-01,ANG MO KIO,5 ROOM,596B,ANG MO KIO ST 52,25 TO 27,110.0,Improved,2002,77 years 09 months,968000.0
2024-04-01,ANG MO KIO,EXECUTIVE,616,ANG MO KIO AVE 4,04 TO 06,148.0,Maisonette,1996,71 years 02 months,970000.0
2024-04-01,ANG MO KIO,EXECUTIVE,613,ANG MO KIO AVE 4,07 TO 09,156.0,Apartment,1996,71 years 03 months,1088000.0
2024-04-01,ANG MO KIO,EXECUTIVE,637,ANG MO KIO AVE 6,04 TO 06,163.0,Adjoined flat,1980,55 years 07 months,1040000.0
2024-04-01,BEDOK,2 ROOM,113,BEDOK NTH ST 2,10 TO 12,44.0,Improved,1978,53 years 03 months,288000.0
2024-04-01,BEDOK,2 ROOM,620,BEDOK RESERVOIR RD,10 TO 12,45.0,Improved,1986,61 years 05 months,310000.0
2024-04-01,BEDOK,3 ROOM,550,BEDOK NTH AVE 1,07 TO 09,82.0,New Generation,1980,55 years 03 months,456000.0
2024-04-01,BEDOK,3 ROOM,521,BEDOK NTH AVE 1,04 TO 06,67.0,New Generation,1979,54 years 03 months,370888.0
2024-04-01,BEDOK,3 ROOM,410,BEDOK NTH AVE 2,04 TO 06,82.0,New Generation,1980,55 years 01 month,510000.0
2024-04-01,BEDOK,3 ROOM,426,BEDOK NTH RD,07 TO 09,67.0,New Generation,1979,53 years 11 months,380000.0
2024-04-01,BEDOK,3 ROOM,116,BEDOK NTH RD,04 TO 06,73.0,New Generation,1978,53 years 02 months,409999.0
2024-04-01,BEDOK,3 ROOM,76,BEDOK NTH RD,01 TO 03,59.0,Improved,1978,52 years 10 months,350000.0
2024-04-01,BEDOK,3 ROOM,110,BEDOK NTH RD,04 TO 06,67.0,New Generation,1977,52 years 03 months,385000.0
2024-04-01,BEDOK,3 ROOM,201,BEDOK NTH ST 1,07 TO 09,73.0,New Generation,1979,54 years 04 months,420000.0
2024-04-01,BEDOK,3 ROOM,420,BEDOK NTH ST 1,10 TO 12,68.0,New Generation,1979,53 years 10 months,418000.0
2024-04-01,BEDOK,3 ROOM,126,BEDOK NTH ST 2,13 TO 15,67.0,New Generation,1978,53 years 04 months,377000.0
2024-04-01,BEDOK,3 ROOM,138,BEDOK NTH ST 2,10 TO 12,82.0,New Generation,1978,53 years 01 month,485000.0
2024-04-01,BEDOK,3 ROOM,526,BEDOK NTH ST 3,01 TO 03,67.0,New Generation,1979,54 years 05 months,370000.0
2024-04-01,BEDOK,3 ROOM,529,BEDOK NTH ST 3,10 TO 12,68.0,New Generation,1979,54 years 05 months,370000.0
2024-04-01,BEDOK,3 ROOM,534,BEDOK NTH ST 3,07 TO 09,60.0,Improved,1986,61 years,360000.0
2024-04-01,BEDOK,3 ROOM,525,BEDOK NTH ST 3,07 TO 09,67.0,New Generation,1979,54 years 05 months,335000.0
2024-04-01,BEDOK,3 ROOM,542,BEDOK NTH ST 3,01 TO 03,67.0,New Generation,1985,60 years 07 months,380000.0
2024-04-01,BEDOK,3 ROOM,542,BEDOK NTH ST 3,07 TO 09,67.0,New Generation,1985,60 years 06 months,382000.0
2024-04-01,BEDOK,3 ROOM,533,BEDOK NTH ST 3,04 TO 06,68.0,New Generation,1980,54 years 11 months,352888.0
2024-04-01,BEDOK,3 ROOM,534,BEDOK NTH ST 3,10 TO 12,69.0,Improved,1986,60 years 11 months,392000.0
2024-04-01,BEDOK,3 ROOM,539,BEDOK NTH ST 3,01 TO 03,83.0,New Generation,1980,54 years 10 months,425000.0
2024-04-01,BEDOK,3 ROOM,533,BEDOK NTH ST 3,04 TO 06,68.0,New Generation,1980,54 years 10 months,385000.0
2024-04-01,BEDOK,3 ROOM,526,BEDOK NTH ST 3,07 TO 09,67.0,New Generation,1979,54 years 04 months,380000.0
2024-04-01,BEDOK,3 ROOM,502,BEDOK NTH ST 3,04 TO 06,59.0,Improved,1978,53 years 03 months,330000.0
2024-04-01,BEDOK,3 ROOM,503,BEDOK NTH ST 3,04 TO 06,70.0,Improved,1978,53 years,362000.0
2024-04-01,BEDOK,3 ROOM,529,BEDOK NTH ST 3,04 TO 06,68.0,New Generation,1979,54 years 04 months,370000.0
2024-04-01,BEDOK,3 ROOM,609,BEDOK RESERVOIR RD,01 TO 03,67.0,New Generation,1982,57 years 05 months,380000.0
2024-04-01,BEDOK,3 ROOM,713,BEDOK RESERVOIR RD,04 TO 06,68.0,New Generation,1981,56 years 05 months,380000.0
2024-04-01,BEDOK,3 ROOM,620,BEDOK RESERVOIR RD,07 TO 09,60.0,Improved,1986,61 years 05 months,350000.0
2024-04-01,BEDOK,3 ROOM,701,BEDOK RESERVOIR RD,10 TO 12,68.0,New Generation,1980,55 years 08 months,405000.0
2024-04-01,BEDOK,3 ROOM,614,BEDOK RESERVOIR RD,01 TO 03,81.0,New Generation,1981,56 years 04 months,450000.0
2024-04-01,BEDOK,3 ROOM,703,BEDOK RESERVOIR RD,01 TO 03,82.0,New Generation,1980,55 years 08 months,472000.0
2024-04-01,BEDOK,3 ROOM,1,BEDOK STH AVE 1,01 TO 03,59.0,Improved,1976,50 years 09 months,361000.0
2024-04-01,BEDOK,3 ROOM,69,BEDOK STH AVE 3,10 TO 12,67.0,New Generation,1978,52 years 11 months,398000.0
2024-04-01,BEDOK,3 ROOM,40,BEDOK STH RD,07 TO 09,82.0,New Generation,1978,53 years 06 months,465000.0
2024-04-01,BEDOK,3 ROOM,59,CHAI CHEE RD,01 TO 03,76.0,Model A,1984,58 years 11 months,380000.0
2024-04-01,BEDOK,3 ROOM,21,CHAI CHEE RD,10 TO 12,65.0,Improved,1972,47 years 04 months,340000.0
2024-04-01,BEDOK,3 ROOM,807C,CHAI CHEE RD,07 TO 09,68.0,Model A,2016,91 years 08 months,568000.0
2024-04-01,BEDOK,3 ROOM,42,CHAI CHEE ST,10 TO 12,67.0,New Generation,1985,60 years 03 months,408888.0
2024-04-01,BEDOK,3 ROOM,45,CHAI CHEE ST,10 TO 12,68.0,New Generation,1980,55 years 02 months,358888.0
2024-04-01,BEDOK,3 ROOM,44,CHAI CHEE ST,04 TO 06,68.0,New Generation,1980,55 years 02 months,368000.0
2024-04-01,BEDOK,3 ROOM,54,CHAI CHEE ST,13 TO 15,82.0,New Generation,1981,56 years 01 month,435000.0
2024-04-01,BEDOK,3 ROOM,50,CHAI CHEE ST,10 TO 12,68.0,New Generation,1981,56 years 03 months,370000.0
2024-04-01,BEDOK,3 ROOM,42,CHAI CHEE ST,04 TO 06,67.0,New Generation,1985,60 years 02 months,405000.0
2024-04-01,BEDOK,3 ROOM,27,NEW UPP CHANGI RD,07 TO 09,65.0,Improved,1982,57 years 06 months,400000.0
2024-04-01,BEDOK,3 ROOM,29,NEW UPP CHANGI RD,07 TO 09,76.0,Improved,1977,52 years 02 months,400000.0
2024-04-01,BEDOK,3 ROOM,27,NEW UPP CHANGI RD,10 TO 12,65.0,Improved,1982,57 years 05 months,400000.0
2024-04-01,BEDOK,4 ROOM,221B,BEDOK CTRL,04 TO 06,94.0,Model A,2010,85 years 02 months,840000.0
2024-04-01,BEDOK,4 ROOM,221C,BEDOK CTRL,04 TO 06,97.0,Model A,2010,85 years 01 month,830000.0
2024-04-01,BEDOK,4 ROOM,131,BEDOK NTH AVE 3,01 TO 03,92.0,New Generation,1978,53 years 01 month,500000.0
2024-04-01,BEDOK,4 ROOM,131,BEDOK NTH AVE 3,13 TO 15,92.0,New Generation,1978,53 years 01 month,515000.0
2024-04-01,BEDOK,4 ROOM,507,BEDOK NTH AVE 3,10 TO 12,92.0,New Generation,1978,53 years 07 months,515000.0
2024-04-01,BEDOK,4 ROOM,183,BEDOK NTH RD,16 TO 18,85.0,Model A,2005,80 years 09 months,720000.0
2024-04-01,BEDOK,4 ROOM,119,BEDOK NTH RD,01 TO 03,92.0,New Generation,1978,53 years,485000.0
2024-04-01,BEDOK,4 ROOM,80,BEDOK NTH RD,07 TO 09,91.0,New Generation,1978,53 years 03 months,500000.0
2024-04-01,BEDOK,4 ROOM,78,BEDOK NTH RD,13 TO 15,92.0,New Generation,1978,53 years 03 months,503000.0
2024-04-01,BEDOK,4 ROOM,80,BEDOK NTH RD,10 TO 12,91.0,New Generation,1978,53 years 02 months,500000.0
2024-04-01,BEDOK,4 ROOM,545,BEDOK NTH ST 3,07 TO 09,93.0,New Generation,1980,55 years 02 months,489000.0
2024-04-01,BEDOK,4 ROOM,523,BEDOK NTH ST 3,04 TO 06,92.0,New Generation,1979,54 years 05 months,480000.0
2024-04-01,BEDOK,4 ROOM,523,BEDOK NTH ST 3,10 TO 12,92.0,New Generation,1979,54 years 04 months,480000.0
2024-04-01,BEDOK,4 ROOM,523,BEDOK NTH ST 3,10 TO 12,92.0,New Generation,1979,54 years 03 months,480000.0
2024-04-01,BEDOK,4 ROOM,547,BEDOK NTH ST 3,04 TO 06,92.0,New Generation,1980,55 years 01 month,500000.0
2024-04-01,BEDOK,4 ROOM,525,BEDOK NTH ST 3,10 TO 12,92.0,New Generation,1979,54 years 03 months,498000.0
2024-04-01,BEDOK,4 ROOM,186B,BEDOK NTH ST 4,10 TO 12,93.0,Model A,2018,93 years 09 months,830000.0
2024-04-01,BEDOK,4 ROOM,187B,BEDOK NTH ST 4,01 TO 03,93.0,Model A,2018,93 years 10 months,695000.0
2024-04-01,BEDOK,4 ROOM,187B,BEDOK NTH ST 4,07 TO 09,93.0,Model A,2018,93 years 09 months,810000.0
2024-04-01,BEDOK,4 ROOM,188C,BEDOK NTH ST 4,16 TO 18,93.0,Model A,2020,94 years 10 months,888888.0
2024-04-01,BEDOK,4 ROOM,188C,BEDOK NTH ST 4,01 TO 03,93.0,Model A,2020,94 years 10 months,720000.0
2024-04-01,BEDOK,4 ROOM,187B,BEDOK NTH ST 4,16 TO 18,93.0,Model A,2018,93 years 08 months,855888.0
2024-04-01,BEDOK,4 ROOM,187A,BEDOK NTH ST 4,04 TO 06,93.0,Model A,2018,93 years 08 months,795000.0
2024-04-01,BEDOK,4 ROOM,188D,BEDOK NTH ST 4,04 TO 06,93.0,Model A,2020,94 years 10 months,778000.0
2024-04-01,BEDOK,4 ROOM,188D,BEDOK NTH ST 4,04 TO 06,93.0,Model A,2020,94 years 10 months,745000.0
2024-04-01,BEDOK,4 ROOM,110,BEDOK RESERVOIR RD,07 TO 09,91.0,New Generation,1985,60 years 04 months,550000.0
2024-04-01,BEDOK,4 ROOM,626,BEDOK RESERVOIR RD,10 TO 12,91.0,New Generation,1981,56 years 01 month,536000.0
2024-04-01,BEDOK,4 ROOM,103,BEDOK RESERVOIR RD,01 TO 03,93.0,New Generation,1985,60 years 03 months,410000.0
2024-04-01,BEDOK,4 ROOM,148,BEDOK RESERVOIR RD,01 TO 03,84.0,Simplified,1987,62 years,515000.0
2024-04-01,BEDOK,4 ROOM,119,BEDOK RESERVOIR RD,04 TO 06,93.0,New Generation,1985,60 years 06 months,520000.0
2024-04-01,BEDOK,4 ROOM,703,BEDOK RESERVOIR RD,01 TO 03,93.0,New Generation,1980,55 years 08 months,480000.0
2024-04-01,BEDOK,4 ROOM,122,BEDOK RESERVOIR RD,04 TO 06,84.0,Simplified,1987,62 years 02 months,535888.0
2024-04-01,BEDOK,4 ROOM,125,BEDOK RESERVOIR RD,04 TO 06,84.0,Simplified,1987,62 years 04 months,518000.0
2024-04-01,BEDOK,4 ROOM,150,BEDOK RESERVOIR RD,04 TO 06,84.0,Simplified,1988,63 years 03 months,560000.0
2024-04-01,BEDOK,4 ROOM,773,BEDOK RESERVOIR VIEW,10 TO 12,105.0,Premium Apartment,2000,75 years 09 months,688888.0
2024-04-01,BEDOK,4 ROOM,773,BEDOK RESERVOIR VIEW,13 TO 15,105.0,Premium Apartment,2000,75 years 09 months,720000.0
2024-04-01,BEDOK,4 ROOM,771,BEDOK RESERVOIR VIEW,10 TO 12,105.0,Premium Apartment,2000,75 years 09 months,740000.0
2024-04-01,BEDOK,4 ROOM,772,BEDOK RESERVOIR VIEW,07 TO 09,105.0,Premium Apartment,2000,75 years 09 months,688000.0
2024-04-01,BEDOK,4 ROOM,771,BEDOK RESERVOIR VIEW,04 TO 06,105.0,Premium Apartment,2000,75 years 09 months,630000.0
2024-04-01,BEDOK,4 ROOM,763,BEDOK RESERVOIR VIEW,16 TO 18,105.0,Premium Apartment,2000,75 years 08 months,790000.0
2024-04-01,BEDOK,4 ROOM,36,BEDOK STH AVE 2,07 TO 09,84.0,Improved,1977,52 years 06 months,422000.0
2024-04-01,BEDOK,4 ROOM,8,BEDOK STH AVE 2,04 TO 06,82.0,Improved,1976,50 years 10 months,445000.0
2024-04-01,BEDOK,4 ROOM,35,BEDOK STH AVE 2,04 TO 06,90.0,Improved,1977,52 years 05 months,435000.0
2024-04-01,BEDOK,4 ROOM,8,BEDOK STH AVE 2,10 TO 12,82.0,Improved,1976,50 years 09 months,432000.0
2024-04-01,BEDOK,4 ROOM,8,BEDOK STH AVE 2,13 TO 15,82.0,Improved,1976,50 years 10 months,436000.0
2024-04-01,BEDOK,4 ROOM,157,BEDOK STH AVE 3,04 TO 06,83.0,Simplified,1985,60 years 01 month,485000.0
2024-04-01,BEDOK,4 ROOM,43,CHAI CHEE ST,10 TO 12,93.0,New Generation,1980,55 years 01 month,480000.0
2024-04-01,BEDOK,4 ROOM,657,JLN TENAGA,10 TO 12,106.0,Model A,1996,71 years 04 months,689000.0
2024-04-01,BEDOK,4 ROOM,657,JLN TENAGA,07 TO 09,106.0,Model A,1996,71 years 04 months,700000.0
2024-04-01,BEDOK,5 ROOM,219C,BEDOK CTRL,07 TO 09,112.0,Improved,2010,85 years 02 months,987000.0
2024-04-01,BEDOK,5 ROOM,552,BEDOK NTH AVE 1,10 TO 12,121.0,Improved,1980,55 years 02 months,635000.0
2024-04-01,BEDOK,5 ROOM,413,BEDOK NTH AVE 2,19 TO 21,119.0,Improved,1979,54 years 02 months,710000.0
2024-04-01,BEDOK,5 ROOM,413,BEDOK NTH AVE 2,04 TO 06,119.0,Improved,1979,54 years 02 months,630000.0
2024-04-01,BEDOK,5 ROOM,137,BEDOK NTH AVE 3,07 TO 09,117.0,Standard,1979,53 years 10 months,640000.0
2024-04-01,BEDOK,5 ROOM,505,BEDOK NTH AVE 3,16 TO 18,119.0,Improved,1978,53 years 08 months,640000.0
2024-04-01,BEDOK,5 ROOM,96,BEDOK NTH AVE 4,19 TO 21,123.0,Standard,1978,53 years 08 months,685000.0
2024-04-01,BEDOK,5 ROOM,94D,BEDOK NTH AVE 4,10 TO 12,132.0,Model A,1993,68 years 01 month,815888.0
2024-04-01,BEDOK,5 ROOM,180,BEDOK NTH RD,13 TO 15,110.0,Improved,2006,80 years 09 months,785000.0
2024-04-01,BEDOK,5 ROOM,111,BEDOK NTH RD,04 TO 06,117.0,Standard,1978,53 years 03 months,580000.0
2024-04-01,BEDOK,5 ROOM,120,BEDOK NTH ST 2,01 TO 03,117.0,Standard,1978,53 years,600000.0
2024-04-01,BEDOK,5 ROOM,118,BEDOK NTH ST 2,10 TO 12,123.0,Standard,1978,53 years,615000.0
2024-04-01,BEDOK,5 ROOM,187A,BEDOK NTH ST 4,01 TO 03,113.0,Improved,2018,93 years 10 months,935000.0
2024-04-01,BEDOK,5 ROOM,90,BEDOK NTH ST 4,10 TO 12,117.0,Standard,1978,53 years 03 months,620000.0
2024-04-01,BEDOK,5 ROOM,187A,BEDOK NTH ST 4,13 TO 15,113.0,Improved,2018,93 years 08 months,975000.0
2024-04-01,BEDOK,5 ROOM,748C,BEDOK RESERVOIR CRES,10 TO 12,105.0,DBSS,2014,89 years 06 months,988000.0
2024-04-01,BEDOK,5 ROOM,621,BEDOK RESERVOIR RD,04 TO 06,123.0,Improved,1983,57 years 10 months,650000.0
2024-04-01,BEDOK,5 ROOM,146,BEDOK RESERVOIR RD,10 TO 12,122.0,Improved,1986,61 years 09 months,658000.0
2024-04-01,BEDOK,5 ROOM,766,BEDOK RESERVOIR VIEW,04 TO 06,115.0,Premium Apartment,2000,75 years 09 months,793000.0
2024-04-01,BEDOK,5 ROOM,771,BEDOK RESERVOIR VIEW,13 TO 15,115.0,Premium Apartment,2000,75 years 08 months,832888.0
2024-04-01,BEDOK,5 ROOM,67,BEDOK STH AVE 3,19 TO 21,123.0,Standard,1977,52 years 07 months,828000.0
2024-04-01,BEDOK,5 ROOM,21,BEDOK STH RD,01 TO 03,114.0,Standard,1976,50 years 10 months,645000.0
2024-04-01,BEDOK,5 ROOM,20,BEDOK STH RD,10 TO 12,117.0,Standard,1976,50 years 09 months,700000.0
2024-04-01,BEDOK,5 ROOM,33,CHAI CHEE AVE,16 TO 18,117.0,Standard,1975,49 years 10 months,770000.0
2024-04-01,BEDOK,5 ROOM,53,CHAI CHEE ST,01 TO 03,121.0,Improved,1981,56 years 03 months,560000.0
2024-04-01,BEDOK,5 ROOM,670,JLN DAMAI,07 TO 09,125.0,Improved,1996,71 years 07 months,800000.0
2024-04-01,BEDOK,5 ROOM,670,JLN DAMAI,13 TO 15,128.0,Improved,1996,71 years 07 months,830000.0
2024-04-01,BEDOK,5 ROOM,645,JLN TENAGA,13 TO 15,123.0,Improved,1993,68 years 02 months,798000.0
2024-04-01,BEDOK,5 ROOM,654,JLN TENAGA,07 TO 09,133.0,Model A,1996,71 years 07 months,845000.0
2024-04-01,BEDOK,EXECUTIVE,94B,BEDOK NTH AVE 4,01 TO 03,141.0,Apartment,1993,68 years 02 months,850000.0
2024-04-01,BEDOK,EXECUTIVE,716,BEDOK RESERVOIR RD,13 TO 15,143.0,Apartment,1984,58 years 10 months,1000000.0
2024-04-01,BEDOK,EXECUTIVE,10B,BEDOK STH AVE 2,10 TO 12,143.0,Apartment,1995,70 years 09 months,1180888.0
2024-04-01,BISHAN,3 ROOM,148,BISHAN ST 11,04 TO 06,64.0,Simplified,1987,62 years 04 months,465000.0
2024-04-01,BISHAN,3 ROOM,193,BISHAN ST 13,04 TO 06,64.0,Simplified,1987,62 years 09 months,500000.0
2024-04-01,BISHAN,3 ROOM,407,SIN MING AVE,13 TO 15,64.0,Simplified,1986,61 years 05 months,510000.0
2024-04-01,BISHAN,4 ROOM,145,BISHAN ST 11,04 TO 06,84.0,Simplified,1987,62 years 06 months,590000.0
2024-04-01,BISHAN,4 ROOM,109,BISHAN ST 12,13 TO 15,84.0,Simplified,1985,60 years 09 months,718000.0
2024-04-01,BISHAN,4 ROOM,131,BISHAN ST 12,01 TO 03,104.0,Model A,1986,60 years 10 months,580000.0
2024-04-01,BISHAN,4 ROOM,115,BISHAN ST 12,04 TO 06,104.0,Model A,1986,60 years 10 months,780000.0
2024-04-01,BISHAN,4 ROOM,196,BISHAN ST 13,07 TO 09,84.0,Simplified,1987,61 years 10 months,750000.0
2024-04-01,BISHAN,4 ROOM,176,BISHAN ST 13,07 TO 09,88.0,Simplified,1988,63 years 01 month,680888.0
2024-04-01,BISHAN,4 ROOM,175,BISHAN ST 13,04 TO 06,83.0,Simplified,1987,62 years 06 months,681000.0
2024-04-01,BISHAN,4 ROOM,185,BISHAN ST 13,01 TO 03,85.0,Simplified,1988,63 years 01 month,702000.0
2024-04-01,BISHAN,4 ROOM,195,BISHAN ST 13,10 TO 12,85.0,Simplified,1988,62 years 10 months,758000.0
2024-04-01,BISHAN,4 ROOM,175,BISHAN ST 13,07 TO 09,83.0,Simplified,1987,62 years 06 months,710000.0
2024-04-01,BISHAN,4 ROOM,154,BISHAN ST 13,07 TO 09,84.0,Simplified,1987,62 years 09 months,638000.0
2024-04-01,BISHAN,4 ROOM,197,BISHAN ST 13,04 TO 06,103.0,Model A,1987,61 years 10 months,750000.0
2024-04-01,BISHAN,4 ROOM,256,BISHAN ST 22,07 TO 09,103.0,Model A,1992,67 years 04 months,760000.0
2024-04-01,BISHAN,4 ROOM,263,BISHAN ST 22,04 TO 06,106.0,Model A,1992,67 years 05 months,728000.0
2024-04-01,BISHAN,4 ROOM,256,BISHAN ST 22,01 TO 03,115.0,Model A,1992,67 years 04 months,718888.0
2024-04-01,BISHAN,4 ROOM,215,BISHAN ST 23,07 TO 09,105.0,Model A,1992,67 years 01 month,750000.0
2024-04-01,BISHAN,4 ROOM,230,BISHAN ST 23,04 TO 06,105.0,Model A,1992,67 years 01 month,770000.0
2024-04-01,BISHAN,4 ROOM,278,BISHAN ST 24,10 TO 12,108.0,Model A,1992,67 years 05 months,910000.0
2024-04-01,BISHAN,4 ROOM,403,SIN MING AVE,01 TO 03,84.0,Simplified,1986,61 years 07 months,630000.0
2024-04-01,BISHAN,5 ROOM,124,BISHAN ST 12,07 TO 09,121.0,Improved,1987,62 years 03 months,938000.0
2024-04-01,BISHAN,5 ROOM,156,BISHAN ST 13,16 TO 18,121.0,Improved,1988,63 years 06 months,935000.0
2024-04-01,BISHAN,5 ROOM,164,BISHAN ST 13,10 TO 12,121.0,Improved,1988,63 years 04 months,950000.0
2024-04-01,BISHAN,5 ROOM,251,BISHAN ST 22,01 TO 03,121.0,Improved,1992,67 years 05 months,945000.0
2024-04-01,BISHAN,5 ROOM,255,BISHAN ST 22,10 TO 12,133.0,Model A,1992,67 years 05 months,960000.0
2024-04-01,BISHAN,5 ROOM,290,BISHAN ST 24,10 TO 12,121.0,Premium Apartment,1998,73 years 04 months,1018000.0
2024-04-01,BISHAN,5 ROOM,447,BRIGHT HILL DR,01 TO 03,125.0,Improved,1990,64 years 09 months,838000.0
2024-04-01,BISHAN,5 ROOM,408,SIN MING AVE,22 TO 24,120.0,Improved,1986,61 years 06 months,970000.0
2024-04-01,BISHAN,5 ROOM,405,SIN MING AVE,16 TO 18,120.0,Improved,1986,61 years 03 months,942000.0
2024-04-01,BISHAN,EXECUTIVE,212,BISHAN ST 23,10 TO 12,149.0,Maisonette,1992,67 years 02 months,1238000.0
2024-04-01,BUKIT BATOK,2 ROOM,436A,BT BATOK WEST AVE 5,01 TO 03,47.0,Model A,2020,94 years 11 months,330000.0
2024-04-01,BUKIT BATOK,2 ROOM,436A,BT BATOK WEST AVE 5,04 TO 06,47.0,Model A,2020,94 years 11 months,330000.0
2024-04-01,BUKIT BATOK,2 ROOM,436A,BT BATOK WEST AVE 5,04 TO 06,38.0,Model A,2020,94 years 10 months,310000.0
2024-04-01,BUKIT BATOK,2 ROOM,435B,BT BATOK WEST AVE 5,10 TO 12,38.0,Model A,2020,94 years 11 months,330000.0
2024-04-01,BUKIT BATOK,2 ROOM,436A,BT BATOK WEST AVE 5,07 TO 09,38.0,Model A,2020,94 years 11 months,323000.0
2024-04-01,BUKIT BATOK,2 ROOM,451A,BT BATOK WEST AVE 6,19 TO 21,38.0,Model A,2019,94 years,338000.0
2024-04-01,BUKIT BATOK,2 ROOM,438B,BT BATOK WEST AVE 8,07 TO 09,47.0,Model A,2020,94 years 11 months,350000.0
2024-04-01,BUKIT BATOK,2 ROOM,438B,BT BATOK WEST AVE 8,01 TO 03,47.0,Model A,2020,94 years 11 months,345000.0
2024-04-01,BUKIT BATOK,2 ROOM,438C,BT BATOK WEST AVE 8,01 TO 03,38.0,Model A,2020,94 years 11 months,310000.0
2024-04-01,BUKIT BATOK,3 ROOM,226,BT BATOK CTRL,01 TO 03,67.0,New Generation,1984,59 years 09 months,376000.0
2024-04-01,BUKIT BATOK,3 ROOM,227,BT BATOK CTRL,01 TO 03,67.0,New Generation,1985,60 years,390000.0
2024-04-01,BUKIT BATOK,3 ROOM,225,BT BATOK CTRL,01 TO 03,67.0,New Generation,1985,60 years 05 months,366800.0
2024-04-01,BUKIT BATOK,3 ROOM,230,BT BATOK EAST AVE 3,07 TO 09,67.0,New Generation,1985,60 years 06 months,405000.0
2024-04-01,BUKIT BATOK,3 ROOM,271,BT BATOK EAST AVE 4,07 TO 09,64.0,Simplified,1986,61 years 06 months,368000.0
2024-04-01,BUKIT BATOK,3 ROOM,264,BT BATOK EAST AVE 4,10 TO 12,73.0,Model A,1985,60 years 01 month,360000.0
2024-04-01,BUKIT BATOK,3 ROOM,275,BT BATOK EAST AVE 4,01 TO 03,64.0,Simplified,1987,62 years 09 months,350000.0
2024-04-01,BUKIT BATOK,3 ROOM,260,BT BATOK EAST AVE 4,10 TO 12,73.0,Model A,1985,60 years 03 months,406000.0
2024-04-01,BUKIT BATOK,3 ROOM,264,BT BATOK EAST AVE 4,04 TO 06,73.0,Model A,1985,60 years 01 month,363000.0
2024-04-01,BUKIT BATOK,3 ROOM,241,BT BATOK EAST AVE 5,07 TO 09,67.0,New Generation,1985,60 years 07 months,375000.0
2024-04-01,BUKIT BATOK,3 ROOM,233,BT BATOK EAST AVE 5,10 TO 12,67.0,New Generation,1985,60 years 02 months,400000.0
2024-04-01,BUKIT BATOK,3 ROOM,247,BT BATOK EAST AVE 5,10 TO 12,73.0,Model A,1985,60 years,390000.0
2024-04-01,BUKIT BATOK,3 ROOM,242,BT BATOK EAST AVE 5,01 TO 03,73.0,New Generation,1985,60 years 08 months,420000.0
2024-04-01,BUKIT BATOK,3 ROOM,163,BT BATOK ST 11,01 TO 03,73.0,Model A,1985,59 years 11 months,370000.0
2024-04-01,BUKIT BATOK,3 ROOM,161,BT BATOK ST 11,04 TO 06,73.0,Model A,1984,59 years 04 months,388000.0
2024-04-01,BUKIT BATOK,3 ROOM,161,BT BATOK ST 11,10 TO 12,73.0,Model A,1984,59 years 04 months,390000.0
2024-04-01,BUKIT BATOK,3 ROOM,212,BT BATOK ST 21,07 TO 09,69.0,New Generation,1985,60 years 05 months,385000.0
2024-04-01,BUKIT BATOK,3 ROOM,217,BT BATOK ST 21,04 TO 06,67.0,New Generation,1984,59 years 09 months,372000.0
2024-04-01,BUKIT BATOK,3 ROOM,208,BT BATOK ST 21,10 TO 12,73.0,Model A,1983,58 years 04 months,418000.0
2024-04-01,BUKIT BATOK,3 ROOM,377,BT BATOK ST 31,04 TO 06,67.0,Model A,2019,94 years 02 months,485000.0
2024-04-01,BUKIT BATOK,3 ROOM,377,BT BATOK ST 31,25 TO 27,67.0,Model A,2019,94 years 01 month,570000.0
2024-04-01,BUKIT BATOK,3 ROOM,377,BT BATOK ST 31,04 TO 06,67.0,Model A,2019,94 years 01 month,475000.0
2024-04-01,BUKIT BATOK,3 ROOM,321,BT BATOK ST 33,04 TO 06,68.0,New Generation,1986,61 years,373000.0
2024-04-01,BUKIT BATOK,3 ROOM,345,BT BATOK ST 34,10 TO 12,73.0,Model A,1987,62 years,390000.0
2024-04-01,BUKIT BATOK,3 ROOM,343,BT BATOK ST 34,04 TO 06,73.0,Model A,1987,61 years 11 months,405000.0
2024-04-01,BUKIT BATOK,3 ROOM,340,BT BATOK ST 34,07 TO 09,73.0,Model A,1987,62 years 03 months,410000.0
2024-04-01,BUKIT BATOK,3 ROOM,505,BT BATOK ST 52,07 TO 09,69.0,Improved,1988,62 years 11 months,368000.0
2024-04-01,BUKIT BATOK,3 ROOM,506,BT BATOK ST 52,01 TO 03,60.0,Improved,1987,62 years 04 months,330000.0
2024-04-01,BUKIT BATOK,3 ROOM,503,BT BATOK ST 52,04 TO 06,64.0,Simplified,1987,62 years 04 months,360000.0
2024-04-01,BUKIT BATOK,3 ROOM,540,BT BATOK ST 52,10 TO 12,73.0,Model A,1987,62 years 06 months,400000.0
2024-04-01,BUKIT BATOK,3 ROOM,503,BT BATOK ST 52,04 TO 06,64.0,Simplified,1987,62 years 03 months,375000.0
2024-04-01,BUKIT BATOK,3 ROOM,416,BT BATOK WEST AVE 4,07 TO 09,73.0,Model A,1987,62 years 08 months,430000.0
2024-04-01,BUKIT BATOK,3 ROOM,410,BT BATOK WEST AVE 4,10 TO 12,68.0,New Generation,1988,63 years 02 months,380000.0
2024-04-01,BUKIT BATOK,3 ROOM,436A,BT BATOK WEST AVE 5,07 TO 09,68.0,Model A,2020,94 years 11 months,460000.0
2024-04-01,BUKIT BATOK,3 ROOM,450A,BT BATOK WEST AVE 6,07 TO 09,67.0,Model A,2019,94 years,485000.0
2024-04-01,BUKIT BATOK,3 ROOM,451A,BT BATOK WEST AVE 6,19 TO 21,67.0,Model A,2019,94 years,485000.0
2024-04-01,BUKIT BATOK,3 ROOM,441A,BT BATOK WEST AVE 8,07 TO 09,67.0,Model A,2019,93 years 11 months,460000.0
2024-04-01,BUKIT BATOK,3 ROOM,460A,BT BATOK WEST AVE 9,07 TO 09,68.0,Model A,2020,95 years 02 months,450000.0
2024-04-01,BUKIT BATOK,4 ROOM,225,BT BATOK CTRL,04 TO 06,99.0,New Generation,1985,60 years 05 months,515000.0
2024-04-01,BUKIT BATOK,4 ROOM,225,BT BATOK CTRL,01 TO 03,93.0,New Generation,1985,60 years 05 months,460000.0
2024-04-01,BUKIT BATOK,4 ROOM,104,BT BATOK CTRL,01 TO 03,104.0,Model A,1985,60 years 01 month,515000.0
2024-04-01,BUKIT BATOK,4 ROOM,230,BT BATOK EAST AVE 3,07 TO 09,93.0,New Generation,1985,60 years 08 months,490000.0
2024-04-01,BUKIT BATOK,4 ROOM,229,BT BATOK EAST AVE 3,07 TO 09,98.0,New Generation,1985,60 years,505000.0
2024-04-01,BUKIT BATOK,4 ROOM,265,BT BATOK EAST AVE 4,07 TO 09,93.0,New Generation,1985,60 years 08 months,485000.0
2024-04-01,BUKIT BATOK,4 ROOM,271,BT BATOK EAST AVE 4,04 TO 06,89.0,Simplified,1986,61 years 06 months,443888.0
2024-04-01,BUKIT BATOK,4 ROOM,258,BT BATOK EAST AVE 4,07 TO 09,103.0,Model A,1985,60 years,498000.0
2024-04-01,BUKIT BATOK,4 ROOM,247,BT BATOK EAST AVE 5,07 TO 09,103.0,Model A,1985,60 years,495000.0
2024-04-01,BUKIT BATOK,4 ROOM,242,BT BATOK EAST AVE 5,04 TO 06,91.0,New Generation,1985,60 years 09 months,480000.0
2024-04-01,BUKIT BATOK,4 ROOM,247,BT BATOK EAST AVE 5,07 TO 09,107.0,Model A,1985,60 years,525000.0
2024-04-01,BUKIT BATOK,4 ROOM,240,BT BATOK EAST AVE 5,01 TO 03,97.0,New Generation,1985,60 years 07 months,515000.0
2024-04-01,BUKIT BATOK,4 ROOM,162,BT BATOK ST 11,04 TO 06,114.0,Model A,1985,59 years 11 months,555000.0
2024-04-01,BUKIT BATOK,4 ROOM,293B,BT BATOK ST 21,04 TO 06,92.0,Model A,2019,93 years 11 months,645000.0
2024-04-01,BUKIT BATOK,4 ROOM,207,BT BATOK ST 21,01 TO 03,104.0,Model A,1983,58 years 06 months,535000.0
2024-04-01,BUKIT BATOK,4 ROOM,293C,BT BATOK ST 21,01 TO 03,92.0,Model A,2019,93 years 10 months,580000.0
2024-04-01,BUKIT BATOK,4 ROOM,293D,BT BATOK ST 21,16 TO 18,93.0,Model A,2019,93 years 10 months,708888.0
2024-04-01,BUKIT BATOK,4 ROOM,291E,BT BATOK ST 24,01 TO 03,104.0,Model A,1998,72 years 11 months,525000.0
2024-04-01,BUKIT BATOK,4 ROOM,289G,BT BATOK ST 25,10 TO 12,101.0,Model A,1998,73 years 04 months,556000.0
2024-04-01,BUKIT BATOK,4 ROOM,336,BT BATOK ST 32,04 TO 06,84.0,Simplified,1986,61 years 08 months,450000.0
2024-04-01,BUKIT BATOK,4 ROOM,322,BT BATOK ST 33,07 TO 09,93.0,New Generation,1985,60 years 07 months,488000.0
2024-04-01,BUKIT BATOK,4 ROOM,319,BT BATOK ST 33,01 TO 03,84.0,Simplified,1986,61 years 06 months,445000.0
2024-04-01,BUKIT BATOK,4 ROOM,339,BT BATOK ST 34,04 TO 06,103.0,Model A,1987,62 years 06 months,508888.0
2024-04-01,BUKIT BATOK,4 ROOM,343,BT BATOK ST 34,01 TO 03,103.0,Model A,1987,62 years,455000.0
2024-04-01,BUKIT BATOK,4 ROOM,541,BT BATOK ST 52,01 TO 03,84.0,Simplified,1986,61 years 06 months,415000.0
2024-04-01,BUKIT BATOK,4 ROOM,391,BT BATOK WEST AVE 5,13 TO 15,92.0,Model A,2004,79 years 06 months,530000.0
2024-04-01,BUKIT BATOK,4 ROOM,436A,BT BATOK WEST AVE 5,04 TO 06,93.0,Model A,2020,95 years,600888.0
2024-04-01,BUKIT BATOK,4 ROOM,395,BT BATOK WEST AVE 5,04 TO 06,86.0,Model A,2004,79 years 06 months,519000.0
2024-04-01,BUKIT BATOK,4 ROOM,435C,BT BATOK WEST AVE 5,07 TO 09,93.0,Model A,2020,94 years 11 months,584000.0
2024-04-01,BUKIT BATOK,4 ROOM,437A,BT BATOK WEST AVE 5,13 TO 15,93.0,Model A,2020,94 years 11 months,630000.0
2024-04-01,BUKIT BATOK,4 ROOM,435C,BT BATOK WEST AVE 5,01 TO 03,93.0,Model A,2020,94 years 11 months,550000.0
2024-04-01,BUKIT BATOK,4 ROOM,392,BT BATOK WEST AVE 5,01 TO 03,92.0,Model A,2004,79 years 06 months,490000.0
2024-04-01,BUKIT BATOK,4 ROOM,383,BT BATOK WEST AVE 5,25 TO 27,90.0,Model A,2005,79 years 10 months,575000.0
2024-04-01,BUKIT BATOK,4 ROOM,450C,BT BATOK WEST AVE 6,04 TO 06,93.0,Model A,2019,94 years 01 month,595000.0
2024-04-01,BUKIT BATOK,4 ROOM,450B,BT BATOK WEST AVE 6,07 TO 09,93.0,Model A,2019,94 years,640000.0
2024-04-01,BUKIT BATOK,4 ROOM,194B,BT BATOK WEST AVE 6,04 TO 06,92.0,Premium Apartment,2017,92 years 04 months,660000.0
2024-04-01,BUKIT BATOK,4 ROOM,118,BT BATOK WEST AVE 6,07 TO 09,107.0,Model A,1984,59 years 04 months,600000.0
2024-04-01,BUKIT BATOK,4 ROOM,186,BT BATOK WEST AVE 6,07 TO 09,112.0,Model A,1989,63 years 11 months,592888.0
2024-04-01,BUKIT BATOK,4 ROOM,450C,BT BATOK WEST AVE 6,07 TO 09,93.0,Model A,2019,94 years,630000.0
2024-04-01,BUKIT BATOK,4 ROOM,194B,BT BATOK WEST AVE 6,07 TO 09,92.0,Premium Apartment,2017,92 years 04 months,668000.0
2024-04-01,BUKIT BATOK,4 ROOM,112,BT BATOK WEST AVE 6,01 TO 03,104.0,Model A,1984,59 years 07 months,490000.0
2024-04-01,BUKIT BATOK,4 ROOM,189,BT BATOK WEST AVE 6,07 TO 09,98.0,Model A,1997,71 years 11 months,585000.0
2024-04-01,BUKIT BATOK,4 ROOM,439C,BT BATOK WEST AVE 8,10 TO 12,93.0,Model A,2020,95 years,622500.0
2024-04-01,BUKIT BATOK,4 ROOM,443A,BT BATOK WEST AVE 8,07 TO 09,92.0,Model A,2019,94 years 01 month,610000.0
2024-04-01,BUKIT BATOK,4 ROOM,439B,BT BATOK WEST AVE 8,07 TO 09,93.0,Model A,2020,94 years 11 months,627000.0
2024-04-01,BUKIT BATOK,4 ROOM,440C,BT BATOK WEST AVE 8,01 TO 03,92.0,Model A,2019,94 years,550000.0
2024-04-01,BUKIT BATOK,4 ROOM,438C,BT BATOK WEST AVE 8,10 TO 12,93.0,Model A,2020,94 years 11 months,620000.0
2024-04-01,BUKIT BATOK,4 ROOM,438A,BT BATOK WEST AVE 8,10 TO 12,93.0,Model A,2020,94 years 11 months,635000.0
2024-04-01,BUKIT BATOK,4 ROOM,438A,BT BATOK WEST AVE 8,13 TO 15,93.0,Model A,2020,94 years 11 months,655000.0
2024-04-01,BUKIT BATOK,4 ROOM,441C,BT BATOK WEST AVE 8,13 TO 15,92.0,Model A,2019,94 years,638000.0
2024-04-01,BUKIT BATOK,4 ROOM,438A,BT BATOK WEST AVE 8,04 TO 06,93.0,Model A,2020,94 years 11 months,590000.0
2024-04-01,BUKIT BATOK,4 ROOM,461B,BT BATOK WEST AVE 8,07 TO 09,93.0,Model A,2019,94 years 06 months,620000.0
2024-04-01,BUKIT BATOK,4 ROOM,439A,BT BATOK WEST AVE 8,13 TO 15,93.0,Model A,2020,94 years 11 months,655000.0
2024-04-01,BUKIT BATOK,4 ROOM,439B,BT BATOK WEST AVE 8,04 TO 06,93.0,Model A,2020,94 years 11 months,618000.0
2024-04-01,BUKIT BATOK,4 ROOM,439A,BT BATOK WEST AVE 8,10 TO 12,93.0,Model A,2020,94 years 11 months,638000.0
2024-04-01,BUKIT BATOK,4 ROOM,439A,BT BATOK WEST AVE 8,07 TO 09,93.0,Model A,2020,94 years 11 months,625000.0
2024-04-01,BUKIT BATOK,4 ROOM,443C,BT BATOK WEST AVE 8,07 TO 09,92.0,Model A,2019,94 years,573000.0
2024-04-01,BUKIT BATOK,4 ROOM,441B,BT BATOK WEST AVE 8,01 TO 03,92.0,Model A,2019,94 years,560000.0
2024-04-01,BUKIT BATOK,4 ROOM,438B,BT BATOK WEST AVE 8,01 TO 03,93.0,Model A,2020,94 years 10 months,588888.0
2024-04-01,BUKIT BATOK,4 ROOM,440B,BT BATOK WEST AVE 8,01 TO 03,92.0,Model A,2019,94 years,590000.0
2024-04-01,BUKIT BATOK,4 ROOM,438C,BT BATOK WEST AVE 8,01 TO 03,93.0,Model A,2020,95 years,585000.0
2024-04-01,BUKIT BATOK,4 ROOM,461B,BT BATOK WEST AVE 8,10 TO 12,93.0,Model A,2019,94 years 06 months,650000.0
2024-04-01,BUKIT BATOK,4 ROOM,439A,BT BATOK WEST AVE 8,07 TO 09,93.0,Model A,2020,94 years 11 months,630000.0
2024-04-01,BUKIT BATOK,4 ROOM,171,BT BATOK WEST AVE 8,04 TO 06,103.0,Model A,1985,60 years,502000.0
2024-04-01,BUKIT BATOK,4 ROOM,461B,BT BATOK WEST AVE 8,13 TO 15,93.0,Model A,2019,94 years 06 months,655000.0
2024-04-01,BUKIT BATOK,4 ROOM,438A,BT BATOK WEST AVE 8,10 TO 12,93.0,Model A,2020,94 years 11 months,630000.0
2024-04-01,BUKIT BATOK,4 ROOM,440C,BT BATOK WEST AVE 8,10 TO 12,92.0,Model A,2019,93 years 11 months,620000.0
2024-04-01,BUKIT BATOK,4 ROOM,460B,BT BATOK WEST AVE 9,13 TO 15,93.0,Model A,2020,95 years 02 months,628888.0
2024-04-01,BUKIT BATOK,4 ROOM,460A,BT BATOK WEST AVE 9,07 TO 09,93.0,Model A,2020,95 years 02 months,628000.0
2024-04-01,BUKIT BATOK,4 ROOM,460B,BT BATOK WEST AVE 9,07 TO 09,93.0,Model A,2020,95 years 02 months,630000.0
2024-04-01,BUKIT BATOK,4 ROOM,449B,BT BATOK WEST AVE 9,16 TO 18,93.0,Model A,2019,94 years,680000.0
2024-04-01,BUKIT BATOK,4 ROOM,449A,BT BATOK WEST AVE 9,01 TO 03,93.0,Model A,2019,94 years,550000.0
2024-04-01,BUKIT BATOK,4 ROOM,449A,BT BATOK WEST AVE 9,04 TO 06,93.0,Model A,2019,94 years,571000.0
2024-04-01,BUKIT BATOK,5 ROOM,620,BT BATOK CTRL,28 TO 30,110.0,Improved,2003,78 years 08 months,888000.0
2024-04-01,BUKIT BATOK,5 ROOM,292B,BT BATOK EAST AVE 6,13 TO 15,113.0,Improved,2019,93 years 09 months,850000.0
2024-04-01,BUKIT BATOK,5 ROOM,293B,BT BATOK ST 21,13 TO 15,113.0,Improved,2019,93 years 10 months,895000.0
2024-04-01,BUKIT BATOK,5 ROOM,296C,BT BATOK ST 22,34 TO 36,113.0,Premium Apartment,2018,93 years,950000.0
2024-04-01,BUKIT BATOK,5 ROOM,298,BT BATOK ST 22,10 TO 12,119.0,Improved,1997,72 years 04 months,668000.0
2024-04-01,BUKIT BATOK,5 ROOM,296A,BT BATOK ST 22,04 TO 06,115.0,Premium Apartment,2018,92 years 11 months,840000.0
2024-04-01,BUKIT BATOK,5 ROOM,291A,BT BATOK ST 24,07 TO 09,121.0,Improved,1997,72 years 09 months,690000.0
2024-04-01,BUKIT BATOK,5 ROOM,531,BT BATOK ST 51,07 TO 09,122.0,Improved,1986,61 years 06 months,580000.0
2024-04-01,BUKIT BATOK,5 ROOM,510,BT BATOK ST 52,01 TO 03,122.0,Improved,1986,61 years 08 months,610000.0
2024-04-01,BUKIT BATOK,5 ROOM,435C,BT BATOK WEST AVE 5,13 TO 15,113.0,Improved,2020,94 years 11 months,810000.0
2024-04-01,BUKIT BATOK,5 ROOM,437A,BT BATOK WEST AVE 5,13 TO 15,113.0,Improved,2020,94 years 11 months,770000.0
2024-04-01,BUKIT BATOK,5 ROOM,435C,BT BATOK WEST AVE 5,07 TO 09,113.0,Improved,2020,94 years 11 months,750000.0
2024-04-01,BUKIT BATOK,5 ROOM,392,BT BATOK WEST AVE 5,07 TO 09,118.0,Improved,2004,79 years 06 months,690000.0
2024-04-01,BUKIT BATOK,5 ROOM,450C,BT BATOK WEST AVE 6,16 TO 18,115.0,Improved,2019,94 years 01 month,800000.0
2024-04-01,BUKIT BATOK,5 ROOM,115,BT BATOK WEST AVE 6,07 TO 09,132.0,Model A,1985,60 years 01 month,675000.0
2024-04-01,BUKIT BATOK,5 ROOM,450C,BT BATOK WEST AVE 6,01 TO 03,113.0,Improved,2019,94 years,700000.0
2024-04-01,BUKIT BATOK,5 ROOM,452A,BT BATOK WEST AVE 6,07 TO 09,113.0,Improved,2019,94 years,800000.0
2024-04-01,BUKIT BATOK,5 ROOM,187,BT BATOK WEST AVE 6,07 TO 09,121.0,Improved,1989,63 years 11 months,668000.0
2024-04-01,BUKIT BATOK,5 ROOM,450C,BT BATOK WEST AVE 6,16 TO 18,115.0,Improved,2019,94 years,810000.0
2024-04-01,BUKIT BATOK,5 ROOM,450B,BT BATOK WEST AVE 6,13 TO 15,113.0,Improved,2019,94 years,785000.0
2024-04-01,BUKIT BATOK,5 ROOM,446A,BT BATOK WEST AVE 8,04 TO 06,112.0,Improved,2019,93 years 11 months,745000.0
2024-04-01,BUKIT BATOK,5 ROOM,440C,BT BATOK WEST AVE 8,01 TO 03,112.0,Improved,2019,94 years,690000.0
2024-04-01,BUKIT BATOK,5 ROOM,461C,BT BATOK WEST AVE 8,01 TO 03,114.0,Improved,2019,94 years 06 months,735000.0
2024-04-01,BUKIT BATOK,5 ROOM,461C,BT BATOK WEST AVE 8,04 TO 06,114.0,Improved,2019,94 years 06 months,747000.0
2024-04-01,BUKIT BATOK,5 ROOM,461C,BT BATOK WEST AVE 8,07 TO 09,114.0,Improved,2019,94 years 06 months,800800.0
2024-04-01,BUKIT BATOK,5 ROOM,443A,BT BATOK WEST AVE 8,04 TO 06,112.0,Improved,2019,94 years,720000.0
2024-04-01,BUKIT BATOK,5 ROOM,461C,BT BATOK WEST AVE 8,01 TO 03,114.0,Improved,2019,94 years 05 months,743000.0
2024-04-01,BUKIT BATOK,5 ROOM,440D,BT BATOK WEST AVE 8,01 TO 03,112.0,Improved,2019,93 years 11 months,688000.0
2024-04-01,BUKIT BATOK,EXECUTIVE,125,BT BATOK CTRL,07 TO 09,150.0,Maisonette,1985,60 years 04 months,873000.0
2024-04-01,BUKIT BATOK,EXECUTIVE,122,BT BATOK CTRL,04 TO 06,155.0,Maisonette,1985,60 years 03 months,880000.0
2024-04-01,BUKIT BATOK,EXECUTIVE,221,BT BATOK EAST AVE 3,10 TO 12,149.0,Maisonette,1985,60 years 03 months,908000.0
2024-04-01,BUKIT BATOK,EXECUTIVE,356,BT BATOK ST 31,01 TO 03,148.0,Maisonette,1986,61 years 07 months,800000.0
2024-04-01,BUKIT BATOK,EXECUTIVE,366,BT BATOK ST 31,01 TO 03,155.0,Apartment,1986,61 years,815000.0
2024-04-01,BUKIT BATOK,EXECUTIVE,535,BT BATOK ST 52,01 TO 03,146.0,Maisonette,1987,61 years 10 months,825000.0
2024-04-01,BUKIT BATOK,EXECUTIVE,182,BT BATOK WEST AVE 8,07 TO 09,162.0,Adjoined flat,1984,59 years 09 months,915000.0
2024-04-01,BUKIT MERAH,1 ROOM,7,TELOK BLANGAH CRES,04 TO 06,31.0,Improved,1975,50 years,230000.0
2024-04-01,BUKIT MERAH,1 ROOM,7,TELOK BLANGAH CRES,07 TO 09,31.0,Improved,1975,50 years,240000.0
2024-04-01,BUKIT MERAH,2 ROOM,24,BEO CRES,10 TO 12,48.0,Standard,1971,46 years 04 months,300000.0
2024-04-01,BUKIT MERAH,2 ROOM,2,JLN BT HO SWEE,07 TO 09,34.0,Standard,1971,46 years 05 months,269000.0
2024-04-01,BUKIT MERAH,2 ROOM,10,JLN BT HO SWEE,01 TO 03,34.0,Standard,1971,46 years 03 months,255000.0
2024-04-01,BUKIT MERAH,2 ROOM,28,JLN BT MERAH,01 TO 03,47.0,Standard,1967,42 years 03 months,270000.0
2024-04-01,BUKIT MERAH,2 ROOM,127C,KIM TIAN RD,19 TO 21,47.0,Model A,2013,88 years,515000.0
2024-04-01,BUKIT MERAH,2 ROOM,48,LOWER DELTA RD,10 TO 12,43.0,Standard,1970,44 years 11 months,270000.0
2024-04-01,BUKIT MERAH,2 ROOM,76,TELOK BLANGAH DR,07 TO 09,44.0,Improved,1978,52 years 10 months,300000.0
2024-04-01,BUKIT MERAH,2 ROOM,45,TELOK BLANGAH DR,01 TO 03,45.0,Improved,1976,50 years 10 months,260000.0
2024-04-01,BUKIT MERAH,3 ROOM,102,BT PURMEI RD,10 TO 12,73.0,Model A,1984,59 years 01 month,490000.0
2024-04-01,BUKIT MERAH,3 ROOM,101,BT PURMEI RD,01 TO 03,69.0,New Generation,1983,58 years 04 months,434000.0
2024-04-01,BUKIT MERAH,3 ROOM,13,CANTONMENT CL,10 TO 12,60.0,Model A,2003,77 years 10 months,695000.0
2024-04-01,BUKIT MERAH,3 ROOM,16,CANTONMENT CL,04 TO 06,60.0,Model A,2003,77 years 09 months,638000.0
2024-04-01,BUKIT MERAH,3 ROOM,105A,DEPOT RD,10 TO 12,67.0,Model A,2017,92 years 07 months,615000.0
2024-04-01,BUKIT MERAH,3 ROOM,95B,HENDERSON RD,04 TO 06,68.0,Model A,2019,94 years 02 months,678000.0
2024-04-01,BUKIT MERAH,3 ROOM,133,JLN BT MERAH,10 TO 12,68.0,Improved,1983,58 years 05 months,438088.0
2024-04-01,BUKIT MERAH,3 ROOM,113,JLN BT MERAH,07 TO 09,60.0,Standard,1969,43 years 10 months,310000.0
2024-04-01,BUKIT MERAH,3 ROOM,108,JLN BT MERAH,07 TO 09,74.0,Model A,1984,59 years 04 months,460000.0
2024-04-01,BUKIT MERAH,3 ROOM,146,JLN BT MERAH,07 TO 09,67.0,New Generation,1981,56 years 07 months,400000.0
2024-04-01,BUKIT MERAH,3 ROOM,28,JLN KLINIK,01 TO 03,58.0,Standard,1969,44 years 04 months,300000.0
2024-04-01,BUKIT MERAH,3 ROOM,28,JLN KLINIK,04 TO 06,67.0,Standard,1969,44 years 03 months,350000.0
2024-04-01,BUKIT MERAH,3 ROOM,26A,JLN MEMBINA,22 TO 24,60.0,Model A,2008,83 years 09 months,698000.0
2024-04-01,BUKIT MERAH,3 ROOM,37,JLN RUMAH TINGGI,04 TO 06,53.0,Standard,1969,44 years 04 months,275000.0
2024-04-01,BUKIT MERAH,3 ROOM,41,KIM CHENG ST,01 TO 03,88.0,Standard,1973,47 years 10 months,705000.0
2024-04-01,BUKIT MERAH,3 ROOM,127A,KIM TIAN RD,19 TO 21,62.0,Model A,2013,87 years 11 months,710000.0
2024-04-01,BUKIT MERAH,3 ROOM,127C,KIM TIAN RD,07 TO 09,62.0,Model A,2013,87 years 11 months,640000.0
2024-04-01,BUKIT MERAH,3 ROOM,21,LIM LIAK ST,01 TO 03,88.0,Standard,1973,47 years 10 months,736888.0
2024-04-01,BUKIT MERAH,3 ROOM,8,TELOK BLANGAH CRES,04 TO 06,59.0,Improved,1975,50 years 01 month,330000.0
2024-04-01,BUKIT MERAH,3 ROOM,12,TELOK BLANGAH CRES,07 TO 09,70.0,Improved,1975,50 years 01 month,328000.0
2024-04-01,BUKIT MERAH,3 ROOM,6,TELOK BLANGAH CRES,16 TO 18,76.0,Improved,1975,49 years 10 months,445000.0
2024-04-01,BUKIT MERAH,3 ROOM,6,TELOK BLANGAH CRES,10 TO 12,76.0,Improved,1975,49 years 10 months,430000.0
2024-04-01,BUKIT MERAH,3 ROOM,46,TELOK BLANGAH DR,04 TO 06,65.0,Improved,1976,50 years 10 months,325000.0
2024-04-01,BUKIT MERAH,3 ROOM,54,TELOK BLANGAH DR,13 TO 15,88.0,New Generation,1978,52 years 10 months,525000.0
2024-04-01,BUKIT MERAH,3 ROOM,70A,TELOK BLANGAH HTS,04 TO 06,68.0,Model A,2017,92 years 02 months,640888.0
2024-04-01,BUKIT MERAH,3 ROOM,32,TELOK BLANGAH RISE,13 TO 15,70.0,Improved,1976,51 years 02 months,376888.0
2024-04-01,BUKIT MERAH,3 ROOM,92A,TELOK BLANGAH ST 31,16 TO 18,68.0,Model A,2018,93 years 09 months,695000.0
2024-04-01,BUKIT MERAH,3 ROOM,92A,TELOK BLANGAH ST 31,28 TO 30,68.0,Model A,2018,93 years 09 months,728000.0
2024-04-01,BUKIT MERAH,3 ROOM,93B,TELOK BLANGAH ST 31,04 TO 06,68.0,Model A,2018,93 years 09 months,646000.0
2024-04-01,BUKIT MERAH,3 ROOM,33,TELOK BLANGAH WAY,04 TO 06,70.0,Improved,1976,51 years 01 month,415000.0
2024-04-01,BUKIT MERAH,4 ROOM,125,BT MERAH VIEW,01 TO 03,107.0,Model A,1996,71 years 06 months,820000.0
2024-04-01,BUKIT MERAH,4 ROOM,114,BT PURMEI RD,01 TO 03,103.0,Model A,1985,60 years,610000.0
2024-04-01,BUKIT MERAH,4 ROOM,11,CANTONMENT CL,25 TO 27,90.0,Model A,2002,77 years 09 months,980000.0
2024-04-01,BUKIT MERAH,4 ROOM,5,DELTA AVE,01 TO 03,91.0,New Generation,1985,60 years 08 months,705000.0
2024-04-01,BUKIT MERAH,4 ROOM,109A,DEPOT RD,07 TO 09,90.0,Model A,2006,80 years 10 months,695000.0
2024-04-01,BUKIT MERAH,4 ROOM,58,HAVELOCK RD,13 TO 15,89.0,Model A,2013,88 years 02 months,945000.0
2024-04-01,BUKIT MERAH,4 ROOM,54,HAVELOCK RD,04 TO 06,89.0,Model A,2013,88 years 02 months,908988.0
2024-04-01,BUKIT MERAH,4 ROOM,106,HENDERSON CRES,04 TO 06,81.0,Improved,1975,49 years 09 months,500000.0
2024-04-01,BUKIT MERAH,4 ROOM,96A,HENDERSON RD,13 TO 15,93.0,Model A,2019,94 years 01 month,1030000.0
2024-04-01,BUKIT MERAH,4 ROOM,14,JLN BT MERAH,25 TO 27,105.0,Model A,1996,71 years 08 months,875000.0
2024-04-01,BUKIT MERAH,4 ROOM,38,JLN RUMAH TINGGI,22 TO 24,100.0,Model A,1997,72 years 04 months,795888.0
2024-04-01,BUKIT MERAH,4 ROOM,39,JLN RUMAH TINGGI,13 TO 15,99.0,Model A,1997,72 years 03 months,780000.0
2024-04-01,BUKIT MERAH,4 ROOM,125,KIM TIAN RD,10 TO 12,111.0,Model A,1995,70 years 05 months,890000.0
2024-04-01,BUKIT MERAH,4 ROOM,126A,KIM TIAN RD,13 TO 15,93.0,Model A,2013,87 years 11 months,945000.0
2024-04-01,BUKIT MERAH,4 ROOM,127D,KIM TIAN RD,13 TO 15,93.0,Model A,2013,87 years 11 months,905000.0
2024-04-01,BUKIT MERAH,4 ROOM,127D,KIM TIAN RD,01 TO 03,88.0,Model A,2013,88 years,845000.0
2024-04-01,BUKIT MERAH,4 ROOM,68,REDHILL CL,19 TO 21,85.0,Model A,2001,76 years,785000.0
2024-04-01,BUKIT MERAH,4 ROOM,76A,REDHILL RD,04 TO 06,100.0,Model A,2005,80 years 09 months,830000.0
2024-04-01,BUKIT MERAH,4 ROOM,50,TELOK BLANGAH DR,07 TO 09,98.0,New Generation,1978,53 years 05 months,690000.0
2024-04-01,BUKIT MERAH,4 ROOM,64,TELOK BLANGAH DR,01 TO 03,92.0,New Generation,1978,53 years 05 months,510000.0
2024-04-01,BUKIT MERAH,4 ROOM,51,TELOK BLANGAH DR,07 TO 09,92.0,New Generation,1978,53 years 05 months,595000.0
2024-04-01,BUKIT MERAH,4 ROOM,70A,TELOK BLANGAH HTS,16 TO 18,93.0,Model A,2017,92 years 03 months,920000.0
2024-04-01,BUKIT MERAH,4 ROOM,86,TELOK BLANGAH HTS,04 TO 06,91.0,Model A,2003,78 years 01 month,643000.0
2024-04-01,BUKIT MERAH,4 ROOM,70B,TELOK BLANGAH HTS,07 TO 09,93.0,Model A,2017,92 years 02 months,855000.0
2024-04-01,BUKIT MERAH,4 ROOM,90A,TELOK BLANGAH ST 31,22 TO 24,93.0,Model A,2018,93 years 09 months,880000.0
2024-04-01,BUKIT MERAH,4 ROOM,93B,TELOK BLANGAH ST 31,25 TO 27,93.0,Model A,2018,93 years 09 months,970000.0
2024-04-01,BUKIT MERAH,4 ROOM,90A,TELOK BLANGAH ST 31,07 TO 09,93.0,Model A,2018,93 years 09 months,870000.0
2024-04-01,BUKIT MERAH,4 ROOM,90B,TELOK BLANGAH ST 31,10 TO 12,93.0,Model A,2018,93 years 09 months,880000.0
2024-04-01,BUKIT MERAH,4 ROOM,90A,TELOK BLANGAH ST 31,13 TO 15,93.0,Model A,2018,93 years 09 months,950000.0
2024-04-01,BUKIT MERAH,4 ROOM,93B,TELOK BLANGAH ST 31,22 TO 24,93.0,Model A,2018,93 years 09 months,918888.0
2024-04-01,BUKIT MERAH,4 ROOM,80A,TELOK BLANGAH ST 31,07 TO 09,95.0,Premium Apartment,2013,88 years 05 months,928000.0
2024-04-01,BUKIT MERAH,4 ROOM,90A,TELOK BLANGAH ST 31,04 TO 06,93.0,Model A,2018,93 years 09 months,900000.0
2024-04-01,BUKIT MERAH,4 ROOM,92B,TELOK BLANGAH ST 31,10 TO 12,93.0,Model A,2018,93 years 09 months,900000.0
2024-04-01,BUKIT MERAH,4 ROOM,90A,TELOK BLANGAH ST 31,07 TO 09,93.0,Model A,2018,93 years 08 months,913000.0
2024-04-01,BUKIT MERAH,4 ROOM,90A,TELOK BLANGAH ST 31,25 TO 27,93.0,Model A,2018,93 years 08 months,1008600.0
2024-04-01,BUKIT MERAH,4 ROOM,93A,TELOK BLANGAH ST 31,13 TO 15,93.0,Model A,2018,93 years 09 months,909000.0
2024-04-01,BUKIT MERAH,4 ROOM,93A,TELOK BLANGAH ST 31,16 TO 18,93.0,Model A,2018,93 years 09 months,890000.0
2024-04-01,BUKIT MERAH,4 ROOM,90A,TELOK BLANGAH ST 31,28 TO 30,93.0,Model A,2018,93 years 09 months,970000.0
2024-04-01,BUKIT MERAH,5 ROOM,4A,BOON TIONG RD,10 TO 12,115.0,Improved,2005,80 years 07 months,1250000.0
2024-04-01,BUKIT MERAH,5 ROOM,2C,BOON TIONG RD,16 TO 18,115.0,Improved,2001,75 years 09 months,1295000.0
2024-04-01,BUKIT MERAH,5 ROOM,116,BT MERAH CTRL,16 TO 18,117.0,Improved,1977,52 years 08 months,708000.0
2024-04-01,BUKIT MERAH,5 ROOM,114,BT PURMEI RD,13 TO 15,138.0,Model A,1985,60 years,965000.0
2024-04-01,BUKIT MERAH,5 ROOM,134,JLN BT MERAH,01 TO 03,128.0,Improved,1997,71 years 10 months,862888.0
2024-04-01,BUKIT MERAH,5 ROOM,134,JLN BT MERAH,07 TO 09,129.0,Improved,1997,71 years 10 months,958888.0
2024-04-01,BUKIT MERAH,5 ROOM,25A,JLN MEMBINA,19 TO 21,110.0,Improved,2008,83 years 06 months,1080000.0
2024-04-01,BUKIT MERAH,5 ROOM,126A,KIM TIAN RD,28 TO 30,113.0,Improved,2013,87 years 11 months,1280000.0
2024-04-01,BUKIT MERAH,5 ROOM,44,LENGKOK BAHRU,01 TO 03,139.0,Model A-Maisonette,1984,59 years 04 months,1070000.0
2024-04-01,BUKIT MERAH,5 ROOM,63A,LENGKOK BAHRU,16 TO 18,121.0,Improved,2001,76 years 08 months,1000000.0
2024-04-01,BUKIT MERAH,5 ROOM,69,REDHILL CL,04 TO 06,115.0,Improved,2001,75 years 11 months,926666.0
2024-04-01,BUKIT MERAH,5 ROOM,70,REDHILL CL,19 TO 21,115.0,Improved,2001,76 years 04 months,1035000.0
2024-04-01,BUKIT MERAH,5 ROOM,74,TELOK BLANGAH HTS,07 TO 09,117.0,Standard,1978,52 years 10 months,785000.0
2024-04-01,BUKIT PANJANG,2 ROOM,636A,SENJA RD,25 TO 27,46.0,Model A,2015,90 years 08 months,326000.0
2024-04-01,BUKIT PANJANG,3 ROOM,250,BANGKIT RD,01 TO 03,73.0,Model A,1988,63 years 08 months,360000.0
2024-04-01,BUKIT PANJANG,3 ROOM,104,GANGSA RD,07 TO 09,73.0,Model A,1988,63 years,402000.0
2024-04-01,BUKIT PANJANG,3 ROOM,104,GANGSA RD,07 TO 09,73.0,Model A,1988,62 years 11 months,405000.0
2024-04-01,BUKIT PANJANG,3 ROOM,223,PENDING RD,04 TO 06,73.0,Model A,1988,62 years 11 months,380000.0
2024-04-01,BUKIT PANJANG,3 ROOM,126,PENDING RD,01 TO 03,73.0,Model A,1987,62 years 08 months,388888.0
2024-04-01,BUKIT PANJANG,3 ROOM,150,PETIR RD,10 TO 12,73.0,Model A,1988,63 years 05 months,435000.0
2024-04-01,BUKIT PANJANG,3 ROOM,149,PETIR RD,01 TO 03,73.0,Model A,1988,63 years 07 months,398000.0
2024-04-01,BUKIT PANJANG,3 ROOM,149,PETIR RD,01 TO 03,73.0,Model A,1988,63 years 07 months,362000.0
2024-04-01,BUKIT PANJANG,3 ROOM,220,PETIR RD,04 TO 06,73.0,Model A,1989,63 years 11 months,385000.0
2024-04-01,BUKIT PANJANG,3 ROOM,458,SEGAR RD,01 TO 03,68.0,Premium Apartment,2012,87 years 08 months,440000.0
2024-04-01,BUKIT PANJANG,3 ROOM,455,SEGAR RD,13 TO 15,68.0,Premium Apartment,2012,87 years 08 months,470000.0
2024-04-01,BUKIT PANJANG,4 ROOM,274,BANGKIT RD,01 TO 03,104.0,Model A,1987,62 years 08 months,520000.0
2024-04-01,BUKIT PANJANG,4 ROOM,272,BANGKIT RD,04 TO 06,104.0,Model A,1988,63 years 09 months,522000.0
2024-04-01,BUKIT PANJANG,4 ROOM,450,BT PANJANG RING RD,04 TO 06,101.0,Model A,1997,72 years 04 months,510000.0
2024-04-01,BUKIT PANJANG,4 ROOM,235,BT PANJANG RING RD,07 TO 09,104.0,Model A,1988,63 years 05 months,510000.0
2024-04-01,BUKIT PANJANG,4 ROOM,450,BT PANJANG RING RD,13 TO 15,101.0,Model A,1997,72 years 04 months,510000.0
2024-04-01,BUKIT PANJANG,4 ROOM,236,BT PANJANG RING RD,01 TO 03,84.0,Simplified,1988,62 years 11 months,435000.0
2024-04-01,BUKIT PANJANG,4 ROOM,434,BT PANJANG RING RD,07 TO 09,104.0,Model A,1989,64 years 05 months,500000.0
2024-04-01,BUKIT PANJANG,4 ROOM,404,FAJAR RD,07 TO 09,104.0,Model A,1988,63 years 07 months,460000.0
2024-04-01,BUKIT PANJANG,4 ROOM,530,JELAPANG RD,13 TO 15,102.0,Model A,1999,73 years 11 months,525000.0
2024-04-01,BUKIT PANJANG,4 ROOM,505,JELAPANG RD,07 TO 09,100.0,Model A,1998,72 years 11 months,500000.0
2024-04-01,BUKIT PANJANG,4 ROOM,517,JELAPANG RD,16 TO 18,103.0,Model A,1998,73 years 08 months,540000.0
2024-04-01,BUKIT PANJANG,4 ROOM,526,JELAPANG RD,01 TO 03,101.0,Model A,1999,73 years 11 months,485000.0
2024-04-01,BUKIT PANJANG,4 ROOM,182,JELEBU RD,13 TO 15,94.0,Premium Apartment,2003,78 years 02 months,780000.0
2024-04-01,BUKIT PANJANG,4 ROOM,175,LOMPANG RD,04 TO 06,104.0,Model A,1997,72 years 08 months,612000.0
2024-04-01,BUKIT PANJANG,4 ROOM,225,PENDING RD,07 TO 09,104.0,Model A,1987,62 years 02 months,520000.0
2024-04-01,BUKIT PANJANG,4 ROOM,126,PENDING RD,10 TO 12,103.0,Model A,1987,62 years 08 months,538000.0
2024-04-01,BUKIT PANJANG,4 ROOM,216,PETIR RD,04 TO 06,103.0,Model A,1989,64 years 01 month,490000.0
2024-04-01,BUKIT PANJANG,4 ROOM,204,PETIR RD,10 TO 12,106.0,Model A,1988,63 years 07 months,495000.0
2024-04-01,BUKIT PANJANG,4 ROOM,142,PETIR RD,04 TO 06,103.0,Model A,1988,62 years 11 months,510000.0
2024-04-01,BUKIT PANJANG,4 ROOM,550A,SEGAR RD,10 TO 12,92.0,Model A,2015,90 years 09 months,578000.0
2024-04-01,BUKIT PANJANG,4 ROOM,461,SEGAR RD,13 TO 15,93.0,Premium Apartment,2015,90 years 05 months,570000.0
2024-04-01,BUKIT PANJANG,4 ROOM,478,SEGAR RD,13 TO 15,92.0,Premium Apartment,2003,77 years 10 months,531000.0
2024-04-01,BUKIT PANJANG,4 ROOM,547B,SEGAR RD,10 TO 12,92.0,Model A,2015,90 years 04 months,580000.0
2024-04-01,BUKIT PANJANG,4 ROOM,549A,SEGAR RD,04 TO 06,92.0,Model A,2015,90 years 09 months,546000.0
2024-04-01,BUKIT PANJANG,4 ROOM,546A,SEGAR RD,01 TO 03,92.0,Model A,2015,90 years 04 months,515000.0
2024-04-01,BUKIT PANJANG,4 ROOM,602,SENJA RD,10 TO 12,91.0,Model A2,1999,74 years,620000.0
2024-04-01,BUKIT PANJANG,4 ROOM,629,SENJA RD,04 TO 06,93.0,Premium Apartment,2004,79 years 07 months,526800.0
2024-04-01,BUKIT PANJANG,4 ROOM,629,SENJA RD,13 TO 15,90.0,Premium Apartment,2004,79 years 07 months,555000.0
2024-04-01,BUKIT PANJANG,4 ROOM,614,SENJA RD,07 TO 09,90.0,Model A,2002,77 years 01 month,460000.0
2024-04-01,BUKIT PANJANG,4 ROOM,633C,SENJA RD,10 TO 12,93.0,Model A,2013,88 years 09 months,595000.0
2024-04-01,BUKIT PANJANG,4 ROOM,636B,SENJA RD,04 TO 06,92.0,Model A,2015,90 years 07 months,552888.0
2024-04-01,BUKIT PANJANG,4 ROOM,635A,SENJA RD,04 TO 06,93.0,Model A,2015,90 years 07 months,588000.0
2024-04-01,BUKIT PANJANG,4 ROOM,633C,SENJA RD,10 TO 12,93.0,Model A,2013,88 years 08 months,575000.0
2024-04-01,BUKIT PANJANG,5 ROOM,255,BANGKIT RD,01 TO 03,122.0,Improved,1988,63 years 06 months,570000.0
2024-04-01,BUKIT PANJANG,5 ROOM,245,BT PANJANG RING RD,01 TO 03,122.0,Improved,1988,63 years 09 months,605000.0
2024-04-01,BUKIT PANJANG,5 ROOM,545,BT PANJANG RING RD,22 TO 24,120.0,Improved,1999,74 years 04 months,818000.0
2024-04-01,BUKIT PANJANG,5 ROOM,545,BT PANJANG RING RD,22 TO 24,120.0,Improved,1999,74 years 04 months,840000.0
2024-04-01,BUKIT PANJANG,5 ROOM,448,BT PANJANG RING RD,13 TO 15,120.0,Improved,1997,72 years 03 months,640000.0
2024-04-01,BUKIT PANJANG,5 ROOM,440,FAJAR RD,04 TO 06,120.0,Improved,1997,72 years 08 months,610000.0
2024-04-01,BUKIT PANJANG,5 ROOM,420,FAJAR RD,10 TO 12,122.0,Improved,1989,64 years 03 months,650000.0
2024-04-01,BUKIT PANJANG,5 ROOM,443C,FAJAR RD,16 TO 18,113.0,Improved,2016,91 years 09 months,720000.0
2024-04-01,BUKIT PANJANG,5 ROOM,111,GANGSA RD,01 TO 03,121.0,Improved,1987,62 years 06 months,582000.0
2024-04-01,BUKIT PANJANG,5 ROOM,154,GANGSA RD,13 TO 15,121.0,Improved,1998,73 years 08 months,728000.0
2024-04-01,BUKIT PANJANG,5 ROOM,538,JELAPANG RD,04 TO 06,120.0,Improved,1999,74 years 02 months,670000.0
2024-04-01,BUKIT PANJANG,5 ROOM,516,JELAPANG RD,13 TO 15,121.0,Improved,1998,73 years 05 months,635000.0
2024-04-01,BUKIT PANJANG,5 ROOM,504,JELAPANG RD,01 TO 03,123.0,Improved,1998,72 years 10 months,588000.0
2024-04-01,BUKIT PANJANG,5 ROOM,523,JELAPANG RD,01 TO 03,120.0,Improved,1998,73 years 07 months,580000.0
2024-04-01,BUKIT PANJANG,5 ROOM,502,JELAPANG RD,10 TO 12,124.0,Improved,1998,72 years 11 months,650000.0
2024-04-01,BUKIT PANJANG,5 ROOM,183,JELEBU RD,07 TO 09,113.0,Premium Apartment,2003,78 years 02 months,810000.0
2024-04-01,BUKIT PANJANG,5 ROOM,185,JELEBU RD,13 TO 15,110.0,Premium Apartment,2003,78 years 02 months,840000.0
2024-04-01,BUKIT PANJANG,5 ROOM,204,PETIR RD,04 TO 06,122.0,Improved,1988,63 years 07 months,595000.0
2024-04-01,BUKIT PANJANG,5 ROOM,626,SENJA RD,19 TO 21,110.0,Premium Apartment,2005,80 years,658000.0
2024-04-01,BUKIT PANJANG,5 ROOM,604,SENJA RD,16 TO 18,120.0,Improved,1999,74 years 03 months,748000.0
2024-04-01,BUKIT PANJANG,5 ROOM,622,SENJA RD,19 TO 21,112.0,Improved,2001,76 years 09 months,690000.0
2024-04-01,BUKIT PANJANG,5 ROOM,635A,SENJA RD,04 TO 06,112.0,Improved,2015,90 years 07 months,668000.0
2024-04-01,BUKIT PANJANG,5 ROOM,629,SENJA RD,13 TO 15,110.0,Premium Apartment,2004,79 years 07 months,660000.0
2024-04-01,BUKIT PANJANG,5 ROOM,610,SENJA RD,16 TO 18,111.0,Improved,2002,77 years,670000.0
2024-04-01,BUKIT PANJANG,5 ROOM,605,SENJA RD,04 TO 06,121.0,Improved,1999,74 years 02 months,800000.0
2024-04-01,BUKIT PANJANG,EXECUTIVE,503,JELAPANG RD,01 TO 03,144.0,Maisonette,1998,73 years,818000.0
2024-04-01,BUKIT PANJANG,EXECUTIVE,532,JELAPANG RD,19 TO 21,142.0,Apartment,1999,74 years,1000000.0
2024-04-01,BUKIT PANJANG,EXECUTIVE,503,JELAPANG RD,04 TO 06,141.0,Apartment,1998,73 years,790000.0
2024-04-01,BUKIT PANJANG,EXECUTIVE,180,LOMPANG RD,10 TO 12,131.0,Apartment,2002,76 years 10 months,953888.0
2024-04-01,BUKIT PANJANG,EXECUTIVE,411,SAUJANA RD,01 TO 03,142.0,Apartment,1988,63 years 09 months,855000.0
2024-04-01,BUKIT TIMAH,3 ROOM,6,FARRER RD,07 TO 09,76.0,Improved,1974,49 years,535000.0
2024-04-01,BUKIT TIMAH,3 ROOM,4,QUEEN'S RD,04 TO 06,73.0,Improved,1974,49 years 01 month,450000.0
2024-04-01,BUKIT TIMAH,4 ROOM,3,QUEEN'S RD,04 TO 06,91.0,Improved,1974,49 years 01 month,540000.0
2024-04-01,BUKIT TIMAH,EXECUTIVE,7,TOH YI DR,10 TO 12,146.0,Maisonette,1989,64 years 06 months,1288000.0
2024-04-01,BUKIT TIMAH,EXECUTIVE,2,TOH YI DR,10 TO 12,146.0,Maisonette,1988,63 years 05 months,1330000.0
2024-04-01,BUKIT TIMAH,EXECUTIVE,2,TOH YI DR,10 TO 12,146.0,Maisonette,1988,63 years 04 months,1410000.0
2024-04-01,CENTRAL AREA,2 ROOM,9,JLN KUKOH,07 TO 09,54.0,Improved,1982,56 years 10 months,288000.0
2024-04-01,CENTRAL AREA,3 ROOM,30,KELANTAN RD,04 TO 06,65.0,Improved,1981,56 years 04 months,440000.0
2024-04-01,CENTRAL AREA,3 ROOM,271,QUEEN ST,04 TO 06,60.0,Improved,1979,53 years 11 months,520000.0
2024-04-01,CENTRAL AREA,3 ROOM,8,SELEGIE RD,10 TO 12,56.0,Standard,1974,48 years 10 months,385000.0
2024-04-01,CENTRAL AREA,3 ROOM,1,TG PAGAR PLAZA,19 TO 21,59.0,Improved,1977,52 years,485000.0
2024-04-01,CENTRAL AREA,3 ROOM,4,TG PAGAR PLAZA,07 TO 09,59.0,Improved,1977,51 years 11 months,480000.0
2024-04-01,CENTRAL AREA,3 ROOM,538,UPP CROSS ST,13 TO 15,68.0,Improved,1978,53 years 07 months,550000.0
2024-04-01,CENTRAL AREA,3 ROOM,535,UPP CROSS ST,10 TO 12,68.0,Improved,1980,55 years 05 months,560888.0
2024-04-01,CENTRAL AREA,3 ROOM,634,VEERASAMY RD,04 TO 06,88.0,Model A,1985,60 years 06 months,588000.0
2024-04-01,CENTRAL AREA,3 ROOM,637,VEERASAMY RD,07 TO 09,73.0,Model A,1985,60 years 02 months,510000.0
2024-04-01,CENTRAL AREA,3 ROOM,263,WATERLOO ST,13 TO 15,68.0,Improved,1978,53 years 05 months,555000.0
2024-04-01,CENTRAL AREA,4 ROOM,232,BAIN ST,16 TO 18,82.0,Improved,1980,55 years 02 months,765000.0
2024-04-01,CENTRAL AREA,4 ROOM,233,BAIN ST,13 TO 15,82.0,Improved,1980,55 years 02 months,770000.0
2024-04-01,CENTRAL AREA,4 ROOM,663,BUFFALO RD,07 TO 09,85.0,Improved,1982,57 years 02 months,570000.0
2024-04-01,CENTRAL AREA,5 ROOM,1C,CANTONMENT RD,37 TO 39,107.0,Type S2,2011,85 years 10 months,1425000.0
2024-04-01,CENTRAL AREA,5 ROOM,672B,KLANG LANE,01 TO 03,105.0,Improved,2002,77 years 03 months,760999.0
2024-04-01,CHOA CHU KANG,3 ROOM,818A,CHOA CHU KANG AVE 1,04 TO 06,67.0,Model A,2017,92 years 07 months,467000.0
2024-04-01,CHOA CHU KANG,3 ROOM,811A,CHOA CHU KANG AVE 7,16 TO 18,68.0,Model A,2017,92 years 08 months,455000.0
2024-04-01,CHOA CHU KANG,3 ROOM,571,CHOA CHU KANG ST 52,01 TO 03,67.0,Model A,2015,89 years 10 months,433000.0
2024-04-01,CHOA CHU KANG,3 ROOM,801A,KEAT HONG CL,10 TO 12,67.0,Model A,2018,92 years 11 months,446000.0
2024-04-01,CHOA CHU KANG,3 ROOM,4,TECK WHYE AVE,10 TO 12,74.0,Model A,1984,59 years 04 months,375000.0
2024-04-01,CHOA CHU KANG,3 ROOM,166A,TECK WHYE CRES,16 TO 18,68.0,Model A,2015,89 years 11 months,433000.0
2024-04-01,CHOA CHU KANG,3 ROOM,26,TECK WHYE LANE,10 TO 12,74.0,New Generation,1979,54 years,370000.0
2024-04-01,CHOA CHU KANG,3 ROOM,106,TECK WHYE LANE,01 TO 03,73.0,Model A,1989,64 years 07 months,355000.0
2024-04-01,CHOA CHU KANG,4 ROOM,202,CHOA CHU KANG AVE 1,04 TO 06,112.0,Model A,1989,64 years 09 months,505000.0
2024-04-01,CHOA CHU KANG,4 ROOM,808D,CHOA CHU KANG AVE 1,13 TO 15,92.0,Model A,2017,92 years,555000.0
2024-04-01,CHOA CHU KANG,4 ROOM,296A,CHOA CHU KANG AVE 2,01 TO 03,101.0,Premium Apartment,1999,74 years 04 months,500000.0
2024-04-01,CHOA CHU KANG,4 ROOM,469,CHOA CHU KANG AVE 3,04 TO 06,100.0,Model A,1999,74 years 02 months,485000.0
2024-04-01,CHOA CHU KANG,4 ROOM,284,CHOA CHU KANG AVE 3,01 TO 03,105.0,Model A,1990,65 years 04 months,495000.0
2024-04-01,CHOA CHU KANG,4 ROOM,403,CHOA CHU KANG AVE 3,04 TO 06,104.0,Model A,1993,68 years 03 months,548000.0
2024-04-01,CHOA CHU KANG,4 ROOM,288,CHOA CHU KANG AVE 3,04 TO 06,104.0,Model A,1990,65 years 03 months,500000.0
2024-04-01,CHOA CHU KANG,4 ROOM,280,CHOA CHU KANG AVE 3,07 TO 09,104.0,Model A,1992,67 years 04 months,515000.0
2024-04-01,CHOA CHU KANG,4 ROOM,407,CHOA CHU KANG AVE 3,04 TO 06,106.0,Model A,1993,68 years 03 months,520000.0
2024-04-01,CHOA CHU KANG,4 ROOM,286,CHOA CHU KANG AVE 3,13 TO 15,104.0,Model A,1993,68 years 03 months,520000.0
2024-04-01,CHOA CHU KANG,4 ROOM,411,CHOA CHU KANG AVE 3,01 TO 03,104.0,Model A,1992,67 years 03 months,522000.0
2024-04-01,CHOA CHU KANG,4 ROOM,416,CHOA CHU KANG AVE 4,01 TO 03,104.0,Model A,1993,68 years 03 months,520000.0
2024-04-01,CHOA CHU KANG,4 ROOM,463,CHOA CHU KANG AVE 4,04 TO 06,104.0,Premium Apartment,2000,75 years 01 month,478000.0
2024-04-01,CHOA CHU KANG,4 ROOM,450,CHOA CHU KANG AVE 4,13 TO 15,104.0,Premium Apartment,2000,75 years,500000.0
2024-04-01,CHOA CHU KANG,4 ROOM,440,CHOA CHU KANG AVE 4,01 TO 03,106.0,Model A,1993,68 years 03 months,488888.0
2024-04-01,CHOA CHU KANG,4 ROOM,445,CHOA CHU KANG AVE 4,01 TO 03,101.0,Model A,1997,71 years 11 months,475000.0
2024-04-01,CHOA CHU KANG,4 ROOM,484,CHOA CHU KANG AVE 5,10 TO 12,100.0,Model A,1999,74 years 02 months,513000.0
2024-04-01,CHOA CHU KANG,4 ROOM,489D,CHOA CHU KANG AVE 5,04 TO 06,93.0,Model A,2016,91 years 03 months,545000.0
2024-04-01,CHOA CHU KANG,4 ROOM,476D,CHOA CHU KANG AVE 5,07 TO 09,92.0,Model A,2013,88 years 04 months,533000.0
2024-04-01,CHOA CHU KANG,4 ROOM,476D,CHOA CHU KANG AVE 5,07 TO 09,92.0,Model A,2013,88 years 04 months,525000.0
2024-04-01,CHOA CHU KANG,4 ROOM,484D,CHOA CHU KANG AVE 5,10 TO 12,101.0,Model A,1999,74 years,490000.0
2024-04-01,CHOA CHU KANG,4 ROOM,811A,CHOA CHU KANG AVE 7,16 TO 18,93.0,Model A,2017,92 years 08 months,568000.0
2024-04-01,CHOA CHU KANG,4 ROOM,812C,CHOA CHU KANG AVE 7,04 TO 06,93.0,Model A,2017,92 years 08 months,535000.0
2024-04-01,CHOA CHU KANG,4 ROOM,812B,CHOA CHU KANG AVE 7,07 TO 09,93.0,Model A,2017,92 years 08 months,540000.0
2024-04-01,CHOA CHU KANG,4 ROOM,686D,CHOA CHU KANG CRES,13 TO 15,90.0,Model A,2002,77 years 07 months,490000.0
2024-04-01,CHOA CHU KANG,4 ROOM,686C,CHOA CHU KANG CRES,04 TO 06,86.0,Model A2,2002,77 years 07 months,445000.0
2024-04-01,CHOA CHU KANG,4 ROOM,677,CHOA CHU KANG CRES,01 TO 03,106.0,Premium Apartment,1999,74 years 08 months,480000.0
2024-04-01,CHOA CHU KANG,4 ROOM,657,CHOA CHU KANG CRES,04 TO 06,100.0,Premium Apartment,1999,74 years 01 month,485000.0
2024-04-01,CHOA CHU KANG,4 ROOM,688C,CHOA CHU KANG CRES,13 TO 15,90.0,Model A,2003,78 years,488000.0
2024-04-01,CHOA CHU KANG,4 ROOM,670A,CHOA CHU KANG CRES,07 TO 09,101.0,Premium Apartment,1999,74 years 09 months,480000.0
2024-04-01,CHOA CHU KANG,4 ROOM,667,CHOA CHU KANG CRES,04 TO 06,102.0,Model A,1999,74 years 03 months,468000.0
2024-04-01,CHOA CHU KANG,4 ROOM,692B,CHOA CHU KANG CRES,04 TO 06,91.0,Model A,2003,77 years 10 months,463000.0
2024-04-01,CHOA CHU KANG,4 ROOM,659,CHOA CHU KANG CRES,10 TO 12,100.0,Premium Apartment,1999,74 years,520000.0
2024-04-01,CHOA CHU KANG,4 ROOM,209,CHOA CHU KANG CTRL,01 TO 03,106.0,Model A,1989,64 years 07 months,507000.0
2024-04-01,CHOA CHU KANG,4 ROOM,216,CHOA CHU KANG CTRL,04 TO 06,107.0,Model A,1990,64 years 10 months,530000.0
2024-04-01,CHOA CHU KANG,4 ROOM,226,CHOA CHU KANG CTRL,01 TO 03,104.0,Model A,1993,68 years 03 months,502000.0
2024-04-01,CHOA CHU KANG,4 ROOM,216,CHOA CHU KANG CTRL,01 TO 03,117.0,Model A,1990,64 years 10 months,535000.0
2024-04-01,CHOA CHU KANG,4 ROOM,230,CHOA CHU KANG CTRL,01 TO 03,111.0,Model A,1990,65 years 03 months,525000.0
2024-04-01,CHOA CHU KANG,4 ROOM,229,CHOA CHU KANG CTRL,04 TO 06,104.0,Model A,1989,64 years 02 months,495000.0
2024-04-01,CHOA CHU KANG,4 ROOM,210,CHOA CHU KANG CTRL,10 TO 12,104.0,Model A,1990,64 years 11 months,560000.0
2024-04-01,CHOA CHU KANG,4 ROOM,205,CHOA CHU KANG CTRL,04 TO 06,104.0,Model A,1989,64 years 01 month,490000.0
2024-04-01,CHOA CHU KANG,4 ROOM,215,CHOA CHU KANG CTRL,01 TO 03,104.0,Model A,1990,64 years 11 months,520000.0
2024-04-01,CHOA CHU KANG,4 ROOM,688A,CHOA CHU KANG DR,04 TO 06,91.0,Model A,2002,77 years 01 month,465000.0
2024-04-01,CHOA CHU KANG,4 ROOM,689A,CHOA CHU KANG DR,04 TO 06,90.0,Model A,2002,77 years,465000.0
2024-04-01,CHOA CHU KANG,4 ROOM,635,CHOA CHU KANG NTH 6,04 TO 06,113.0,Premium Apartment,1998,72 years 10 months,565000.0
2024-04-01,CHOA CHU KANG,4 ROOM,792,CHOA CHU KANG NTH 6,10 TO 12,108.0,Model A,1996,71 years 07 months,558000.0
2024-04-01,CHOA CHU KANG,4 ROOM,708,CHOA CHU KANG ST 53,13 TO 15,114.0,Model A,1995,70 years 03 months,460000.0
2024-04-01,CHOA CHU KANG,4 ROOM,770,CHOA CHU KANG ST 54,04 TO 06,104.0,Model A,1996,71 years 08 months,500888.0
2024-04-01,CHOA CHU KANG,4 ROOM,643,CHOA CHU KANG ST 64,07 TO 09,100.0,Premium Apartment,1998,72 years 10 months,573888.0
2024-04-01,CHOA CHU KANG,4 ROOM,640,CHOA CHU KANG ST 64,16 TO 18,100.0,Premium Apartment,1998,72 years 10 months,600000.0
2024-04-01,CHOA CHU KANG,4 ROOM,640,CHOA CHU KANG ST 64,10 TO 12,100.0,Premium Apartment,1998,72 years 09 months,565000.0
2024-04-01,CHOA CHU KANG,4 ROOM,150,JLN TECK WHYE,07 TO 09,100.0,Model A,1998,72 years 10 months,512000.0
2024-04-01,CHOA CHU KANG,4 ROOM,162,JLN TECK WHYE,13 TO 15,102.0,Model A,1998,72 years 11 months,538000.0
2024-04-01,CHOA CHU KANG,4 ROOM,152,JLN TECK WHYE,07 TO 09,100.0,Model A,1998,72 years 09 months,528000.0
2024-04-01,CHOA CHU KANG,4 ROOM,805C,KEAT HONG CL,10 TO 12,93.0,Model A,2017,92 years 02 months,556000.0
2024-04-01,CHOA CHU KANG,4 ROOM,803B,KEAT HONG CL,13 TO 15,93.0,Model A,2017,92 years 03 months,546000.0
2024-04-01,CHOA CHU KANG,4 ROOM,802A,KEAT HONG CL,07 TO 09,92.0,Model A,2018,92 years 11 months,568888.0
2024-04-01,CHOA CHU KANG,4 ROOM,803D,KEAT HONG CL,07 TO 09,93.0,Model A,2017,92 years 02 months,540000.0
2024-04-01,CHOA CHU KANG,4 ROOM,816A,KEAT HONG LINK,10 TO 12,92.0,Model A,2017,92 years 06 months,588000.0
2024-04-01,CHOA CHU KANG,4 ROOM,817B,KEAT HONG LINK,01 TO 03,92.0,Model A,2017,92 years 05 months,550000.0
2024-04-01,CHOA CHU KANG,4 ROOM,8,TECK WHYE AVE,01 TO 03,92.0,New Generation,1978,53 years 02 months,438000.0
2024-04-01,CHOA CHU KANG,4 ROOM,8,TECK WHYE AVE,04 TO 06,92.0,New Generation,1978,53 years 02 months,422800.0
2024-04-01,CHOA CHU KANG,4 ROOM,137,TECK WHYE LANE,01 TO 03,103.0,Model A,1989,64 years 03 months,465000.0
2024-04-01,CHOA CHU KANG,4 ROOM,102,TECK WHYE LANE,04 TO 06,106.0,Model A,1989,64 years 01 month,470000.0
2024-04-01,CHOA CHU KANG,4 ROOM,105,TECK WHYE LANE,07 TO 09,103.0,Model A,1989,64 years 06 months,490000.0
2024-04-01,CHOA CHU KANG,4 ROOM,25,TECK WHYE LANE,04 TO 06,92.0,New Generation,1979,53 years 11 months,418000.0
2024-04-01,CHOA CHU KANG,5 ROOM,297,CHOA CHU KANG AVE 2,07 TO 09,122.0,Premium Apartment,1999,74 years 05 months,570000.0
2024-04-01,CHOA CHU KANG,5 ROOM,296E,CHOA CHU KANG AVE 2,13 TO 15,122.0,Premium Apartment,1999,74 years 04 months,588000.0
2024-04-01,CHOA CHU KANG,5 ROOM,471,CHOA CHU KANG AVE 3,13 TO 15,121.0,Improved,1999,74 years,595000.0
2024-04-01,CHOA CHU KANG,5 ROOM,424,CHOA CHU KANG AVE 4,04 TO 06,124.0,Improved,1992,67 years 04 months,570000.0
2024-04-01,CHOA CHU KANG,5 ROOM,454,CHOA CHU KANG AVE 4,16 TO 18,123.0,Premium Apartment,2000,75 years 02 months,638000.0
2024-04-01,CHOA CHU KANG,5 ROOM,454,CHOA CHU KANG AVE 4,13 TO 15,123.0,Premium Apartment,2000,75 years 01 month,600000.0
2024-04-01,CHOA CHU KANG,5 ROOM,484D,CHOA CHU KANG AVE 5,04 TO 06,116.0,Improved,1999,74 years 01 month,560000.0
2024-04-01,CHOA CHU KANG,5 ROOM,815C,CHOA CHU KANG AVE 7,13 TO 15,113.0,Improved,2017,92 years,750000.0
2024-04-01,CHOA CHU KANG,5 ROOM,686A,CHOA CHU KANG CRES,07 TO 09,110.0,Improved,2002,77 years 08 months,530088.0
2024-04-01,CHOA CHU KANG,5 ROOM,661,CHOA CHU KANG CRES,13 TO 15,121.0,Premium Apartment,1999,74 years,590000.0
2024-04-01,CHOA CHU KANG,5 ROOM,661,CHOA CHU KANG CRES,10 TO 12,122.0,Premium Apartment,1999,74 years 01 month,586000.0
2024-04-01,CHOA CHU KANG,5 ROOM,690A,CHOA CHU KANG CRES,22 TO 24,110.0,Improved,2003,78 years 02 months,585000.0
2024-04-01,CHOA CHU KANG,5 ROOM,665,CHOA CHU KANG CRES,01 TO 03,124.0,Improved,1999,74 years 03 months,605000.0
2024-04-01,CHOA CHU KANG,5 ROOM,687A,CHOA CHU KANG DR,01 TO 03,110.0,Improved,2002,77 years 03 months,510000.0
2024-04-01,CHOA CHU KANG,5 ROOM,501,CHOA CHU KANG ST 51,04 TO 06,127.0,Improved,1995,70 years,610000.0
2024-04-01,CHOA CHU KANG,5 ROOM,511,CHOA CHU KANG ST 51,07 TO 09,128.0,Improved,1994,69 years 08 months,565000.0
2024-04-01,CHOA CHU KANG,5 ROOM,565,CHOA CHU KANG ST 52,01 TO 03,126.0,Improved,1995,70 years 08 months,600000.0
2024-04-01,CHOA CHU KANG,5 ROOM,540,CHOA CHU KANG ST 52,01 TO 03,123.0,Improved,1994,69 years 01 month,590000.0
2024-04-01,CHOA CHU KANG,5 ROOM,562,CHOA CHU KANG ST 52,07 TO 09,130.0,Improved,1995,70 years 02 months,650000.0
2024-04-01,CHOA CHU KANG,5 ROOM,703,CHOA CHU KANG ST 53,10 TO 12,137.0,Model A,1995,70 years 03 months,660000.0
2024-04-01,CHOA CHU KANG,5 ROOM,707,CHOA CHU KANG ST 53,01 TO 03,126.0,Improved,1995,70 years 02 months,595000.0
2024-04-01,CHOA CHU KANG,5 ROOM,707,CHOA CHU KANG ST 53,01 TO 03,128.0,Improved,1995,70 years 01 month,570000.0
2024-04-01,CHOA CHU KANG,5 ROOM,771,CHOA CHU KANG ST 54,13 TO 15,121.0,Improved,1996,71 years 04 months,618888.0
2024-04-01,CHOA CHU KANG,5 ROOM,162,JLN TECK WHYE,10 TO 12,121.0,Improved,1998,72 years 11 months,686000.0
2024-04-01,CHOA CHU KANG,5 ROOM,159,JLN TECK WHYE,07 TO 09,122.0,Improved,1998,72 years 11 months,605000.0
2024-04-01,CHOA CHU KANG,5 ROOM,805C,KEAT HONG CL,07 TO 09,113.0,Improved,2017,92 years 03 months,615000.0
2024-04-01,CHOA CHU KANG,5 ROOM,805A,KEAT HONG CL,01 TO 03,113.0,Improved,2017,92 years 02 months,605000.0
2024-04-01,CHOA CHU KANG,5 ROOM,805D,KEAT HONG CL,07 TO 09,113.0,Improved,2017,92 years 02 months,645000.0
2024-04-01,CHOA CHU KANG,5 ROOM,7,TECK WHYE AVE,04 TO 06,132.0,Model A,1984,59 years,600000.0
2024-04-01,CHOA CHU KANG,5 ROOM,118,TECK WHYE LANE,04 TO 06,121.0,Improved,1989,63 years 11 months,570000.0
2024-04-01,CHOA CHU KANG,EXECUTIVE,274,CHOA CHU KANG AVE 2,01 TO 03,145.0,Apartment,1993,68 years 05 months,730000.0
2024-04-01,CHOA CHU KANG,EXECUTIVE,287,CHOA CHU KANG AVE 2,07 TO 09,149.0,Maisonette,1990,65 years 04 months,800000.0
2024-04-01,CHOA CHU KANG,EXECUTIVE,272,CHOA CHU KANG AVE 2,16 TO 18,143.0,Apartment,1993,68 years 03 months,790000.0
2024-04-01,CHOA CHU KANG,EXECUTIVE,453,CHOA CHU KANG AVE 4,04 TO 06,142.0,Premium Apartment,2000,74 years 11 months,725000.0
2024-04-01,CHOA CHU KANG,EXECUTIVE,682,CHOA CHU KANG CRES,01 TO 03,144.0,Premium Apartment,1999,74 years 07 months,630000.0
2024-04-01,CHOA CHU KANG,EXECUTIVE,342,CHOA CHU KANG LOOP,07 TO 09,142.0,Apartment,1993,68 years 02 months,888000.0
2024-04-01,CHOA CHU KANG,EXECUTIVE,558,CHOA CHU KANG NTH 6,07 TO 09,146.0,Apartment,1996,71 years,780000.0
2024-04-01,CHOA CHU KANG,EXECUTIVE,531,CHOA CHU KANG ST 51,04 TO 06,153.0,Apartment,1995,70 years 01 month,730000.0
2024-04-01,CLEMENTI,3 ROOM,367,CLEMENTI AVE 2,07 TO 09,61.0,Model A,2003,77 years 11 months,500000.0
2024-04-01,CLEMENTI,3 ROOM,427,CLEMENTI AVE 3,10 TO 12,67.0,New Generation,1978,53 years 02 months,420000.0
2024-04-01,CLEMENTI,3 ROOM,440B,CLEMENTI AVE 3,10 TO 12,69.0,Model A,2018,93 years 05 months,740000.0
2024-04-01,CLEMENTI,3 ROOM,371,CLEMENTI AVE 4,04 TO 06,68.0,New Generation,1981,56 years 06 months,381000.0
2024-04-01,CLEMENTI,3 ROOM,311B,CLEMENTI AVE 4,07 TO 09,60.0,DBSS,2014,89 years 09 months,605000.0
2024-04-01,CLEMENTI,3 ROOM,375,CLEMENTI AVE 4,10 TO 12,81.0,New Generation,1980,55 years 07 months,480000.0
2024-04-01,CLEMENTI,3 ROOM,309,CLEMENTI AVE 4,04 TO 06,67.0,New Generation,1980,54 years 10 months,363000.0
2024-04-01,CLEMENTI,3 ROOM,375,CLEMENTI AVE 4,01 TO 03,67.0,New Generation,1980,55 years 07 months,400000.0
2024-04-01,CLEMENTI,3 ROOM,309,CLEMENTI AVE 4,10 TO 12,67.0,New Generation,1980,54 years 10 months,385000.0
2024-04-01,CLEMENTI,3 ROOM,309,CLEMENTI AVE 4,04 TO 06,67.0,New Generation,1980,54 years 10 months,382000.0
2024-04-01,CLEMENTI,3 ROOM,379,CLEMENTI AVE 5,10 TO 12,67.0,New Generation,1980,55 years 06 months,395000.0
2024-04-01,CLEMENTI,3 ROOM,327,CLEMENTI AVE 5,10 TO 12,82.0,New Generation,1978,53 years 05 months,520000.0
2024-04-01,CLEMENTI,3 ROOM,208B,CLEMENTI AVE 6,31 TO 33,68.0,Model A,2017,92 years 07 months,658000.0
2024-04-01,CLEMENTI,3 ROOM,612,CLEMENTI WEST ST 1,01 TO 03,74.0,Model A,1983,58 years 09 months,380000.0
2024-04-01,CLEMENTI,3 ROOM,731,CLEMENTI WEST ST 2,04 TO 06,68.0,New Generation,1980,55 years 03 months,380000.0
2024-04-01,CLEMENTI,3 ROOM,509,WEST COAST DR,01 TO 03,67.0,New Generation,1978,52 years 10 months,345000.0
2024-04-01,CLEMENTI,3 ROOM,509,WEST COAST DR,01 TO 03,67.0,New Generation,1978,52 years 10 months,348000.0
2024-04-01,CLEMENTI,3 ROOM,509,WEST COAST DR,13 TO 15,67.0,New Generation,1978,52 years 10 months,380000.0
2024-04-01,CLEMENTI,3 ROOM,702,WEST COAST RD,07 TO 09,67.0,New Generation,1980,55 years 07 months,355000.0
2024-04-01,CLEMENTI,3 ROOM,704,WEST COAST RD,04 TO 06,67.0,New Generation,1980,55 years 06 months,365000.0
2024-04-01,CLEMENTI,3 ROOM,703,WEST COAST RD,07 TO 09,67.0,New Generation,1980,55 years 05 months,386000.0
2024-04-01,CLEMENTI,4 ROOM,424,CLEMENTI AVE 1,04 TO 06,100.0,Model A,2013,88 years 06 months,823000.0
2024-04-01,CLEMENTI,4 ROOM,417,CLEMENTI AVE 1,10 TO 12,100.0,Model A,2013,88 years 06 months,935000.0
2024-04-01,CLEMENTI,4 ROOM,421,CLEMENTI AVE 1,34 TO 36,92.0,Model A,2013,88 years 06 months,938000.0
2024-04-01,CLEMENTI,4 ROOM,420,CLEMENTI AVE 1,19 TO 21,92.0,Model A,2013,88 years 06 months,910000.0
2024-04-01,CLEMENTI,4 ROOM,417,CLEMENTI AVE 1,07 TO 09,96.0,Model A,2013,88 years 05 months,858000.0
2024-04-01,CLEMENTI,4 ROOM,332,CLEMENTI AVE 2,13 TO 15,92.0,New Generation,1978,53 years 06 months,640000.0
2024-04-01,CLEMENTI,4 ROOM,350,CLEMENTI AVE 2,04 TO 06,92.0,New Generation,1978,53 years 06 months,540000.0
2024-04-01,CLEMENTI,4 ROOM,455,CLEMENTI AVE 3,10 TO 12,86.0,Model A,2002,77 years 09 months,828000.0
2024-04-01,CLEMENTI,4 ROOM,460,CLEMENTI AVE 3,19 TO 21,90.0,Model A,2002,77 years 09 months,848000.0
2024-04-01,CLEMENTI,4 ROOM,311A,CLEMENTI AVE 4,19 TO 21,80.0,DBSS,2014,89 years 09 months,940000.0
2024-04-01,CLEMENTI,4 ROOM,306,CLEMENTI AVE 4,10 TO 12,92.0,New Generation,1979,54 years 01 month,615000.0
2024-04-01,CLEMENTI,4 ROOM,311B,CLEMENTI AVE 4,40 TO 42,81.0,DBSS,2014,89 years 08 months,938000.0
2024-04-01,CLEMENTI,4 ROOM,326,CLEMENTI AVE 5,01 TO 03,92.0,New Generation,1978,53 years 05 months,558888.0
2024-04-01,CLEMENTI,4 ROOM,205,CLEMENTI AVE 6,07 TO 09,91.0,New Generation,1984,59 years 08 months,535888.0
2024-04-01,CLEMENTI,4 ROOM,712,CLEMENTI WEST ST 2,01 TO 03,91.0,New Generation,1980,55 years 02 months,500000.0
2024-04-01,CLEMENTI,4 ROOM,508,WEST COAST DR,01 TO 03,83.0,New Generation,1978,53 years 06 months,420000.0
2024-04-01,CLEMENTI,5 ROOM,338,CLEMENTI AVE 2,04 TO 06,119.0,Improved,1978,53 years 08 months,760000.0
2024-04-01,CLEMENTI,5 ROOM,311B,CLEMENTI AVE 4,25 TO 27,105.0,DBSS,2014,89 years 09 months,1200000.0
2024-04-01,CLEMENTI,5 ROOM,114,CLEMENTI ST 13,01 TO 03,142.0,Model A-Maisonette,1984,59 years 06 months,1030000.0
2024-04-01,CLEMENTI,5 ROOM,101,CLEMENTI ST 14,01 TO 03,121.0,Improved,1984,59 years 08 months,828000.0
2024-04-01,CLEMENTI,5 ROOM,605,CLEMENTI WEST ST 1,01 TO 03,119.0,Improved,1979,54 years 08 months,600000.0
2024-04-01,CLEMENTI,5 ROOM,604,CLEMENTI WEST ST 1,01 TO 03,119.0,Improved,1979,54 years 07 months,520000.0
2024-04-01,CLEMENTI,EXECUTIVE,206,CLEMENTI AVE 6,10 TO 12,148.0,Maisonette,1985,59 years 11 months,988000.0
2024-04-01,GEYLANG,2 ROOM,43,CIRCUIT RD,04 TO 06,40.0,Standard,1971,45 years 11 months,280000.0
2024-04-01,GEYLANG,3 ROOM,101,ALJUNIED CRES,10 TO 12,67.0,New Generation,1978,52 years 10 months,365000.0
2024-04-01,GEYLANG,3 ROOM,23,BALAM RD,07 TO 09,60.3,Standard,1967,41 years 10 months,310000.0
2024-04-01,GEYLANG,3 ROOM,19,BALAM RD,01 TO 03,60.3,Standard,1967,41 years 10 months,295000.0
2024-04-01,GEYLANG,3 ROOM,64,CIRCUIT RD,07 TO 09,59.0,Standard,1967,41 years 10 months,330800.0
2024-04-01,GEYLANG,3 ROOM,58,CIRCUIT RD,01 TO 03,55.0,Standard,1969,43 years 11 months,293000.0
2024-04-01,GEYLANG,3 ROOM,57,CIRCUIT RD,07 TO 09,56.0,Standard,1969,43 years 10 months,287000.0
2024-04-01,GEYLANG,3 ROOM,60,CIRCUIT RD,04 TO 06,56.0,Standard,1969,43 years 10 months,316000.0
2024-04-01,GEYLANG,3 ROOM,59,CIRCUIT RD,01 TO 03,60.0,Standard,1969,43 years 10 months,308000.0
2024-04-01,GEYLANG,3 ROOM,38,CIRCUIT RD,04 TO 06,60.0,Standard,1971,45 years 10 months,315000.0
2024-04-01,GEYLANG,3 ROOM,85,CIRCUIT RD,04 TO 06,60.0,Improved,1970,44 years 10 months,312000.0
2024-04-01,GEYLANG,3 ROOM,82B,CIRCUIT RD,07 TO 09,68.0,Model A,2020,95 years 02 months,720000.0
2024-04-01,GEYLANG,3 ROOM,47,CIRCUIT RD,01 TO 03,55.0,Standard,1969,43 years 10 months,300000.0
2024-04-01,GEYLANG,3 ROOM,58,DAKOTA CRES,10 TO 12,74.0,Model A,1984,59 years 07 months,570000.0
2024-04-01,GEYLANG,3 ROOM,16,EUNOS CRES,04 TO 06,59.0,Improved,1977,52 years 02 months,340000.0
2024-04-01,GEYLANG,3 ROOM,25,EUNOS CRES,07 TO 09,59.0,Improved,1977,52 years 03 months,335000.0
2024-04-01,GEYLANG,3 ROOM,17,EUNOS CRES,10 TO 12,59.0,Improved,1977,52 years 02 months,335000.0
2024-04-01,GEYLANG,3 ROOM,19,EUNOS CRES,04 TO 06,65.0,Improved,1977,52 years 02 months,355000.0
2024-04-01,GEYLANG,3 ROOM,9,HAIG RD,10 TO 12,59.0,Improved,1976,51 years 04 months,390000.0
2024-04-01,GEYLANG,3 ROOM,9,HAIG RD,07 TO 09,59.0,Improved,1976,51 years 04 months,380000.0
2024-04-01,GEYLANG,3 ROOM,4,HAIG RD,10 TO 12,65.0,Improved,1976,51 years 04 months,390000.0
2024-04-01,GEYLANG,3 ROOM,9,HAIG RD,10 TO 12,59.0,Improved,1976,51 years 03 months,388000.0
2024-04-01,GEYLANG,3 ROOM,4,HAIG RD,07 TO 09,65.0,Improved,1976,51 years 03 months,410000.0
2024-04-01,GEYLANG,3 ROOM,93,JLN DUA,04 TO 06,70.0,Standard,1969,43 years 10 months,375000.0
2024-04-01,GEYLANG,3 ROOM,99,OLD AIRPORT RD,01 TO 03,56.0,Standard,1969,43 years 10 months,300000.0
2024-04-01,GEYLANG,3 ROOM,99,OLD AIRPORT RD,01 TO 03,56.0,Standard,1969,43 years 09 months,300000.0
2024-04-01,GEYLANG,3 ROOM,91,PAYA LEBAR WAY,01 TO 03,58.0,Improved,1972,47 years 06 months,295000.0
2024-04-01,GEYLANG,3 ROOM,41,SIMS DR,10 TO 12,66.0,Improved,1981,55 years 11 months,375000.0
2024-04-01,GEYLANG,4 ROOM,83B,CIRCUIT RD,04 TO 06,96.0,Model A,2020,95 years 02 months,899998.0
2024-04-01,GEYLANG,4 ROOM,2B,GEYLANG SERAI,13 TO 15,93.0,Model A,2011,86 years 09 months,870000.0
2024-04-01,GEYLANG,4 ROOM,2D,GEYLANG SERAI,13 TO 15,95.0,Model A,2011,86 years 08 months,906000.0
2024-04-01,GEYLANG,4 ROOM,11,PINE CL,13 TO 15,86.0,Model A,2000,75 years 03 months,780000.0
2024-04-01,GEYLANG,4 ROOM,323,UBI AVE 1,04 TO 06,84.0,Simplified,1985,60 years 03 months,490000.0
2024-04-01,GEYLANG,4 ROOM,338,UBI AVE 1,07 TO 09,105.0,Model A,1986,61 years,620000.0
2024-04-01,GEYLANG,4 ROOM,336,UBI AVE 1,04 TO 06,83.0,Simplified,1986,61 years,500000.0
2024-04-01,GEYLANG,4 ROOM,338,UBI AVE 1,01 TO 03,104.0,Model A,1986,61 years,568000.0
2024-04-01,GEYLANG,4 ROOM,327,UBI AVE 1,10 TO 12,84.0,Simplified,1985,60 years 06 months,555000.0
2024-04-01,GEYLANG,5 ROOM,123,GEYLANG EAST CTRL,10 TO 12,123.0,Improved,1982,57 years 02 months,900000.0
2024-04-01,GEYLANG,5 ROOM,40,SIMS DR,10 TO 12,122.0,Improved,1990,65 years 03 months,760000.0
2024-04-01,GEYLANG,5 ROOM,311,UBI AVE 1,01 TO 03,122.0,Improved,1985,60 years 09 months,640000.0
2024-04-01,GEYLANG,EXECUTIVE,130,GEYLANG EAST AVE 1,01 TO 03,146.0,Maisonette,1987,62 years 02 months,945000.0
2024-04-01,GEYLANG,EXECUTIVE,846,SIMS AVE,13 TO 15,149.0,Maisonette,1985,60 years 06 months,1048888.0
2024-04-01,GEYLANG,EXECUTIVE,334,UBI AVE 1,10 TO 12,146.0,Maisonette,1986,61 years 04 months,890000.0
2024-04-01,HOUGANG,2 ROOM,995C,BUANGKOK CRES,10 TO 12,47.0,Model A,2019,94 years 07 months,355000.0
2024-04-01,HOUGANG,2 ROOM,995C,BUANGKOK CRES,13 TO 15,47.0,Model A,2019,94 years 07 months,390000.0
2024-04-01,HOUGANG,2 ROOM,998B,BUANGKOK CRES,10 TO 12,47.0,Model A,2019,94 years 09 months,368000.0
2024-04-01,HOUGANG,2 ROOM,995B,BUANGKOK CRES,07 TO 09,47.0,Model A,2019,94 years 06 months,390000.0
2024-04-01,HOUGANG,2 ROOM,991A,BUANGKOK LINK,10 TO 12,47.0,Model A,2019,94 years 03 months,372000.0
2024-04-01,HOUGANG,2 ROOM,992A,BUANGKOK LINK,10 TO 12,38.0,Model A,2019,94 years 03 months,345000.0
2024-04-01,HOUGANG,2 ROOM,992A,BUANGKOK LINK,10 TO 12,38.0,Model A,2019,94 years 03 months,345000.0
2024-04-01,HOUGANG,3 ROOM,998A,BUANGKOK CRES,16 TO 18,68.0,Model A,2019,94 years 09 months,513000.0
2024-04-01,HOUGANG,3 ROOM,995B,BUANGKOK CRES,01 TO 03,68.0,Model A,2019,94 years 07 months,420000.0
2024-04-01,HOUGANG,3 ROOM,998B,BUANGKOK CRES,13 TO 15,68.0,Model A,2019,94 years 09 months,475000.0
2024-04-01,HOUGANG,3 ROOM,986B,BUANGKOK CRES,01 TO 03,67.0,Model A,2012,87 years 03 months,438000.0
2024-04-01,HOUGANG,3 ROOM,998B,BUANGKOK CRES,04 TO 06,68.0,Model A,2019,94 years 09 months,448000.0
2024-04-01,HOUGANG,3 ROOM,998A,BUANGKOK CRES,16 TO 18,68.0,Model A,2019,94 years 09 months,495000.0
2024-04-01,HOUGANG,3 ROOM,999B,BUANGKOK CRES,16 TO 18,68.0,Model A,2019,94 years 09 months,498888.0
2024-04-01,HOUGANG,3 ROOM,995A,BUANGKOK CRES,10 TO 12,68.0,Model A,2019,94 years 05 months,502888.0
2024-04-01,HOUGANG,3 ROOM,992A,BUANGKOK LINK,10 TO 12,68.0,Model A,2019,94 years 04 months,480000.0
2024-04-01,HOUGANG,3 ROOM,991B,BUANGKOK LINK,01 TO 03,68.0,Model A,2019,94 years 03 months,420000.0
2024-04-01,HOUGANG,3 ROOM,126,HOUGANG AVE 1,04 TO 06,67.0,New Generation,1983,58 years,375000.0
2024-04-01,HOUGANG,3 ROOM,111,HOUGANG AVE 1,01 TO 03,67.0,New Generation,1983,58 years,370000.0
2024-04-01,HOUGANG,3 ROOM,118,HOUGANG AVE 1,01 TO 03,81.0,New Generation,1982,57 years 05 months,400000.0
2024-04-01,HOUGANG,3 ROOM,109,HOUGANG AVE 1,04 TO 06,80.0,New Generation,1983,58 years,460000.0
2024-04-01,HOUGANG,3 ROOM,114,HOUGANG AVE 1,04 TO 06,79.0,New Generation,1982,56 years 10 months,425000.0
2024-04-01,HOUGANG,3 ROOM,415,HOUGANG AVE 10,10 TO 12,71.0,New Generation,1985,60 years 06 months,430000.0
2024-04-01,HOUGANG,3 ROOM,2,HOUGANG AVE 3,04 TO 06,59.0,Improved,1975,50 years 05 months,323000.0
2024-04-01,HOUGANG,3 ROOM,22,HOUGANG AVE 3,07 TO 09,73.0,New Generation,1978,53 years 02 months,375000.0
2024-04-01,HOUGANG,3 ROOM,21,HOUGANG AVE 3,07 TO 09,73.0,New Generation,1978,53 years 01 month,380000.0
2024-04-01,HOUGANG,3 ROOM,356,HOUGANG AVE 7,01 TO 03,82.0,New Generation,1984,59 years 09 months,458000.0
2024-04-01,HOUGANG,3 ROOM,316,HOUGANG AVE 7,07 TO 09,71.0,Improved,1993,68 years 01 month,410000.0
2024-04-01,HOUGANG,3 ROOM,644,HOUGANG AVE 8,04 TO 06,60.0,Improved,1987,61 years 10 months,376000.0
2024-04-01,HOUGANG,3 ROOM,642,HOUGANG AVE 8,07 TO 09,69.0,Improved,1987,62 years 09 months,438000.0
2024-04-01,HOUGANG,3 ROOM,631,HOUGANG AVE 8,04 TO 06,69.0,Improved,1985,60 years 05 months,391000.0
2024-04-01,HOUGANG,3 ROOM,644,HOUGANG AVE 8,01 TO 03,60.0,Improved,1987,61 years 10 months,375000.0
2024-04-01,HOUGANG,3 ROOM,644,HOUGANG AVE 8,07 TO 09,60.0,Improved,1987,61 years 10 months,368888.0
2024-04-01,HOUGANG,3 ROOM,660,HOUGANG AVE 8,07 TO 09,74.0,Model A,1987,62 years 03 months,422000.0
2024-04-01,HOUGANG,3 ROOM,932B,HOUGANG AVE 9,01 TO 03,67.0,Model A,2017,92 years 09 months,460000.0
2024-04-01,HOUGANG,3 ROOM,154,HOUGANG ST 11,10 TO 12,67.0,New Generation,1984,59 years 09 months,412000.0
2024-04-01,HOUGANG,3 ROOM,246,HOUGANG ST 22,01 TO 03,67.0,New Generation,1984,59 years 05 months,400008.0
2024-04-01,HOUGANG,3 ROOM,476A,UPP SERANGOON VIEW,10 TO 12,67.0,Premium Apartment,2016,91 years,518000.0
2024-04-01,HOUGANG,4 ROOM,998A,BUANGKOK CRES,01 TO 03,93.0,Model A,2019,94 years 10 months,555000.0
2024-04-01,HOUGANG,4 ROOM,999B,BUANGKOK CRES,13 TO 15,93.0,Model A,2019,94 years 10 months,633000.0
2024-04-01,HOUGANG,4 ROOM,998A,BUANGKOK CRES,01 TO 03,94.0,Model A,2019,94 years 09 months,550000.0
2024-04-01,HOUGANG,4 ROOM,980C,BUANGKOK CRES,01 TO 03,85.0,Model A2,2003,78 years 02 months,490000.0
2024-04-01,HOUGANG,4 ROOM,998A,BUANGKOK CRES,13 TO 15,94.0,Model A,2019,94 years 09 months,640000.0
2024-04-01,HOUGANG,4 ROOM,998A,BUANGKOK CRES,13 TO 15,94.0,Model A,2019,94 years 09 months,665000.0
2024-04-01,HOUGANG,4 ROOM,996C,BUANGKOK CRES,13 TO 15,93.0,Model A,2019,94 years 06 months,655000.0
2024-04-01,HOUGANG,4 ROOM,996C,BUANGKOK CRES,13 TO 15,93.0,Model A,2019,94 years 06 months,640000.0
2024-04-01,HOUGANG,4 ROOM,996C,BUANGKOK CRES,04 TO 06,93.0,Model A,2019,94 years 06 months,610000.0
2024-04-01,HOUGANG,4 ROOM,998B,BUANGKOK CRES,04 TO 06,94.0,Model A,2019,94 years 09 months,587000.0
2024-04-01,HOUGANG,4 ROOM,997B,BUANGKOK CRES,04 TO 06,93.0,Model A,2018,93 years 08 months,585000.0
2024-04-01,HOUGANG,4 ROOM,996A,BUANGKOK CRES,01 TO 03,92.0,Model A,2019,94 years 06 months,556000.0
2024-04-01,HOUGANG,4 ROOM,996A,BUANGKOK CRES,07 TO 09,93.0,Model A,2019,94 years 06 months,602000.0
2024-04-01,HOUGANG,4 ROOM,987C,BUANGKOK GREEN,07 TO 09,93.0,Model A,2015,89 years 11 months,535000.0
2024-04-01,HOUGANG,4 ROOM,984A,BUANGKOK LINK,04 TO 06,85.0,Model A2,2004,79 years,450000.0
2024-04-01,HOUGANG,4 ROOM,992A,BUANGKOK LINK,07 TO 09,93.0,Model A,2019,94 years 03 months,610000.0
2024-04-01,HOUGANG,4 ROOM,992A,BUANGKOK LINK,07 TO 09,93.0,Model A,2019,94 years 03 months,615000.0
2024-04-01,HOUGANG,4 ROOM,172,HOUGANG AVE 1,01 TO 03,101.0,Model A,1997,72 years 10 months,505000.0
2024-04-01,HOUGANG,4 ROOM,171,HOUGANG AVE 1,04 TO 06,100.0,Model A,1998,72 years 10 months,568000.0
2024-04-01,HOUGANG,4 ROOM,232,HOUGANG AVE 1,07 TO 09,104.0,Model A,1984,59 years 07 months,575000.0
2024-04-01,HOUGANG,4 ROOM,414,HOUGANG AVE 10,01 TO 03,103.0,New Generation,1986,60 years 10 months,500000.0
2024-04-01,HOUGANG,4 ROOM,511,HOUGANG AVE 10,04 TO 06,84.0,Simplified,1986,61 years 02 months,497000.0
2024-04-01,HOUGANG,4 ROOM,515,HOUGANG AVE 10,01 TO 03,84.0,Simplified,1986,61 years 06 months,482000.0
2024-04-01,HOUGANG,4 ROOM,416,HOUGANG AVE 10,07 TO 09,98.0,New Generation,1985,60 years 07 months,560000.0
2024-04-01,HOUGANG,4 ROOM,701,HOUGANG AVE 2,04 TO 06,91.0,New Generation,1985,60 years 07 months,528000.0
2024-04-01,HOUGANG,4 ROOM,701,HOUGANG AVE 2,04 TO 06,96.0,New Generation,1985,60 years 06 months,510000.0
2024-04-01,HOUGANG,4 ROOM,19,HOUGANG AVE 3,04 TO 06,98.0,New Generation,1978,53 years 02 months,530000.0
2024-04-01,HOUGANG,4 ROOM,602,HOUGANG AVE 4,10 TO 12,104.0,Model A,1985,60 years 04 months,600000.0
2024-04-01,HOUGANG,4 ROOM,332,HOUGANG AVE 5,07 TO 09,104.0,Model A,1983,58 years 02 months,585000.0
2024-04-01,HOUGANG,4 ROOM,363,HOUGANG AVE 5,13 TO 15,104.0,Model A,1992,67 years 07 months,628000.0
2024-04-01,HOUGANG,4 ROOM,321,HOUGANG AVE 5,07 TO 09,96.0,New Generation,1983,57 years 11 months,520000.0
2024-04-01,HOUGANG,4 ROOM,318,HOUGANG AVE 5,01 TO 03,92.0,New Generation,1982,57 years 09 months,475000.0
2024-04-01,HOUGANG,4 ROOM,354,HOUGANG AVE 7,10 TO 12,96.0,New Generation,1986,61 years 02 months,535000.0
2024-04-01,HOUGANG,4 ROOM,629,HOUGANG AVE 8,10 TO 12,104.0,Model A,1986,61 years 04 months,568888.0
2024-04-01,HOUGANG,4 ROOM,613,HOUGANG AVE 8,07 TO 09,84.0,Simplified,1986,61 years 03 months,490000.0
2024-04-01,HOUGANG,4 ROOM,635,HOUGANG AVE 8,01 TO 03,84.0,Simplified,1987,62 years 06 months,468000.0
2024-04-01,HOUGANG,4 ROOM,507,HOUGANG AVE 8,04 TO 06,104.0,Model A,1986,61 years 05 months,570000.0
2024-04-01,HOUGANG,4 ROOM,617,HOUGANG AVE 8,10 TO 12,104.0,Model A,1986,60 years 10 months,570000.0
2024-04-01,HOUGANG,4 ROOM,467,HOUGANG AVE 8,10 TO 12,109.0,Model A,1992,67 years 06 months,650000.0
2024-04-01,HOUGANG,4 ROOM,650,HOUGANG AVE 8,01 TO 03,84.0,Simplified,1987,62 years 06 months,445000.0
2024-04-01,HOUGANG,4 ROOM,632,HOUGANG AVE 8,04 TO 06,84.0,Simplified,1986,61 years 03 months,500000.0
2024-04-01,HOUGANG,4 ROOM,436,HOUGANG AVE 8,10 TO 12,105.0,Model A,1990,65 years 08 months,600000.0
2024-04-01,HOUGANG,4 ROOM,954,HOUGANG AVE 9,13 TO 15,101.0,Model A,1999,74 years,545000.0
2024-04-01,HOUGANG,4 ROOM,838,HOUGANG CTRL,04 TO 06,100.0,Model A,1997,72 years,700000.0
2024-04-01,HOUGANG,4 ROOM,241,HOUGANG ST 22,10 TO 12,108.0,Model A,1985,60 years 01 month,545000.0
2024-04-01,HOUGANG,4 ROOM,244,HOUGANG ST 22,10 TO 12,93.0,New Generation,1984,59 years 06 months,510000.0
2024-04-01,HOUGANG,4 ROOM,376A,HOUGANG ST 32,16 TO 18,92.0,Model A,2016,91 years,675888.0
2024-04-01,HOUGANG,4 ROOM,551,HOUGANG ST 51,04 TO 06,111.0,Model A,1992,67 years 07 months,588000.0
2024-04-01,HOUGANG,4 ROOM,556,HOUGANG ST 51,07 TO 09,103.0,Model A,1992,67 years 06 months,575000.0
2024-04-01,HOUGANG,4 ROOM,556,HOUGANG ST 51,07 TO 09,103.0,Model A,1992,67 years 06 months,595000.0
2024-04-01,HOUGANG,4 ROOM,551,HOUGANG ST 51,01 TO 03,106.0,Model A,1992,67 years 06 months,540000.0
2024-04-01,HOUGANG,4 ROOM,537,HOUGANG ST 52,16 TO 18,116.0,Model A,1992,67 years 06 months,656000.0
2024-04-01,HOUGANG,4 ROOM,689,HOUGANG ST 61,10 TO 12,104.0,Model A,1987,62 years 05 months,573000.0
2024-04-01,HOUGANG,4 ROOM,686,HOUGANG ST 61,04 TO 06,103.0,Model A,1987,62 years 04 months,540000.0
2024-04-01,HOUGANG,4 ROOM,930,HOUGANG ST 91,13 TO 15,100.0,Model A,1998,73 years 04 months,590000.0
2024-04-01,HOUGANG,4 ROOM,969,HOUGANG ST 91,13 TO 15,95.0,Model A2,1999,74 years 08 months,530000.0
2024-04-01,HOUGANG,4 ROOM,925,HOUGANG ST 91,13 TO 15,100.0,Model A,1998,73 years 05 months,585000.0
2024-04-01,HOUGANG,4 ROOM,911,HOUGANG ST 91,04 TO 06,94.0,Model A2,1998,72 years 11 months,510000.0
2024-04-01,HOUGANG,4 ROOM,142,LOR AH SOO,10 TO 12,103.0,Model A,1984,59 years 09 months,595000.0
2024-04-01,HOUGANG,4 ROOM,140,LOR AH SOO,10 TO 12,103.0,Model A,1984,59 years 09 months,572000.0
2024-04-01,HOUGANG,4 ROOM,470B,UPP SERANGOON CRES,01 TO 03,92.0,Model A,2015,90 years 02 months,550000.0
2024-04-01,HOUGANG,4 ROOM,470C,UPP SERANGOON CRES,01 TO 03,93.0,Model A,2015,90 years 02 months,555000.0
2024-04-01,HOUGANG,4 ROOM,365D,UPP SERANGOON RD,10 TO 12,92.0,Model A,2018,92 years 11 months,795000.0
2024-04-01,HOUGANG,4 ROOM,365B,UPP SERANGOON RD,01 TO 03,92.0,Model A,2018,92 years 11 months,692000.0
2024-04-01,HOUGANG,4 ROOM,365C,UPP SERANGOON RD,16 TO 18,92.0,Model A,2018,92 years 11 months,820000.0
2024-04-01,HOUGANG,4 ROOM,365A,UPP SERANGOON RD,04 TO 06,92.0,Model A,2018,92 years 10 months,728000.0
2024-04-01,HOUGANG,4 ROOM,476B,UPP SERANGOON VIEW,04 TO 06,92.0,Premium Apartment,2016,91 years,635000.0
2024-04-01,HOUGANG,4 ROOM,476A,UPP SERANGOON VIEW,10 TO 12,95.0,Premium Apartment,2016,91 years,738000.0
2024-04-01,HOUGANG,5 ROOM,981B,BUANGKOK CRES,01 TO 03,110.0,Improved,2003,78 years 03 months,565000.0
2024-04-01,HOUGANG,5 ROOM,980D,BUANGKOK CRES,04 TO 06,110.0,Improved,2003,78 years 02 months,575000.0
2024-04-01,HOUGANG,5 ROOM,513,HOUGANG AVE 10,07 TO 09,121.0,Improved,1986,61 years 06 months,730000.0
2024-04-01,HOUGANG,5 ROOM,251,HOUGANG AVE 3,10 TO 12,121.0,Improved,1985,59 years 11 months,640000.0
2024-04-01,HOUGANG,5 ROOM,251,HOUGANG AVE 3,07 TO 09,121.0,Improved,1985,59 years 11 months,640000.0
2024-04-01,HOUGANG,5 ROOM,320,HOUGANG AVE 5,04 TO 06,121.0,Improved,1983,58 years 07 months,580000.0
2024-04-01,HOUGANG,5 ROOM,306,HOUGANG AVE 5,04 TO 06,131.0,Model A,1983,58 years,665000.0
2024-04-01,HOUGANG,5 ROOM,339,HOUGANG AVE 7,01 TO 03,121.0,Improved,1985,60 years 06 months,600000.0
2024-04-01,HOUGANG,5 ROOM,641,HOUGANG AVE 8,10 TO 12,120.0,Improved,1987,62 years 06 months,690000.0
2024-04-01,HOUGANG,5 ROOM,952,HOUGANG AVE 9,04 TO 06,120.0,Improved,1999,74 years 02 months,655000.0
2024-04-01,HOUGANG,5 ROOM,231,HOUGANG ST 21,04 TO 06,142.0,Model A-Maisonette,1984,59 years 07 months,991688.0
2024-04-01,HOUGANG,5 ROOM,231,HOUGANG ST 21,04 TO 06,140.0,Model A-Maisonette,1984,59 years 06 months,900000.0
2024-04-01,HOUGANG,5 ROOM,973,HOUGANG ST 91,07 TO 09,116.0,Improved,1999,74 years 08 months,680000.0
2024-04-01,HOUGANG,5 ROOM,936,HOUGANG ST 92,01 TO 03,121.0,Improved,1998,72 years 11 months,650000.0
2024-04-01,HOUGANG,5 ROOM,473C,UPP SERANGOON CRES,16 TO 18,113.0,Improved,2017,92 years 03 months,810000.0
2024-04-01,HOUGANG,5 ROOM,473A,UPP SERANGOON CRES,07 TO 09,113.0,Improved,2017,92 years 03 months,782888.0
2024-04-01,HOUGANG,EXECUTIVE,508,HOUGANG AVE 10,04 TO 06,146.0,Maisonette,1987,62 years 04 months,910000.0
2024-04-01,HOUGANG,EXECUTIVE,455,HOUGANG AVE 10,10 TO 12,146.0,Maisonette,1992,67 years 07 months,940000.0
2024-04-01,HOUGANG,EXECUTIVE,407,HOUGANG AVE 10,07 TO 09,150.0,Maisonette,1986,61 years 06 months,1055000.0
2024-04-01,HOUGANG,EXECUTIVE,577,HOUGANG AVE 4,01 TO 03,142.0,Apartment,1997,72 years 07 months,838000.0
2024-04-01,HOUGANG,EXECUTIVE,522,HOUGANG AVE 6,10 TO 12,145.0,Apartment,1987,62 years 05 months,968000.0
2024-04-01,HOUGANG,EXECUTIVE,446,HOUGANG AVE 8,10 TO 12,146.0,Maisonette,1991,66 years 04 months,950000.0
2024-04-01,HOUGANG,EXECUTIVE,634,HOUGANG AVE 8,04 TO 06,148.0,Maisonette,1987,62 years 07 months,830000.0
2024-04-01,JURONG EAST,2 ROOM,371,JURONG EAST ST 32,13 TO 15,44.0,Model A,2014,88 years 11 months,336888.0
2024-04-01,JURONG EAST,2 ROOM,23,TEBAN GDNS RD,07 TO 09,47.0,Model A,2013,88 years 06 months,313000.0
2024-04-01,JURONG EAST,3 ROOM,214,JURONG EAST ST 21,04 TO 06,68.0,New Generation,1983,58 years,355000.0
2024-04-01,JURONG EAST,3 ROOM,231,JURONG EAST ST 21,01 TO 03,81.0,New Generation,1981,56 years 03 months,410000.0
2024-04-01,JURONG EAST,3 ROOM,210,JURONG EAST ST 21,01 TO 03,67.0,New Generation,1983,58 years 03 months,388000.0
2024-04-01,JURONG EAST,3 ROOM,229,JURONG EAST ST 21,04 TO 06,67.0,New Generation,1981,56 years 03 months,400000.0
2024-04-01,JURONG EAST,3 ROOM,225,JURONG EAST ST 21,04 TO 06,67.0,New Generation,1984,59 years 05 months,365000.0
2024-04-01,JURONG EAST,3 ROOM,231,JURONG EAST ST 21,07 TO 09,67.0,New Generation,1981,56 years 03 months,385000.0
2024-04-01,JURONG EAST,3 ROOM,253,JURONG EAST ST 24,04 TO 06,67.0,New Generation,1985,60 years 03 months,365000.0
2024-04-01,JURONG EAST,3 ROOM,250,JURONG EAST ST 24,01 TO 03,82.0,New Generation,1986,61 years 03 months,420000.0
2024-04-01,JURONG EAST,3 ROOM,257,JURONG EAST ST 24,07 TO 09,67.0,New Generation,1983,57 years 10 months,370888.0
2024-04-01,JURONG EAST,3 ROOM,247,JURONG EAST ST 24,07 TO 09,68.0,New Generation,1983,58 years 03 months,385000.0
2024-04-01,JURONG EAST,3 ROOM,264,JURONG EAST ST 24,07 TO 09,68.0,New Generation,1983,58 years 01 month,380000.0
2024-04-01,JURONG EAST,3 ROOM,321,JURONG EAST ST 31,01 TO 03,74.0,Model A,1984,59 years 09 months,360000.0
2024-04-01,JURONG EAST,3 ROOM,304,JURONG EAST ST 32,07 TO 09,67.0,New Generation,1983,58 years 06 months,365000.0
2024-04-01,JURONG EAST,3 ROOM,371,JURONG EAST ST 32,01 TO 03,64.0,Model A,2014,88 years 11 months,400000.0
2024-04-01,JURONG EAST,3 ROOM,372,JURONG EAST ST 32,07 TO 09,64.0,Model A,2014,88 years 11 months,445000.0
2024-04-01,JURONG EAST,3 ROOM,301,JURONG EAST ST 32,04 TO 06,68.0,New Generation,1983,58 years,378000.0
2024-04-01,JURONG EAST,3 ROOM,303,JURONG EAST ST 32,01 TO 03,67.0,New Generation,1983,58 years 05 months,377000.0
2024-04-01,JURONG EAST,3 ROOM,410,PANDAN GDNS,10 TO 12,72.0,Improved,1979,54 years 02 months,350000.0
2024-04-01,JURONG EAST,3 ROOM,44,TEBAN GDNS RD,07 TO 09,68.0,New Generation,1985,60 years 08 months,365000.0
2024-04-01,JURONG EAST,3 ROOM,35,TEBAN GDNS RD,01 TO 03,77.0,Improved,1977,52 years 03 months,313000.0
2024-04-01,JURONG EAST,4 ROOM,332,JURONG EAST AVE 1,10 TO 12,106.0,Model A,1985,60 years 07 months,518000.0
2024-04-01,JURONG EAST,4 ROOM,113,JURONG EAST ST 13,07 TO 09,90.0,New Generation,1981,56 years 04 months,506000.0
2024-04-01,JURONG EAST,4 ROOM,113,JURONG EAST ST 13,10 TO 12,90.0,New Generation,1981,56 years 03 months,488000.0
2024-04-01,JURONG EAST,4 ROOM,228,JURONG EAST ST 21,07 TO 09,87.0,Simplified,1987,62 years 09 months,488000.0
2024-04-01,JURONG EAST,4 ROOM,211,JURONG EAST ST 21,01 TO 03,94.0,New Generation,1983,58 years 01 month,460000.0
2024-04-01,JURONG EAST,4 ROOM,257,JURONG EAST ST 24,07 TO 09,111.0,New Generation,1983,57 years 10 months,510000.0
2024-04-01,JURONG EAST,4 ROOM,321,JURONG EAST ST 31,07 TO 09,104.0,Model A,1984,59 years 08 months,540000.0
2024-04-01,JURONG EAST,4 ROOM,317,JURONG EAST ST 31,07 TO 09,105.0,Model A,1984,59 years 01 month,540000.0
2024-04-01,JURONG EAST,4 ROOM,304,JURONG EAST ST 32,07 TO 09,94.0,New Generation,1983,58 years 06 months,460000.0
2024-04-01,JURONG EAST,4 ROOM,310,JURONG EAST ST 32,04 TO 06,105.0,Model A,1985,59 years 11 months,468000.0
2024-04-01,JURONG EAST,4 ROOM,55,TEBAN GDNS RD,22 TO 24,92.0,Model A,2016,91 years 08 months,640000.0
2024-04-01,JURONG EAST,4 ROOM,52,TEBAN GDNS RD,07 TO 09,83.0,Simplified,1987,62 years,432000.0
2024-04-01,JURONG EAST,4 ROOM,53,TEBAN GDNS RD,10 TO 12,103.0,Model A,1986,61 years 08 months,470000.0
2024-04-01,JURONG EAST,4 ROOM,20,TEBAN GDNS RD,22 TO 24,92.0,Model A,2013,88 years 05 months,628000.0
2024-04-01,JURONG EAST,4 ROOM,21,TEBAN GDNS RD,28 TO 30,92.0,Model A,2013,88 years 06 months,626000.0
2024-04-01,JURONG EAST,4 ROOM,282,TOH GUAN RD,10 TO 12,90.0,Model A2,1998,73 years 09 months,540000.0
2024-04-01,JURONG EAST,4 ROOM,282,TOH GUAN RD,01 TO 03,92.0,Model A2,1998,73 years 08 months,505000.0
2024-04-01,JURONG EAST,4 ROOM,265,TOH GUAN RD,07 TO 09,101.0,Model A,1998,73 years 07 months,580000.0
2024-04-01,JURONG EAST,5 ROOM,116,JURONG EAST ST 13,10 TO 12,120.0,Improved,1981,56 years 08 months,680000.0
2024-04-01,JURONG EAST,5 ROOM,230,JURONG EAST ST 21,10 TO 12,120.0,Improved,1981,56 years 06 months,630000.0
2024-04-01,JURONG EAST,5 ROOM,240,JURONG EAST ST 21,01 TO 03,121.0,Improved,1982,57 years,550000.0
2024-04-01,JURONG EAST,5 ROOM,413,PANDAN GDNS,07 TO 09,117.0,Standard,1979,54 years 08 months,510000.0
2024-04-01,JURONG EAST,5 ROOM,413,PANDAN GDNS,10 TO 12,117.0,Standard,1979,54 years 06 months,515000.0
2024-04-01,JURONG EAST,5 ROOM,281,TOH GUAN RD,10 TO 12,121.0,Improved,1998,73 years 09 months,738888.0
2024-04-01,JURONG EAST,EXECUTIVE,287D,JURONG EAST ST 21,04 TO 06,145.0,Maisonette,1998,73 years 02 months,948000.0
2024-04-01,JURONG EAST,EXECUTIVE,327,JURONG EAST ST 31,04 TO 06,147.0,Maisonette,1985,60 years 01 month,745000.0
2024-04-01,JURONG EAST,EXECUTIVE,286B,TOH GUAN RD,19 TO 21,143.0,Apartment,1998,73 years 09 months,1088000.0
2024-04-01,JURONG EAST,EXECUTIVE,285A,TOH GUAN RD,04 TO 06,143.0,Apartment,1998,73 years 10 months,900000.0
2024-04-01,JURONG EAST,EXECUTIVE,285C,TOH GUAN RD,07 TO 09,145.0,Maisonette,1998,73 years 08 months,1022000.0
2024-04-01,JURONG WEST,2 ROOM,180A,BOON LAY DR,07 TO 09,47.0,Model A,2014,89 years 02 months,318888.0
2024-04-01,JURONG WEST,2 ROOM,191,BOON LAY DR,04 TO 06,47.0,Model A,1978,53 years 03 months,255000.0
2024-04-01,JURONG WEST,2 ROOM,140A,CORPORATION DR,13 TO 15,38.0,Model A,2019,94 years 03 months,300000.0
2024-04-01,JURONG WEST,2 ROOM,150A,CORPORATION DR,19 TO 21,47.0,Model A,2019,94 years 02 months,345000.0
2024-04-01,JURONG WEST,2 ROOM,150A,CORPORATION DR,04 TO 06,38.0,Model A,2019,94 years 02 months,300300.0
2024-04-01,JURONG WEST,2 ROOM,150A,CORPORATION DR,07 TO 09,47.0,Model A,2019,94 years 02 months,320000.0
2024-04-01,JURONG WEST,2 ROOM,698A,JURONG WEST CTRL 3,07 TO 09,47.0,Model A,2017,92 years 08 months,363000.0
2024-04-01,JURONG WEST,3 ROOM,187,BOON LAY AVE,22 TO 24,59.0,Improved,1978,53 years 04 months,300000.0
2024-04-01,JURONG WEST,3 ROOM,187,BOON LAY AVE,01 TO 03,68.0,Improved,1978,53 years 04 months,310000.0
2024-04-01,JURONG WEST,3 ROOM,187,BOON LAY AVE,13 TO 15,68.0,Improved,1978,53 years 04 months,311000.0
2024-04-01,JURONG WEST,3 ROOM,217B,BOON LAY AVE,10 TO 12,68.0,Model A,2018,93 years 03 months,465000.0
2024-04-01,JURONG WEST,3 ROOM,187,BOON LAY AVE,19 TO 21,59.0,Improved,1978,53 years 03 months,275000.0
2024-04-01,JURONG WEST,3 ROOM,186,BOON LAY AVE,19 TO 21,59.0,Improved,1975,50 years 07 months,290000.0
2024-04-01,JURONG WEST,3 ROOM,187,BOON LAY AVE,16 TO 18,59.0,Improved,1978,53 years 03 months,294500.0
2024-04-01,JURONG WEST,3 ROOM,180B,BOON LAY DR,07 TO 09,68.0,Model A,2014,89 years 03 months,430000.0
2024-04-01,JURONG WEST,3 ROOM,181B,BOON LAY DR,07 TO 09,68.0,Model A,2014,89 years 02 months,455000.0
2024-04-01,JURONG WEST,3 ROOM,174,BOON LAY DR,04 TO 06,59.0,Improved,1978,53 years 03 months,280000.0
2024-04-01,JURONG WEST,3 ROOM,210,BOON LAY PL,07 TO 09,65.0,Improved,1977,52 years 06 months,320000.0
2024-04-01,JURONG WEST,3 ROOM,209,BOON LAY PL,01 TO 03,65.0,Improved,1976,51 years 02 months,318000.0
2024-04-01,JURONG WEST,3 ROOM,150A,CORPORATION DR,04 TO 06,68.0,Model A,2019,94 years 03 months,428000.0
2024-04-01,JURONG WEST,3 ROOM,140B,CORPORATION DR,01 TO 03,68.0,Model A,2019,94 years 04 months,440000.0
2024-04-01,JURONG WEST,3 ROOM,150A,CORPORATION DR,04 TO 06,68.0,Model A,2019,94 years 02 months,440000.0
2024-04-01,JURONG WEST,3 ROOM,120,HO CHING RD,07 TO 09,67.0,Improved,1972,46 years 10 months,317000.0
2024-04-01,JURONG WEST,3 ROOM,490,JURONG WEST AVE 1,07 TO 09,73.0,Model A,1984,59 years 04 months,380000.0
2024-04-01,JURONG WEST,3 ROOM,489,JURONG WEST AVE 1,07 TO 09,73.0,Model A,1984,59 years 05 months,365000.0
2024-04-01,JURONG WEST,3 ROOM,498,JURONG WEST ST 41,01 TO 03,64.0,Simplified,1986,61 years 04 months,370000.0
2024-04-01,JURONG WEST,3 ROOM,457,JURONG WEST ST 41,04 TO 06,73.0,Model A,1984,59 years 02 months,375000.0
2024-04-01,JURONG WEST,3 ROOM,498,JURONG WEST ST 41,04 TO 06,64.0,Simplified,1986,61 years 04 months,358000.0
2024-04-01,JURONG WEST,3 ROOM,464,JURONG WEST ST 41,10 TO 12,73.0,Model A,1984,59 years 02 months,410000.0
2024-04-01,JURONG WEST,3 ROOM,544,JURONG WEST ST 42,04 TO 06,74.0,Model A,1984,59 years 09 months,370000.0
2024-04-01,JURONG WEST,3 ROOM,560A,JURONG WEST ST 42,13 TO 15,68.0,Model A,2018,92 years 11 months,448888.0
2024-04-01,JURONG WEST,3 ROOM,417,JURONG WEST ST 42,07 TO 09,64.0,Simplified,1985,60 years 09 months,358000.0
2024-04-01,JURONG WEST,3 ROOM,421,JURONG WEST ST 42,04 TO 06,64.0,Simplified,1985,60 years 03 months,375000.0
2024-04-01,JURONG WEST,3 ROOM,561A,JURONG WEST ST 42,04 TO 06,68.0,Model A,2018,92 years 11 months,420000.0
2024-04-01,JURONG WEST,3 ROOM,561A,JURONG WEST ST 42,16 TO 18,68.0,Model A,2018,92 years 11 months,450000.0
2024-04-01,JURONG WEST,3 ROOM,455,JURONG WEST ST 42,04 TO 06,74.0,Model A,1985,59 years 09 months,386000.0
2024-04-01,JURONG WEST,3 ROOM,530,JURONG WEST ST 52,07 TO 09,82.0,New Generation,1983,58 years 05 months,400000.0
2024-04-01,JURONG WEST,3 ROOM,521,JURONG WEST ST 52,10 TO 12,71.0,New Generation,1982,57 years 09 months,365000.0
2024-04-01,JURONG WEST,3 ROOM,527,JURONG WEST ST 52,01 TO 03,67.0,New Generation,1983,58 years 05 months,380000.0
2024-04-01,JURONG WEST,3 ROOM,513,JURONG WEST ST 52,07 TO 09,74.0,Model A,1984,59 years 01 month,420000.0
2024-04-01,JURONG WEST,3 ROOM,904,JURONG WEST ST 91,10 TO 12,73.0,Model A,1988,63 years 08 months,386000.0
2024-04-01,JURONG WEST,3 ROOM,338B,KANG CHING RD,10 TO 12,67.0,Model A,2012,87 years 01 month,455000.0
2024-04-01,JURONG WEST,3 ROOM,121,YUAN CHING RD,07 TO 09,61.0,Improved,1974,49 years 03 months,296000.0
2024-04-01,JURONG WEST,3 ROOM,122,YUAN CHING RD,07 TO 09,69.0,Improved,1974,49 years 03 months,329000.0
2024-04-01,JURONG WEST,4 ROOM,218B,BOON LAY AVE,01 TO 03,94.0,Model A,2018,93 years 04 months,535000.0
2024-04-01,JURONG WEST,4 ROOM,140D,CORPORATION DR,07 TO 09,93.0,Model A,2019,94 years 04 months,620000.0
2024-04-01,JURONG WEST,4 ROOM,140B,CORPORATION DR,04 TO 06,93.0,Model A,2019,94 years 03 months,560000.0
2024-04-01,JURONG WEST,4 ROOM,140B,CORPORATION DR,07 TO 09,93.0,Model A,2019,94 years 03 months,565000.0
2024-04-01,JURONG WEST,4 ROOM,140D,CORPORATION DR,07 TO 09,93.0,Model A,2019,94 years 03 months,560000.0
2024-04-01,JURONG WEST,4 ROOM,368,CORPORATION DR,04 TO 06,104.0,Model A,1997,72 years 07 months,510000.0
2024-04-01,JURONG WEST,4 ROOM,140D,CORPORATION DR,19 TO 21,93.0,Model A,2019,94 years 02 months,700000.0
2024-04-01,JURONG WEST,4 ROOM,430,JURONG WEST AVE 1,01 TO 03,103.0,Model A,1985,59 years 11 months,422000.0
2024-04-01,JURONG WEST,4 ROOM,542,JURONG WEST AVE 1,01 TO 03,109.0,Model A,1984,59 years 05 months,478000.0
2024-04-01,JURONG WEST,4 ROOM,426,JURONG WEST AVE 1,13 TO 15,108.0,Model A,1985,60 years 02 months,490000.0
2024-04-01,JURONG WEST,4 ROOM,541,JURONG WEST AVE 1,07 TO 09,106.0,Model A,1984,59 years 08 months,465000.0
2024-04-01,JURONG WEST,4 ROOM,425,JURONG WEST AVE 1,01 TO 03,111.0,Model A,1984,59 years 07 months,470000.0
2024-04-01,JURONG WEST,4 ROOM,484,JURONG WEST AVE 1,07 TO 09,100.0,New Generation,1985,60 years 04 months,456000.0
2024-04-01,JURONG WEST,4 ROOM,488,JURONG WEST AVE 1,04 TO 06,91.0,New Generation,1985,59 years 11 months,458000.0
2024-04-01,JURONG WEST,4 ROOM,426,JURONG WEST AVE 1,10 TO 12,108.0,Model A,1985,60 years 01 month,480000.0
2024-04-01,JURONG WEST,4 ROOM,441,JURONG WEST AVE 1,01 TO 03,103.0,Model A,1984,59 years 05 months,460000.0
2024-04-01,JURONG WEST,4 ROOM,679C,JURONG WEST CTRL 1,10 TO 12,94.0,Premium Apartment,2000,75 years 06 months,528000.0
2024-04-01,JURONG WEST,4 ROOM,679C,JURONG WEST CTRL 1,04 TO 06,94.0,Premium Apartment,2000,75 years 06 months,515000.0
2024-04-01,JURONG WEST,4 ROOM,694,JURONG WEST CTRL 1,07 TO 09,102.0,Premium Apartment,1998,72 years 11 months,590000.0
2024-04-01,JURONG WEST,4 ROOM,272A,JURONG WEST ST 24,04 TO 06,95.0,Premium Apartment,2003,78 years 07 months,475000.0
2024-04-01,JURONG WEST,4 ROOM,276A,JURONG WEST ST 25,10 TO 12,88.0,Model A2,2002,77 years,485000.0
2024-04-01,JURONG WEST,4 ROOM,460,JURONG WEST ST 41,07 TO 09,92.0,New Generation,1985,60 years,488000.0
2024-04-01,JURONG WEST,4 ROOM,457,JURONG WEST ST 41,07 TO 09,103.0,Model A,1984,59 years 03 months,490000.0
2024-04-01,JURONG WEST,4 ROOM,456,JURONG WEST ST 41,10 TO 12,100.0,New Generation,1985,60 years,478000.0
2024-04-01,JURONG WEST,4 ROOM,419,JURONG WEST ST 42,04 TO 06,84.0,Simplified,1985,60 years 02 months,430000.0
2024-04-01,JURONG WEST,4 ROOM,420,JURONG WEST ST 42,04 TO 06,84.0,Simplified,1985,60 years 02 months,448000.0
2024-04-01,JURONG WEST,4 ROOM,432,JURONG WEST ST 42,04 TO 06,119.0,Model A,1984,59 years 08 months,500000.0
2024-04-01,JURONG WEST,4 ROOM,414,JURONG WEST ST 42,04 TO 06,103.0,Model A,1984,59 years 07 months,452000.0
2024-04-01,JURONG WEST,4 ROOM,524,JURONG WEST ST 52,10 TO 12,91.0,New Generation,1982,57 years 01 month,498000.0
2024-04-01,JURONG WEST,4 ROOM,513,JURONG WEST ST 52,07 TO 09,105.0,Model A,1984,59 years,505000.0
2024-04-01,JURONG WEST,4 ROOM,518,JURONG WEST ST 52,01 TO 03,104.0,Model A,1984,59 years 08 months,475000.0
2024-04-01,JURONG WEST,4 ROOM,535,JURONG WEST ST 52,07 TO 09,95.0,New Generation,1983,58 years 03 months,460000.0
2024-04-01,JURONG WEST,4 ROOM,642,JURONG WEST ST 61,01 TO 03,101.0,Model A,1998,73 years 06 months,456888.0
2024-04-01,JURONG WEST,4 ROOM,648C,JURONG WEST ST 61,01 TO 03,91.0,Model A,2001,76 years 01 month,475000.0
2024-04-01,JURONG WEST,4 ROOM,655A,JURONG WEST ST 61,10 TO 12,86.0,Model A2,2002,77 years 07 months,481000.0
2024-04-01,JURONG WEST,4 ROOM,668C,JURONG WEST ST 64,07 TO 09,90.0,Model A2,2000,75 years 04 months,548000.0
2024-04-01,JURONG WEST,4 ROOM,676A,JURONG WEST ST 64,10 TO 12,91.0,Premium Apartment,2008,83 years 03 months,510000.0
2024-04-01,JURONG WEST,4 ROOM,657B,JURONG WEST ST 65,13 TO 15,91.0,Model A,2001,76 years 03 months,523888.0
2024-04-01,JURONG WEST,4 ROOM,621,JURONG WEST ST 65,07 TO 09,90.0,Model A2,2000,75 years 08 months,535000.0
2024-04-01,JURONG WEST,4 ROOM,659C,JURONG WEST ST 65,01 TO 03,90.0,Model A,2001,76 years 04 months,475000.0
2024-04-01,JURONG WEST,4 ROOM,713,JURONG WEST ST 71,07 TO 09,104.0,Model A,1990,65 years 09 months,485000.0
2024-04-01,JURONG WEST,4 ROOM,718,JURONG WEST ST 71,10 TO 12,104.0,Model A,1991,65 years 11 months,465000.0
2024-04-01,JURONG WEST,4 ROOM,711,JURONG WEST ST 71,04 TO 06,104.0,Model A,1991,65 years 10 months,465000.0
2024-04-01,JURONG WEST,4 ROOM,718,JURONG WEST ST 71,04 TO 06,103.0,Model A,1991,65 years 11 months,483000.0
2024-04-01,JURONG WEST,4 ROOM,724,JURONG WEST ST 72,10 TO 12,104.0,Model A,1990,65 years 08 months,462000.0
2024-04-01,JURONG WEST,4 ROOM,739,JURONG WEST ST 73,13 TO 15,106.0,Model A,1995,70 years 04 months,500000.0
2024-04-01,JURONG WEST,4 ROOM,732,JURONG WEST ST 73,04 TO 06,104.0,Model A,1995,70 years 03 months,478000.0
2024-04-01,JURONG WEST,4 ROOM,737,JURONG WEST ST 75,07 TO 09,105.0,Model A,1995,70 years 05 months,510000.0
2024-04-01,JURONG WEST,4 ROOM,854,JURONG WEST ST 81,04 TO 06,106.0,Model A,1996,71 years 05 months,465000.0
2024-04-01,JURONG WEST,4 ROOM,832,JURONG WEST ST 81,07 TO 09,107.0,Model A,1993,68 years 07 months,487000.0
2024-04-01,PASIR RIS,4 ROOM,631,PASIR RIS DR 3,01 TO 03,104.0,Model A,1995,70 years 05 months,573000.0
2024-04-01,JURONG WEST,4 ROOM,812,JURONG WEST ST 81,10 TO 12,104.0,Model A,1990,65 years 01 month,459000.0
2024-04-01,JURONG WEST,4 ROOM,852,JURONG WEST ST 81,07 TO 09,108.0,Model A,1996,71 years,465000.0
2024-04-01,JURONG WEST,4 ROOM,917,JURONG WEST ST 91,10 TO 12,103.0,Model A,1988,63 years 04 months,465000.0
2024-04-01,JURONG WEST,4 ROOM,941,JURONG WEST ST 91,10 TO 12,103.0,Model A,1989,64 years 01 month,460000.0
2024-04-01,JURONG WEST,4 ROOM,917,JURONG WEST ST 91,10 TO 12,103.0,Model A,1988,63 years 04 months,460000.0
2024-04-01,JURONG WEST,4 ROOM,903,JURONG WEST ST 91,10 TO 12,108.0,Model A,1988,63 years 06 months,475000.0
2024-04-01,JURONG WEST,4 ROOM,940,JURONG WEST ST 91,07 TO 09,104.0,Model A,1989,64 years 02 months,450000.0
2024-04-01,JURONG WEST,4 ROOM,915,JURONG WEST ST 91,10 TO 12,103.0,Model A,1988,63 years 04 months,488000.0
2024-04-01,JURONG WEST,4 ROOM,934,JURONG WEST ST 91,04 TO 06,104.0,Model A,1988,63 years 07 months,450000.0
2024-04-01,JURONG WEST,4 ROOM,902,JURONG WEST ST 91,04 TO 06,108.0,Model A,1988,63 years 05 months,465000.0
2024-04-01,JURONG WEST,4 ROOM,914,JURONG WEST ST 91,07 TO 09,103.0,Model A,1988,63 years 04 months,445000.0
2024-04-01,JURONG WEST,4 ROOM,936,JURONG WEST ST 91,07 TO 09,103.0,Model A,1989,64 years,470000.0
2024-04-01,JURONG WEST,4 ROOM,932,JURONG WEST ST 92,04 TO 06,104.0,Model A,1988,63 years 03 months,446000.0
2024-04-01,JURONG WEST,4 ROOM,925,JURONG WEST ST 92,10 TO 12,103.0,Model A,1988,63 years 07 months,471000.0
2024-04-01,JURONG WEST,4 ROOM,932,JURONG WEST ST 92,04 TO 06,104.0,Model A,1988,63 years 01 month,480000.0
2024-04-01,JURONG WEST,4 ROOM,929,JURONG WEST ST 92,10 TO 12,103.0,Model A,1989,63 years 09 months,430000.0
2024-04-01,JURONG WEST,4 ROOM,347,KANG CHING RD,10 TO 12,102.0,Model A,1997,72 years 02 months,538888.0
2024-04-01,JURONG WEST,4 ROOM,355,KANG CHING RD,01 TO 03,101.0,Model A,1997,71 years 10 months,485000.0
2024-04-01,JURONG WEST,4 ROOM,323,TAH CHING RD,04 TO 06,106.0,Model A,1997,72 years 02 months,505000.0
2024-04-01,JURONG WEST,4 ROOM,327,TAH CHING RD,13 TO 15,103.0,Model A,1997,72 years 05 months,503000.0
2024-04-01,JURONG WEST,4 ROOM,321,TAH CHING RD,16 TO 18,103.0,Model A,1997,72 years 05 months,550000.0
2024-04-01,JURONG WEST,4 ROOM,138D,YUAN CHING RD,13 TO 15,89.0,DBSS,2014,89 years 06 months,720000.0
2024-04-01,JURONG WEST,4 ROOM,165B,YUNG KUANG RD,07 TO 09,93.0,Model A,2018,93 years 08 months,567000.0
2024-04-01,JURONG WEST,4 ROOM,166B,YUNG KUANG RD,16 TO 18,93.0,Model A,2018,93 years 08 months,600000.0
2024-04-01,JURONG WEST,5 ROOM,183B,BOON LAY AVE,13 TO 15,112.0,Improved,2015,89 years 10 months,710000.0
2024-04-01,JURONG WEST,5 ROOM,197D,BOON LAY DR,16 TO 18,113.0,Improved,2015,90 years 01 month,768888.0
2024-04-01,JURONG WEST,5 ROOM,262,BOON LAY DR,01 TO 03,139.0,Model A,1995,70 years 04 months,540000.0
2024-04-01,JURONG WEST,5 ROOM,260,BOON LAY DR,10 TO 12,127.0,Improved,1995,70 years 03 months,650000.0
2024-04-01,JURONG WEST,5 ROOM,427,JURONG WEST AVE 1,01 TO 03,136.0,Model A,1985,60 years 01 month,608000.0
2024-04-01,JURONG WEST,5 ROOM,274D,JURONG WEST AVE 3,10 TO 12,111.0,Improved,2001,76 years 09 months,535000.0
2024-04-01,JURONG WEST,5 ROOM,273C,JURONG WEST AVE 3,07 TO 09,111.0,Improved,2001,76 years 09 months,538000.0
2024-04-01,JURONG WEST,5 ROOM,276B,JURONG WEST AVE 3,10 TO 12,111.0,Improved,2002,76 years 11 months,520000.0
2024-04-01,JURONG WEST,5 ROOM,687,JURONG WEST CTRL 1,07 TO 09,118.0,Premium Apartment,1998,73 years 02 months,695000.0
2024-04-01,JURONG WEST,5 ROOM,689,JURONG WEST CTRL 1,07 TO 09,120.0,Premium Apartment,1998,73 years 02 months,651000.0
2024-04-01,JURONG WEST,5 ROOM,467,JURONG WEST ST 41,07 TO 09,121.0,Improved,1985,60 years 06 months,668888.0
2024-04-01,JURONG WEST,5 ROOM,653C,JURONG WEST ST 61,10 TO 12,110.0,Improved,2002,77 years 07 months,571888.0
2024-04-01,JURONG WEST,5 ROOM,653A,JURONG WEST ST 61,01 TO 03,111.0,Improved,2002,77 years 07 months,552888.0
2024-04-01,JURONG WEST,5 ROOM,652C,JURONG WEST ST 61,13 TO 15,110.0,Improved,2002,77 years 02 months,610000.0
2024-04-01,JURONG WEST,5 ROOM,653A,JURONG WEST ST 61,13 TO 15,110.0,Improved,2002,77 years 07 months,608000.0
2024-04-01,JURONG WEST,5 ROOM,656C,JURONG WEST ST 61,07 TO 09,112.0,Improved,2001,76 years 04 months,580000.0
2024-04-01,JURONG WEST,5 ROOM,624,JURONG WEST ST 61,04 TO 06,110.0,Improved,2001,75 years 11 months,559288.0
2024-04-01,JURONG WEST,5 ROOM,661D,JURONG WEST ST 64,10 TO 12,110.0,Improved,2001,76 years 06 months,628888.0
2024-04-01,JURONG WEST,5 ROOM,660D,JURONG WEST ST 64,10 TO 12,110.0,Improved,2001,76 years 06 months,618000.0
2024-04-01,JURONG WEST,5 ROOM,663D,JURONG WEST ST 65,04 TO 06,110.0,Improved,2000,75 years 05 months,578888.0
2024-04-01,JURONG WEST,5 ROOM,620,JURONG WEST ST 65,07 TO 09,110.0,Improved,2000,75 years 09 months,570000.0
2024-04-01,JURONG WEST,5 ROOM,659B,JURONG WEST ST 65,07 TO 09,110.0,Improved,2001,76 years 03 months,590000.0
2024-04-01,JURONG WEST,5 ROOM,659C,JURONG WEST ST 65,13 TO 15,110.0,Improved,2001,76 years 04 months,620000.0
2024-04-01,JURONG WEST,5 ROOM,658B,JURONG WEST ST 65,01 TO 03,112.0,Improved,2001,76 years 01 month,540000.0
2024-04-01,JURONG WEST,5 ROOM,663A,JURONG WEST ST 65,10 TO 12,110.0,Improved,2000,75 years 04 months,612000.0
2024-04-01,JURONG WEST,5 ROOM,609,JURONG WEST ST 65,04 TO 06,115.0,Premium Apartment,2001,76 years 01 month,590000.0
2024-04-01,JURONG WEST,5 ROOM,739,JURONG WEST ST 73,01 TO 03,124.0,Improved,1995,70 years 03 months,575000.0
2024-04-01,JURONG WEST,5 ROOM,764,JURONG WEST ST 74,07 TO 09,123.0,Improved,1996,71 years 02 months,605000.0
2024-04-01,JURONG WEST,5 ROOM,759,JURONG WEST ST 74,04 TO 06,126.0,Improved,1996,71 years 06 months,600000.0
2024-04-01,JURONG WEST,5 ROOM,756,JURONG WEST ST 74,01 TO 03,129.0,Improved,1996,71 years 06 months,585000.0
2024-04-01,JURONG WEST,5 ROOM,817,JURONG WEST ST 81,04 TO 06,128.0,Improved,1993,68 years 06 months,550000.0
2024-04-01,JURONG WEST,5 ROOM,847,JURONG WEST ST 81,07 TO 09,129.0,Improved,1996,71 years,585000.0
2024-04-01,JURONG WEST,5 ROOM,903,JURONG WEST ST 91,04 TO 06,122.0,Improved,1988,63 years 06 months,518000.0
2024-04-01,JURONG WEST,5 ROOM,944,JURONG WEST ST 91,04 TO 06,122.0,Improved,1989,64 years 01 month,548888.0
2024-04-01,JURONG WEST,5 ROOM,933,JURONG WEST ST 91,13 TO 15,122.0,Improved,1988,62 years 09 months,508888.0
2024-04-01,JURONG WEST,5 ROOM,923,JURONG WEST ST 92,04 TO 06,122.0,Improved,1989,63 years 10 months,560000.0
2024-04-01,JURONG WEST,5 ROOM,987A,JURONG WEST ST 93,16 TO 18,110.0,Premium Apartment,2008,83 years 05 months,605000.0
2024-04-01,JURONG WEST,5 ROOM,329,TAH CHING RD,10 TO 12,124.0,Improved,1997,72 years 05 months,650000.0
2024-04-01,JURONG WEST,5 ROOM,138B,YUAN CHING RD,19 TO 21,108.0,DBSS,2014,89 years 07 months,910000.0
2024-04-01,JURONG WEST,5 ROOM,138A,YUAN CHING RD,13 TO 15,108.0,DBSS,2014,89 years 06 months,888000.0
2024-04-01,JURONG WEST,5 ROOM,138A,YUAN CHING RD,13 TO 15,105.0,DBSS,2014,89 years 06 months,780000.0
2024-04-01,JURONG WEST,5 ROOM,165A,YUNG KUANG RD,01 TO 03,113.0,Improved,2018,93 years 07 months,625000.0
2024-04-01,JURONG WEST,5 ROOM,158,YUNG LOH RD,07 TO 09,128.0,Improved,1996,71 years,600000.0
2024-04-01,JURONG WEST,5 ROOM,183,YUNG SHENG RD,01 TO 03,116.0,Improved,2001,76 years 01 month,535000.0
2024-04-01,JURONG WEST,EXECUTIVE,686A,JURONG WEST CTRL 1,13 TO 15,133.0,Premium Apartment,2000,75 years 08 months,818000.0
2024-04-01,JURONG WEST,EXECUTIVE,682A,JURONG WEST CTRL 1,01 TO 03,135.0,Premium Apartment,2000,75 years 03 months,730000.0
2024-04-01,JURONG WEST,EXECUTIVE,274C,JURONG WEST ST 25,13 TO 15,126.0,Apartment,2002,77 years,610000.0
2024-04-01,JURONG WEST,EXECUTIVE,274B,JURONG WEST ST 25,04 TO 06,126.0,Apartment,2002,76 years 10 months,595000.0
2024-04-01,JURONG WEST,EXECUTIVE,409,JURONG WEST ST 42,10 TO 12,150.0,Maisonette,1985,60 years 05 months,695000.0
2024-04-01,JURONG WEST,EXECUTIVE,405,JURONG WEST ST 42,10 TO 12,150.0,Maisonette,1985,60 years 05 months,698000.0
2024-04-01,JURONG WEST,EXECUTIVE,671B,JURONG WEST ST 65,04 TO 06,125.0,Apartment,2002,77 years 03 months,646888.0
2024-04-01,JURONG WEST,EXECUTIVE,708,JURONG WEST ST 71,07 TO 09,149.0,Apartment,1993,68 years 10 months,743000.0
2024-04-01,JURONG WEST,EXECUTIVE,752,JURONG WEST ST 74,01 TO 03,147.0,Apartment,1995,70 years 06 months,703500.0
2024-04-01,JURONG WEST,EXECUTIVE,831,JURONG WEST ST 81,10 TO 12,146.0,Apartment,1993,68 years 03 months,725000.0
2024-04-01,JURONG WEST,EXECUTIVE,912,JURONG WEST ST 91,01 TO 03,146.0,Maisonette,1988,63 years 07 months,690000.0
2024-04-01,JURONG WEST,EXECUTIVE,333,KANG CHING RD,01 TO 03,143.0,Maisonette,1997,71 years 10 months,810000.0
2024-04-01,JURONG WEST,EXECUTIVE,335,KANG CHING RD,13 TO 15,142.0,Apartment,1997,71 years 11 months,900000.0
2024-04-01,JURONG WEST,EXECUTIVE,161,YUNG PING RD,01 TO 03,146.0,Maisonette,1997,71 years 10 months,820000.0
2024-04-01,KALLANG/WHAMPOA,2 ROOM,805,KING GEORGE'S AVE,07 TO 09,44.0,Improved,1981,56 years 05 months,320000.0
2024-04-01,KALLANG/WHAMPOA,2 ROOM,7,ST. GEORGE'S LANE,04 TO 06,45.0,Improved,1986,61 years 02 months,318000.0
2024-04-01,KALLANG/WHAMPOA,3 ROOM,3,BEACH RD,13 TO 15,68.0,Improved,1979,54 years 06 months,435888.0
2024-04-01,KALLANG/WHAMPOA,3 ROOM,24,BENDEMEER RD,07 TO 09,68.0,Improved,1972,46 years 10 months,425888.0
2024-04-01,KALLANG/WHAMPOA,3 ROOM,38C,BENDEMEER RD,16 TO 18,69.0,Model A,2012,87 years 02 months,640000.0
2024-04-01,KALLANG/WHAMPOA,3 ROOM,10B,BENDEMEER RD,19 TO 21,68.0,Model A,2017,92 years 08 months,782000.0
2024-04-01,KALLANG/WHAMPOA,3 ROOM,44,BENDEMEER RD,04 TO 06,63.0,Standard,1981,55 years 10 months,370000.0
2024-04-01,KALLANG/WHAMPOA,3 ROOM,68,GEYLANG BAHRU,16 TO 18,65.0,Improved,1974,49 years 04 months,400000.0
2024-04-01,KALLANG/WHAMPOA,3 ROOM,72,GEYLANG BAHRU,04 TO 06,59.0,Improved,1974,48 years 11 months,360000.0
2024-04-01,KALLANG/WHAMPOA,3 ROOM,73,GEYLANG BAHRU,07 TO 09,59.0,Improved,1974,48 years 11 months,355000.0
2024-04-01,KALLANG/WHAMPOA,3 ROOM,27,JLN BAHAGIA,10 TO 12,56.0,Standard,1970,45 years 03 months,280000.0
2024-04-01,KALLANG/WHAMPOA,3 ROOM,60,JLN BAHAGIA,01 TO 03,92.0,Terrace,1972,47 years 04 months,700000.0
2024-04-01,KALLANG/WHAMPOA,3 ROOM,117A,JLN TENTERAM,13 TO 15,67.0,Model A,2017,92 years 08 months,618000.0
2024-04-01,KALLANG/WHAMPOA,3 ROOM,117B,JLN TENTERAM,19 TO 21,67.0,Model A,2017,92 years 08 months,608888.0
2024-04-01,KALLANG/WHAMPOA,3 ROOM,116B,JLN TENTERAM,07 TO 09,67.0,Model A,2017,92 years 08 months,541880.0
2024-04-01,KALLANG/WHAMPOA,3 ROOM,116A,JLN TENTERAM,04 TO 06,67.0,Model A,2017,92 years 07 months,550000.0
2024-04-01,KALLANG/WHAMPOA,3 ROOM,65,KALLANG BAHRU,13 TO 15,65.0,Improved,1981,55 years 11 months,413000.0
2024-04-01,KALLANG/WHAMPOA,3 ROOM,63,KALLANG BAHRU,13 TO 15,65.0,Improved,1974,48 years 10 months,350000.0
2024-04-01,KALLANG/WHAMPOA,3 ROOM,76,LOR LIMAU,04 TO 06,65.0,Improved,1973,48 years 04 months,320000.0
2024-04-01,KALLANG/WHAMPOA,3 ROOM,123,MCNAIR RD,10 TO 12,64.0,Simplified,1987,62 years 01 month,440888.0
2024-04-01,KALLANG/WHAMPOA,3 ROOM,684,RACE COURSE RD,04 TO 06,63.0,Simplified,1986,60 years 09 months,455000.0
2024-04-01,KALLANG/WHAMPOA,3 ROOM,5,ST. GEORGE'S LANE,04 TO 06,68.0,New Generation,1981,56 years 03 months,405000.0
2024-04-01,KALLANG/WHAMPOA,3 ROOM,5,ST. GEORGE'S LANE,01 TO 03,82.0,New Generation,1981,56 years 03 months,485000.0
2024-04-01,KALLANG/WHAMPOA,3 ROOM,5,ST. GEORGE'S LANE,04 TO 06,68.0,New Generation,1981,56 years 02 months,410000.0
2024-04-01,KALLANG/WHAMPOA,3 ROOM,8,ST. GEORGE'S LANE,10 TO 12,68.0,New Generation,1982,57 years,418888.0
2024-04-01,KALLANG/WHAMPOA,3 ROOM,23,ST. GEORGE'S RD,01 TO 03,88.0,New Generation,1984,59 years 04 months,535000.0
2024-04-01,KALLANG/WHAMPOA,3 ROOM,102,TOWNER RD,01 TO 03,74.0,Model A,1984,58 years 11 months,540000.0
2024-04-01,KALLANG/WHAMPOA,3 ROOM,5A,UPP BOON KENG RD,07 TO 09,67.0,Model A,2012,87 years 02 months,655000.0
2024-04-01,KALLANG/WHAMPOA,3 ROOM,74,WHAMPOA DR,13 TO 15,66.0,Improved,1981,56 years 03 months,365000.0
2024-04-01,KALLANG/WHAMPOA,3 ROOM,93,WHAMPOA DR,01 TO 03,65.0,Improved,1974,49 years,300000.0
2024-04-01,KALLANG/WHAMPOA,4 ROOM,10A,BENDEMEER RD,01 TO 03,93.0,Model A,2017,92 years 09 months,815000.0
2024-04-01,KALLANG/WHAMPOA,4 ROOM,10B,BENDEMEER RD,04 TO 06,93.0,Model A,2017,92 years 09 months,915000.0
2024-04-01,KALLANG/WHAMPOA,4 ROOM,9,BOON KENG RD,34 TO 36,94.0,DBSS,2011,85 years 10 months,1050000.0
2024-04-01,KALLANG/WHAMPOA,4 ROOM,7,BOON KENG RD,31 TO 33,94.0,DBSS,2011,85 years 10 months,1068000.0
2024-04-01,KALLANG/WHAMPOA,4 ROOM,11,FARRER PK RD,25 TO 27,90.0,Model A,2004,79 years 02 months,895000.0
2024-04-01,KALLANG/WHAMPOA,4 ROOM,11,FARRER PK RD,01 TO 03,90.0,Model A,2004,79 years 02 months,818000.0
2024-04-01,KALLANG/WHAMPOA,4 ROOM,58,GEYLANG BAHRU,13 TO 15,102.0,Model A,2000,75 years 02 months,780000.0
2024-04-01,KALLANG/WHAMPOA,4 ROOM,59C,GEYLANG BAHRU,10 TO 12,100.0,Model A,1998,73 years 09 months,790000.0
2024-04-01,KALLANG/WHAMPOA,4 ROOM,10,GLOUCESTER RD,04 TO 06,92.0,New Generation,1976,51 years 08 months,625000.0
2024-04-01,KALLANG/WHAMPOA,4 ROOM,102,JLN RAJAH,10 TO 12,94.0,New Generation,1981,55 years 11 months,568000.0
2024-04-01,KALLANG/WHAMPOA,4 ROOM,16,JLN TENTERAM,10 TO 12,86.0,Model A,2002,77 years 06 months,630000.0
2024-04-01,KALLANG/WHAMPOA,4 ROOM,117B,JLN TENTERAM,04 TO 06,93.0,Model A,2017,92 years 08 months,748484.0
2024-04-01,KALLANG/WHAMPOA,4 ROOM,117B,JLN TENTERAM,01 TO 03,93.0,Model A,2017,92 years 08 months,672000.0
2024-04-01,KALLANG/WHAMPOA,4 ROOM,117A,JLN TENTERAM,01 TO 03,93.0,Model A,2017,92 years 08 months,735000.0
2024-04-01,KALLANG/WHAMPOA,4 ROOM,116A,JLN TENTERAM,07 TO 09,93.0,Model A,2017,92 years 08 months,790000.0
2024-04-01,KALLANG/WHAMPOA,4 ROOM,78,LOR LIMAU,16 TO 18,93.0,Model A,2018,93 years 03 months,922000.0
2024-04-01,KALLANG/WHAMPOA,4 ROOM,113,LOR 3 GEYLANG,01 TO 03,105.0,Model A,1989,64 years 04 months,660000.0
2024-04-01,KALLANG/WHAMPOA,4 ROOM,113A,MCNAIR RD,07 TO 09,93.0,Premium Apartment,2017,92 years 09 months,1020000.0
2024-04-01,KALLANG/WHAMPOA,4 ROOM,108,MCNAIR RD,10 TO 12,104.0,Model A,1987,62 years 04 months,724000.0
2024-04-01,KALLANG/WHAMPOA,4 ROOM,26B,ST. GEORGE'S LANE,28 TO 30,92.0,Model A,2020,95 years 02 months,1125000.0
2024-04-01,KALLANG/WHAMPOA,4 ROOM,25A,ST. GEORGE'S LANE,22 TO 24,92.0,Model A,2020,95 years 02 months,1050000.0
2024-04-01,KALLANG/WHAMPOA,4 ROOM,26B,ST. GEORGE'S LANE,07 TO 09,92.0,Model A,2020,95 years 02 months,970000.0
2024-04-01,KALLANG/WHAMPOA,4 ROOM,25A,ST. GEORGE'S LANE,19 TO 21,92.0,Model A,2020,95 years 02 months,1090000.0
2024-04-01,KALLANG/WHAMPOA,4 ROOM,26B,ST. GEORGE'S LANE,19 TO 21,92.0,Model A,2020,95 years 02 months,1110000.0
2024-04-01,KALLANG/WHAMPOA,4 ROOM,26A,ST. GEORGE'S LANE,07 TO 09,92.0,Model A,2020,95 years 02 months,1025000.0
2024-04-01,KALLANG/WHAMPOA,4 ROOM,25A,ST. GEORGE'S LANE,07 TO 09,92.0,Model A,2020,95 years 02 months,1000000.0
2024-04-01,KALLANG/WHAMPOA,4 ROOM,26B,ST. GEORGE'S LANE,22 TO 24,92.0,Model A,2020,95 years 01 month,1050000.0
2024-04-01,KALLANG/WHAMPOA,4 ROOM,25A,ST. GEORGE'S LANE,19 TO 21,92.0,Model A,2020,95 years 02 months,1044888.0
2024-04-01,KALLANG/WHAMPOA,4 ROOM,26B,ST. GEORGE'S LANE,19 TO 21,92.0,Model A,2020,95 years 02 months,1105000.0
2024-04-01,KALLANG/WHAMPOA,4 ROOM,25A,ST. GEORGE'S LANE,19 TO 21,92.0,Model A,2020,95 years 01 month,1042888.0
2024-04-01,KALLANG/WHAMPOA,4 ROOM,25A,ST. GEORGE'S LANE,13 TO 15,92.0,Model A,2020,95 years 01 month,1010000.0
2024-04-01,KALLANG/WHAMPOA,4 ROOM,26B,ST. GEORGE'S LANE,01 TO 03,92.0,Model A,2020,95 years 01 month,930000.0
2024-04-01,KALLANG/WHAMPOA,4 ROOM,1,ST. GEORGE'S RD,04 TO 06,82.0,Improved,1976,51 years 02 months,540000.0
2024-04-01,KALLANG/WHAMPOA,4 ROOM,18,ST. GEORGE'S RD,01 TO 03,91.0,New Generation,1984,59 years 09 months,600000.0
2024-04-01,KALLANG/WHAMPOA,4 ROOM,683,TESSENSOHN RD,07 TO 09,103.0,Model A,1986,61 years 08 months,688888.0
2024-04-01,KALLANG/WHAMPOA,4 ROOM,105,TOWNER RD,16 TO 18,105.0,Model A,1984,59 years 09 months,855000.0
2024-04-01,KALLANG/WHAMPOA,4 ROOM,3D,UPP BOON KENG RD,19 TO 21,90.0,Model A,2006,81 years 05 months,880000.0
2024-04-01,KALLANG/WHAMPOA,4 ROOM,2C,UPP BOON KENG RD,22 TO 24,90.0,Model A,2006,81 years 07 months,928000.0
2024-04-01,KALLANG/WHAMPOA,4 ROOM,101,WHAMPOA DR,01 TO 03,91.0,Improved,1974,49 years,463888.0
2024-04-01,KALLANG/WHAMPOA,4 ROOM,101,WHAMPOA DR,19 TO 21,91.0,Improved,1974,49 years,508000.0
2024-04-01,KALLANG/WHAMPOA,4 ROOM,49,WHAMPOA STH,07 TO 09,87.0,Improved,1974,49 years 08 months,500000.0
2024-04-01,KALLANG/WHAMPOA,5 ROOM,54,GEYLANG BAHRU,16 TO 18,120.0,Standard,1974,49 years 04 months,712000.0
2024-04-01,KALLANG/WHAMPOA,5 ROOM,56,GEYLANG BAHRU,10 TO 12,114.0,Standard,1974,49 years 03 months,775000.0
2024-04-01,KALLANG/WHAMPOA,5 ROOM,16,JLN TENTERAM,13 TO 15,105.0,Improved,2002,77 years 06 months,775000.0
2024-04-01,KALLANG/WHAMPOA,5 ROOM,109,MCNAIR RD,01 TO 03,130.0,Improved,1987,62 years 06 months,916888.0
2024-04-01,KALLANG/WHAMPOA,5 ROOM,21,ST. GEORGE'S RD,19 TO 21,118.0,Improved,1984,59 years 10 months,810000.0
2024-04-01,KALLANG/WHAMPOA,5 ROOM,2C,UPP BOON KENG RD,13 TO 15,110.0,Improved,2006,81 years 08 months,1038000.0
2024-04-01,KALLANG/WHAMPOA,5 ROOM,104,WHAMPOA DR,07 TO 09,119.0,Improved,1998,73 years 07 months,888000.0
2024-04-01,KALLANG/WHAMPOA,EXECUTIVE,108,JLN RAJAH,10 TO 12,154.0,Maisonette,1984,59 years 09 months,975000.0
2024-04-01,KALLANG/WHAMPOA,EXECUTIVE,106,JLN RAJAH,01 TO 03,154.0,Maisonette,1984,59 years 06 months,895000.0
2024-04-01,MARINE PARADE,3 ROOM,33,MARINE CRES,10 TO 12,76.0,Improved,1975,50 years 02 months,565000.0
2024-04-01,MARINE PARADE,3 ROOM,46,MARINE CRES,10 TO 12,65.0,Improved,1975,50 years 03 months,448000.0
2024-04-01,MARINE PARADE,3 ROOM,66,MARINE DR,07 TO 09,65.0,Improved,1976,51 years,430000.0
2024-04-01,MARINE PARADE,4 ROOM,45,MARINE CRES,07 TO 09,88.0,Improved,1975,50 years 01 month,580000.0
2024-04-01,MARINE PARADE,4 ROOM,45,MARINE CRES,04 TO 06,88.0,Improved,1975,50 years 01 month,515000.0
2024-04-01,MARINE PARADE,4 ROOM,75,MARINE DR,07 TO 09,82.0,Improved,1976,51 years 02 months,675000.0
2024-04-01,MARINE PARADE,4 ROOM,18,MARINE TER,01 TO 03,88.0,Improved,1975,50 years,510000.0
2024-04-01,MARINE PARADE,4 ROOM,54,MARINE TER,07 TO 09,88.0,Improved,1975,49 years 10 months,572888.0
2024-04-01,MARINE PARADE,5 ROOM,12,MARINE TER,16 TO 18,122.0,Standard,1975,49 years 10 months,918000.0
2024-04-01,PASIR RIS,3 ROOM,530A,PASIR RIS DR 1,10 TO 12,65.0,DBSS,2015,90 years 02 months,639000.0
2024-04-01,PASIR RIS,4 ROOM,640,PASIR RIS DR 1,01 TO 03,109.0,Model A,1995,70 years 01 month,520000.0
2024-04-01,PASIR RIS,4 ROOM,530A,PASIR RIS DR 1,01 TO 03,86.0,DBSS,2015,90 years 02 months,728000.0
2024-04-01,PASIR RIS,4 ROOM,486,PASIR RIS DR 4,04 TO 06,104.0,Model A,1992,67 years 09 months,545000.0
2024-04-01,PASIR RIS,4 ROOM,469,PASIR RIS DR 6,07 TO 09,113.0,Model A,1989,64 years 06 months,627000.0
2024-04-01,PASIR RIS,4 ROOM,450,PASIR RIS DR 6,10 TO 12,105.0,Model A,1989,64 years 05 months,580000.0
2024-04-01,PASIR RIS,4 ROOM,446,PASIR RIS DR 6,04 TO 06,123.0,Model A,1989,64 years 07 months,590000.0
2024-04-01,PASIR RIS,4 ROOM,119,PASIR RIS ST 11,01 TO 03,105.0,Model A,1989,64 years 04 months,590000.0
2024-04-01,PASIR RIS,4 ROOM,255,PASIR RIS ST 21,04 TO 06,108.0,Model A,1993,68 years 09 months,538000.0
2024-04-01,PASIR RIS,4 ROOM,212,PASIR RIS ST 21,04 TO 06,108.0,Model A,1993,68 years 05 months,575000.0
2024-04-01,PASIR RIS,4 ROOM,524C,PASIR RIS ST 51,13 TO 15,93.0,Model A,2015,90 years 04 months,748000.0
2024-04-01,PASIR RIS,4 ROOM,526D,PASIR RIS ST 51,07 TO 09,93.0,Model A,2015,90 years 04 months,720000.0
2024-04-01,PASIR RIS,4 ROOM,751,PASIR RIS ST 71,04 TO 06,104.0,Model A,1996,71 years 08 months,560000.0
2024-04-01,PASIR RIS,4 ROOM,752,PASIR RIS ST 71,07 TO 09,104.0,Model A,1996,71 years 07 months,600000.0
2024-04-01,PASIR RIS,4 ROOM,723,PASIR RIS ST 72,01 TO 03,112.0,Model A,1996,71 years 04 months,620000.0
2024-04-01,PASIR RIS,5 ROOM,610,ELIAS RD,01 TO 03,129.0,Improved,1995,70 years 05 months,765888.0
2024-04-01,PASIR RIS,5 ROOM,738,PASIR RIS DR 10,07 TO 09,124.0,Improved,1996,71 years 04 months,705000.0
2024-04-01,PASIR RIS,5 ROOM,461,PASIR RIS DR 4,04 TO 06,122.0,Improved,1992,67 years 09 months,670000.0
2024-04-01,PASIR RIS,5 ROOM,474,PASIR RIS DR 6,10 TO 12,122.0,Improved,1989,64 years 10 months,650000.0
2024-04-01,PASIR RIS,5 ROOM,119,PASIR RIS ST 11,07 TO 09,122.0,Improved,1989,64 years 05 months,668000.0
2024-04-01,PASIR RIS,5 ROOM,139,PASIR RIS ST 11,04 TO 06,126.0,Improved,1994,69 years 01 month,620000.0
2024-04-01,PASIR RIS,5 ROOM,194,PASIR RIS ST 12,04 TO 06,140.0,Model A,1993,68 years 07 months,720000.0
2024-04-01,PASIR RIS,5 ROOM,102,PASIR RIS ST 12,13 TO 15,122.0,Improved,1988,63 years 09 months,703800.0
2024-04-01,PASIR RIS,5 ROOM,272,PASIR RIS ST 21,07 TO 09,127.0,Improved,1994,69 years 01 month,635000.0
2024-04-01,PASIR RIS,5 ROOM,557,PASIR RIS ST 51,04 TO 06,122.0,Improved,1993,68 years 05 months,645000.0
2024-04-01,PASIR RIS,5 ROOM,525A,PASIR RIS ST 51,07 TO 09,113.0,Improved,2015,90 years 05 months,815000.0
2024-04-01,PASIR RIS,5 ROOM,566,PASIR RIS ST 51,04 TO 06,123.0,Improved,1992,67 years 09 months,746888.0
2024-04-01,PASIR RIS,5 ROOM,571,PASIR RIS ST 53,10 TO 12,126.0,Improved,1995,70 years 07 months,790000.0
2024-04-01,PASIR RIS,5 ROOM,742,PASIR RIS ST 71,04 TO 06,127.0,Improved,1996,71 years 07 months,670000.0
2024-04-01,PASIR RIS,5 ROOM,743,PASIR RIS ST 71,04 TO 06,127.0,Improved,1996,71 years 06 months,685000.0
2024-04-01,PASIR RIS,EXECUTIVE,603,ELIAS RD,01 TO 03,149.0,Maisonette,1995,70 years,908000.0
2024-04-01,PASIR RIS,EXECUTIVE,456,PASIR RIS DR 4,10 TO 12,143.0,Apartment,1992,67 years 09 months,830000.0
2024-04-01,PASIR RIS,EXECUTIVE,459,PASIR RIS DR 4,10 TO 12,142.0,Apartment,1992,67 years 09 months,880000.0
2024-04-01,PASIR RIS,EXECUTIVE,133,PASIR RIS ST 11,01 TO 03,147.0,Apartment,1994,69 years 07 months,770000.0
2024-04-01,PASIR RIS,EXECUTIVE,270,PASIR RIS ST 21,01 TO 03,144.0,Apartment,1994,69 years 08 months,750000.0
2024-04-01,PASIR RIS,EXECUTIVE,464,PASIR RIS ST 41,07 TO 09,146.0,Apartment,1992,67 years 09 months,858000.0
2024-04-01,PASIR RIS,EXECUTIVE,507,PASIR RIS ST 52,10 TO 12,145.0,Apartment,1993,68 years 06 months,880000.0
2024-04-01,PASIR RIS,EXECUTIVE,504,PASIR RIS ST 52,07 TO 09,145.0,Apartment,1993,68 years 06 months,878888.0
2024-04-01,PASIR RIS,EXECUTIVE,580,PASIR RIS ST 53,01 TO 03,148.0,Apartment,1995,70 years 07 months,820000.0
2024-04-01,PASIR RIS,EXECUTIVE,782,PASIR RIS ST 71,04 TO 06,144.0,Apartment,1996,71 years 05 months,845000.0
2024-04-01,PASIR RIS,EXECUTIVE,712,PASIR RIS ST 72,01 TO 03,147.0,Apartment,1996,71 years 04 months,840000.0
2024-04-01,PASIR RIS,EXECUTIVE,710,PASIR RIS ST 72,13 TO 15,148.0,Apartment,1996,71 years 03 months,920000.0
2024-04-01,PASIR RIS,EXECUTIVE,712,PASIR RIS ST 72,04 TO 06,148.0,Apartment,1996,71 years 03 months,900000.0
2024-04-01,PUNGGOL,2 ROOM,672B,EDGEFIELD PLAINS,13 TO 15,44.0,Model A,2015,90 years 09 months,350000.0
2024-04-01,PUNGGOL,2 ROOM,623A,PUNGGOL CTRL,16 TO 18,46.0,Model A,2014,89 years 01 month,360000.0
2024-04-01,PUNGGOL,2 ROOM,601B,PUNGGOL CTRL,01 TO 03,50.0,Model A,2012,87 years 04 months,320000.0
2024-04-01,PUNGGOL,2 ROOM,221B,SUMANG LANE,13 TO 15,48.0,Model A,2018,93 years 09 months,385000.0
2024-04-01,PUNGGOL,2 ROOM,221B,SUMANG LANE,10 TO 12,48.0,Model A,2018,93 years 08 months,338888.0
2024-04-01,PUNGGOL,2 ROOM,327A,SUMANG WALK,19 TO 21,47.0,Model A,2018,93 years 08 months,370888.0
2024-04-01,PUNGGOL,2 ROOM,327B,SUMANG WALK,04 TO 06,47.0,Model A,2018,93 years 08 months,360000.0
2024-04-01,PUNGGOL,3 ROOM,120A,EDGEDALE PLAINS,16 TO 18,67.0,Model A,2017,92 years 02 months,491000.0
2024-04-01,PUNGGOL,3 ROOM,669B,EDGEFIELD PLAINS,13 TO 15,68.0,Premium Apartment,2016,91 years 03 months,510000.0
2024-04-01,PUNGGOL,3 ROOM,624C,PUNGGOL CTRL,16 TO 18,69.0,Model A,2014,89 years 01 month,505000.0
2024-04-01,PUNGGOL,3 ROOM,602A,PUNGGOL CTRL,07 TO 09,70.0,Model A,2012,87 years 04 months,495000.0
2024-04-01,PUNGGOL,3 ROOM,259B,PUNGGOL FIELD,01 TO 03,68.0,Model A,2016,91 years 03 months,450000.0
2024-04-01,PUNGGOL,3 ROOM,258B,PUNGGOL FIELD,04 TO 06,68.0,Model A,2016,91 years 03 months,473000.0
2024-04-01,PUNGGOL,3 ROOM,288C,PUNGGOL PL,01 TO 03,70.0,Premium Apartment,2013,88 years,530000.0
2024-04-01,PUNGGOL,3 ROOM,210C,PUNGGOL PL,10 TO 12,67.0,Model A,2014,89 years 09 months,495000.0
2024-04-01,PUNGGOL,3 ROOM,209C,PUNGGOL PL,04 TO 06,67.0,Model A,2014,89 years 09 months,475000.0
2024-04-01,PUNGGOL,3 ROOM,308B,PUNGGOL WALK,10 TO 12,67.0,Premium Apartment,2016,91 years,520000.0
2024-04-01,PUNGGOL,3 ROOM,212B,PUNGGOL WALK,10 TO 12,67.0,Model A,2015,90 years 01 month,480000.0
2024-04-01,PUNGGOL,3 ROOM,261A,PUNGGOL WAY,07 TO 09,68.0,Model A,2016,91 years 03 months,472000.0
2024-04-01,PUNGGOL,3 ROOM,315A,PUNGGOL WAY,04 TO 06,68.0,Premium Apartment,2017,92 years 05 months,500000.0
2024-04-01,PUNGGOL,3 ROOM,232C,SUMANG LANE,10 TO 12,68.0,Model A,2018,93 years 09 months,462888.0
2024-04-01,PUNGGOL,3 ROOM,234A,SUMANG LANE,10 TO 12,68.0,Model A,2018,93 years 09 months,485000.0
2024-04-01,PUNGGOL,3 ROOM,233A,SUMANG LANE,04 TO 06,68.0,Model A,2018,93 years 09 months,440000.0
2024-04-01,PUNGGOL,3 ROOM,224C,SUMANG LANE,10 TO 12,68.0,Model A,2018,93 years 08 months,470000.0
2024-04-01,PUNGGOL,3 ROOM,325A,SUMANG WALK,16 TO 18,68.0,Premium Apartment,2020,94 years 11 months,530000.0
2024-04-01,PUNGGOL,3 ROOM,326C,SUMANG WALK,13 TO 15,68.0,Model A,2018,93 years 09 months,498000.0
2024-04-01,PUNGGOL,3 ROOM,256D,SUMANG WALK,04 TO 06,68.0,Model A,2016,91 years 09 months,468000.0
2024-04-01,PUNGGOL,3 ROOM,325A,SUMANG WALK,04 TO 06,68.0,Premium Apartment,2020,94 years 10 months,492000.0
2024-04-01,PUNGGOL,4 ROOM,120B,EDGEDALE PLAINS,10 TO 12,93.0,Model A,2017,92 years 02 months,585000.0
2024-04-01,PUNGGOL,4 ROOM,122B,EDGEDALE PLAINS,04 TO 06,93.0,Model A,2017,92 years 03 months,552016.0
2024-04-01,PUNGGOL,4 ROOM,134,EDGEDALE PLAINS,04 TO 06,91.0,Premium Apartment,2003,78 years 08 months,495000.0
2024-04-01,PUNGGOL,4 ROOM,134,EDGEDALE PLAINS,13 TO 15,91.0,Premium Apartment,2003,78 years 08 months,500000.0
2024-04-01,PUNGGOL,4 ROOM,121B,EDGEDALE PLAINS,10 TO 12,93.0,Model A,2017,92 years 01 month,580000.0
2024-04-01,PUNGGOL,4 ROOM,120A,EDGEDALE PLAINS,01 TO 03,93.0,Model A,2017,92 years 01 month,568000.0
2024-04-01,PUNGGOL,4 ROOM,671B,EDGEFIELD PLAINS,04 TO 06,90.0,Model A,2015,90 years 10 months,560000.0
2024-04-01,PUNGGOL,4 ROOM,105A,EDGEFIELD PLAINS,16 TO 18,90.0,Model A,2003,78 years 03 months,508000.0
2024-04-01,PUNGGOL,4 ROOM,615B,EDGEFIELD PLAINS,13 TO 15,92.0,Model A,2012,87 years 09 months,648888.0
2024-04-01,PUNGGOL,4 ROOM,117,EDGEFIELD PLAINS,04 TO 06,95.0,Premium Apartment,2003,78 years 03 months,530000.0
2024-04-01,PUNGGOL,4 ROOM,673C,EDGEFIELD PLAINS,01 TO 03,90.0,Model A,2015,90 years 09 months,538000.0
2024-04-01,PUNGGOL,4 ROOM,668B,EDGEFIELD PLAINS,07 TO 09,93.0,Premium Apartment,2016,91 years 02 months,642000.0
2024-04-01,PUNGGOL,4 ROOM,622B,PUNGGOL CTRL,01 TO 03,95.0,Model A,2014,89 years 02 months,552000.0
2024-04-01,PUNGGOL,4 ROOM,624B,PUNGGOL CTRL,16 TO 18,95.0,Model A,2014,89 years 01 month,685000.0
2024-04-01,PUNGGOL,4 ROOM,622C,PUNGGOL CTRL,10 TO 12,94.0,Model A,2014,89 years 01 month,650000.0
2024-04-01,PUNGGOL,4 ROOM,622B,PUNGGOL CTRL,13 TO 15,95.0,Model A,2014,89 years 02 months,576000.0
2024-04-01,PUNGGOL,4 ROOM,622B,PUNGGOL CTRL,13 TO 15,94.0,Model A,2014,89 years 01 month,645000.0
2024-04-01,PUNGGOL,4 ROOM,166B,PUNGGOL CTRL,10 TO 12,94.0,Premium Apartment,2004,79 years 02 months,580000.0
2024-04-01,PUNGGOL,4 ROOM,624C,PUNGGOL CTRL,10 TO 12,94.0,Model A,2014,89 years,650000.0
2024-04-01,PUNGGOL,4 ROOM,624C,PUNGGOL CTRL,07 TO 09,94.0,Model A,2014,89 years 01 month,638000.0
2024-04-01,PUNGGOL,4 ROOM,624A,PUNGGOL CTRL,01 TO 03,95.0,Model A,2014,89 years 01 month,575750.0
2024-04-01,PUNGGOL,4 ROOM,664A,PUNGGOL DR,16 TO 18,90.0,Model A,2016,91 years 03 months,650000.0
2024-04-01,PUNGGOL,4 ROOM,637C,PUNGGOL DR,01 TO 03,91.0,Premium Apartment,2005,79 years 11 months,525000.0
2024-04-01,PUNGGOL,4 ROOM,617D,PUNGGOL DR,13 TO 15,95.0,Premium Apartment,2013,88 years 07 months,675000.0
2024-04-01,PUNGGOL,4 ROOM,613B,PUNGGOL DR,01 TO 03,93.0,Model A,2012,87 years 09 months,575000.0
2024-04-01,PUNGGOL,4 ROOM,613D,PUNGGOL DR,13 TO 15,93.0,Model A,2012,87 years 09 months,658000.0
2024-04-01,PUNGGOL,4 ROOM,613B,PUNGGOL DR,10 TO 12,93.0,Model A,2012,87 years 09 months,606000.0
2024-04-01,PUNGGOL,4 ROOM,636A,PUNGGOL DR,04 TO 06,91.0,Premium Apartment,2007,82 years 09 months,550000.0
2024-04-01,PUNGGOL,4 ROOM,677C,PUNGGOL DR,16 TO 18,93.0,Premium Apartment,2016,91 years 06 months,700000.0
2024-04-01,PUNGGOL,4 ROOM,676A,PUNGGOL DR,13 TO 15,93.0,Premium Apartment,2016,91 years 06 months,630000.0
2024-04-01,PUNGGOL,4 ROOM,676A,PUNGGOL DR,16 TO 18,93.0,Premium Apartment,2016,91 years 06 months,680000.0
2024-04-01,PUNGGOL,4 ROOM,632A,PUNGGOL DR,01 TO 03,91.0,Premium Apartment,2007,82 years 09 months,545000.0
2024-04-01,PUNGGOL,4 ROOM,619B,PUNGGOL DR,04 TO 06,93.0,Premium Apartment,2013,88 years 05 months,622888.0
2024-04-01,PUNGGOL,4 ROOM,619A,PUNGGOL DR,16 TO 18,93.0,Premium Apartment,2013,88 years 05 months,630000.0
2024-04-01,PUNGGOL,4 ROOM,167D,PUNGGOL EAST,13 TO 15,92.0,Premium Apartment,2009,84 years,566000.0
2024-04-01,PUNGGOL,4 ROOM,205A,PUNGGOL FIELD,01 TO 03,90.0,Model A,2004,79 years 07 months,506000.0
2024-04-01,PUNGGOL,4 ROOM,267B,PUNGGOL FIELD,16 TO 18,97.0,Premium Apartment,2013,87 years 10 months,738000.0
2024-04-01,PUNGGOL,4 ROOM,270B,PUNGGOL FIELD,01 TO 03,97.0,Premium Apartment,2013,87 years 10 months,638888.0
2024-04-01,PUNGGOL,4 ROOM,196A,PUNGGOL FIELD,07 TO 09,90.0,Model A,2003,78 years 02 months,550000.0
2024-04-01,PUNGGOL,4 ROOM,169C,PUNGGOL FIELD,07 TO 09,92.0,Model A,2014,89 years 01 month,595000.0
2024-04-01,PUNGGOL,4 ROOM,270A,PUNGGOL FIELD,04 TO 06,97.0,Premium Apartment,2013,87 years 10 months,750000.0
2024-04-01,PUNGGOL,4 ROOM,269C,PUNGGOL FIELD,10 TO 12,93.0,Premium Apartment,2013,87 years 10 months,665000.0
2024-04-01,PUNGGOL,4 ROOM,268B,PUNGGOL FIELD,07 TO 09,95.0,Premium Apartment,2013,87 years 09 months,677000.0
2024-04-01,PUNGGOL,4 ROOM,207C,PUNGGOL PL,01 TO 03,92.0,Model A,2014,89 years 03 months,615000.0
2024-04-01,PUNGGOL,4 ROOM,302C,PUNGGOL PL,07 TO 09,93.0,Premium Apartment,2011,86 years,680000.0
2024-04-01,PUNGGOL,4 ROOM,302A,PUNGGOL PL,07 TO 09,93.0,Premium Apartment,2011,86 years,660000.0
2024-04-01,PUNGGOL,4 ROOM,195D,PUNGGOL RD,01 TO 03,90.0,Premium Apartment,2007,82 years 05 months,535000.0
2024-04-01,PUNGGOL,4 ROOM,604B,PUNGGOL RD,01 TO 03,93.0,Model A,2012,87 years 06 months,565000.0
2024-04-01,PUNGGOL,4 ROOM,603B,PUNGGOL RD,07 TO 09,93.0,Model A,2012,87 years 05 months,628000.0
2024-04-01,PUNGGOL,4 ROOM,195C,PUNGGOL RD,04 TO 06,90.0,Premium Apartment,2007,82 years 05 months,570000.0
2024-04-01,PUNGGOL,4 ROOM,308C,PUNGGOL WALK,10 TO 12,92.0,Premium Apartment,2016,91 years,668000.0
2024-04-01,PUNGGOL,4 ROOM,213C,PUNGGOL WALK,07 TO 09,93.0,Model A,2015,90 years 01 month,620000.0
2024-04-01,PUNGGOL,4 ROOM,271C,PUNGGOL WALK,04 TO 06,93.0,Premium Apartment,2014,89 years 01 month,720888.0
2024-04-01,PUNGGOL,4 ROOM,211C,PUNGGOL WALK,13 TO 15,92.0,Model A,2014,89 years 01 month,633000.0
2024-04-01,PUNGGOL,4 ROOM,212B,PUNGGOL WALK,13 TO 15,93.0,Model A,2015,90 years 01 month,622000.0
2024-04-01,PUNGGOL,4 ROOM,272C,PUNGGOL WALK,13 TO 15,94.0,Premium Apartment,2014,89 years 01 month,730000.0
2024-04-01,PUNGGOL,4 ROOM,272A,PUNGGOL WALK,01 TO 03,94.0,Premium Apartment,2014,89 years 01 month,650000.0
2024-04-01,PUNGGOL,4 ROOM,272B,PUNGGOL WALK,04 TO 06,93.0,Premium Apartment,2014,89 years 01 month,660000.0
2024-04-01,PUNGGOL,4 ROOM,211C,PUNGGOL WALK,07 TO 09,92.0,Model A,2014,89 years,630888.0
2024-04-01,PUNGGOL,4 ROOM,308C,PUNGGOL WALK,07 TO 09,92.0,Premium Apartment,2016,90 years 11 months,660000.0
2024-04-01,PUNGGOL,4 ROOM,211C,PUNGGOL WALK,04 TO 06,92.0,Model A,2014,89 years,598888.0
2024-04-01,PUNGGOL,4 ROOM,266A,PUNGGOL WAY,04 TO 06,92.0,Model A,2015,90 years 03 months,638000.0
2024-04-01,PUNGGOL,4 ROOM,315B,PUNGGOL WAY,13 TO 15,93.0,Premium Apartment,2017,92 years 06 months,711888.0
2024-04-01,PUNGGOL,4 ROOM,316D,PUNGGOL WAY,16 TO 18,93.0,Premium Apartment,2017,92 years 06 months,708888.0
2024-04-01,PUNGGOL,4 ROOM,315B,PUNGGOL WAY,01 TO 03,93.0,Premium Apartment,2017,92 years 05 months,606000.0
2024-04-01,PUNGGOL,4 ROOM,221A,SUMANG LANE,13 TO 15,93.0,Model A,2018,93 years 09 months,618000.0
2024-04-01,PUNGGOL,4 ROOM,224C,SUMANG LANE,16 TO 18,93.0,Model A,2018,93 years 09 months,617000.0
2024-04-01,PUNGGOL,4 ROOM,231A,SUMANG LANE,16 TO 18,93.0,Model A,2018,93 years 08 months,596000.0
2024-04-01,PUNGGOL,4 ROOM,233C,SUMANG LANE,04 TO 06,93.0,Model A,2018,93 years 08 months,592888.0
2024-04-01,PUNGGOL,4 ROOM,232B,SUMANG LANE,04 TO 06,93.0,Model A,2018,93 years 08 months,578888.0
2024-04-01,PUNGGOL,4 ROOM,226B,SUMANG LANE,10 TO 12,92.0,Premium Apartment,2018,93 years,585000.0
2024-04-01,PUNGGOL,4 ROOM,224A,SUMANG LANE,16 TO 18,93.0,Model A,2018,93 years 08 months,600000.0
2024-04-01,PUNGGOL,4 ROOM,234A,SUMANG LANE,04 TO 06,93.0,Model A,2018,93 years 07 months,588000.0
2024-04-01,PUNGGOL,4 ROOM,323A,SUMANG WALK,04 TO 06,93.0,Premium Apartment,2020,94 years 11 months,616888.0
2024-04-01,PUNGGOL,4 ROOM,325A,SUMANG WALK,07 TO 09,96.0,Premium Apartment,2020,94 years 10 months,690000.0
2024-04-01,PUNGGOL,4 ROOM,325B,SUMANG WALK,16 TO 18,93.0,Premium Apartment,2020,94 years 10 months,680000.0
2024-04-01,PUNGGOL,4 ROOM,322D,SUMANG WALK,13 TO 15,93.0,Premium Apartment,2019,94 years,705000.0
2024-04-01,PUNGGOL,4 ROOM,325B,SUMANG WALK,01 TO 03,93.0,Premium Apartment,2020,94 years 10 months,580000.0
2024-04-01,PUNGGOL,4 ROOM,256D,SUMANG WALK,10 TO 12,93.0,Model A,2016,91 years 09 months,600000.0
2024-04-01,PUNGGOL,4 ROOM,325B,SUMANG WALK,01 TO 03,96.0,Premium Apartment,2020,94 years 10 months,642000.0
2024-04-01,PUNGGOL,4 ROOM,217B,SUMANG WALK,07 TO 09,92.0,Model A,2017,92 years 04 months,608888.0
2024-04-01,PUNGGOL,4 ROOM,325A,SUMANG WALK,10 TO 12,93.0,Premium Apartment,2020,94 years 10 months,668000.0
2024-04-01,PUNGGOL,4 ROOM,325A,SUMANG WALK,04 TO 06,93.0,Premium Apartment,2020,94 years 09 months,630000.0
2024-04-01,PUNGGOL,4 ROOM,256C,SUMANG WALK,13 TO 15,93.0,Model A,2016,91 years 08 months,648000.0
2024-04-01,PUNGGOL,4 ROOM,322A,SUMANG WALK,16 TO 18,93.0,Premium Apartment,2019,93 years 11 months,693800.0
2024-04-01,PUNGGOL,4 ROOM,217A,SUMANG WALK,10 TO 12,92.0,Model A,2017,92 years 03 months,610000.0
2024-04-01,PUNGGOL,4 ROOM,217B,SUMANG WALK,13 TO 15,92.0,Model A,2017,92 years 03 months,628888.0
2024-04-01,PUNGGOL,5 ROOM,661C,EDGEDALE PLAINS,13 TO 15,112.0,Premium Apartment,2017,92 years 02 months,775000.0
2024-04-01,PUNGGOL,5 ROOM,132,EDGEDALE PLAINS,07 TO 09,111.0,Premium Apartment,2003,78 years 08 months,588000.0
2024-04-01,PUNGGOL,5 ROOM,134,EDGEDALE PLAINS,04 TO 06,111.0,Premium Apartment,2003,78 years 08 months,540000.0
2024-04-01,PUNGGOL,5 ROOM,174C,EDGEDALE PLAINS,16 TO 18,112.0,Improved,2004,78 years 10 months,625000.0
2024-04-01,PUNGGOL,5 ROOM,133,EDGEDALE PLAINS,10 TO 12,111.0,Premium Apartment,2003,78 years 08 months,570000.0
2024-04-01,PUNGGOL,5 ROOM,172B,EDGEDALE PLAINS,01 TO 03,110.0,Improved,2004,79 years 01 month,575000.0
2024-04-01,PUNGGOL,5 ROOM,130,EDGEDALE PLAINS,13 TO 15,111.0,Premium Apartment,2003,78 years 08 months,586888.0
2024-04-01,PUNGGOL,5 ROOM,109A,EDGEDALE PLAINS,13 TO 15,110.0,Improved,2003,78 years,612000.0
2024-04-01,PUNGGOL,5 ROOM,103C,EDGEFIELD PLAINS,01 TO 03,110.0,Improved,2003,78 years 02 months,540000.0
2024-04-01,PUNGGOL,5 ROOM,105C,EDGEFIELD PLAINS,07 TO 09,110.0,Improved,2003,78 years 02 months,610000.0
2024-04-01,PUNGGOL,5 ROOM,176D,EDGEFIELD PLAINS,04 TO 06,110.0,Improved,2003,78 years 06 months,600000.0
2024-04-01,PUNGGOL,5 ROOM,669A,EDGEFIELD PLAINS,16 TO 18,112.0,Premium Apartment,2016,91 years 03 months,770000.0
2024-04-01,PUNGGOL,5 ROOM,186,PUNGGOL CTRL,10 TO 12,110.0,Premium Apartment,2004,79 years 01 month,630000.0
2024-04-01,PUNGGOL,5 ROOM,160A,PUNGGOL CTRL,10 TO 12,114.0,Premium Apartment,2004,79 years 02 months,670000.0
2024-04-01,PUNGGOL,5 ROOM,296,PUNGGOL CTRL,07 TO 09,110.0,Premium Apartment,2003,78 years 07 months,650000.0
2024-04-01,PUNGGOL,5 ROOM,647,PUNGGOL CTRL,04 TO 06,110.0,Premium Apartment,2005,79 years 10 months,640000.0
2024-04-01,PUNGGOL,5 ROOM,678B,PUNGGOL DR,13 TO 15,113.0,Premium Apartment,2016,91 years 06 months,868000.0
2024-04-01,PUNGGOL,5 ROOM,666B,PUNGGOL DR,16 TO 18,113.0,Premium Apartment,2016,90 years 11 months,780000.0
2024-04-01,PUNGGOL,5 ROOM,637A,PUNGGOL DR,04 TO 06,110.0,Premium Apartment,2005,79 years 09 months,592000.0
2024-04-01,PUNGGOL,5 ROOM,637A,PUNGGOL DR,13 TO 15,112.0,Premium Apartment,2005,79 years 09 months,645000.0
2024-04-01,PUNGGOL,5 ROOM,658C,PUNGGOL EAST,04 TO 06,113.0,Improved,2018,93 years 09 months,695000.0
2024-04-01,PUNGGOL,5 ROOM,658C,PUNGGOL EAST,10 TO 12,113.0,Improved,2018,93 years 08 months,750000.0
2024-04-01,PUNGGOL,5 ROOM,173D,PUNGGOL FIELD,04 TO 06,110.0,Improved,2003,78 years 08 months,598000.0
2024-04-01,PUNGGOL,5 ROOM,258A,PUNGGOL FIELD,10 TO 12,113.0,Improved,2016,91 years 03 months,788000.0
2024-04-01,PUNGGOL,5 ROOM,106A,PUNGGOL FIELD,10 TO 12,110.0,Improved,2003,78 years 01 month,615000.0
2024-04-01,PUNGGOL,5 ROOM,106A,PUNGGOL FIELD,16 TO 18,110.0,Improved,2003,78 years 01 month,650000.0
2024-04-01,PUNGGOL,5 ROOM,175D,PUNGGOL FIELD,10 TO 12,110.0,Improved,2003,78 years 03 months,622888.0
2024-04-01,PUNGGOL,5 ROOM,270A,PUNGGOL FIELD,16 TO 18,112.0,Premium Apartment,2013,87 years 09 months,867000.0
2024-04-01,PUNGGOL,5 ROOM,128C,PUNGGOL FIELD WALK,07 TO 09,110.0,Improved,2003,78 years 04 months,614888.0
2024-04-01,PUNGGOL,5 ROOM,207B,PUNGGOL PL,04 TO 06,112.0,Improved,2014,89 years 04 months,725000.0
2024-04-01,PUNGGOL,5 ROOM,207D,PUNGGOL PL,07 TO 09,112.0,Improved,2014,89 years 03 months,782888.0
2024-04-01,PUNGGOL,5 ROOM,308C,PUNGGOL WALK,01 TO 03,112.0,Premium Apartment,2016,91 years,681000.0
2024-04-01,PUNGGOL,5 ROOM,310A,PUNGGOL WALK,07 TO 09,112.0,Premium Apartment,2016,91 years 03 months,815000.0
2024-04-01,PUNGGOL,5 ROOM,310B,PUNGGOL WALK,13 TO 15,112.0,Premium Apartment,2016,91 years 02 months,808000.0
2024-04-01,PUNGGOL,5 ROOM,261B,PUNGGOL WAY,10 TO 12,113.0,Improved,2016,91 years 02 months,770000.0
2024-04-01,PUNGGOL,5 ROOM,226C,SUMANG LANE,07 TO 09,114.0,Premium Apartment,2018,93 years,755000.0
2024-04-01,PUNGGOL,5 ROOM,227B,SUMANG LANE,04 TO 06,114.0,Premium Apartment,2018,92 years 11 months,770000.0
2024-04-01,PUNGGOL,5 ROOM,323A,SUMANG WALK,13 TO 15,113.0,Premium Apartment,2020,94 years 11 months,840000.0
2024-04-01,PUNGGOL,5 ROOM,325A,SUMANG WALK,07 TO 09,116.0,Premium Apartment,2020,94 years 10 months,920000.0
2024-04-01,PUNGGOL,5 ROOM,323C,SUMANG WALK,10 TO 12,113.0,Premium Apartment,2020,94 years 10 months,850000.0
2024-04-01,PUNGGOL,5 ROOM,323A,SUMANG WALK,19 TO 21,113.0,Premium Apartment,2020,94 years 09 months,880000.0
2024-04-01,PUNGGOL,5 ROOM,217B,SUMANG WALK,07 TO 09,112.0,Improved,2017,92 years 04 months,745000.0
2024-04-01,PUNGGOL,5 ROOM,323B,SUMANG WALK,04 TO 06,113.0,Premium Apartment,2020,94 years 09 months,818000.0
2024-04-01,PUNGGOL,5 ROOM,325B,SUMANG WALK,04 TO 06,116.0,Premium Apartment,2020,94 years 09 months,870000.0
2024-04-01,PUNGGOL,5 ROOM,322D,SUMANG WALK,01 TO 03,116.0,Premium Apartment,2019,94 years,900000.0
2024-04-01,PUNGGOL,5 ROOM,323A,SUMANG WALK,16 TO 18,113.0,Premium Apartment,2020,94 years 10 months,850000.0
2024-04-01,PUNGGOL,EXECUTIVE,111,EDGEFIELD PLAINS,16 TO 18,130.0,Premium Apartment,2003,78 years 05 months,823888.0
2024-04-01,PUNGGOL,EXECUTIVE,117,EDGEFIELD PLAINS,07 TO 09,130.0,Premium Apartment,2003,78 years 03 months,760000.0
2024-04-01,PUNGGOL,EXECUTIVE,116,EDGEFIELD PLAINS,04 TO 06,130.0,Premium Apartment,2003,78 years 03 months,788000.0
2024-04-01,PUNGGOL,EXECUTIVE,112,EDGEFIELD PLAINS,13 TO 15,130.0,Premium Apartment,2003,78 years 04 months,773000.0
2024-04-01,QUEENSTOWN,2 ROOM,52,C'WEALTH DR,01 TO 03,47.0,Model A,2015,89 years 11 months,415000.0
2024-04-01,QUEENSTOWN,3 ROOM,81,C'WEALTH CL,04 TO 06,60.0,Standard,1967,41 years 11 months,350000.0
2024-04-01,QUEENSTOWN,3 ROOM,86,C'WEALTH CL,01 TO 03,58.0,Standard,1967,41 years 10 months,365000.0
2024-04-01,QUEENSTOWN,3 ROOM,84,C'WEALTH CL,07 TO 09,58.0,Standard,1967,41 years 09 months,348000.0
2024-04-01,QUEENSTOWN,3 ROOM,85,C'WEALTH CL,01 TO 03,60.0,Standard,1967,41 years 09 months,320000.0
2024-04-01,QUEENSTOWN,3 ROOM,97,C'WEALTH CRES,01 TO 03,68.0,Standard,1970,45 years 03 months,305000.0
2024-04-01,QUEENSTOWN,3 ROOM,97,C'WEALTH CRES,01 TO 03,59.0,Standard,1970,45 years 03 months,325000.0
2024-04-01,QUEENSTOWN,3 ROOM,110,C'WEALTH CRES,01 TO 03,60.0,Standard,1969,43 years 10 months,325000.0
2024-04-01,QUEENSTOWN,3 ROOM,53,C'WEALTH DR,31 TO 33,63.0,Model A,2015,89 years 11 months,740000.0
2024-04-01,QUEENSTOWN,3 ROOM,53,C'WEALTH DR,16 TO 18,63.0,Model A,2015,89 years 11 months,685000.0
2024-04-01,QUEENSTOWN,3 ROOM,53,C'WEALTH DR,28 TO 30,63.0,Model A,2015,89 years 11 months,720000.0
2024-04-01,QUEENSTOWN,3 ROOM,52,C'WEALTH DR,07 TO 09,63.0,Model A,2015,89 years 11 months,635000.0
2024-04-01,QUEENSTOWN,3 ROOM,87,DAWSON RD,01 TO 03,65.0,Premium Apartment,2016,91 years 05 months,660000.0
2024-04-01,QUEENSTOWN,3 ROOM,20,DOVER CRES,10 TO 12,65.0,Improved,1978,52 years 10 months,388000.0
2024-04-01,QUEENSTOWN,3 ROOM,32,GHIM MOH LINK,37 TO 39,68.0,Model A,2018,93 years 03 months,728000.0
2024-04-01,QUEENSTOWN,3 ROOM,19,GHIM MOH RD,04 TO 06,65.0,Improved,1977,52 years 02 months,340000.0
2024-04-01,QUEENSTOWN,3 ROOM,19,GHIM MOH RD,13 TO 15,65.0,Improved,1977,52 years 02 months,390000.0
2024-04-01,QUEENSTOWN,3 ROOM,19,GHIM MOH RD,13 TO 15,65.0,Improved,1977,52 years 02 months,360000.0
2024-04-01,QUEENSTOWN,3 ROOM,12,HOLLAND AVE,01 TO 03,65.0,Improved,1975,49 years 10 months,425000.0
2024-04-01,QUEENSTOWN,3 ROOM,2,HOLLAND AVE,10 TO 12,65.0,Improved,1974,49 years 03 months,380000.0
2024-04-01,QUEENSTOWN,3 ROOM,8,HOLLAND AVE,10 TO 12,59.0,Improved,1974,49 years 02 months,440000.0
2024-04-01,QUEENSTOWN,3 ROOM,31,HOLLAND CL,04 TO 06,59.0,Improved,1974,49 years 02 months,338888.0
2024-04-01,QUEENSTOWN,3 ROOM,31,HOLLAND CL,04 TO 06,59.0,Improved,1974,49 years 02 months,400000.0
2024-04-01,QUEENSTOWN,3 ROOM,32,HOLLAND CL,01 TO 03,59.0,Improved,1974,49 years 02 months,378000.0
2024-04-01,QUEENSTOWN,3 ROOM,32,HOLLAND CL,07 TO 09,59.0,Improved,1974,49 years 02 months,396000.0
2024-04-01,QUEENSTOWN,3 ROOM,18A,HOLLAND DR,04 TO 06,67.0,Model A,2012,87 years 06 months,680000.0
2024-04-01,QUEENSTOWN,3 ROOM,11,HOLLAND DR,10 TO 12,65.0,Improved,1975,49 years 10 months,458000.0
2024-04-01,QUEENSTOWN,3 ROOM,13,HOLLAND DR,16 TO 18,65.0,Improved,1975,49 years 10 months,460000.0
2024-04-01,QUEENSTOWN,3 ROOM,154,MEI LING ST,07 TO 09,67.0,Improved,1970,44 years 10 months,368000.0
2024-04-01,QUEENSTOWN,3 ROOM,23A,QUEEN'S CL,19 TO 21,76.0,Improved,1973,48 years 03 months,478000.0
2024-04-01,QUEENSTOWN,3 ROOM,166,STIRLING RD,04 TO 06,60.0,Improved,1970,45 years 04 months,313000.0
2024-04-01,QUEENSTOWN,3 ROOM,167,STIRLING RD,10 TO 12,69.0,Improved,1971,45 years 10 months,438000.0
2024-04-01,QUEENSTOWN,3 ROOM,61C,STRATHMORE AVE,25 TO 27,70.0,Model A,2011,86 years 05 months,760000.0
2024-04-01,QUEENSTOWN,4 ROOM,129,CLARENCE LANE,01 TO 03,104.0,Model A,1996,71 years 05 months,880888.0
2024-04-01,QUEENSTOWN,4 ROOM,86,DAWSON RD,10 TO 12,83.0,Premium Apartment,2016,91 years 05 months,923000.0
2024-04-01,QUEENSTOWN,4 ROOM,90,DAWSON RD,19 TO 21,109.0,Premium Apartment Loft,2016,91 years 02 months,1238000.0
2024-04-01,QUEENSTOWN,4 ROOM,86,DAWSON RD,19 TO 21,83.0,Premium Apartment,2016,91 years 05 months,1038000.0
2024-04-01,QUEENSTOWN,4 ROOM,30,GHIM MOH LINK,16 TO 18,93.0,Model A,2018,93 years 03 months,970000.0
2024-04-01,QUEENSTOWN,4 ROOM,30,GHIM MOH LINK,37 TO 39,93.0,Model A,2018,93 years 03 months,992000.0
2024-04-01,QUEENSTOWN,4 ROOM,30,GHIM MOH LINK,01 TO 03,93.0,Model A,2018,93 years 04 months,882000.0
2024-04-01,QUEENSTOWN,4 ROOM,33,GHIM MOH LINK,10 TO 12,93.0,Model A,2018,93 years 03 months,895000.0
2024-04-01,QUEENSTOWN,4 ROOM,27,GHIM MOH LINK,01 TO 03,87.0,Model A,2013,88 years 01 month,800888.0
2024-04-01,QUEENSTOWN,4 ROOM,33,GHIM MOH LINK,31 TO 33,93.0,Model A,2018,93 years 03 months,1170000.0
2024-04-01,QUEENSTOWN,4 ROOM,29,GHIM MOH LINK,10 TO 12,93.0,Model A,2018,93 years 02 months,958000.0
2024-04-01,QUEENSTOWN,4 ROOM,6,HOLLAND CL,13 TO 15,86.0,Improved,1974,49 years 02 months,635000.0
2024-04-01,QUEENSTOWN,4 ROOM,91,TANGLIN HALT RD,10 TO 12,90.0,Model A,2008,83 years 05 months,912000.0
2024-04-01,QUEENSTOWN,5 ROOM,50,C'WEALTH DR,13 TO 15,114.0,Improved,2015,89 years 11 months,1200000.0
2024-04-01,QUEENSTOWN,5 ROOM,13,DOVER CL EAST,07 TO 09,117.0,Standard,1978,52 years 10 months,910000.0
2024-04-01,QUEENSTOWN,5 ROOM,13,DOVER CL EAST,04 TO 06,114.0,Standard,1978,52 years 10 months,850000.0
2024-04-01,QUEENSTOWN,5 ROOM,28D,DOVER CRES,34 TO 36,124.0,Improved,2012,87 years,1252888.0
2024-04-01,QUEENSTOWN,5 ROOM,22,DOVER CRES,04 TO 06,134.0,Model A,1993,68 years 03 months,923688.0
2024-04-01,QUEENSTOWN,5 ROOM,8,GHIM MOH RD,10 TO 12,117.0,Standard,1977,51 years 11 months,818000.0
2024-04-01,QUEENSTOWN,5 ROOM,20,QUEEN'S CL,01 TO 03,131.0,Model A,1996,71 years 07 months,1000000.0
2024-04-01,QUEENSTOWN,5 ROOM,56,STRATHMORE AVE,07 TO 09,110.0,Improved,2002,77 years 02 months,1000000.0
2024-04-01,QUEENSTOWN,EXECUTIVE,150,MEI LING ST,01 TO 03,147.0,Maisonette,1995,70 years 06 months,1230000.0
2024-04-01,SEMBAWANG,2 ROOM,130A,CANBERRA CRES,07 TO 09,47.0,2-room,2018,93 years 08 months,350000.0
2024-04-01,SEMBAWANG,2 ROOM,130A,CANBERRA CRES,13 TO 15,47.0,Model A,2018,93 years 07 months,365000.0
2024-04-01,SEMBAWANG,2 ROOM,129B,CANBERRA ST,04 TO 06,47.0,Model A,2018,93 years 08 months,342000.0
2024-04-01,SEMBAWANG,2 ROOM,104D,CANBERRA ST,10 TO 12,47.0,Model A,2018,93 years 04 months,368000.0
2024-04-01,SEMBAWANG,2 ROOM,363B,SEMBAWANG CRES,04 TO 06,47.0,Model A,2019,94 years 02 months,330000.0
2024-04-01,SEMBAWANG,2 ROOM,366B,SEMBAWANG CRES,07 TO 09,48.0,Model A,2019,94 years 01 month,363000.0
2024-04-01,SEMBAWANG,2 ROOM,366B,SEMBAWANG CRES,13 TO 15,48.0,Model A,2019,94 years 01 month,325000.0
2024-04-01,SEMBAWANG,3 ROOM,116A,CANBERRA CRES,07 TO 09,68.0,Model A,2020,95 years 03 months,485000.0
2024-04-01,SEMBAWANG,3 ROOM,116A,CANBERRA CRES,01 TO 03,68.0,Model A,2020,95 years 02 months,466000.0
2024-04-01,SEMBAWANG,3 ROOM,116A,CANBERRA CRES,04 TO 06,68.0,Model A,2020,95 years 02 months,478000.0
2024-04-01,SEMBAWANG,3 ROOM,130B,CANBERRA CRES,07 TO 09,68.0,Model A,2018,93 years 07 months,485000.0
2024-04-01,SEMBAWANG,3 ROOM,129B,CANBERRA ST,10 TO 12,68.0,Model A,2018,93 years 08 months,480000.0
2024-04-01,SEMBAWANG,3 ROOM,107B,CANBERRA ST,13 TO 15,67.0,Model A,2018,93 years 04 months,482000.0
2024-04-01,SEMBAWANG,3 ROOM,107B,CANBERRA ST,10 TO 12,67.0,Model A,2018,93 years 03 months,465000.0
2024-04-01,SEMBAWANG,3 ROOM,115A,CANBERRA WALK,01 TO 03,68.0,Model A,2018,93 years 04 months,445000.0
2024-04-01,SEMBAWANG,3 ROOM,115B,CANBERRA WALK,07 TO 09,68.0,Model A,2018,93 years 04 months,487000.0
2024-04-01,SEMBAWANG,3 ROOM,115D,CANBERRA WALK,04 TO 06,68.0,Model A,2018,93 years 04 months,470000.0
2024-04-01,SEMBAWANG,3 ROOM,593A,MONTREAL LINK,13 TO 15,68.0,Model A,2015,90 years 01 month,440000.0
2024-04-01,SEMBAWANG,3 ROOM,366B,SEMBAWANG CRES,16 TO 18,68.0,Model A,2019,94 years 01 month,495000.0
2024-04-01,SEMBAWANG,3 ROOM,362A,SEMBAWANG CRES,07 TO 09,68.0,Model A,2019,94 years 02 months,468000.0
2024-04-01,SEMBAWANG,4 ROOM,356C,ADMIRALTY DR,04 TO 06,95.0,Premium Apartment,2001,76 years 03 months,540000.0
2024-04-01,SEMBAWANG,4 ROOM,467A,ADMIRALTY DR,01 TO 03,102.0,Premium Apartment,2001,76 years 04 months,468000.0
2024-04-01,SEMBAWANG,4 ROOM,357,ADMIRALTY DR,10 TO 12,96.0,Premium Apartment,2001,76 years 03 months,535000.0
2024-04-01,SEMBAWANG,4 ROOM,467A,ADMIRALTY DR,10 TO 12,102.0,Premium Apartment,2001,76 years 03 months,535000.0
2024-04-01,SEMBAWANG,4 ROOM,356A,ADMIRALTY DR,07 TO 09,94.0,Premium Apartment,2001,76 years 02 months,563000.0
2024-04-01,SEMBAWANG,4 ROOM,119B,CANBERRA CRES,04 TO 06,93.0,Model A,2018,93 years,595000.0
2024-04-01,SEMBAWANG,4 ROOM,120D,CANBERRA CRES,10 TO 12,93.0,Model A,2018,92 years 11 months,680888.0
2024-04-01,SEMBAWANG,4 ROOM,302,CANBERRA RD,01 TO 03,97.0,Model A2,1998,73 years 07 months,510000.0
2024-04-01,SEMBAWANG,4 ROOM,350A,CANBERRA RD,01 TO 03,93.0,Model A,2001,76 years 05 months,518000.0
2024-04-01,SEMBAWANG,4 ROOM,107A,CANBERRA ST,01 TO 03,93.0,Model A,2018,93 years 05 months,540000.0
2024-04-01,SEMBAWANG,4 ROOM,104A,CANBERRA ST,13 TO 15,93.0,Model A,2018,93 years 04 months,635000.0
2024-04-01,SEMBAWANG,4 ROOM,121A,CANBERRA ST,13 TO 15,93.0,Model A,2018,92 years 10 months,625000.0
2024-04-01,SEMBAWANG,4 ROOM,129C,CANBERRA ST,07 TO 09,93.0,Model A,2018,93 years 07 months,650000.0
2024-04-01,SEMBAWANG,4 ROOM,121D,CANBERRA ST,04 TO 06,93.0,Model A,2018,92 years 10 months,622500.0
2024-04-01,SEMBAWANG,4 ROOM,115D,CANBERRA WALK,07 TO 09,93.0,Model A,2018,93 years 04 months,672888.0
2024-04-01,SEMBAWANG,4 ROOM,592B,MONTREAL LINK,10 TO 12,93.0,Model A,2015,90 years 01 month,545888.0
2024-04-01,SEMBAWANG,4 ROOM,592C,MONTREAL LINK,07 TO 09,93.0,Model A,2015,90 years 02 months,560000.0
2024-04-01,SEMBAWANG,4 ROOM,593A,MONTREAL LINK,10 TO 12,93.0,Model A,2015,90 years 01 month,545000.0
2024-04-01,SEMBAWANG,4 ROOM,592C,MONTREAL LINK,10 TO 12,93.0,Model A,2015,90 years 01 month,545000.0
2024-04-01,SEMBAWANG,4 ROOM,590C,MONTREAL LINK,07 TO 09,93.0,Model A,2015,90 years,550000.0
2024-04-01,SEMBAWANG,4 ROOM,365C,SEMBAWANG CRES,13 TO 15,93.0,Model A,2019,94 years 02 months,615000.0
2024-04-01,SEMBAWANG,4 ROOM,363B,SEMBAWANG CRES,10 TO 12,93.0,Model A,2019,94 years 02 months,610000.0
2024-04-01,SEMBAWANG,4 ROOM,365B,SEMBAWANG CRES,10 TO 12,93.0,Model A,2019,94 years 01 month,621000.0
2024-04-01,SEMBAWANG,4 ROOM,365B,SEMBAWANG CRES,10 TO 12,93.0,Model A,2019,94 years 01 month,605000.0
2024-04-01,SEMBAWANG,4 ROOM,365A,SEMBAWANG CRES,04 TO 06,93.0,Model A,2019,94 years 01 month,573000.0
2024-04-01,SEMBAWANG,4 ROOM,365A,SEMBAWANG CRES,16 TO 18,93.0,Model A,2019,94 years 01 month,631888.0
2024-04-01,SEMBAWANG,4 ROOM,363B,SEMBAWANG CRES,04 TO 06,93.0,Model A,2019,94 years 02 months,572000.0
2024-04-01,SEMBAWANG,4 ROOM,362C,SEMBAWANG CRES,07 TO 09,93.0,Model A,2019,94 years 02 months,620000.0
2024-04-01,SEMBAWANG,4 ROOM,466D,SEMBAWANG DR,10 TO 12,90.0,Premium Apartment,2006,80 years 11 months,525000.0
2024-04-01,SEMBAWANG,4 ROOM,314,SEMBAWANG DR,01 TO 03,90.0,Model A2,1999,73 years 11 months,485000.0
2024-04-01,SEMBAWANG,4 ROOM,466A,SEMBAWANG DR,16 TO 18,90.0,Premium Apartment,2006,80 years 11 months,507000.0
2024-04-01,SEMBAWANG,4 ROOM,508B,WELLINGTON CIRCLE,01 TO 03,90.0,Model A,2004,79 years 06 months,485000.0
2024-04-01,SEMBAWANG,4 ROOM,508C,WELLINGTON CIRCLE,10 TO 12,85.0,Model A,2004,79 years 04 months,510000.0
2024-04-01,SEMBAWANG,5 ROOM,467,ADMIRALTY DR,10 TO 12,115.0,Premium Apartment,2001,76 years 04 months,590000.0
2024-04-01,SEMBAWANG,5 ROOM,467B,ADMIRALTY DR,07 TO 09,118.0,Premium Apartment,2001,76 years 04 months,573000.0
2024-04-01,SEMBAWANG,5 ROOM,357B,ADMIRALTY DR,04 TO 06,110.0,Premium Apartment,2001,76 years 03 months,600000.0
2024-04-01,SEMBAWANG,5 ROOM,404,ADMIRALTY LINK,13 TO 15,110.0,Improved,2001,75 years 11 months,540000.0
2024-04-01,SEMBAWANG,5 ROOM,484,ADMIRALTY LINK,04 TO 06,110.0,Improved,2003,78 years 04 months,528000.0
2024-04-01,SEMBAWANG,5 ROOM,120B,CANBERRA CRES,04 TO 06,113.0,Improved,2018,92 years 11 months,730000.0
2024-04-01,SEMBAWANG,5 ROOM,421,CANBERRA RD,01 TO 03,110.0,Improved,2001,76 years 01 month,510000.0
2024-04-01,SEMBAWANG,5 ROOM,420,CANBERRA RD,04 TO 06,110.0,Improved,2001,76 years 01 month,598000.0
2024-04-01,SEMBAWANG,5 ROOM,303,CANBERRA RD,01 TO 03,122.0,Improved,1998,73 years 09 months,580000.0
2024-04-01,SEMBAWANG,5 ROOM,121A,CANBERRA ST,13 TO 15,113.0,Improved,2018,92 years 10 months,770000.0
2024-04-01,SEMBAWANG,5 ROOM,128A,CANBERRA ST,10 TO 12,113.0,Improved,2018,93 years 07 months,780000.0
2024-04-01,SEMBAWANG,5 ROOM,128A,CANBERRA ST,07 TO 09,113.0,Improved,2018,93 years 07 months,810000.0
2024-04-01,SEMBAWANG,5 ROOM,108B,CANBERRA WALK,07 TO 09,113.0,Improved,2018,93 years 02 months,763000.0
2024-04-01,SEMBAWANG,5 ROOM,108C,CANBERRA WALK,01 TO 03,113.0,Improved,2018,93 years 02 months,650000.0
2024-04-01,SEMBAWANG,5 ROOM,588A,MONTREAL DR,04 TO 06,110.0,Improved,2002,77 years 09 months,540000.0
2024-04-01,SEMBAWANG,5 ROOM,341B,SEMBAWANG CL,07 TO 09,111.0,Premium Apartment,2001,76 years 03 months,611000.0
2024-04-01,SEMBAWANG,5 ROOM,340B,SEMBAWANG CL,04 TO 06,111.0,Premium Apartment,2001,76 years 03 months,590000.0
2024-04-01,SEMBAWANG,5 ROOM,407,SEMBAWANG DR,07 TO 09,110.0,Improved,2001,76 years 01 month,530000.0
2024-04-01,SEMBAWANG,5 ROOM,466A,SEMBAWANG DR,07 TO 09,110.0,Premium Apartment,2006,80 years 11 months,560000.0
2024-04-01,SEMBAWANG,5 ROOM,510B,WELLINGTON CIRCLE,07 TO 09,110.0,Improved,2004,79 years 07 months,538000.0
2024-04-01,SEMBAWANG,5 ROOM,507A,WELLINGTON CIRCLE,01 TO 03,111.0,Improved,2001,76 years 09 months,570000.0
2024-04-01,SEMBAWANG,5 ROOM,507A,WELLINGTON CIRCLE,04 TO 06,110.0,Improved,2001,76 years 08 months,559888.0
2024-04-01,SEMBAWANG,5 ROOM,507C,WELLINGTON CIRCLE,10 TO 12,110.0,Improved,2001,76 years 08 months,580000.0
2024-04-01,SEMBAWANG,EXECUTIVE,356C,ADMIRALTY DR,07 TO 09,131.0,Premium Apartment,2001,76 years 04 months,665000.0
2024-04-01,SEMBAWANG,EXECUTIVE,468C,ADMIRALTY DR,07 TO 09,142.0,Premium Apartment,2001,76 years 03 months,680000.0
2024-04-01,SEMBAWANG,EXECUTIVE,351D,CANBERRA RD,04 TO 06,126.0,Apartment,2001,76 years 09 months,740000.0
2024-04-01,SEMBAWANG,EXECUTIVE,423,CANBERRA RD,01 TO 03,130.0,Apartment,2001,75 years 11 months,613000.0
2024-04-01,SEMBAWANG,EXECUTIVE,507D,WELLINGTON CIRCLE,04 TO 06,130.0,Apartment,2001,76 years 05 months,730000.0
2024-04-01,SENGKANG,2 ROOM,302B,ANCHORVALE LINK,07 TO 09,44.0,Model A,2007,82 years 04 months,328000.0
2024-04-01,SENGKANG,2 ROOM,441B,FERNVALE RD,07 TO 09,50.0,Model A,2012,87 years,345000.0
2024-04-01,SENGKANG,2 ROOM,180A,RIVERVALE CRES,10 TO 12,47.0,Model A,2015,90 years 01 month,350000.0
2024-04-01,SENGKANG,2 ROOM,180A,RIVERVALE CRES,13 TO 15,47.0,Model A,2015,89 years 11 months,340000.0
2024-04-01,SENGKANG,3 ROOM,351B,ANCHORVALE RD,16 TO 18,67.0,Model A,2019,94 years 02 months,522888.0
2024-04-01,SENGKANG,3 ROOM,289B,COMPASSVALE CRES,07 TO 09,68.0,Premium Apartment,2017,92 years 08 months,488000.0
2024-04-01,SENGKANG,3 ROOM,286C,COMPASSVALE CRES,10 TO 12,68.0,Premium Apartment,2017,92 years 08 months,488000.0
2024-04-01,SENGKANG,3 ROOM,467B,FERNVALE LINK,16 TO 18,68.0,Model A,2016,91 years 05 months,491888.0
2024-04-01,SENGKANG,3 ROOM,470A,FERNVALE LINK,16 TO 18,68.0,Model A,2016,91 years 06 months,480000.0
2024-04-01,SENGKANG,3 ROOM,430C,FERNVALE LINK,10 TO 12,67.0,Model A,2015,90 years 02 months,470000.0
2024-04-01,SENGKANG,3 ROOM,430C,FERNVALE LINK,19 TO 21,67.0,Model A,2015,90 years 02 months,515000.0
2024-04-01,SENGKANG,3 ROOM,470B,FERNVALE LINK,13 TO 15,68.0,Model A,2016,91 years 06 months,510000.0
2024-04-01,SENGKANG,3 ROOM,435B,FERNVALE RD,07 TO 09,68.0,Premium Apartment,2013,88 years 03 months,470000.0
2024-04-01,SENGKANG,3 ROOM,436D,FERNVALE RD,07 TO 09,70.0,Model A,2010,85 years,489000.0
2024-04-01,SENGKANG,3 ROOM,436C,FERNVALE RD,04 TO 06,70.0,Model A,2010,84 years 11 months,495000.0
2024-04-01,SENGKANG,3 ROOM,450B,SENGKANG WEST WAY,16 TO 18,67.0,Model A,2014,89 years 04 months,490000.0
2024-04-01,SENGKANG,3 ROOM,450A,SENGKANG WEST WAY,22 TO 24,67.0,Model A,2014,89 years 04 months,496888.0
2024-04-01,SENGKANG,3 ROOM,433A,SENGKANG WEST WAY,13 TO 15,67.0,Model A,2014,89 years 07 months,470000.0
2024-04-01,SENGKANG,4 ROOM,336A,ANCHORVALE CRES,04 TO 06,92.0,Premium Apartment,2015,90 years 09 months,600000.0
2024-04-01,SENGKANG,4 ROOM,335B,ANCHORVALE CRES,13 TO 15,92.0,Premium Apartment,2015,90 years 09 months,665000.0
2024-04-01,SENGKANG,4 ROOM,336B,ANCHORVALE CRES,01 TO 03,92.0,Premium Apartment,2015,90 years 09 months,600000.0
2024-04-01,SENGKANG,4 ROOM,335A,ANCHORVALE CRES,16 TO 18,92.0,Premium Apartment,2015,90 years 09 months,648888.0
2024-04-01,SENGKANG,4 ROOM,322A,ANCHORVALE DR,10 TO 12,86.0,Model A2,2002,77 years 02 months,550000.0
2024-04-01,SENGKANG,4 ROOM,301C,ANCHORVALE DR,01 TO 03,90.0,Model A,2001,76 years 06 months,505000.0
2024-04-01,SENGKANG,4 ROOM,319C,ANCHORVALE DR,01 TO 03,90.0,Model A,2002,77 years 05 months,522500.0
2024-04-01,SENGKANG,4 ROOM,322A,ANCHORVALE DR,13 TO 15,86.0,Model A2,2002,77 years 01 month,568000.0
2024-04-01,SENGKANG,4 ROOM,314D,ANCHORVALE LINK,07 TO 09,92.0,Premium Apartment,2003,78 years 02 months,540500.0
2024-04-01,SENGKANG,4 ROOM,332B,ANCHORVALE LINK,07 TO 09,92.0,Model A,2015,90 years 03 months,620000.0
2024-04-01,SENGKANG,4 ROOM,332A,ANCHORVALE LINK,04 TO 06,92.0,Model A,2015,90 years 03 months,592000.0
2024-04-01,SENGKANG,4 ROOM,351A,ANCHORVALE RD,01 TO 03,92.0,Model A,2019,94 years 02 months,555000.0
2024-04-01,SENGKANG,4 ROOM,307C,ANCHORVALE RD,07 TO 09,90.0,Model A,2001,76 years 08 months,555000.0
2024-04-01,SENGKANG,4 ROOM,351A,ANCHORVALE RD,07 TO 09,92.0,Model A,2019,94 years 02 months,643800.0
2024-04-01,SENGKANG,4 ROOM,326C,ANCHORVALE RD,01 TO 03,92.0,Premium Apartment,2015,90 years 01 month,550000.0
2024-04-01,SENGKANG,4 ROOM,351A,ANCHORVALE RD,07 TO 09,92.0,Model A,2019,94 years 02 months,632000.0
2024-04-01,SENGKANG,4 ROOM,351D,ANCHORVALE RD,04 TO 06,92.0,Model A,2019,94 years 02 months,608000.0
2024-04-01,SENGKANG,4 ROOM,317D,ANCHORVALE RD,07 TO 09,92.0,Premium Apartment,2003,78 years 01 month,530000.0
2024-04-01,SENGKANG,4 ROOM,329B,ANCHORVALE ST,04 TO 06,92.0,Model A,2015,90 years 06 months,588888.0
2024-04-01,SENGKANG,4 ROOM,330B,ANCHORVALE ST,10 TO 12,92.0,Model A,2015,90 years 05 months,640000.0
2024-04-01,SENGKANG,4 ROOM,331A,ANCHORVALE ST,13 TO 15,93.0,Model A,2015,90 years 05 months,630000.0
2024-04-01,SENGKANG,4 ROOM,330B,ANCHORVALE ST,04 TO 06,93.0,Model A,2015,90 years 05 months,588000.0
2024-04-01,SENGKANG,4 ROOM,330A,ANCHORVALE ST,01 TO 03,92.0,Model A,2015,90 years 05 months,558000.0
2024-04-01,SENGKANG,4 ROOM,264E,COMPASSVALE BOW,07 TO 09,92.0,Premium Apartment,2008,83 years 02 months,675888.0
2024-04-01,SENGKANG,4 ROOM,274A,COMPASSVALE BOW,10 TO 12,92.0,Model A,2017,92 years 07 months,760000.0
2024-04-01,SENGKANG,4 ROOM,295C,COMPASSVALE CRES,04 TO 06,89.0,Model A,2002,77 years,500000.0
2024-04-01,SENGKANG,4 ROOM,216D,COMPASSVALE DR,16 TO 18,92.0,Premium Apartment,2017,92 years 02 months,803000.0
2024-04-01,SENGKANG,4 ROOM,212A,COMPASSVALE DR,13 TO 15,100.0,Premium Apartment,2012,87 years 07 months,638000.0
2024-04-01,SENGKANG,4 ROOM,217C,COMPASSVALE DR,13 TO 15,92.0,Premium Apartment,2017,92 years 03 months,805000.0
2024-04-01,SENGKANG,4 ROOM,215B,COMPASSVALE DR,10 TO 12,93.0,Premium Apartment,2017,92 years 02 months,808888.0
2024-04-01,SENGKANG,4 ROOM,215B,COMPASSVALE DR,10 TO 12,92.0,Premium Apartment,2017,92 years 02 months,755888.0
2024-04-01,SENGKANG,4 ROOM,215B,COMPASSVALE DR,13 TO 15,93.0,Premium Apartment,2017,92 years 01 month,808000.0
2024-04-01,SENGKANG,4 ROOM,210C,COMPASSVALE LANE,01 TO 03,93.0,Model A,2013,87 years 11 months,523000.0
2024-04-01,SENGKANG,4 ROOM,211C,COMPASSVALE LANE,07 TO 09,93.0,Model A,2013,87 years 11 months,595000.0
2024-04-01,SENGKANG,4 ROOM,275B,COMPASSVALE LINK,04 TO 06,90.0,Premium Apartment,2009,84 years 03 months,730000.0
2024-04-01,SENGKANG,4 ROOM,275C,COMPASSVALE LINK,07 TO 09,90.0,Premium Apartment,2009,84 years 03 months,760000.0
2024-04-01,SENGKANG,4 ROOM,268B,COMPASSVALE LINK,13 TO 15,90.0,Premium Apartment,2006,80 years 11 months,650000.0
2024-04-01,SENGKANG,4 ROOM,275B,COMPASSVALE LINK,07 TO 09,92.0,Premium Apartment,2009,84 years 03 months,745000.0
2024-04-01,SENGKANG,4 ROOM,249,COMPASSVALE RD,13 TO 15,85.0,Model A2,2000,75 years 02 months,570000.0
2024-04-01,SENGKANG,4 ROOM,297B,COMPASSVALE ST,04 TO 06,94.0,Premium Apartment,2001,76 years 05 months,510000.0
2024-04-01,SENGKANG,4 ROOM,297A,COMPASSVALE ST,16 TO 18,94.0,Premium Apartment,2001,76 years 05 months,541888.0
2024-04-01,SENGKANG,4 ROOM,239,COMPASSVALE WALK,07 TO 09,101.0,Model A,1999,74 years 06 months,570000.0
2024-04-01,SENGKANG,4 ROOM,231,COMPASSVALE WALK,01 TO 03,101.0,Model A,1999,74 years 06 months,503000.0
2024-04-01,SENGKANG,4 ROOM,224D,COMPASSVALE WALK,04 TO 06,102.0,Model A,1999,73 years 09 months,550000.0
2024-04-01,SENGKANG,4 ROOM,403D,FERNVALE LANE,04 TO 06,92.0,Premium Apartment,2004,79 years 03 months,525000.0
2024-04-01,SENGKANG,4 ROOM,405C,FERNVALE LANE,13 TO 15,93.0,Premium Apartment,2004,79 years,540000.0
2024-04-01,SENGKANG,4 ROOM,404B,FERNVALE LANE,01 TO 03,92.0,Premium Apartment,2004,79 years 02 months,526000.0
2024-04-01,SENGKANG,4 ROOM,430A,FERNVALE LINK,22 TO 24,92.0,Model A,2015,90 years 02 months,610000.0
2024-04-01,SENGKANG,4 ROOM,440A,FERNVALE LINK,07 TO 09,92.0,Model A,2015,90 years 04 months,610000.0
2024-04-01,SENGKANG,4 ROOM,413B,FERNVALE LINK,19 TO 21,95.0,Premium Apartment,2004,79 years,568000.0
2024-04-01,SENGKANG,4 ROOM,414B,FERNVALE LINK,22 TO 24,93.0,Model A,2016,90 years 09 months,650000.0
2024-04-01,SENGKANG,4 ROOM,467A,FERNVALE LINK,19 TO 21,93.0,Model A,2016,91 years 05 months,610000.0
2024-04-01,SENGKANG,4 ROOM,440A,FERNVALE LINK,13 TO 15,92.0,Model A,2015,90 years 03 months,620000.0
2024-04-01,SENGKANG,4 ROOM,441C,FERNVALE RD,22 TO 24,94.0,Model A,2012,87 years,635000.0
2024-04-01,SENGKANG,4 ROOM,453C,FERNVALE RD,04 TO 06,92.0,Model A,2015,90 years 05 months,543000.0
2024-04-01,SENGKANG,4 ROOM,453C,FERNVALE RD,16 TO 18,92.0,Model A,2015,90 years 04 months,632000.0
2024-04-01,SENGKANG,4 ROOM,407B,FERNVALE RD,13 TO 15,90.0,Premium Apartment,2005,79 years 10 months,545000.0
2024-04-01,SENGKANG,4 ROOM,410B,FERNVALE RD,19 TO 21,96.0,Premium Apartment,2012,87 years 09 months,613000.0
2024-04-01,SENGKANG,4 ROOM,436C,FERNVALE RD,01 TO 03,96.0,Model A,2010,85 years,515000.0
2024-04-01,SENGKANG,4 ROOM,407B,FERNVALE RD,22 TO 24,90.0,Premium Apartment,2005,79 years 10 months,570000.0
2024-04-01,SENGKANG,4 ROOM,434B,FERNVALE RD,22 TO 24,94.0,Premium Apartment,2013,88 years 02 months,650000.0
2024-04-01,SENGKANG,4 ROOM,441D,FERNVALE RD,04 TO 06,92.0,Model A,2012,86 years 10 months,565000.0
2024-04-01,SENGKANG,4 ROOM,472C,FERNVALE ST,07 TO 09,93.0,Model A,2016,91 years 06 months,608000.0
2024-04-01,SENGKANG,4 ROOM,447B,JLN KAYU,10 TO 12,94.0,Model A,2013,88 years 08 months,595000.0
2024-04-01,SENGKANG,4 ROOM,183D,RIVERVALE CRES,10 TO 12,85.0,Model A2,2003,78 years 03 months,515000.0
2024-04-01,SENGKANG,4 ROOM,162A,RIVERVALE CRES,16 TO 18,93.0,Model A,2017,92 years 03 months,630000.0
2024-04-01,SENGKANG,4 ROOM,178C,RIVERVALE CRES,07 TO 09,93.0,Model A,2015,90 years,540000.0
2024-04-01,SENGKANG,4 ROOM,164A,RIVERVALE CRES,07 TO 09,93.0,Model A,2017,92 years 01 month,565000.0
2024-04-01,SENGKANG,4 ROOM,178B,RIVERVALE CRES,10 TO 12,93.0,Model A,2015,90 years,545000.0
2024-04-01,SENGKANG,4 ROOM,185C,RIVERVALE CRES,10 TO 12,85.0,Model A2,2000,75 years 09 months,555000.0
2024-04-01,SENGKANG,4 ROOM,180C,RIVERVALE CRES,10 TO 12,93.0,Model A,2015,89 years 11 months,580000.0
2024-04-01,SENGKANG,4 ROOM,195,RIVERVALE DR,04 TO 06,91.0,Model A,2001,76 years 04 months,508000.0
2024-04-01,SENGKANG,4 ROOM,146,RIVERVALE DR,13 TO 15,100.0,Model A,1999,74 years 05 months,562288.0
2024-04-01,SENGKANG,4 ROOM,140,RIVERVALE ST,04 TO 06,92.0,Model A2,1999,73 years 10 months,520000.0
2024-04-01,SENGKANG,4 ROOM,113,RIVERVALE WALK,04 TO 06,100.0,Model A,1998,73 years 09 months,520000.0
2024-04-01,SENGKANG,4 ROOM,104,RIVERVALE WALK,07 TO 09,102.0,Model A,1999,74 years,524000.0
2024-04-01,SENGKANG,4 ROOM,271C,SENGKANG CTRL,04 TO 06,93.0,Premium Apartment,2010,85 years 02 months,725000.0
2024-04-01,SENGKANG,4 ROOM,324A,SENGKANG EAST WAY,07 TO 09,85.0,Model A2,2003,78 years,565000.0
2024-04-01,SENGKANG,4 ROOM,451B,SENGKANG WEST WAY,22 TO 24,92.0,Model A,2015,90 years 02 months,635000.0
2024-04-01,SENGKANG,5 ROOM,333C,ANCHORVALE LINK,04 TO 06,112.0,Improved,2015,90 years 03 months,730000.0
2024-04-01,SENGKANG,5 ROOM,332C,ANCHORVALE LINK,07 TO 09,112.0,Improved,2015,90 years 03 months,750000.0
2024-04-01,SENGKANG,5 ROOM,333A,ANCHORVALE LINK,04 TO 06,112.0,Improved,2015,90 years 03 months,730888.0
2024-04-01,SENGKANG,5 ROOM,305C,ANCHORVALE LINK,04 TO 06,110.0,Improved,2001,76 years 07 months,570000.0
2024-04-01,SENGKANG,5 ROOM,318D,ANCHORVALE LINK,01 TO 03,110.0,Premium Apartment,2003,77 years 11 months,580000.0
2024-04-01,SENGKANG,5 ROOM,307A,ANCHORVALE RD,07 TO 09,110.0,Improved,2001,76 years 08 months,615000.0
2024-04-01,SENGKANG,5 ROOM,326B,ANCHORVALE RD,13 TO 15,112.0,Premium Apartment,2015,90 years 01 month,800800.0
2024-04-01,SENGKANG,5 ROOM,308C,ANCHORVALE RD,04 TO 06,110.0,Improved,2002,76 years 11 months,570000.0
2024-04-01,SENGKANG,5 ROOM,313A,ANCHORVALE RD,10 TO 12,110.0,Premium Apartment,2003,78 years 04 months,628000.0
2024-04-01,SENGKANG,5 ROOM,274A,COMPASSVALE BOW,13 TO 15,113.0,Improved,2017,92 years 08 months,894888.0
2024-04-01,SENGKANG,5 ROOM,295A,COMPASSVALE CRES,13 TO 15,110.0,Improved,2002,76 years 11 months,570000.0
2024-04-01,SENGKANG,5 ROOM,293D,COMPASSVALE CRES,13 TO 15,113.0,Improved,2016,91 years 08 months,788000.0
2024-04-01,SENGKANG,5 ROOM,287C,COMPASSVALE CRES,13 TO 15,113.0,Premium Apartment,2017,92 years 08 months,750000.0
2024-04-01,SENGKANG,5 ROOM,296C,COMPASSVALE CRES,10 TO 12,111.0,Improved,2002,76 years 10 months,596000.0
2024-04-01,SENGKANG,5 ROOM,288B,COMPASSVALE CRES,10 TO 12,113.0,Premium Apartment,2017,92 years 07 months,780000.0
2024-04-01,SENGKANG,5 ROOM,216B,COMPASSVALE DR,10 TO 12,112.0,Premium Apartment,2017,92 years 02 months,963888.0
2024-04-01,SENGKANG,5 ROOM,207C,COMPASSVALE LANE,01 TO 03,110.0,Improved,2005,79 years 11 months,600888.0
2024-04-01,SENGKANG,5 ROOM,206D,COMPASSVALE LANE,07 TO 09,122.0,Improved,1999,74 years 06 months,648000.0
2024-04-01,SENGKANG,5 ROOM,259A,COMPASSVALE RD,04 TO 06,110.0,Improved,2001,75 years 10 months,650000.0
2024-04-01,SENGKANG,5 ROOM,262D,COMPASSVALE ST,01 TO 03,110.0,Improved,2001,75 years 10 months,600000.0
2024-04-01,SENGKANG,5 ROOM,291B,COMPASSVALE ST,04 TO 06,110.0,Improved,2002,76 years 10 months,590888.0
2024-04-01,SENGKANG,5 ROOM,229,COMPASSVALE WALK,10 TO 12,123.0,Improved,1999,74 years 06 months,638000.0
2024-04-01,SENGKANG,5 ROOM,468A,FERNVALE LINK,04 TO 06,113.0,Improved,2016,91 years 06 months,700000.0
2024-04-01,SENGKANG,5 ROOM,430A,FERNVALE LINK,19 TO 21,115.0,Improved,2015,90 years 02 months,760000.0
2024-04-01,SENGKANG,5 ROOM,413A,FERNVALE LINK,07 TO 09,114.0,Premium Apartment,2004,79 years,655888.0
2024-04-01,SENGKANG,5 ROOM,430A,FERNVALE LINK,19 TO 21,115.0,Improved,2015,90 years 02 months,800000.0
2024-04-01,SENGKANG,5 ROOM,430A,FERNVALE LINK,04 TO 06,112.0,Improved,2015,90 years 02 months,720000.0
2024-04-01,SENGKANG,5 ROOM,406A,FERNVALE RD,01 TO 03,110.0,Premium Apartment,2004,79 years 08 months,560000.0
2024-04-01,SENGKANG,5 ROOM,408B,FERNVALE RD,16 TO 18,115.0,Premium Apartment,2004,79 years 06 months,650000.0
2024-04-01,SENGKANG,5 ROOM,157D,RIVERVALE CRES,13 TO 15,111.0,Premium Apartment,2003,78 years 08 months,578500.0
2024-04-01,SENGKANG,5 ROOM,157C,RIVERVALE CRES,13 TO 15,110.0,Premium Apartment,2003,78 years 07 months,640000.0
2024-04-01,SENGKANG,5 ROOM,142,RIVERVALE CRES,04 TO 06,116.0,Improved,1999,74 years 08 months,635000.0
2024-04-01,SENGKANG,5 ROOM,185A,RIVERVALE CRES,04 TO 06,110.0,Improved,2000,75 years 09 months,545000.0
2024-04-01,SENGKANG,5 ROOM,158A,RIVERVALE CRES,07 TO 09,111.0,Premium Apartment,2003,78 years 08 months,610000.0
2024-04-01,SENGKANG,5 ROOM,164A,RIVERVALE CRES,10 TO 12,113.0,Improved,2017,92 years 02 months,685000.0
2024-04-01,SENGKANG,5 ROOM,158A,RIVERVALE CRES,16 TO 18,111.0,Premium Apartment,2003,78 years 08 months,615000.0
2024-04-01,SENGKANG,5 ROOM,158B,RIVERVALE CRES,07 TO 09,109.0,Premium Apartment,2003,78 years 08 months,585000.0
2024-04-01,SENGKANG,5 ROOM,193,RIVERVALE DR,13 TO 15,111.0,Improved,2001,76 years 02 months,594888.0
2024-04-01,SENGKANG,5 ROOM,121,RIVERVALE DR,10 TO 12,110.0,Improved,2000,75 years 05 months,595000.0
2024-04-01,SENGKANG,5 ROOM,186D,RIVERVALE DR,01 TO 03,109.0,Improved,2001,75 years 11 months,520000.0
2024-04-01,SENGKANG,5 ROOM,121A,RIVERVALE DR,04 TO 06,110.0,Improved,2000,75 years 03 months,579000.0
2024-04-01,SENGKANG,5 ROOM,193,RIVERVALE DR,01 TO 03,110.0,Improved,2001,76 years 02 months,550000.0
2024-04-01,SENGKANG,5 ROOM,192A,RIVERVALE DR,10 TO 12,115.0,Improved,2000,75 years 06 months,648888.0
2024-04-01,SENGKANG,5 ROOM,191B,RIVERVALE DR,13 TO 15,115.0,Improved,2000,75 years 06 months,654000.0
2024-04-01,SENGKANG,5 ROOM,188C,RIVERVALE DR,10 TO 12,115.0,Improved,2000,75 years 05 months,583000.0
2024-04-01,SENGKANG,5 ROOM,193,RIVERVALE DR,10 TO 12,111.0,Improved,2001,76 years 01 month,619999.0
2024-04-01,SENGKANG,5 ROOM,117C,RIVERVALE DR,04 TO 06,115.0,Improved,2000,75 years 04 months,595000.0
2024-04-01,SENGKANG,5 ROOM,144,RIVERVALE DR,07 TO 09,122.0,Improved,1999,74 years 09 months,605000.0
2024-04-01,SENGKANG,5 ROOM,188B,RIVERVALE DR,10 TO 12,115.0,Improved,2000,75 years 04 months,600000.0
2024-04-01,SENGKANG,5 ROOM,110,RIVERVALE WALK,16 TO 18,120.0,Improved,1999,73 years 11 months,612000.0
2024-04-01,SENGKANG,5 ROOM,279B,SENGKANG EAST AVE,01 TO 03,112.0,Premium Apartment,2015,90 years 05 months,818000.0
2024-04-01,SENGKANG,5 ROOM,200A,SENGKANG EAST RD,01 TO 03,110.0,Improved,2001,76 years 05 months,585000.0
2024-04-01,SENGKANG,5 ROOM,325C,SENGKANG EAST WAY,04 TO 06,110.0,Improved,2003,78 years,647000.0
2024-04-01,SENGKANG,5 ROOM,260B,SENGKANG EAST WAY,13 TO 15,110.0,Improved,2001,75 years 10 months,720000.0
2024-04-01,SENGKANG,5 ROOM,323C,SENGKANG EAST WAY,04 TO 06,110.0,Improved,2003,78 years 01 month,651000.0
2024-04-01,SENGKANG,5 ROOM,260B,SENGKANG EAST WAY,10 TO 12,110.0,Improved,2001,75 years 09 months,685000.0
2024-04-01,SENGKANG,5 ROOM,451B,SENGKANG WEST WAY,01 TO 03,111.0,Improved,2015,90 years 02 months,660000.0
2024-04-01,SENGKANG,5 ROOM,469B,SENGKANG WEST WAY,19 TO 21,113.0,Improved,2016,91 years 05 months,710000.0
2024-04-01,SENGKANG,EXECUTIVE,302C,ANCHORVALE LINK,07 TO 09,130.0,Apartment,2001,76 years 08 months,758000.0
2024-04-01,SENGKANG,EXECUTIVE,205B,COMPASSVALE LANE,07 TO 09,143.0,Maisonette,1999,74 years 01 month,1000000.0
2024-04-01,SENGKANG,EXECUTIVE,297B,COMPASSVALE ST,01 TO 03,134.0,Premium Apartment,2001,76 years 05 months,738000.0
2024-04-01,SENGKANG,EXECUTIVE,250A,COMPASSVALE ST,10 TO 12,130.0,Apartment,2000,75 years 04 months,755800.0
2024-04-01,SENGKANG,EXECUTIVE,189B,RIVERVALE DR,04 TO 06,131.0,Apartment,2000,75 years 04 months,718000.0
2024-04-01,SENGKANG,EXECUTIVE,102,RIVERVALE WALK,10 TO 12,142.0,Apartment,1999,73 years 11 months,870000.0
2024-04-01,SENGKANG,EXECUTIVE,122C,SENGKANG EAST WAY,10 TO 12,131.0,Apartment,2000,75 years 03 months,718000.0
2024-04-01,SERANGOON,3 ROOM,1,LOR LEW LIAN,01 TO 03,73.0,Improved,1978,53 years 02 months,365000.0
2024-04-01,SERANGOON,3 ROOM,303,SERANGOON AVE 2,10 TO 12,60.0,Improved,1984,59 years 10 months,473888.0
2024-04-01,SERANGOON,3 ROOM,221,SERANGOON AVE 4,04 TO 06,67.0,New Generation,1984,59 years 09 months,400000.0
2024-04-01,SERANGOON,3 ROOM,223,SERANGOON AVE 4,01 TO 03,67.0,New Generation,1984,59 years 09 months,390000.0
2024-04-01,SERANGOON,3 ROOM,203,SERANGOON CTRL,01 TO 03,64.0,Simplified,1986,60 years 10 months,465000.0
2024-04-01,SERANGOON,3 ROOM,210,SERANGOON CTRL,01 TO 03,64.0,Simplified,1985,60 years 05 months,435000.0
2024-04-01,SERANGOON,3 ROOM,106,SERANGOON NTH AVE 1,07 TO 09,60.0,Improved,1984,59 years 05 months,380000.0
2024-04-01,SERANGOON,4 ROOM,407,SERANGOON AVE 1,07 TO 09,96.0,New Generation,1989,64 years,685000.0
2024-04-01,SERANGOON,4 ROOM,315,SERANGOON AVE 2,07 TO 09,91.0,New Generation,1985,60 years 02 months,685000.0
2024-04-01,SERANGOON,4 ROOM,243,SERANGOON AVE 2,01 TO 03,89.0,Simplified,1985,60 years 08 months,615000.0
2024-04-01,SERANGOON,4 ROOM,238,SERANGOON AVE 2,04 TO 06,84.0,Simplified,1985,60 years 02 months,600000.0
2024-04-01,SERANGOON,4 ROOM,233,SERANGOON AVE 3,01 TO 03,84.0,Simplified,1985,60 years 03 months,485800.0
2024-04-01,SERANGOON,4 ROOM,332,SERANGOON AVE 3,01 TO 03,84.0,Simplified,1986,61 years,610000.0
2024-04-01,SERANGOON,4 ROOM,237,SERANGOON AVE 3,01 TO 03,84.0,Simplified,1985,60 years 08 months,550000.0
2024-04-01,SERANGOON,4 ROOM,328,SERANGOON AVE 3,04 TO 06,104.0,Model A,1986,61 years 02 months,835000.0
2024-04-01,SERANGOON,4 ROOM,225,SERANGOON AVE 4,01 TO 03,94.0,New Generation,1985,60 years,540000.0
2024-04-01,SERANGOON,4 ROOM,412,SERANGOON CTRL,07 TO 09,105.0,Model A,1989,63 years 11 months,820000.0
2024-04-01,SERANGOON,4 ROOM,208,SERANGOON CTRL,01 TO 03,83.0,Simplified,1985,60 years 07 months,570000.0
2024-04-01,SERANGOON,4 ROOM,115,SERANGOON NTH AVE 1,01 TO 03,98.0,New Generation,1985,60 years 01 month,480000.0
2024-04-01,SERANGOON,4 ROOM,147,SERANGOON NTH AVE 1,07 TO 09,83.0,Simplified,1988,63 years 04 months,500000.0
2024-04-01,SERANGOON,4 ROOM,139,SERANGOON NTH AVE 2,07 TO 09,103.0,Model A,1989,64 years 02 months,595000.0
2024-04-01,SERANGOON,4 ROOM,547,SERANGOON NTH AVE 3,10 TO 12,100.0,Model A,1997,72 years 08 months,580000.0
2024-04-01,SERANGOON,4 ROOM,532,SERANGOON NTH AVE 4,07 TO 09,103.0,Model A,1992,67 years 08 months,588000.0
2024-04-01,SERANGOON,4 ROOM,511,SERANGOON NTH AVE 4,07 TO 09,100.0,Model A,1997,72 years 02 months,592388.0
2024-04-01,SERANGOON,4 ROOM,518,SERANGOON NTH AVE 4,01 TO 03,104.0,Model A,1992,67 years 08 months,545000.0
2024-04-01,SERANGOON,4 ROOM,509,SERANGOON NTH AVE 4,04 TO 06,101.0,Model A,1997,72 years 03 months,600000.0
2024-04-01,SERANGOON,5 ROOM,404,SERANGOON AVE 1,01 TO 03,121.0,Improved,1989,63 years 11 months,725000.0
2024-04-01,SERANGOON,5 ROOM,425,SERANGOON AVE 1,01 TO 03,121.0,Improved,1989,64 years 03 months,880000.0
2024-04-01,SERANGOON,5 ROOM,310,SERANGOON AVE 2,07 TO 09,125.0,Improved,1985,60 years 03 months,830000.0
2024-04-01,SERANGOON,5 ROOM,420,SERANGOON CTRL,04 TO 06,121.0,Improved,1989,64 years 08 months,990000.0
2024-04-01,SERANGOON,5 ROOM,409,SERANGOON CTRL,07 TO 09,121.0,Improved,1989,63 years 10 months,850000.0
2024-04-01,SERANGOON,5 ROOM,255,SERANGOON CTRL DR,07 TO 09,115.0,Improved,1999,74 years 02 months,990000.0
2024-04-01,SERANGOON,5 ROOM,114,SERANGOON NTH AVE 1,04 TO 06,121.0,Improved,1986,61 years,640000.0
2024-04-01,SERANGOON,5 ROOM,114,SERANGOON NTH AVE 1,10 TO 12,125.0,Improved,1986,61 years,740000.0
2024-04-01,SERANGOON,5 ROOM,117,SERANGOON NTH AVE 1,04 TO 06,121.0,Improved,1985,60 years 07 months,610000.0
2024-04-01,SERANGOON,5 ROOM,145,SERANGOON NTH AVE 1,04 TO 06,122.0,Improved,1986,61 years 06 months,688000.0
2024-04-01,SERANGOON,5 ROOM,549,SERANGOON NTH AVE 3,13 TO 15,120.0,Improved,1997,72 years 07 months,735000.0
2024-04-01,SERANGOON,5 ROOM,535A,SERANGOON NTH AVE 4,04 TO 06,124.0,Improved,1992,67 years 08 months,703000.0
2024-04-01,SERANGOON,5 ROOM,541,SERANGOON NTH AVE 4,01 TO 03,122.0,Improved,1992,67 years 08 months,623500.0
2024-04-01,SERANGOON,5 ROOM,509,SERANGOON NTH AVE 4,04 TO 06,120.0,Improved,1997,72 years 03 months,690000.0
2024-04-01,SERANGOON,5 ROOM,511,SERANGOON NTH AVE 4,04 TO 06,120.0,Improved,1997,72 years 02 months,698000.0
2024-04-01,SERANGOON,EXECUTIVE,539,SERANGOON NTH AVE 4,04 TO 06,147.0,Maisonette,1992,67 years 08 months,935000.0
2024-04-01,SERANGOON,EXECUTIVE,520,SERANGOON NTH AVE 4,04 TO 06,147.0,Maisonette,1992,67 years 07 months,948000.0
2024-04-01,TAMPINES,2 ROOM,499A,TAMPINES AVE 9,04 TO 06,46.0,Model A,2014,89 years,355000.0
2024-04-01,TAMPINES,3 ROOM,810,TAMPINES AVE 4,10 TO 12,73.0,Model A,1984,59 years 05 months,447000.0
2024-04-01,TAMPINES,3 ROOM,878A,TAMPINES AVE 8,13 TO 15,68.0,Model A,2017,92 years 03 months,540000.0
2024-04-01,TAMPINES,3 ROOM,601B,TAMPINES AVE 9,13 TO 15,68.0,Model A,2020,95 years,600000.0
2024-04-01,TAMPINES,3 ROOM,601B,TAMPINES AVE 9,01 TO 03,68.0,Model A,2020,94 years 11 months,535000.0
2024-04-01,TAMPINES,3 ROOM,601D,TAMPINES AVE 9,01 TO 03,68.0,Model A,2020,94 years 11 months,525000.0
2024-04-01,TAMPINES,3 ROOM,604A,TAMPINES AVE 9,13 TO 15,68.0,Model A,2020,94 years 11 months,553888.0
2024-04-01,TAMPINES,3 ROOM,601D,TAMPINES AVE 9,10 TO 12,68.0,Model A,2020,94 years 11 months,575000.0
2024-04-01,TAMPINES,3 ROOM,604A,TAMPINES AVE 9,10 TO 12,68.0,Model A,2020,94 years 11 months,550000.0
2024-04-01,TAMPINES,3 ROOM,601B,TAMPINES AVE 9,04 TO 06,68.0,Model A,2020,94 years 11 months,530000.0
2024-04-01,TAMPINES,3 ROOM,601B,TAMPINES AVE 9,07 TO 09,68.0,Model A,2020,94 years 11 months,569000.0
2024-04-01,TAMPINES,3 ROOM,101,TAMPINES ST 11,01 TO 03,75.0,Model A,1982,57 years,415000.0
2024-04-01,TAMPINES,3 ROOM,101,TAMPINES ST 11,04 TO 06,75.0,Model A,1982,57 years,425000.0
2024-04-01,TAMPINES,3 ROOM,138,TAMPINES ST 11,01 TO 03,76.0,Model A,1984,58 years 11 months,420000.0
2024-04-01,TAMPINES,3 ROOM,164,TAMPINES ST 12,04 TO 06,74.0,Model A,1984,59 years 08 months,438000.0
2024-04-01,TAMPINES,3 ROOM,157,TAMPINES ST 12,01 TO 03,68.0,New Generation,1985,59 years 10 months,435000.0
2024-04-01,TAMPINES,3 ROOM,271,TAMPINES ST 21,04 TO 06,75.0,Model A,1984,59 years 07 months,405000.0
2024-04-01,TAMPINES,3 ROOM,202,TAMPINES ST 21,01 TO 03,79.0,Model A,1983,58 years 10 months,435000.0
2024-04-01,TAMPINES,3 ROOM,243,TAMPINES ST 21,10 TO 12,74.0,Model A,1984,59 years 03 months,488000.0
2024-04-01,TAMPINES,3 ROOM,201B,TAMPINES ST 21,04 TO 06,67.0,New Generation,1987,62 years 08 months,408000.0
2024-04-01,TAMPINES,3 ROOM,265,TAMPINES ST 21,04 TO 06,78.0,Model A,1984,59 years 06 months,445000.0
2024-04-01,TAMPINES,3 ROOM,271,TAMPINES ST 21,04 TO 06,79.0,Model A,1984,59 years 06 months,440000.0
2024-04-01,TAMPINES,3 ROOM,286,TAMPINES ST 22,04 TO 06,74.0,Model A,1984,59 years 03 months,435000.0
2024-04-01,TAMPINES,3 ROOM,282,TAMPINES ST 22,07 TO 09,74.0,Model A,1984,58 years 11 months,428000.0
2024-04-01,TAMPINES,3 ROOM,291,TAMPINES ST 22,10 TO 12,73.0,Model A,1984,59 years 04 months,426422.0
2024-04-01,TAMPINES,3 ROOM,211,TAMPINES ST 23,04 TO 06,69.0,New Generation,1985,60 years 03 months,436000.0
2024-04-01,TAMPINES,3 ROOM,219,TAMPINES ST 24,07 TO 09,73.0,Model A,1985,59 years 10 months,435000.0
2024-04-01,TAMPINES,3 ROOM,410,TAMPINES ST 41,07 TO 09,69.0,Improved,1985,60 years 06 months,428000.0
2024-04-01,TAMPINES,3 ROOM,417,TAMPINES ST 41,04 TO 06,69.0,Improved,1985,60 years 09 months,385000.0
2024-04-01,TAMPINES,3 ROOM,494D,TAMPINES ST 43,01 TO 03,68.0,Model A,2015,90 years 09 months,435000.0
2024-04-01,TAMPINES,3 ROOM,492G,TAMPINES ST 45,07 TO 09,67.0,Model A,2018,93 years 07 months,510000.0
2024-04-01,TAMPINES,3 ROOM,606C,TAMPINES ST 61,10 TO 12,68.0,Model A,2020,94 years 11 months,550000.0
2024-04-01,TAMPINES,3 ROOM,606C,TAMPINES ST 61,01 TO 03,68.0,Model A,2020,94 years 11 months,555000.0
2024-04-01,TAMPINES,3 ROOM,818,TAMPINES ST 81,01 TO 03,73.0,Model A,1984,59 years 03 months,425000.0
2024-04-01,TAMPINES,3 ROOM,830,TAMPINES ST 82,01 TO 03,64.0,Simplified,1986,60 years 11 months,400000.0
2024-04-01,TAMPINES,3 ROOM,846,TAMPINES ST 82,01 TO 03,74.0,Model A,1986,60 years 10 months,420000.0
2024-04-01,TAMPINES,3 ROOM,845,TAMPINES ST 83,10 TO 12,74.0,Model A,1987,62 years 08 months,452000.0
2024-04-01,TAMPINES,3 ROOM,929,TAMPINES ST 91,10 TO 12,73.0,Model A,1984,59 years 06 months,450000.0
2024-04-01,TAMPINES,3 ROOM,914,TAMPINES ST 91,10 TO 12,73.0,Model A,1984,59 years 05 months,509000.0
2024-04-01,TAMPINES,4 ROOM,167C,SIMEI LANE,10 TO 12,94.0,DBSS,2011,86 years,856888.0
2024-04-01,TAMPINES,4 ROOM,168C,SIMEI LANE,10 TO 12,94.0,DBSS,2011,86 years,780000.0
2024-04-01,TAMPINES,4 ROOM,157,SIMEI RD,04 TO 06,104.0,Model A,1989,64 years,580000.0
2024-04-01,TAMPINES,4 ROOM,165,SIMEI RD,07 TO 09,104.0,Model A,1989,64 years 01 month,618000.0
2024-04-01,TAMPINES,4 ROOM,158,SIMEI RD,01 TO 03,104.0,Model A,1989,64 years,570000.0
2024-04-01,TAMPINES,4 ROOM,136,SIMEI ST 1,07 TO 09,84.0,Simplified,1988,63 years 06 months,527000.0
2024-04-01,TAMPINES,4 ROOM,254,SIMEI ST 1,10 TO 12,99.0,Model A,1996,71 years 06 months,670000.0
2024-04-01,TAMPINES,4 ROOM,150,SIMEI ST 1,07 TO 09,84.0,Simplified,1987,62 years 09 months,550000.0
2024-04-01,TAMPINES,4 ROOM,113,SIMEI ST 1,07 TO 09,84.0,Simplified,1988,63 years,528000.0
2024-04-01,TAMPINES,4 ROOM,136,SIMEI ST 1,07 TO 09,84.0,Simplified,1988,63 years 05 months,525000.0
2024-04-01,TAMPINES,4 ROOM,936,TAMPINES AVE 5,01 TO 03,104.0,Model A,1988,63 years 07 months,610000.0
2024-04-01,TAMPINES,4 ROOM,878,TAMPINES AVE 8,10 TO 12,103.0,Model A,1988,63 years 09 months,575000.0
2024-04-01,TAMPINES,4 ROOM,604B,TAMPINES AVE 9,07 TO 09,92.0,Model A,2020,94 years 11 months,723500.0
2024-04-01,TAMPINES,4 ROOM,601D,TAMPINES AVE 9,01 TO 03,92.0,Model A,2020,94 years 11 months,690000.0
2024-04-01,TAMPINES,4 ROOM,601C,TAMPINES AVE 9,07 TO 09,92.0,Model A,2020,94 years 11 months,758888.0
2024-04-01,TAMPINES,4 ROOM,604B,TAMPINES AVE 9,01 TO 03,92.0,Model A,2020,94 years 11 months,690000.0
2024-04-01,TAMPINES,4 ROOM,604B,TAMPINES AVE 9,01 TO 03,92.0,Model A,2020,94 years 11 months,730000.0
2024-04-01,TAMPINES,4 ROOM,601A,TAMPINES AVE 9,07 TO 09,92.0,Model A,2020,94 years 11 months,730000.0
2024-04-01,TAMPINES,4 ROOM,601B,TAMPINES AVE 9,10 TO 12,92.0,Model A,2020,94 years 11 months,741000.0
2024-04-01,TAMPINES,4 ROOM,501,TAMPINES CTRL 1,01 TO 03,103.0,Model A,1989,64 years 08 months,630000.0
2024-04-01,TAMPINES,4 ROOM,523D,TAMPINES CTRL 7,10 TO 12,93.0,Model A,2015,90 years 06 months,765000.0
2024-04-01,TAMPINES,4 ROOM,519A,TAMPINES CTRL 8,07 TO 09,83.0,DBSS,2014,89 years 02 months,780000.0
2024-04-01,TAMPINES,4 ROOM,108,TAMPINES ST 11,07 TO 09,107.0,Model A,1984,59 years 04 months,575000.0
2024-04-01,TAMPINES,4 ROOM,105,TAMPINES ST 11,07 TO 09,117.0,Model A,1982,57 years 09 months,625000.0
2024-04-01,TAMPINES,4 ROOM,161,TAMPINES ST 12,01 TO 03,106.0,Model A,1984,59 years 05 months,618000.0
2024-04-01,TAMPINES,4 ROOM,202,TAMPINES ST 21,04 TO 06,104.0,Model A,1983,58 years 09 months,608000.0
2024-04-01,TAMPINES,4 ROOM,236,TAMPINES ST 21,07 TO 09,104.0,Model A,1984,59 years 07 months,650000.0
2024-04-01,TAMPINES,4 ROOM,271,TAMPINES ST 21,01 TO 03,104.0,Model A,1984,59 years 07 months,545000.0
2024-04-01,TAMPINES,4 ROOM,253,TAMPINES ST 21,07 TO 09,103.0,Model A,1984,59 years 04 months,608000.0
2024-04-01,TAMPINES,4 ROOM,262,TAMPINES ST 21,04 TO 06,105.0,Model A,1984,59 years 08 months,558000.0
2024-04-01,TAMPINES,4 ROOM,265,TAMPINES ST 21,10 TO 12,105.0,Model A,1984,59 years 06 months,628000.0
2024-04-01,TAMPINES,4 ROOM,286,TAMPINES ST 22,04 TO 06,103.0,Model A,1984,59 years 04 months,522000.0
2024-04-01,TAMPINES,4 ROOM,274,TAMPINES ST 22,04 TO 06,103.0,Model A,1984,59 years 04 months,570000.0
2024-04-01,TAMPINES,4 ROOM,213,TAMPINES ST 23,04 TO 06,104.0,Model A,1985,60 years,550000.0
2024-04-01,TAMPINES,4 ROOM,348,TAMPINES ST 33,07 TO 09,109.0,Model A,1996,71 years 03 months,541888.0
2024-04-01,TAMPINES,4 ROOM,316,TAMPINES ST 33,01 TO 03,108.0,Model A,1995,70 years 06 months,570000.0
2024-04-01,TAMPINES,4 ROOM,370,TAMPINES ST 34,04 TO 06,100.0,Model A,1997,71 years 10 months,568000.0
2024-04-01,TAMPINES,4 ROOM,401,TAMPINES ST 41,01 TO 03,84.0,Simplified,1985,60 years 06 months,535000.0
2024-04-01,TAMPINES,4 ROOM,414,TAMPINES ST 41,04 TO 06,104.0,Model A,1987,62 years 03 months,578000.0
2024-04-01,TAMPINES,4 ROOM,401,TAMPINES ST 41,10 TO 12,84.0,Simplified,1985,60 years 06 months,560000.0
2024-04-01,TAMPINES,4 ROOM,425,TAMPINES ST 41,10 TO 12,84.0,Simplified,1985,60 years 07 months,510000.0
2024-04-01,TAMPINES,4 ROOM,416,TAMPINES ST 41,04 TO 06,103.0,Model A,1987,62 years,580000.0
2024-04-01,TAMPINES,4 ROOM,447,TAMPINES ST 42,04 TO 06,84.0,Simplified,1985,59 years 10 months,520000.0
2024-04-01,TAMPINES,4 ROOM,450G,TAMPINES ST 42,10 TO 12,105.0,Model A,1996,71 years 07 months,570000.0
2024-04-01,TAMPINES,4 ROOM,444,TAMPINES ST 42,04 TO 06,104.0,Model A,1985,60 years 01 month,557000.0
2024-04-01,TAMPINES,4 ROOM,492G,TAMPINES ST 45,04 TO 06,92.0,Model A,2018,93 years 09 months,650000.0
2024-04-01,TAMPINES,4 ROOM,488B,TAMPINES ST 45,04 TO 06,105.0,Model A,1989,64 years 07 months,593000.0
2024-04-01,TAMPINES,4 ROOM,487B,TAMPINES ST 45,07 TO 09,105.0,Model A,1989,64 years 08 months,590000.0
2024-04-01,TAMPINES,4 ROOM,605D,TAMPINES ST 61,07 TO 09,92.0,Model A,2020,95 years,720000.0
2024-04-01,TAMPINES,4 ROOM,606D,TAMPINES ST 61,13 TO 15,92.0,Model A,2020,95 years,745000.0
2024-04-01,TAMPINES,4 ROOM,606B,TAMPINES ST 61,01 TO 03,92.0,Model A,2020,95 years,700000.0
2024-04-01,TAMPINES,4 ROOM,606C,TAMPINES ST 61,01 TO 03,92.0,Model A,2020,94 years 11 months,710000.0
2024-04-01,TAMPINES,4 ROOM,606D,TAMPINES ST 61,07 TO 09,92.0,Model A,2020,94 years 11 months,730000.0
2024-04-01,TAMPINES,4 ROOM,606D,TAMPINES ST 61,04 TO 06,92.0,Model A,2020,94 years 11 months,710000.0
2024-04-01,TAMPINES,4 ROOM,606B,TAMPINES ST 61,07 TO 09,92.0,Model A,2020,94 years 10 months,723000.0
2024-04-01,TAMPINES,4 ROOM,606A,TAMPINES ST 61,10 TO 12,92.0,Model A,2020,94 years 11 months,740000.0
2024-04-01,TAMPINES,4 ROOM,605B,TAMPINES ST 61,10 TO 12,92.0,Model A,2020,94 years 10 months,740000.0
2024-04-01,TAMPINES,4 ROOM,606D,TAMPINES ST 61,10 TO 12,92.0,Model A,2020,94 years 11 months,748000.0
2024-04-01,TAMPINES,4 ROOM,606B,TAMPINES ST 61,07 TO 09,92.0,Model A,2020,95 years,710000.0
2024-04-01,TAMPINES,4 ROOM,725,TAMPINES ST 71,10 TO 12,100.0,Model A,1997,72 years 05 months,628000.0
2024-04-01,TAMPINES,4 ROOM,725,TAMPINES ST 71,04 TO 06,104.0,Model A,1997,72 years 05 months,645000.0
2024-04-01,TAMPINES,4 ROOM,724,TAMPINES ST 71,07 TO 09,103.0,Model A,1997,72 years 05 months,631000.0
2024-04-01,TAMPINES,4 ROOM,709,TAMPINES ST 71,13 TO 15,99.0,Model A,1997,72 years 03 months,625000.0
2024-04-01,TAMPINES,4 ROOM,717,TAMPINES ST 72,10 TO 12,99.0,Model A,1997,72 years 02 months,619800.0
2024-04-01,TAMPINES,4 ROOM,898A,TAMPINES ST 81,10 TO 12,104.0,Model A,1988,63 years 09 months,595000.0
2024-04-01,TAMPINES,4 ROOM,868,TAMPINES ST 83,01 TO 03,104.0,Model A,1989,64 years,535000.0
2024-04-01,TAMPINES,4 ROOM,845,TAMPINES ST 83,10 TO 12,105.0,Model A,1987,62 years 09 months,590000.0
2024-04-01,TAMPINES,4 ROOM,864A,TAMPINES ST 83,04 TO 06,104.0,Model A,1988,63 years 05 months,580000.0
2024-04-01,TAMPINES,4 ROOM,839,TAMPINES ST 83,10 TO 12,104.0,Model A,1985,60 years 03 months,585000.0
2024-04-01,TAMPINES,4 ROOM,833,TAMPINES ST 83,04 TO 06,84.0,Simplified,1985,59 years 09 months,506000.0
2024-04-01,TAMPINES,4 ROOM,911,TAMPINES ST 91,04 TO 06,104.0,Model A,1984,59 years 04 months,605000.0
2024-04-01,TAMPINES,4 ROOM,911,TAMPINES ST 91,07 TO 09,104.0,Model A,1984,59 years 04 months,590000.0
2024-04-01,TAMPINES,4 ROOM,911,TAMPINES ST 91,04 TO 06,107.0,Model A,1984,59 years 04 months,600000.0
2024-04-01,TAMPINES,5 ROOM,155,SIMEI RD,01 TO 03,122.0,Improved,1989,63 years 10 months,730000.0
2024-04-01,TAMPINES,5 ROOM,157,SIMEI RD,01 TO 03,122.0,Improved,1989,64 years,680000.0
2024-04-01,TAMPINES,5 ROOM,106,SIMEI ST 1,10 TO 12,121.0,Improved,1988,63 years 07 months,730000.0
2024-04-01,TAMPINES,5 ROOM,255,SIMEI ST 1,07 TO 09,117.0,Improved,1996,71 years 06 months,838000.0
2024-04-01,TAMPINES,5 ROOM,256,SIMEI ST 1,04 TO 06,119.0,Improved,1996,71 years 08 months,770000.0
2024-04-01,TAMPINES,5 ROOM,142,SIMEI ST 2,10 TO 12,123.0,Improved,1988,63 years,748000.0
2024-04-01,TAMPINES,5 ROOM,245,SIMEI ST 5,10 TO 12,124.0,Improved,1997,71 years 10 months,855000.0
2024-04-01,TAMPINES,5 ROOM,245,SIMEI ST 5,07 TO 09,122.0,Improved,1997,71 years 09 months,808000.0
2024-04-01,TAMPINES,5 ROOM,804,TAMPINES AVE 4,04 TO 06,121.0,Improved,1984,59 years 09 months,670000.0
2024-04-01,TAMPINES,5 ROOM,601C,TAMPINES AVE 9,13 TO 15,112.0,Improved,2020,94 years 11 months,906001.0
2024-04-01,TAMPINES,5 ROOM,601A,TAMPINES AVE 9,13 TO 15,112.0,Improved,2020,94 years 11 months,908000.0
2024-04-01,TAMPINES,5 ROOM,486A,TAMPINES AVE 9,10 TO 12,127.0,Improved,1993,68 years 05 months,710000.0
2024-04-01,TAMPINES,5 ROOM,601A,TAMPINES AVE 9,10 TO 12,112.0,Improved,2020,94 years 10 months,882000.0
2024-04-01,TAMPINES,5 ROOM,601C,TAMPINES AVE 9,10 TO 12,112.0,Improved,2020,94 years 11 months,855000.0
2024-04-01,TAMPINES,5 ROOM,524A,TAMPINES CTRL 7,16 TO 18,113.0,Improved,2015,90 years 05 months,930888.0
2024-04-01,TAMPINES,5 ROOM,515B,TAMPINES CTRL 7,13 TO 15,107.0,DBSS,2008,83 years 09 months,898000.0
2024-04-01,TAMPINES,5 ROOM,518A,TAMPINES CTRL 7,10 TO 12,109.0,DBSS,2008,83 years 09 months,800000.0
2024-04-01,TAMPINES,5 ROOM,520B,TAMPINES CTRL 8,07 TO 09,108.0,DBSS,2014,89 years 03 months,952888.0
2024-04-01,TAMPINES,5 ROOM,519D,TAMPINES CTRL 8,07 TO 09,108.0,DBSS,2014,89 years 03 months,968888.0
2024-04-01,TAMPINES,5 ROOM,254,TAMPINES ST 21,01 TO 03,129.0,Improved,1984,59 years 07 months,660000.0
2024-04-01,TAMPINES,5 ROOM,260,TAMPINES ST 21,07 TO 09,133.0,Model A,1984,59 years 07 months,718000.0
2024-04-01,TAMPINES,5 ROOM,298,TAMPINES ST 22,07 TO 09,121.0,Improved,1985,60 years,660000.0
2024-04-01,TAMPINES,5 ROOM,294,TAMPINES ST 22,04 TO 06,130.0,Improved,1985,60 years 03 months,635000.0
2024-04-01,TAMPINES,5 ROOM,229,TAMPINES ST 23,07 TO 09,121.0,Improved,1985,60 years 02 months,695000.0
2024-04-01,TAMPINES,5 ROOM,230,TAMPINES ST 24,01 TO 03,125.0,Improved,1985,60 years,678888.0
2024-04-01,TAMPINES,5 ROOM,383,TAMPINES ST 32,04 TO 06,126.0,Improved,1993,68 years 06 months,690000.0
2024-04-01,TAMPINES,5 ROOM,358,TAMPINES ST 33,04 TO 06,132.0,Model A,1996,71 years 01 month,681888.0
2024-04-01,TAMPINES,5 ROOM,349,TAMPINES ST 33,04 TO 06,125.0,Improved,1996,71 years 02 months,660000.0
2024-04-01,TAMPINES,5 ROOM,356,TAMPINES ST 33,01 TO 03,125.0,Improved,1996,71 years,635000.0
2024-04-01,TAMPINES,5 ROOM,450C,TAMPINES ST 42,07 TO 09,123.0,Improved,1996,71 years 06 months,780000.0
2024-04-01,TAMPINES,5 ROOM,456,TAMPINES ST 42,04 TO 06,122.0,Improved,1987,62 years 08 months,680000.0
2024-04-01,TAMPINES,5 ROOM,453,TAMPINES ST 42,07 TO 09,122.0,Improved,1987,62 years 08 months,715000.0
2024-04-01,TAMPINES,5 ROOM,493C,TAMPINES ST 43,04 TO 06,123.0,Improved,1993,68 years 05 months,685000.0
2024-04-01,TAMPINES,5 ROOM,494C,TAMPINES ST 43,01 TO 03,123.0,Improved,1993,68 years 03 months,645000.0
2024-04-01,TAMPINES,5 ROOM,497H,TAMPINES ST 45,10 TO 12,131.0,Premium Apartment,1996,71 years 03 months,730888.0
2024-04-01,TAMPINES,5 ROOM,711,TAMPINES ST 71,07 TO 09,120.0,Improved,1997,72 years 01 month,750000.0
2024-04-01,TAMPINES,5 ROOM,711,TAMPINES ST 71,13 TO 15,120.0,Improved,1997,72 years 01 month,800000.0
2024-04-01,TAMPINES,5 ROOM,708,TAMPINES ST 71,04 TO 06,119.0,Improved,1997,72 years 03 months,703000.0
2024-04-01,TAMPINES,5 ROOM,711,TAMPINES ST 71,10 TO 12,120.0,Improved,1997,72 years 01 month,730000.0
2024-04-01,TAMPINES,5 ROOM,726,TAMPINES ST 71,07 TO 09,125.0,Improved,1997,72 years 05 months,730000.0
2024-04-01,TAMPINES,5 ROOM,864,TAMPINES ST 83,07 TO 09,127.0,Improved,1988,63 years 04 months,705000.0
2024-04-01,TAMPINES,5 ROOM,843,TAMPINES ST 83,04 TO 06,122.0,Improved,1988,62 years 10 months,660000.0
2024-04-01,TAMPINES,5 ROOM,841,TAMPINES ST 83,07 TO 09,122.0,Improved,1986,61 years 03 months,696000.0
2024-04-01,TAMPINES,5 ROOM,871C,TAMPINES ST 86,13 TO 15,114.0,Improved,2017,91 years 11 months,846999.0
2024-04-01,TAMPINES,5 ROOM,870A,TAMPINES ST 86,07 TO 09,114.0,Improved,2017,91 years 11 months,825000.0
2024-04-01,TAMPINES,5 ROOM,926,TAMPINES ST 91,01 TO 03,133.0,Model A,1983,58 years 09 months,700000.0
2024-04-01,TAMPINES,5 ROOM,932,TAMPINES ST 91,01 TO 03,132.0,Model A,1985,60 years 08 months,715000.0
2024-04-01,TAMPINES,EXECUTIVE,128,SIMEI ST 1,01 TO 03,145.0,Maisonette,1987,62 years 03 months,863888.0
2024-04-01,TAMPINES,EXECUTIVE,937,TAMPINES AVE 5,07 TO 09,149.0,Maisonette,1988,63 years 06 months,950000.0
2024-04-01,TAMPINES,EXECUTIVE,156,TAMPINES ST 12,04 TO 06,156.0,Maisonette,1984,59 years 06 months,1020000.0
2024-04-01,TAMPINES,EXECUTIVE,331,TAMPINES ST 32,04 TO 06,147.0,Apartment,1996,70 years 11 months,850000.0
2024-04-01,TAMPINES,EXECUTIVE,336,TAMPINES ST 32,01 TO 03,147.0,Maisonette,1996,70 years 10 months,858000.0
2024-04-01,TAMPINES,EXECUTIVE,331,TAMPINES ST 32,04 TO 06,147.0,Apartment,1996,70 years 10 months,850000.0
2024-04-01,TAMPINES,EXECUTIVE,495C,TAMPINES ST 43,04 TO 06,148.0,Apartment,1994,68 years 10 months,890000.0
2024-04-01,TAMPINES,EXECUTIVE,895,TAMPINES ST 81,04 TO 06,146.0,Maisonette,1988,63 years 06 months,1018000.0
2024-04-01,TAMPINES,EXECUTIVE,856F,TAMPINES ST 82,13 TO 15,150.0,Apartment,1995,70 years 08 months,1018000.0
2024-04-01,TAMPINES,EXECUTIVE,856D,TAMPINES ST 82,04 TO 06,149.0,Maisonette,1995,70 years 08 months,1038000.0
2024-04-01,TAMPINES,EXECUTIVE,863,TAMPINES ST 83,07 TO 09,146.0,Maisonette,1988,63 years,935000.0
2024-04-01,TOA PAYOH,3 ROOM,195,KIM KEAT AVE,01 TO 03,66.0,Improved,1973,48 years 03 months,306000.0
2024-04-01,TOA PAYOH,3 ROOM,195,KIM KEAT AVE,07 TO 09,66.0,Improved,1973,48 years 04 months,320000.0
2024-04-01,TOA PAYOH,3 ROOM,195,KIM KEAT AVE,07 TO 09,66.0,Improved,1973,48 years 04 months,308000.0
2024-04-01,TOA PAYOH,3 ROOM,124,LOR 1 TOA PAYOH,07 TO 09,67.0,Improved,1970,44 years 11 months,363000.0
2024-04-01,TOA PAYOH,3 ROOM,110,LOR 1 TOA PAYOH,04 TO 06,65.0,Improved,1967,42 years 04 months,353888.0
2024-04-01,TOA PAYOH,3 ROOM,115,LOR 1 TOA PAYOH,07 TO 09,65.0,Improved,1967,42 years 03 months,355000.0
2024-04-01,TOA PAYOH,3 ROOM,110,LOR 1 TOA PAYOH,01 TO 03,65.0,Improved,1967,42 years 03 months,357000.0
2024-04-01,TOA PAYOH,3 ROOM,130B,LOR 1 TOA PAYOH,25 TO 27,68.0,Model A,2018,93 years 05 months,778000.0
2024-04-01,TOA PAYOH,3 ROOM,130A,LOR 1 TOA PAYOH,16 TO 18,68.0,Model A,2018,93 years 05 months,760000.0
2024-04-01,TOA PAYOH,3 ROOM,126,LOR 1 TOA PAYOH,04 TO 06,67.0,Improved,1970,44 years 09 months,400000.0
2024-04-01,TOA PAYOH,3 ROOM,118,LOR 1 TOA PAYOH,07 TO 09,65.0,Improved,1968,43 years 03 months,365000.0
2024-04-01,TOA PAYOH,3 ROOM,116,LOR 2 TOA PAYOH,19 TO 21,62.0,Improved,1970,44 years 10 months,420000.0
2024-04-01,TOA PAYOH,3 ROOM,96,LOR 3 TOA PAYOH,13 TO 15,68.0,Improved,1970,44 years 11 months,350888.0
2024-04-01,TOA PAYOH,3 ROOM,66,LOR 4 TOA PAYOH,10 TO 12,64.0,Standard,1969,43 years 10 months,348000.0
2024-04-01,TOA PAYOH,3 ROOM,85B,LOR 4 TOA PAYOH,04 TO 06,78.0,Improved,1972,46 years 10 months,435000.0
2024-04-01,TOA PAYOH,3 ROOM,2,LOR 7 TOA PAYOH,10 TO 12,67.0,Improved,1969,44 years 03 months,370000.0
2024-04-01,TOA PAYOH,3 ROOM,4,LOR 7 TOA PAYOH,07 TO 09,68.0,Improved,1969,44 years 03 months,420000.0
2024-04-01,TOA PAYOH,3 ROOM,17,LOR 7 TOA PAYOH,16 TO 18,67.0,Improved,1971,45 years 09 months,348000.0
2024-04-01,TOA PAYOH,3 ROOM,9,LOR 7 TOA PAYOH,10 TO 12,66.0,Improved,1970,45 years 04 months,338000.0
2024-04-01,TOA PAYOH,3 ROOM,3,LOR 7 TOA PAYOH,01 TO 03,68.0,Improved,1969,44 years 03 months,360000.0
2024-04-01,TOA PAYOH,3 ROOM,233,LOR 8 TOA PAYOH,07 TO 09,66.0,Improved,1981,56 years 07 months,365000.0
2024-04-01,TOA PAYOH,3 ROOM,117,POTONG PASIR AVE 1,01 TO 03,67.0,New Generation,1984,59 years 07 months,420000.0
2024-04-01,TOA PAYOH,3 ROOM,121,POTONG PASIR AVE 1,04 TO 06,75.0,Model A,1984,59 years 02 months,480000.0
2024-04-01,TOA PAYOH,3 ROOM,117,POTONG PASIR AVE 1,04 TO 06,67.0,New Generation,1984,59 years 07 months,400000.0
2024-04-01,TOA PAYOH,3 ROOM,262,TOA PAYOH EAST,19 TO 21,68.0,Model A,2019,94 years 09 months,750000.0
2024-04-01,TOA PAYOH,3 ROOM,263,TOA PAYOH EAST,34 TO 36,68.0,Model A,2019,94 years 09 months,765000.0
2024-04-01,TOA PAYOH,3 ROOM,207,TOA PAYOH NTH,01 TO 03,65.0,Improved,1973,48 years 04 months,338000.0
2024-04-01,TOA PAYOH,3 ROOM,199,TOA PAYOH NTH,01 TO 03,65.0,Improved,1982,56 years 10 months,338000.0
2024-04-01,TOA PAYOH,4 ROOM,9,JOO SENG RD,10 TO 12,93.0,Model A,2017,91 years 11 months,848000.0
2024-04-01,TOA PAYOH,4 ROOM,130B,LOR 1 TOA PAYOH,28 TO 30,93.0,Model A,2018,93 years 05 months,1080000.0
2024-04-01,TOA PAYOH,4 ROOM,138A,LOR 1A TOA PAYOH,37 TO 39,91.0,DBSS,2012,87 years 02 months,1051000.0
2024-04-01,TOA PAYOH,4 ROOM,138A,LOR 1A TOA PAYOH,31 TO 33,91.0,DBSS,2012,86 years 11 months,1098000.0
2024-04-01,TOA PAYOH,4 ROOM,84A,LOR 2 TOA PAYOH,19 TO 21,105.0,Model A,1997,72 years 01 month,1000000.0
2024-04-01,TOA PAYOH,4 ROOM,193,LOR 4 TOA PAYOH,10 TO 12,84.0,Improved,1974,49 years 04 months,600000.0
2024-04-01,TOA PAYOH,4 ROOM,193,LOR 4 TOA PAYOH,19 TO 21,84.0,Improved,1974,49 years 03 months,555000.0
2024-04-01,TOA PAYOH,4 ROOM,220,LOR 8 TOA PAYOH,01 TO 03,82.0,Improved,1976,51 years 02 months,410000.0
2024-04-01,TOA PAYOH,4 ROOM,228,LOR 8 TOA PAYOH,13 TO 15,82.0,Improved,1976,51 years 06 months,472000.0
2024-04-01,TOA PAYOH,4 ROOM,11,LOR 8 TOA PAYOH,01 TO 03,100.0,Model A,1998,72 years 11 months,650000.0
2024-04-01,TOA PAYOH,4 ROOM,113,POTONG PASIR AVE 1,01 TO 03,96.0,New Generation,1984,59 years 08 months,530000.0
2024-04-01,TOA PAYOH,4 ROOM,143,POTONG PASIR AVE 2,10 TO 12,104.0,Model A,1984,59 years 04 months,770800.0
2024-04-01,TOA PAYOH,4 ROOM,134,POTONG PASIR AVE 3,07 TO 09,106.0,Model A,1984,59 years 03 months,720000.0
2024-04-01,TOA PAYOH,4 ROOM,79A,TOA PAYOH CTRL,31 TO 33,76.0,Model A,2009,84 years 02 months,760000.0
2024-04-01,TOA PAYOH,4 ROOM,261,TOA PAYOH EAST,34 TO 36,93.0,Model A,2019,94 years 09 months,1000000.0
2024-04-01,TOA PAYOH,4 ROOM,264,TOA PAYOH EAST,10 TO 12,93.0,Model A,2019,94 years 09 months,904588.0
2024-04-01,TOA PAYOH,4 ROOM,263,TOA PAYOH EAST,22 TO 24,93.0,Model A,2019,94 years 09 months,970000.0
2024-04-01,TOA PAYOH,4 ROOM,264,TOA PAYOH EAST,07 TO 09,93.0,Model A,2019,94 years 09 months,930000.0
2024-04-01,TOA PAYOH,4 ROOM,202,TOA PAYOH NTH,01 TO 03,87.0,Improved,1973,48 years 04 months,485000.0
2024-04-01,TOA PAYOH,4 ROOM,201,TOA PAYOH NTH,01 TO 03,87.0,Improved,1973,48 years 04 months,440000.0
2024-04-01,TOA PAYOH,5 ROOM,247,KIM KEAT LINK,01 TO 03,125.0,Improved,1989,63 years 11 months,750000.0
2024-04-01,TOA PAYOH,5 ROOM,139A,LOR 1A TOA PAYOH,25 TO 27,117.0,DBSS,2012,87 years 02 months,1400000.0
2024-04-01,TOA PAYOH,5 ROOM,139B,LOR 1A TOA PAYOH,22 TO 24,117.0,DBSS,2012,86 years 11 months,1438000.0
2024-04-01,TOA PAYOH,5 ROOM,97,LOR 3 TOA PAYOH,04 TO 06,122.0,Improved,1993,68 years,1008000.0
2024-04-01,TOA PAYOH,5 ROOM,44,LOR 5 TOA PAYOH,07 TO 09,123.0,Improved,1993,67 years 11 months,890000.0
2024-04-01,TOA PAYOH,5 ROOM,14A,LOR 7 TOA PAYOH,01 TO 03,121.0,Improved,1998,73 years 04 months,750000.0
2024-04-01,TOA PAYOH,5 ROOM,216,LOR 8 TOA PAYOH,04 TO 06,119.0,Standard,1975,50 years 04 months,638000.0
2024-04-01,TOA PAYOH,EXECUTIVE,99C,LOR 2 TOA PAYOH,13 TO 15,149.0,Apartment,1993,67 years 11 months,1212000.0
2024-04-01,WOODLANDS,2 ROOM,780B,WOODLANDS CRES,16 TO 18,47.0,Model A,2015,90 years 05 months,338000.0
2024-04-01,WOODLANDS,2 ROOM,780F,WOODLANDS CRES,13 TO 15,47.0,Model A,2015,90 years 03 months,345000.0
2024-04-01,WOODLANDS,2 ROOM,573B,WOODLANDS DR 16,04 TO 06,47.0,Model A,2018,93 years 03 months,340000.0
2024-04-01,WOODLANDS,2 ROOM,574A,WOODLANDS DR 16,13 TO 15,47.0,Model A,2018,93 years 04 months,346800.0
2024-04-01,WOODLANDS,2 ROOM,182A,WOODLANDS ST 13,10 TO 12,47.0,Model A,2019,94 years 07 months,350000.0
2024-04-01,WOODLANDS,2 ROOM,182A,WOODLANDS ST 13,25 TO 27,47.0,Model A,2019,94 years 06 months,374888.0
2024-04-01,WOODLANDS,3 ROOM,204,MARSILING DR,10 TO 12,68.0,New Generation,1981,56 years 01 month,365000.0
2024-04-01,WOODLANDS,3 ROOM,31,MARSILING DR,01 TO 03,73.0,New Generation,1977,52 years 01 month,375000.0
2024-04-01,WOODLANDS,3 ROOM,204,MARSILING DR,10 TO 12,82.0,New Generation,1981,56 years 01 month,378000.0
2024-04-01,WOODLANDS,3 ROOM,6,MARSILING DR,04 TO 06,65.0,Improved,1976,50 years 10 months,345000.0
2024-04-01,WOODLANDS,3 ROOM,30,MARSILING DR,07 TO 09,73.0,New Generation,1977,52 years 01 month,342000.0
2024-04-01,WOODLANDS,3 ROOM,13,MARSILING LANE,10 TO 12,76.0,Improved,1976,51 years,355000.0
2024-04-01,WOODLANDS,3 ROOM,12,MARSILING LANE,04 TO 06,65.0,Improved,1976,51 years,325000.0
2024-04-01,WOODLANDS,3 ROOM,180A,MARSILING RD,10 TO 12,67.0,Model A,2015,90 years 04 months,455000.0
2024-04-01,WOODLANDS,3 ROOM,571C,WOODLANDS AVE 1,04 TO 06,67.0,Model A,2013,88 years 08 months,467000.0
2024-04-01,WOODLANDS,3 ROOM,693A,WOODLANDS AVE 6,13 TO 15,68.0,Model A,2018,93 years 07 months,480000.0
2024-04-01,WOODLANDS,3 ROOM,780C,WOODLANDS CRES,10 TO 12,67.0,Model A,2015,90 years 04 months,455000.0
2024-04-01,WOODLANDS,3 ROOM,782D,WOODLANDS CRES,10 TO 12,67.0,Model A,2015,90 years 03 months,430000.0
2024-04-01,WOODLANDS,3 ROOM,573A,WOODLANDS DR 16,01 TO 03,68.0,Model A,2018,93 years 04 months,440000.0
2024-04-01,WOODLANDS,3 ROOM,574B,WOODLANDS DR 16,07 TO 09,68.0,Model A,2018,93 years 03 months,473000.0
2024-04-01,WOODLANDS,3 ROOM,573C,WOODLANDS DR 16,07 TO 09,68.0,Model A,2018,93 years 03 months,468000.0
2024-04-01,WOODLANDS,3 ROOM,887C,WOODLANDS DR 50,13 TO 15,67.0,Premium Apartment,2015,90 years,470000.0
2024-04-01,WOODLANDS,3 ROOM,694C,WOODLANDS DR 62,07 TO 09,68.0,Model A,2018,93 years 07 months,468000.0
2024-04-01,WOODLANDS,3 ROOM,784C,WOODLANDS RISE,04 TO 06,68.0,Model A,2018,93 years 04 months,455000.0
2024-04-01,WOODLANDS,3 ROOM,784C,WOODLANDS RISE,10 TO 12,68.0,Model A,2018,93 years 04 months,445000.0
2024-04-01,WOODLANDS,3 ROOM,784B,WOODLANDS RISE,13 TO 15,68.0,Model A,2018,93 years 04 months,480000.0
2024-04-01,WOODLANDS,3 ROOM,160,WOODLANDS ST 13,01 TO 03,73.0,Model A,1990,65 years 02 months,390000.0
2024-04-01,WOODLANDS,3 ROOM,161,WOODLANDS ST 13,07 TO 09,73.0,Model A,1990,65 years 01 month,415000.0
2024-04-01,WOODLANDS,3 ROOM,146,WOODLANDS ST 13,04 TO 06,68.0,New Generation,1985,60 years,378888.0
2024-04-01,WOODLANDS,3 ROOM,146,WOODLANDS ST 13,07 TO 09,68.0,New Generation,1985,60 years,390000.0
2024-04-01,WOODLANDS,3 ROOM,313,WOODLANDS ST 31,07 TO 09,73.0,Model A,1993,68 years 06 months,410000.0
2024-04-01,WOODLANDS,3 ROOM,319,WOODLANDS ST 31,10 TO 12,73.0,Model A,1993,67 years 11 months,440000.0
2024-04-01,WOODLANDS,4 ROOM,28,MARSILING DR,04 TO 06,98.0,New Generation,1977,52 years 01 month,420888.0
2024-04-01,WOODLANDS,4 ROOM,27,MARSILING DR,07 TO 09,91.0,New Generation,1977,52 years 08 months,410000.0
2024-04-01,WOODLANDS,4 ROOM,5A,MARSILING DR,07 TO 09,90.0,Model A,2002,77 years,460000.0
2024-04-01,WOODLANDS,4 ROOM,143,MARSILING RD,01 TO 03,93.0,New Generation,1985,60 years 07 months,460000.0
2024-04-01,WOODLANDS,4 ROOM,343,WOODLANDS AVE 1,04 TO 06,84.0,Simplified,1989,64 years 07 months,455000.0
2024-04-01,WOODLANDS,4 ROOM,570C,WOODLANDS AVE 1,04 TO 06,92.0,Model A,2013,88 years 08 months,578000.0
2024-04-01,WOODLANDS,4 ROOM,617,WOODLANDS AVE 4,01 TO 03,91.0,Model A2,1998,73 years 01 month,483000.0
2024-04-01,WOODLANDS,4 ROOM,761,WOODLANDS AVE 6,04 TO 06,103.0,Model A,1998,72 years 11 months,498888.0
2024-04-01,WOODLANDS,4 ROOM,760,WOODLANDS AVE 6,07 TO 09,102.0,Model A,1998,72 years 11 months,500000.0
2024-04-01,WOODLANDS,4 ROOM,759,WOODLANDS AVE 6,07 TO 09,103.0,Model A,1998,73 years 02 months,510000.0
2024-04-01,WOODLANDS,4 ROOM,693C,WOODLANDS AVE 6,07 TO 09,92.0,Model A,2018,93 years 06 months,615999.0
2024-04-01,WOODLANDS,4 ROOM,758,WOODLANDS AVE 6,07 TO 09,103.0,Model A,1998,72 years 11 months,545088.0
2024-04-01,WOODLANDS,4 ROOM,693B,WOODLANDS AVE 6,04 TO 06,92.0,Model A,2018,93 years 05 months,605000.0
2024-04-01,WOODLANDS,4 ROOM,740,WOODLANDS CIRCLE,10 TO 12,102.0,Model A,1997,72 years 07 months,400000.0
2024-04-01,WOODLANDS,4 ROOM,764,WOODLANDS CIRCLE,01 TO 03,91.0,Model A,2003,78 years 04 months,485000.0
2024-04-01,WOODLANDS,4 ROOM,747,WOODLANDS CIRCLE,01 TO 03,103.0,Model A,1998,73 years,480888.0
2024-04-01,WOODLANDS,4 ROOM,765,WOODLANDS CIRCLE,04 TO 06,91.0,Model A,2003,78 years 05 months,505000.0
2024-04-01,WOODLANDS,4 ROOM,782C,WOODLANDS CRES,16 TO 18,92.0,Model A,2015,90 years 04 months,555000.0
2024-04-01,WOODLANDS,4 ROOM,776,WOODLANDS CRES,10 TO 12,101.0,Model A,1998,72 years 10 months,450000.0
2024-04-01,WOODLANDS,4 ROOM,787E,WOODLANDS CRES,01 TO 03,101.0,Model A,1997,72 years 07 months,500000.0
2024-04-01,WOODLANDS,4 ROOM,775,WOODLANDS CRES,04 TO 06,91.0,Model A2,1997,72 years 06 months,480000.0
2024-04-01,WOODLANDS,4 ROOM,526,WOODLANDS DR 14,04 TO 06,104.0,Premium Apartment,2000,75 years,560000.0
2024-04-01,WOODLANDS,4 ROOM,509,WOODLANDS DR 14,07 TO 09,107.0,Premium Apartment,1999,74 years,578000.0
2024-04-01,WOODLANDS,4 ROOM,532,WOODLANDS DR 14,10 TO 12,105.0,Premium Apartment,1999,74 years 05 months,575000.0
2024-04-01,WOODLANDS,4 ROOM,521,WOODLANDS DR 14,10 TO 12,105.0,Premium Apartment,2000,75 years 03 months,565000.0
2024-04-01,WOODLANDS,4 ROOM,513,WOODLANDS DR 14,04 TO 06,107.0,Premium Apartment,1999,74 years,608000.0
2024-04-01,WOODLANDS,4 ROOM,529,WOODLANDS DR 14,01 TO 03,105.0,Premium Apartment,1999,74 years 04 months,550000.0
2024-04-01,WOODLANDS,4 ROOM,522,WOODLANDS DR 14,04 TO 06,105.0,Premium Apartment,2000,75 years 02 months,510000.0
2024-04-01,WOODLANDS,4 ROOM,525,WOODLANDS DR 14,01 TO 03,103.0,Premium Apartment,2000,75 years,535000.0
2024-04-01,WOODLANDS,4 ROOM,573B,WOODLANDS DR 16,04 TO 06,93.0,Model A,2018,93 years 03 months,585888.0
2024-04-01,WOODLANDS,4 ROOM,574A,WOODLANDS DR 16,04 TO 06,93.0,Model A,2018,93 years 03 months,577000.0
2024-04-01,WOODLANDS,4 ROOM,542,WOODLANDS DR 16,01 TO 03,101.0,Model A,2000,75 years 02 months,520000.0
2024-04-01,WOODLANDS,4 ROOM,573B,WOODLANDS DR 16,04 TO 06,93.0,Model A,2018,93 years 03 months,590000.0
2024-04-01,WOODLANDS,4 ROOM,547,WOODLANDS DR 16,04 TO 06,101.0,Model A,2000,75 years 06 months,510000.0
2024-04-01,WOODLANDS,4 ROOM,577,WOODLANDS DR 16,07 TO 09,91.0,Model A,2000,75 years 09 months,505000.0
2024-04-01,WOODLANDS,4 ROOM,701,WOODLANDS DR 40,04 TO 06,102.0,Model A,1996,71 years 07 months,517000.0
2024-04-01,WOODLANDS,4 ROOM,703,WOODLANDS DR 40,01 TO 03,99.0,Model A,1996,71 years 07 months,500000.0
2024-04-01,WOODLANDS,4 ROOM,894A,WOODLANDS DR 50,04 TO 06,100.0,Model A,1996,71 years 05 months,510000.0
2024-04-01,WOODLANDS,4 ROOM,897B,WOODLANDS DR 50,01 TO 03,97.0,Model A,1997,72 years 05 months,495000.0
2024-04-01,WOODLANDS,4 ROOM,886C,WOODLANDS DR 50,16 TO 18,95.0,Premium Apartment,2015,89 years 11 months,648000.0
2024-04-01,WOODLANDS,4 ROOM,886C,WOODLANDS DR 50,16 TO 18,92.0,Premium Apartment,2015,89 years 11 months,613000.0
2024-04-01,WOODLANDS,4 ROOM,895B,WOODLANDS DR 50,07 TO 09,99.0,Model A,1997,72 years,530000.0
2024-04-01,WOODLANDS,4 ROOM,889D,WOODLANDS DR 50,16 TO 18,93.0,Model A,2017,92 years 04 months,620000.0
2024-04-01,WOODLANDS,4 ROOM,889B,WOODLANDS DR 50,04 TO 06,93.0,Model A,2017,92 years 03 months,590000.0
2024-04-01,WOODLANDS,4 ROOM,619,WOODLANDS DR 52,04 TO 06,91.0,Model A2,1998,73 years 04 months,480000.0
2024-04-01,WOODLANDS,4 ROOM,554,WOODLANDS DR 53,07 TO 09,90.0,Model A2,1999,74 years 09 months,490000.0
2024-04-01,WOODLANDS,4 ROOM,554,WOODLANDS DR 53,04 TO 06,90.0,Model A2,1999,74 years 09 months,485000.0
2024-04-01,WOODLANDS,4 ROOM,786E,WOODLANDS DR 60,01 TO 03,92.0,Model A2,1997,72 years 04 months,475000.0
2024-04-01,WOODLANDS,4 ROOM,682B,WOODLANDS DR 62,01 TO 03,105.0,Premium Apartment,2000,74 years 11 months,540000.0
2024-04-01,WOODLANDS,4 ROOM,717,WOODLANDS DR 70,07 TO 09,101.0,Model A,1997,72 years 03 months,580000.0
2024-04-01,WOODLANDS,4 ROOM,717B,WOODLANDS DR 70,07 TO 09,88.0,Model A,2017,92 years 09 months,630000.0
2024-04-01,WOODLANDS,4 ROOM,714,WOODLANDS DR 70,04 TO 06,100.0,Model A,1997,72 years 01 month,545000.0
2024-04-01,WOODLANDS,4 ROOM,717,WOODLANDS DR 70,04 TO 06,100.0,Model A,1997,72 years 03 months,568000.0
2024-04-01,WOODLANDS,4 ROOM,684A,WOODLANDS DR 73,04 TO 06,104.0,Premium Apartment,2000,74 years 11 months,538000.0
2024-04-01,WOODLANDS,4 ROOM,688E,WOODLANDS DR 75,16 TO 18,90.0,Premium Apartment,2004,79 years,523000.0
2024-04-01,WOODLANDS,4 ROOM,688A,WOODLANDS DR 75,16 TO 18,90.0,Premium Apartment,2004,78 years 09 months,525000.0
2024-04-01,WOODLANDS,4 ROOM,628B,WOODLANDS RING RD,07 TO 09,101.0,Model A,1998,73 years 07 months,490000.0
2024-04-01,WOODLANDS,4 ROOM,611,WOODLANDS RING RD,07 TO 09,101.0,Model A,1998,73 years,520000.0
2024-04-01,WOODLANDS,4 ROOM,639,WOODLANDS RING RD,01 TO 03,101.0,Model A,1999,74 years 04 months,500000.0
2024-04-01,WOODLANDS,4 ROOM,659,WOODLANDS RING RD,01 TO 03,101.0,Model A,1998,72 years 11 months,490000.0
2024-04-01,WOODLANDS,4 ROOM,783C,WOODLANDS RISE,07 TO 09,93.0,Model A,2018,93 years 04 months,562000.0
2024-04-01,WOODLANDS,4 ROOM,784C,WOODLANDS RISE,07 TO 09,93.0,Model A,2018,93 years 04 months,554000.0
2024-04-01,WOODLANDS,4 ROOM,783C,WOODLANDS RISE,16 TO 18,93.0,Model A,2018,93 years 04 months,560000.0
2024-04-01,WOODLANDS,4 ROOM,104,WOODLANDS ST 13,07 TO 09,91.0,New Generation,1985,60 years 01 month,455000.0
2024-04-01,WOODLANDS,4 ROOM,183B,WOODLANDS ST 13,07 TO 09,93.0,Model A,2019,94 years 07 months,601000.0
2024-04-01,WOODLANDS,4 ROOM,183C,WOODLANDS ST 13,16 TO 18,93.0,Model A,2019,94 years 07 months,660000.0
2024-04-01,WOODLANDS,4 ROOM,182B,WOODLANDS ST 13,13 TO 15,93.0,Model A,2019,94 years 07 months,641000.0
2024-04-01,WOODLANDS,4 ROOM,182B,WOODLANDS ST 13,10 TO 12,93.0,Model A,2019,94 years 07 months,610000.0
2024-04-01,WOODLANDS,4 ROOM,146,WOODLANDS ST 13,01 TO 03,98.0,New Generation,1985,60 years,480000.0
2024-04-01,WOODLANDS,4 ROOM,150,WOODLANDS ST 13,01 TO 03,91.0,New Generation,1986,61 years 06 months,473000.0
2024-04-01,WOODLANDS,4 ROOM,182B,WOODLANDS ST 13,25 TO 27,93.0,Model A,2019,94 years 06 months,655000.0
2024-04-01,WOODLANDS,4 ROOM,184A,WOODLANDS ST 13,10 TO 12,93.0,Model A,2019,94 years 07 months,625000.0
2024-04-01,WOODLANDS,4 ROOM,184A,WOODLANDS ST 13,07 TO 09,93.0,Model A,2019,94 years 07 months,608000.0
2024-04-01,WOODLANDS,4 ROOM,184A,WOODLANDS ST 13,25 TO 27,93.0,Model A,2019,94 years 07 months,660000.0
2024-04-01,WOODLANDS,4 ROOM,183C,WOODLANDS ST 13,07 TO 09,93.0,Model A,2019,94 years 07 months,606000.0
2024-04-01,WOODLANDS,4 ROOM,327,WOODLANDS ST 32,01 TO 03,84.0,Simplified,1989,63 years 10 months,440000.0
2024-04-01,WOODLANDS,4 ROOM,344,WOODLANDS ST 32,07 TO 09,84.0,Simplified,1993,67 years 11 months,478000.0
2024-04-01,WOODLANDS,4 ROOM,429,WOODLANDS ST 41,01 TO 03,84.0,Simplified,1996,71 years 05 months,460000.0
2024-04-01,WOODLANDS,4 ROOM,414,WOODLANDS ST 41,01 TO 03,103.0,Model A,1996,70 years 10 months,480000.0
2024-04-01,WOODLANDS,4 ROOM,437,WOODLANDS ST 41,10 TO 12,84.0,Simplified,1996,71 years 05 months,480000.0
2024-04-01,WOODLANDS,4 ROOM,421,WOODLANDS ST 41,10 TO 12,106.0,Model A,1996,70 years 11 months,550000.0
2024-04-01,WOODLANDS,4 ROOM,873,WOODLANDS ST 81,07 TO 09,115.0,Model A,1996,71 years 01 month,550000.0
2024-04-01,WOODLANDS,4 ROOM,842,WOODLANDS ST 82,07 TO 09,104.0,Model A,1994,69 years 03 months,513000.0
2024-04-01,WOODLANDS,4 ROOM,841,WOODLANDS ST 82,01 TO 03,107.0,Model A,1996,71 years 05 months,485000.0
2024-04-01,WOODLANDS,4 ROOM,859,WOODLANDS ST 83,04 TO 06,106.0,Model A,1996,71 years 03 months,495000.0
2024-04-01,WOODLANDS,5 ROOM,5A,MARSILING DR,07 TO 09,110.0,Improved,2002,77 years 01 month,533000.0
2024-04-01,WOODLANDS,5 ROOM,5A,MARSILING DR,01 TO 03,110.0,Improved,2002,77 years 01 month,520000.0
2024-04-01,WOODLANDS,5 ROOM,142,MARSILING RD,07 TO 09,134.0,Model A,1995,70 years 01 month,660000.0
2024-04-01,WOODLANDS,5 ROOM,363,WOODLANDS AVE 5,07 TO 09,124.0,Improved,1996,71 years 08 months,718000.0
2024-04-01,WOODLANDS,5 ROOM,693A,WOODLANDS AVE 6,04 TO 06,113.0,Improved,2018,93 years 05 months,680000.0
2024-04-01,WOODLANDS,5 ROOM,762,WOODLANDS AVE 6,07 TO 09,122.0,Improved,1998,72 years 11 months,625000.0
2024-04-01,WOODLANDS,5 ROOM,876,WOODLANDS AVE 9,10 TO 12,121.0,Improved,1996,71 years 02 months,608000.0
2024-04-01,WOODLANDS,5 ROOM,745,WOODLANDS CIRCLE,04 TO 06,121.0,Improved,1998,72 years 11 months,600000.0
2024-04-01,WOODLANDS,5 ROOM,736,WOODLANDS CIRCLE,01 TO 03,121.0,Improved,1998,72 years 11 months,580000.0
2024-04-01,WOODLANDS,5 ROOM,742,WOODLANDS CIRCLE,04 TO 06,121.0,Improved,1997,72 years 04 months,590000.0
2024-04-01,WOODLANDS,5 ROOM,779,WOODLANDS CRES,04 TO 06,123.0,Improved,1997,72 years 07 months,595000.0
2024-04-01,WOODLANDS,5 ROOM,787B,WOODLANDS CRES,07 TO 09,120.0,Improved,1997,72 years 07 months,640000.0
2024-04-01,WOODLANDS,5 ROOM,536,WOODLANDS DR 14,01 TO 03,125.0,Premium Apartment,1999,74 years 06 months,625000.0
2024-04-01,WOODLANDS,5 ROOM,524,WOODLANDS DR 14,01 TO 03,126.0,Premium Apartment,2000,75 years,625000.0
2024-04-01,WOODLANDS,5 ROOM,510,WOODLANDS DR 14,04 TO 06,125.0,Premium Apartment,1999,74 years,660000.0
2024-04-01,WOODLANDS,5 ROOM,508,WOODLANDS DR 14,07 TO 09,123.0,Improved,1999,73 years 10 months,650000.0
2024-04-01,WOODLANDS,5 ROOM,506,WOODLANDS DR 14,01 TO 03,122.0,Improved,1999,73 years 10 months,600000.0
2024-04-01,WOODLANDS,5 ROOM,520,WOODLANDS DR 14,10 TO 12,126.0,Premium Apartment,2000,75 years 06 months,690000.0
2024-04-01,WOODLANDS,5 ROOM,516,WOODLANDS DR 14,01 TO 03,125.0,Premium Apartment,1999,74 years,620000.0
2024-04-01,WOODLANDS,5 ROOM,501,WOODLANDS DR 14,10 TO 12,123.0,Improved,1998,73 years 08 months,630000.0
2024-04-01,WOODLANDS,5 ROOM,540,WOODLANDS DR 16,10 TO 12,121.0,Improved,2000,75 years 05 months,658000.0
2024-04-01,WOODLANDS,5 ROOM,545,WOODLANDS DR 16,04 TO 06,115.0,Improved,2000,75 years 07 months,645000.0
2024-04-01,WOODLANDS,5 ROOM,582,WOODLANDS DR 16,10 TO 12,110.0,Improved,2001,76 years 02 months,585000.0
2024-04-01,WOODLANDS,5 ROOM,580,WOODLANDS DR 16,04 TO 06,110.0,Improved,2001,76 years 01 month,550000.0
2024-04-01,WOODLANDS,5 ROOM,576,WOODLANDS DR 16,10 TO 12,110.0,Improved,2000,75 years 08 months,595000.0
2024-04-01,WOODLANDS,5 ROOM,894D,WOODLANDS DR 50,04 TO 06,121.0,Improved,1996,71 years 05 months,688000.0
2024-04-01,WOODLANDS,5 ROOM,625B,WOODLANDS DR 52,07 TO 09,124.0,Improved,1998,73 years 08 months,595000.0
2024-04-01,WOODLANDS,5 ROOM,771,WOODLANDS DR 60,01 TO 03,123.0,Improved,1997,72 years 09 months,580000.0
2024-04-01,WOODLANDS,5 ROOM,786C,WOODLANDS DR 60,04 TO 06,122.0,Improved,1997,72 years 06 months,596000.0
2024-04-01,WOODLANDS,5 ROOM,683D,WOODLANDS DR 62,01 TO 03,120.0,Premium Apartment,2000,75 years,645000.0
2024-04-01,WOODLANDS,5 ROOM,694C,WOODLANDS DR 62,07 TO 09,113.0,Improved,2018,93 years 06 months,738000.0
2024-04-01,WOODLANDS,5 ROOM,713,WOODLANDS DR 70,07 TO 09,118.0,Improved,1996,71 years 09 months,640000.0
2024-04-01,WOODLANDS,5 ROOM,672,WOODLANDS DR 71,10 TO 12,110.0,Improved,2000,75 years 08 months,680000.0
2024-04-01,WOODLANDS,5 ROOM,672,WOODLANDS DR 71,10 TO 12,110.0,Improved,2000,75 years 07 months,635100.0
2024-04-01,WOODLANDS,5 ROOM,794,WOODLANDS DR 72,07 TO 09,122.0,Improved,1998,72 years 10 months,630000.0
2024-04-01,WOODLANDS,5 ROOM,796,WOODLANDS DR 72,01 TO 03,121.0,Improved,1997,72 years 06 months,618000.0
2024-04-01,WOODLANDS,5 ROOM,685B,WOODLANDS DR 73,01 TO 03,115.0,Premium Apartment,2002,77 years 09 months,530000.0
2024-04-01,WOODLANDS,5 ROOM,685C,WOODLANDS DR 73,04 TO 06,114.0,Premium Apartment,2002,77 years 09 months,618000.0
2024-04-01,WOODLANDS,5 ROOM,691D,WOODLANDS DR 73,07 TO 09,113.0,Improved,2018,93 years 03 months,740000.0
2024-04-01,WOODLANDS,5 ROOM,691D,WOODLANDS DR 73,04 TO 06,113.0,Improved,2018,93 years 03 months,725000.0
2024-04-01,WOODLANDS,5 ROOM,688C,WOODLANDS DR 75,13 TO 15,110.0,Premium Apartment,2004,79 years,560000.0
2024-04-01,WOODLANDS,5 ROOM,690D,WOODLANDS DR 75,13 TO 15,110.0,Premium Apartment,2004,78 years 10 months,569000.0
2024-04-01,WOODLANDS,5 ROOM,689C,WOODLANDS DR 75,01 TO 03,110.0,Premium Apartment,2004,78 years 11 months,535000.0
2024-04-01,WOODLANDS,5 ROOM,689E,WOODLANDS DR 75,13 TO 15,110.0,Premium Apartment,2004,78 years 11 months,550000.0
2024-04-01,WOODLANDS,5 ROOM,607,WOODLANDS RING RD,04 TO 06,121.0,Improved,1998,73 years 02 months,620000.0
2024-04-01,WOODLANDS,5 ROOM,651,WOODLANDS RING RD,07 TO 09,122.0,Improved,1998,73 years 03 months,650000.0
2024-04-01,WOODLANDS,5 ROOM,628A,WOODLANDS RING RD,10 TO 12,120.0,Improved,1998,73 years 07 months,611000.0
2024-04-01,WOODLANDS,5 ROOM,783C,WOODLANDS RISE,04 TO 06,113.0,Improved,2018,93 years 05 months,630000.0
2024-04-01,WOODLANDS,5 ROOM,784A,WOODLANDS RISE,01 TO 03,113.0,Improved,2018,93 years 05 months,615000.0
2024-04-01,WOODLANDS,5 ROOM,783D,WOODLANDS RISE,07 TO 09,113.0,Improved,2018,93 years 03 months,651000.0
2024-04-01,WOODLANDS,5 ROOM,785D,WOODLANDS RISE,01 TO 03,113.0,Improved,2018,93 years 03 months,640000.0
2024-04-01,WOODLANDS,5 ROOM,182B,WOODLANDS ST 13,16 TO 18,113.0,Improved,2019,94 years 07 months,760000.0
2024-04-01,WOODLANDS,5 ROOM,183A,WOODLANDS ST 13,07 TO 09,113.0,Improved,2019,94 years 08 months,740000.0
2024-04-01,WOODLANDS,5 ROOM,182B,WOODLANDS ST 13,07 TO 09,113.0,Improved,2019,94 years 07 months,740000.0
2024-04-01,WOODLANDS,5 ROOM,183A,WOODLANDS ST 13,19 TO 21,113.0,Improved,2019,94 years 07 months,790000.0
2024-04-01,WOODLANDS,5 ROOM,184A,WOODLANDS ST 13,16 TO 18,113.0,Improved,2019,94 years 07 months,820000.0
2024-04-01,WOODLANDS,5 ROOM,183A,WOODLANDS ST 13,22 TO 24,113.0,Improved,2019,94 years 07 months,795000.0
2024-04-01,WOODLANDS,5 ROOM,183A,WOODLANDS ST 13,16 TO 18,113.0,Improved,2019,94 years 07 months,765000.0
2024-04-01,WOODLANDS,5 ROOM,881,WOODLANDS ST 82,04 TO 06,125.0,Improved,1996,71 years 03 months,665000.0
2024-04-01,WOODLANDS,5 ROOM,831,WOODLANDS ST 83,04 TO 06,121.0,Improved,1990,65 years 01 month,600000.0
2024-04-01,WOODLANDS,5 ROOM,861,WOODLANDS ST 83,04 TO 06,129.0,Improved,1996,71 years,643000.0
2024-04-01,WOODLANDS,5 ROOM,836,WOODLANDS ST 83,10 TO 12,121.0,Improved,1996,71 years,665000.0
2024-04-01,WOODLANDS,EXECUTIVE,141,MARSILING RD,10 TO 12,174.0,Apartment,1995,70 years 02 months,900888.0
2024-04-01,WOODLANDS,EXECUTIVE,135,MARSILING RD,01 TO 03,174.0,Apartment,1995,70 years 01 month,805000.0
2024-04-01,WOODLANDS,EXECUTIVE,142,MARSILING RD,07 TO 09,170.0,Apartment,1995,70 years 01 month,960000.0
2024-04-01,WOODLANDS,EXECUTIVE,128,MARSILING RISE,04 TO 06,173.0,Apartment,1995,70 years,880000.0
2024-04-01,WOODLANDS,EXECUTIVE,361,WOODLANDS AVE 5,10 TO 12,141.0,Apartment,1996,71 years 07 months,855000.0
2024-04-01,WOODLANDS,EXECUTIVE,359,WOODLANDS AVE 5,07 TO 09,150.0,Maisonette,1996,71 years 06 months,862000.0
2024-04-01,WOODLANDS,EXECUTIVE,513,WOODLANDS DR 14,04 TO 06,147.0,Premium Apartment,1999,74 years,825000.0
2024-04-01,WOODLANDS,EXECUTIVE,583,WOODLANDS DR 16,01 TO 03,131.0,Apartment,2001,76 years 03 months,685000.0
2024-04-01,WOODLANDS,EXECUTIVE,589,WOODLANDS DR 16,07 TO 09,131.0,Apartment,2001,76 years 01 month,758888.0
2024-04-01,WOODLANDS,EXECUTIVE,684C,WOODLANDS DR 62,01 TO 03,140.0,Premium Apartment,2000,74 years 11 months,755000.0
2024-04-01,WOODLANDS,EXECUTIVE,646,WOODLANDS RING RD,07 TO 09,144.0,Maisonette,1998,73 years 05 months,870000.0
2024-04-01,WOODLANDS,EXECUTIVE,636,WOODLANDS RING RD,10 TO 12,142.0,Maisonette,1999,74 years 06 months,845000.0
2024-04-01,WOODLANDS,EXECUTIVE,637,WOODLANDS RING RD,04 TO 06,142.0,Maisonette,1999,74 years 05 months,873000.0
2024-04-01,WOODLANDS,EXECUTIVE,648,WOODLANDS RING RD,10 TO 12,143.0,Maisonette,1998,73 years 04 months,841888.0
2024-04-01,WOODLANDS,EXECUTIVE,636,WOODLANDS RING RD,04 TO 06,142.0,Maisonette,1999,74 years 05 months,788000.0
2024-04-01,WOODLANDS,EXECUTIVE,652,WOODLANDS RING RD,01 TO 03,144.0,Maisonette,1998,73 years 03 months,790000.0
2024-04-01,WOODLANDS,EXECUTIVE,647,WOODLANDS RING RD,10 TO 12,141.0,Apartment,1998,73 years 05 months,904888.0
2024-04-01,WOODLANDS,EXECUTIVE,322,WOODLANDS ST 32,07 TO 09,172.0,Apartment,1994,69 years 01 month,928000.0
2024-04-01,WOODLANDS,EXECUTIVE,420,WOODLANDS ST 41,01 TO 03,177.0,Apartment,1995,70 years 07 months,850000.0
2024-04-01,WOODLANDS,EXECUTIVE,419,WOODLANDS ST 41,07 TO 09,177.0,Apartment,1995,70 years 07 months,960000.0
2024-04-01,WOODLANDS,EXECUTIVE,820,WOODLANDS ST 82,10 TO 12,177.0,Apartment,1995,70 years,1020000.0
2024-04-01,WOODLANDS,EXECUTIVE,838,WOODLANDS ST 82,01 TO 03,149.0,Apartment,1988,63 years 04 months,885000.0
2024-04-01,WOODLANDS,EXECUTIVE,869,WOODLANDS ST 83,04 TO 06,149.0,Apartment,1996,71 years,700000.0
2024-04-01,YISHUN,2 ROOM,672A,YISHUN AVE 4,01 TO 03,47.0,Model A,2018,92 years 10 months,335000.0
2024-04-01,YISHUN,2 ROOM,675B,YISHUN AVE 4,07 TO 09,47.0,2-room,2018,93 years 08 months,330000.0
2024-04-01,YISHUN,2 ROOM,462C,YISHUN AVE 6,07 TO 09,38.0,Model A,2019,94 years 06 months,317000.0
2024-04-01,YISHUN,2 ROOM,677A,YISHUN RING RD,01 TO 03,47.0,Model A,2018,93 years 07 months,325000.0
2024-04-01,YISHUN,2 ROOM,677A,YISHUN RING RD,04 TO 06,47.0,2-room,2018,93 years 07 months,316000.0
2024-04-01,YISHUN,2 ROOM,469A,YISHUN ST 43,04 TO 06,47.0,Model A,2019,94 years 09 months,338000.0
2024-04-01,YISHUN,2 ROOM,469A,YISHUN ST 43,10 TO 12,47.0,Model A,2019,94 years 08 months,335288.0
2024-04-01,YISHUN,3 ROOM,431B,YISHUN AVE 1,10 TO 12,67.0,Model A,2015,90 years 06 months,438000.0
2024-04-01,YISHUN,3 ROOM,429A,YISHUN AVE 11,07 TO 09,67.0,Model A,2015,90 years 09 months,440000.0
2024-04-01,YISHUN,3 ROOM,675D,YISHUN AVE 4,01 TO 03,68.0,Model A,2018,93 years 08 months,430000.0
2024-04-01,YISHUN,3 ROOM,675D,YISHUN AVE 4,04 TO 06,68.0,Model A,2018,93 years 08 months,460000.0
2024-04-01,YISHUN,3 ROOM,740,YISHUN AVE 5,07 TO 09,67.0,New Generation,1985,60 years 01 month,408000.0
2024-04-01,YISHUN,3 ROOM,706,YISHUN AVE 5,01 TO 03,68.0,New Generation,1984,58 years 10 months,370000.0
2024-04-01,YISHUN,3 ROOM,707,YISHUN AVE 5,07 TO 09,68.0,New Generation,1984,59 years,370000.0
2024-04-01,YISHUN,3 ROOM,101,YISHUN AVE 5,04 TO 06,68.0,New Generation,1978,53 years 03 months,420000.0
2024-04-01,YISHUN,3 ROOM,709,YISHUN AVE 5,07 TO 09,68.0,New Generation,1984,59 years 01 month,382000.0
2024-04-01,YISHUN,3 ROOM,742,YISHUN AVE 5,04 TO 06,67.0,New Generation,1985,60 years 09 months,405000.0
2024-04-01,YISHUN,3 ROOM,287,YISHUN AVE 6,01 TO 03,74.0,Model A,1985,60 years 05 months,401000.0
2024-04-01,YISHUN,3 ROOM,462D,YISHUN AVE 6,04 TO 06,68.0,Model A,2019,94 years 05 months,455000.0
2024-04-01,YISHUN,3 ROOM,283,YISHUN AVE 6,04 TO 06,74.0,Model A,1985,60 years 07 months,370000.0
2024-04-01,YISHUN,3 ROOM,172,YISHUN AVE 7,10 TO 12,64.0,Simplified,1988,63 years 04 months,375000.0
2024-04-01,YISHUN,3 ROOM,304,YISHUN CTRL,04 TO 06,74.0,Model A,1988,62 years 10 months,408000.0
2024-04-01,YISHUN,3 ROOM,781,YISHUN RING RD,04 TO 06,74.0,Model A,1988,63 years 05 months,412000.0
2024-04-01,YISHUN,3 ROOM,165,YISHUN RING RD,01 TO 03,70.0,Simplified,1988,63 years 04 months,380000.0
2024-04-01,YISHUN,3 ROOM,354,YISHUN RING RD,07 TO 09,74.0,Model A,1989,63 years 11 months,410000.0
2024-04-01,YISHUN,3 ROOM,813B,YISHUN RING RD,10 TO 12,67.0,Model A,2018,93 years 02 months,560000.0
2024-04-01,YISHUN,3 ROOM,103,YISHUN RING RD,01 TO 03,82.0,New Generation,1985,59 years 10 months,420000.0
2024-04-01,YISHUN,3 ROOM,621,YISHUN RING RD,10 TO 12,73.0,Model A,1988,62 years 11 months,430000.0
2024-04-01,YISHUN,3 ROOM,118,YISHUN RING RD,01 TO 03,74.0,Model A,1983,58 years 03 months,390000.0
2024-04-01,YISHUN,3 ROOM,243,YISHUN RING RD,07 TO 09,64.0,Simplified,1985,60 years 06 months,370000.0
2024-04-01,YISHUN,3 ROOM,781,YISHUN RING RD,10 TO 12,74.0,Model A,1988,63 years 04 months,395000.0
2024-04-01,YISHUN,3 ROOM,165,YISHUN RING RD,01 TO 03,64.0,Simplified,1988,63 years 03 months,380000.0
2024-04-01,YISHUN,3 ROOM,152,YISHUN ST 11,01 TO 03,66.0,New Generation,1985,60 years,400000.0
2024-04-01,YISHUN,3 ROOM,132,YISHUN ST 11,01 TO 03,74.0,Model A,1985,59 years 11 months,405000.0
2024-04-01,YISHUN,3 ROOM,134,YISHUN ST 11,10 TO 12,68.0,New Generation,1984,59 years 06 months,390000.0
2024-04-01,YISHUN,3 ROOM,153,YISHUN ST 11,07 TO 09,67.0,New Generation,1986,60 years 10 months,408000.0
2024-04-01,YISHUN,3 ROOM,135,YISHUN ST 11,04 TO 06,67.0,New Generation,1985,60 years 01 month,383000.0
2024-04-01,YISHUN,3 ROOM,160,YISHUN ST 11,07 TO 09,67.0,New Generation,1985,60 years 06 months,399000.0
2024-04-01,YISHUN,3 ROOM,127,YISHUN ST 11,04 TO 06,67.0,New Generation,1984,59 years 09 months,400000.0
2024-04-01,YISHUN,3 ROOM,122,YISHUN ST 11,01 TO 03,67.0,New Generation,1984,59 years 08 months,385000.0
2024-04-01,YISHUN,3 ROOM,153,YISHUN ST 11,04 TO 06,67.0,New Generation,1986,60 years 10 months,400000.0
2024-04-01,YISHUN,3 ROOM,160,YISHUN ST 11,04 TO 06,82.0,New Generation,1985,60 years 06 months,475000.0
2024-04-01,YISHUN,3 ROOM,204,YISHUN ST 21,10 TO 12,67.0,New Generation,1985,60 years,435000.0
2024-04-01,YISHUN,3 ROOM,224,YISHUN ST 21,04 TO 06,67.0,New Generation,1985,60 years 06 months,385000.0
2024-04-01,YISHUN,3 ROOM,204,YISHUN ST 21,07 TO 09,67.0,New Generation,1985,60 years 01 month,420000.0
2024-04-01,YISHUN,3 ROOM,223,YISHUN ST 21,10 TO 12,67.0,New Generation,1986,60 years 10 months,408000.0
2024-04-01,YISHUN,3 ROOM,233,YISHUN ST 21,01 TO 03,67.0,New Generation,1985,60 years 06 months,350000.0
2024-04-01,YISHUN,3 ROOM,205,YISHUN ST 21,10 TO 12,67.0,New Generation,1985,59 years 10 months,440000.0
2024-04-01,YISHUN,3 ROOM,223,YISHUN ST 21,01 TO 03,67.0,New Generation,1986,60 years 09 months,390000.0
2024-04-01,YISHUN,3 ROOM,454,YISHUN ST 41,13 TO 15,67.0,Model A,2013,88 years 04 months,450000.0
2024-04-01,YISHUN,3 ROOM,468A,YISHUN ST 43,07 TO 09,67.0,Model A,2019,94 years 10 months,450000.0
2024-04-01,YISHUN,3 ROOM,501A,YISHUN ST 51,04 TO 06,67.0,Model A,2018,92 years 10 months,470500.0
2024-04-01,YISHUN,3 ROOM,633A,YISHUN ST 61,01 TO 03,64.0,Simplified,1992,67 years 03 months,390000.0
2024-04-01,YISHUN,3 ROOM,830,YISHUN ST 81,07 TO 09,73.0,Model A,1988,63 years 03 months,428000.0
2024-04-01,YISHUN,3 ROOM,833,YISHUN ST 81,07 TO 09,73.0,Model A,1988,63 years 07 months,443000.0
2024-04-01,YISHUN,4 ROOM,431D,YISHUN AVE 1,04 TO 06,92.0,Model A,2015,90 years 06 months,530000.0
2024-04-01,YISHUN,4 ROOM,431D,YISHUN AVE 1,07 TO 09,92.0,Model A,2015,90 years 06 months,598888.0
2024-04-01,YISHUN,4 ROOM,425,YISHUN AVE 11,10 TO 12,84.0,Simplified,1988,63 years 05 months,449000.0
2024-04-01,YISHUN,4 ROOM,349,YISHUN AVE 11,01 TO 03,104.0,Model A,1988,63 years 05 months,500000.0
2024-04-01,YISHUN,4 ROOM,458,YISHUN AVE 11,10 TO 12,93.0,Model A,2013,88 years 05 months,575000.0
2024-04-01,YISHUN,4 ROOM,429B,YISHUN AVE 11,01 TO 03,92.0,Model A,2015,90 years 10 months,500000.0
2024-04-01,YISHUN,4 ROOM,348D,YISHUN AVE 11,13 TO 15,92.0,DBSS,2013,88 years 07 months,752000.0
2024-04-01,YISHUN,4 ROOM,348C,YISHUN AVE 11,16 TO 18,92.0,DBSS,2013,88 years 06 months,777888.0
2024-04-01,YISHUN,4 ROOM,443,YISHUN AVE 11,07 TO 09,92.0,Model A,2012,87 years 03 months,570000.0
2024-04-01,YISHUN,4 ROOM,771,YISHUN AVE 3,04 TO 06,84.0,Simplified,1985,60 years 07 months,470000.0
2024-04-01,YISHUN,4 ROOM,774,YISHUN AVE 3,10 TO 12,84.0,Simplified,1987,61 years 11 months,455000.0
2024-04-01,YISHUN,4 ROOM,675A,YISHUN AVE 4,04 TO 06,93.0,Model A,2018,93 years 09 months,528000.0
2024-04-01,YISHUN,4 ROOM,507A,YISHUN AVE 4,04 TO 06,93.0,Model A,2018,93 years 01 month,542888.0
2024-04-01,YISHUN,4 ROOM,864,YISHUN AVE 4,07 TO 09,104.0,Model A,1988,63 years 03 months,538000.0
2024-04-01,YISHUN,4 ROOM,673A,YISHUN AVE 4,01 TO 03,93.0,Model A,2018,93 years 08 months,525000.0
2024-04-01,YISHUN,4 ROOM,671A,YISHUN AVE 4,01 TO 03,93.0,Model A,2018,92 years 10 months,525000.0
2024-04-01,YISHUN,4 ROOM,508A,YISHUN AVE 4,07 TO 09,93.0,Model A,2018,93 years 01 month,580000.0
2024-04-01,YISHUN,4 ROOM,508A,YISHUN AVE 4,07 TO 09,93.0,Model A,2018,93 years,605000.0
2024-04-01,YISHUN,4 ROOM,394,YISHUN AVE 6,04 TO 06,104.0,Model A,1989,64 years 06 months,478000.0
2024-04-01,YISHUN,4 ROOM,435,YISHUN AVE 6,10 TO 12,104.0,Model A,1988,63 years 07 months,498000.0
2024-04-01,YISHUN,4 ROOM,394,YISHUN AVE 6,10 TO 12,105.0,Model A,1989,64 years 06 months,470000.0
2024-04-01,YISHUN,4 ROOM,462B,YISHUN AVE 6,04 TO 06,93.0,Model A,2019,94 years 06 months,560000.0
2024-04-01,YISHUN,4 ROOM,407,YISHUN AVE 6,04 TO 06,84.0,Simplified,1988,63 years 02 months,440000.0
2024-04-01,YISHUN,4 ROOM,462C,YISHUN AVE 6,01 TO 03,93.0,Model A,2019,94 years 05 months,530000.0
2024-04-01,YISHUN,4 ROOM,287,YISHUN AVE 6,07 TO 09,104.0,Model A,1985,60 years 05 months,500000.0
2024-04-01,YISHUN,4 ROOM,433,YISHUN AVE 6,10 TO 12,84.0,Simplified,1988,63 years 05 months,457000.0
2024-04-01,YISHUN,4 ROOM,462D,YISHUN AVE 6,10 TO 12,93.0,Model A,2019,94 years 05 months,561000.0
2024-04-01,YISHUN,4 ROOM,462D,YISHUN AVE 6,07 TO 09,93.0,Model A,2019,94 years 05 months,585000.0
2024-04-01,YISHUN,4 ROOM,462D,YISHUN AVE 6,10 TO 12,93.0,Model A,2019,94 years 04 months,575000.0
2024-04-01,YISHUN,4 ROOM,175,YISHUN AVE 7,13 TO 15,104.0,Model A,1986,61 years 06 months,500000.0
2024-04-01,YISHUN,4 ROOM,245,YISHUN AVE 9,01 TO 03,105.0,Model A,1985,60 years 02 months,495800.0
2024-04-01,YISHUN,4 ROOM,245,YISHUN AVE 9,07 TO 09,84.0,Simplified,1985,60 years 02 months,435000.0
2024-04-01,YISHUN,4 ROOM,316A,YISHUN AVE 9,04 TO 06,92.0,Model A,2015,90 years 07 months,560000.0
2024-04-01,YISHUN,4 ROOM,317C,YISHUN AVE 9,07 TO 09,92.0,Model A,2015,90 years 06 months,600000.0
2024-04-01,YISHUN,4 ROOM,322,YISHUN CTRL,07 TO 09,106.0,Model A,1988,63 years 05 months,495000.0
2024-04-01,YISHUN,4 ROOM,304,YISHUN CTRL,04 TO 06,108.0,Model A,1988,62 years 10 months,503000.0
2024-04-01,YISHUN,4 ROOM,930,YISHUN CTRL 1,04 TO 06,104.0,Model A,1993,67 years 11 months,628000.0
2024-04-01,YISHUN,4 ROOM,165,YISHUN RING RD,07 TO 09,103.0,Model A,1988,63 years 04 months,499000.0
2024-04-01,YISHUN,4 ROOM,388,YISHUN RING RD,01 TO 03,84.0,Simplified,1988,63 years 03 months,410000.0
2024-04-01,YISHUN,4 ROOM,363,YISHUN RING RD,04 TO 06,105.0,Model A,1988,63 years 10 months,498000.0
2024-04-01,YISHUN,4 ROOM,677A,YISHUN RING RD,01 TO 03,93.0,Model A,2018,93 years 07 months,547888.0
2024-04-01,YISHUN,4 ROOM,365,YISHUN RING RD,01 TO 03,104.0,Model A,1989,64 years 01 month,475000.0
2024-04-01,YISHUN,4 ROOM,166,YISHUN RING RD,07 TO 09,83.0,Simplified,1987,62 years 09 months,418000.0
2024-04-01,YISHUN,4 ROOM,795,YISHUN RING RD,13 TO 15,84.0,Simplified,1987,61 years 11 months,500000.0
2024-04-01,YISHUN,4 ROOM,329,YISHUN RING RD,10 TO 12,84.0,Simplified,1988,62 years 10 months,460000.0
2024-04-01,YISHUN,4 ROOM,312,YISHUN RING RD,01 TO 03,84.0,Simplified,1987,62 years 01 month,453000.0
2024-04-01,YISHUN,4 ROOM,166,YISHUN RING RD,01 TO 03,83.0,Simplified,1987,62 years 09 months,453000.0
2024-04-01,YISHUN,4 ROOM,254,YISHUN RING RD,07 TO 09,104.0,Model A,1985,60 years 05 months,490000.0
2024-04-01,YISHUN,4 ROOM,676B,YISHUN RING RD,10 TO 12,93.0,Model A,2018,93 years 07 months,638000.0
2024-04-01,YISHUN,4 ROOM,803,YISHUN RING RD,04 TO 06,105.0,Model A,1988,62 years 10 months,562000.0
2024-04-01,YISHUN,4 ROOM,805,YISHUN RING RD,04 TO 06,84.0,Simplified,1987,62 years 02 months,490000.0
2024-04-01,YISHUN,4 ROOM,357,YISHUN RING RD,04 TO 06,104.0,Model A,1988,63 years 05 months,530000.0
2024-04-01,YISHUN,4 ROOM,153,YISHUN ST 11,04 TO 06,96.0,New Generation,1986,60 years 10 months,526000.0
2024-04-01,YISHUN,4 ROOM,122,YISHUN ST 11,01 TO 03,91.0,New Generation,1984,59 years 08 months,490000.0
2024-04-01,YISHUN,4 ROOM,228,YISHUN ST 21,01 TO 03,96.0,New Generation,1985,60 years 09 months,475000.0
2024-04-01,YISHUN,4 ROOM,269,YISHUN ST 22,07 TO 09,104.0,Model A,1988,63 years,500888.0
2024-04-01,YISHUN,4 ROOM,334D,YISHUN ST 31,10 TO 12,92.0,Model A,2015,90 years 08 months,560000.0
2024-04-01,YISHUN,4 ROOM,334A,YISHUN ST 31,07 TO 09,92.0,Model A,2015,90 years 07 months,550000.0
2024-04-01,YISHUN,4 ROOM,455,YISHUN ST 41,10 TO 12,93.0,Model A,2013,88 years 05 months,558800.0
2024-04-01,YISHUN,4 ROOM,468A,YISHUN ST 43,04 TO 06,93.0,Model A,2019,94 years 08 months,555000.0
2024-04-01,YISHUN,4 ROOM,469B,YISHUN ST 43,04 TO 06,93.0,Model A,2019,94 years 08 months,550000.0
2024-04-01,YISHUN,4 ROOM,512A,YISHUN ST 51,04 TO 06,93.0,Model A,2017,92 years 05 months,550000.0
2024-04-01,YISHUN,4 ROOM,512C,YISHUN ST 51,04 TO 06,93.0,Model A,2017,92 years 05 months,545000.0
2024-04-01,YISHUN,4 ROOM,513D,YISHUN ST 51,07 TO 09,93.0,Model A,2018,92 years 11 months,585000.0
2024-04-01,YISHUN,4 ROOM,511A,YISHUN ST 51,04 TO 06,93.0,Model A,2017,92 years 05 months,530000.0
2024-04-01,YISHUN,4 ROOM,629,YISHUN ST 61,04 TO 06,103.0,Model A,1988,63 years 02 months,538000.0
2024-04-01,YISHUN,4 ROOM,634,YISHUN ST 61,01 TO 03,104.0,Model A,1987,62 years 08 months,505000.0
2024-04-01,YISHUN,4 ROOM,635,YISHUN ST 61,10 TO 12,84.0,Simplified,1987,62 years 06 months,475000.0
2024-04-01,YISHUN,4 ROOM,613,YISHUN ST 61,07 TO 09,85.0,Simplified,1987,62 years 01 month,491000.0
2024-04-01,YISHUN,4 ROOM,638,YISHUN ST 61,07 TO 09,84.0,Simplified,1987,62 years,508888.0
2024-04-01,YISHUN,4 ROOM,638,YISHUN ST 61,01 TO 03,84.0,Simplified,1987,61 years 11 months,468000.0
2024-04-01,YISHUN,4 ROOM,639,YISHUN ST 61,07 TO 09,104.0,Model A,1987,62 years 05 months,533000.0
2024-04-01,YISHUN,4 ROOM,738,YISHUN ST 72,04 TO 06,91.0,New Generation,1985,59 years 10 months,500000.0
2024-04-01,YISHUN,4 ROOM,754,YISHUN ST 72,04 TO 06,84.0,Simplified,1985,60 years 07 months,475000.0
2024-04-01,YISHUN,4 ROOM,879,YISHUN ST 81,10 TO 12,84.0,Simplified,1987,62 years 07 months,500000.0
2024-04-01,YISHUN,4 ROOM,875,YISHUN ST 81,04 TO 06,84.0,Simplified,1988,62 years 10 months,488000.0
2024-04-01,YISHUN,4 ROOM,865,YISHUN ST 81,07 TO 09,104.0,Model A,1988,63 years,560000.0
2024-04-01,YISHUN,4 ROOM,875,YISHUN ST 81,07 TO 09,84.0,Simplified,1988,62 years 10 months,500000.0
2024-04-01,YISHUN,4 ROOM,875,YISHUN ST 81,01 TO 03,84.0,Simplified,1988,62 years 09 months,460000.0
2024-04-01,YISHUN,5 ROOM,432A,YISHUN AVE 1,07 TO 09,112.0,Improved,2015,90 years 07 months,660000.0
2024-04-01,YISHUN,5 ROOM,432B,YISHUN AVE 1,13 TO 15,112.0,Improved,2015,90 years 06 months,658000.0
2024-04-01,YISHUN,5 ROOM,432A,YISHUN AVE 1,04 TO 06,112.0,Improved,2015,90 years 05 months,640000.0
2024-04-01,YISHUN,5 ROOM,432A,YISHUN AVE 1,04 TO 06,112.0,Improved,2015,90 years 05 months,635000.0
2024-04-01,YISHUN,5 ROOM,428B,YISHUN AVE 11,13 TO 15,112.0,Improved,2015,89 years 11 months,695000.0
2024-04-01,YISHUN,5 ROOM,733,YISHUN AVE 5,07 TO 09,121.0,Improved,1984,59 years 06 months,620000.0
2024-04-01,YISHUN,5 ROOM,305,YISHUN CTRL,07 TO 09,122.0,Improved,1988,63 years,643000.0
2024-04-01,YISHUN,5 ROOM,357,YISHUN RING RD,01 TO 03,122.0,Improved,1988,63 years 05 months,585000.0
2024-04-01,YISHUN,5 ROOM,795,YISHUN RING RD,07 TO 09,121.0,Improved,1987,61 years 11 months,688000.0
2024-04-01,YISHUN,5 ROOM,238,YISHUN RING RD,01 TO 03,121.0,Improved,1985,60 years 04 months,600000.0
2024-04-01,YISHUN,5 ROOM,240,YISHUN RING RD,10 TO 12,121.0,Improved,1985,60 years 04 months,595000.0
2024-04-01,YISHUN,5 ROOM,357,YISHUN RING RD,04 TO 06,122.0,Improved,1988,63 years 05 months,598000.0
2024-04-01,YISHUN,5 ROOM,161,YISHUN ST 11,10 TO 12,126.0,Improved,1985,60 years 03 months,620000.0
2024-04-01,YISHUN,5 ROOM,298,YISHUN ST 20,01 TO 03,112.0,Improved,2000,75 years 08 months,585000.0
2024-04-01,YISHUN,5 ROOM,335C,YISHUN ST 31,13 TO 15,112.0,Improved,2015,90 years 08 months,673800.0
2024-04-01,YISHUN,5 ROOM,334C,YISHUN ST 31,13 TO 15,112.0,Improved,2015,90 years 08 months,705000.0
2024-04-01,YISHUN,5 ROOM,502D,YISHUN ST 51,07 TO 09,112.0,Improved,2018,92 years 10 months,725000.0
2024-04-01,YISHUN,5 ROOM,512C,YISHUN ST 51,07 TO 09,113.0,Improved,2017,92 years 05 months,718000.0
2024-04-01,YISHUN,5 ROOM,511A,YISHUN ST 51,13 TO 15,113.0,Improved,2017,92 years 05 months,710000.0
2024-04-01,YISHUN,5 ROOM,502B,YISHUN ST 51,07 TO 09,112.0,Improved,2018,92 years 10 months,735000.0
2024-04-01,YISHUN,5 ROOM,513B,YISHUN ST 51,07 TO 09,113.0,Improved,2018,92 years 10 months,710000.0
2024-04-01,YISHUN,5 ROOM,513D,YISHUN ST 51,10 TO 12,113.0,Improved,2018,92 years 10 months,765888.0
2024-04-01,YISHUN,5 ROOM,504B,YISHUN ST 51,01 TO 03,113.0,Improved,2016,90 years 11 months,625000.0
2024-04-01,YISHUN,5 ROOM,647,YISHUN ST 61,07 TO 09,121.0,Improved,1987,62 years 01 month,668888.0
2024-04-01,YISHUN,5 ROOM,757,YISHUN ST 72,04 TO 06,122.0,Improved,1986,61 years 07 months,658000.0
2024-04-01,YISHUN,5 ROOM,865,YISHUN ST 81,10 TO 12,127.0,Improved,1988,63 years,715000.0
2024-04-01,YISHUN,EXECUTIVE,652,YISHUN AVE 4,07 TO 09,181.0,Apartment,1992,67 years 03 months,1080000.0
2024-04-01,YISHUN,EXECUTIVE,392,YISHUN AVE 6,07 TO 09,142.0,Apartment,1988,63 years 03 months,780888.0
2024-04-01,YISHUN,EXECUTIVE,324,YISHUN CTRL,04 TO 06,146.0,Apartment,1988,63 years 04 months,830000.0
2024-04-01,YISHUN,EXECUTIVE,326,YISHUN RING RD,04 TO 06,146.0,Maisonette,1988,63 years 04 months,880000.0
2024-04-01,YISHUN,EXECUTIVE,826,YISHUN ST 81,04 TO 06,146.0,Maisonette,1988,62 years 10 months,900000.0
2024-04-01,YISHUN,EXECUTIVE,836,YISHUN ST 81,04 TO 06,142.0,Apartment,1988,62 years 10 months,805000.0
2024-05-01,ANG MO KIO,3 ROOM,330,ANG MO KIO AVE 1,07 TO 09,68.0,New Generation,1981,55 years 10 months,418000.0
2024-05-01,ANG MO KIO,3 ROOM,333,ANG MO KIO AVE 1,04 TO 06,68.0,New Generation,1981,55 years 10 months,378000.0
2024-05-01,ANG MO KIO,3 ROOM,307C,ANG MO KIO AVE 1,16 TO 18,70.0,Model A,2012,87 years 05 months,640000.0
2024-05-01,ANG MO KIO,3 ROOM,321,ANG MO KIO AVE 1,07 TO 09,73.0,New Generation,1977,52 years,425000.0
2024-05-01,ANG MO KIO,3 ROOM,218,ANG MO KIO AVE 1,10 TO 12,67.0,New Generation,1976,51 years 01 month,418000.0
2024-05-01,ANG MO KIO,3 ROOM,434,ANG MO KIO AVE 10,10 TO 12,67.0,New Generation,1979,53 years 09 months,410000.0
2024-05-01,ANG MO KIO,3 ROOM,446,ANG MO KIO AVE 10,04 TO 06,68.0,New Generation,1979,54 years 04 months,355000.0
2024-05-01,ANG MO KIO,3 ROOM,560,ANG MO KIO AVE 10,10 TO 12,82.0,New Generation,1980,54 years 10 months,420000.0
2024-05-01,ANG MO KIO,3 ROOM,540,ANG MO KIO AVE 10,04 TO 06,68.0,New Generation,1981,55 years 09 months,355000.0
2024-05-01,ANG MO KIO,3 ROOM,560,ANG MO KIO AVE 10,01 TO 03,67.0,New Generation,1980,54 years 11 months,375000.0
2024-05-01,ANG MO KIO,3 ROOM,445,ANG MO KIO AVE 10,04 TO 06,67.0,New Generation,1979,54 years 04 months,388000.0
2024-05-01,ANG MO KIO,3 ROOM,463,ANG MO KIO AVE 10,04 TO 06,68.0,New Generation,1980,54 years 11 months,368000.0
2024-05-01,ANG MO KIO,3 ROOM,463,ANG MO KIO AVE 10,01 TO 03,68.0,New Generation,1980,54 years 10 months,350000.0
2024-05-01,ANG MO KIO,3 ROOM,474,ANG MO KIO AVE 10,07 TO 09,67.0,New Generation,1984,58 years 09 months,380000.0
2024-05-01,ANG MO KIO,3 ROOM,575,ANG MO KIO AVE 10,13 TO 15,67.0,New Generation,1980,54 years 09 months,385000.0
2024-05-01,ANG MO KIO,3 ROOM,550,ANG MO KIO AVE 10,07 TO 09,68.0,New Generation,1981,55 years 09 months,362888.0
2024-05-01,ANG MO KIO,3 ROOM,405,ANG MO KIO AVE 10,10 TO 12,67.0,New Generation,1979,54 years 01 month,350000.0
2024-05-01,ANG MO KIO,3 ROOM,542,ANG MO KIO AVE 10,01 TO 03,68.0,New Generation,1981,55 years 09 months,352000.0
2024-05-01,ANG MO KIO,3 ROOM,464,ANG MO KIO AVE 10,01 TO 03,75.0,New Generation,1980,54 years 10 months,408000.0
2024-05-01,ANG MO KIO,3 ROOM,549,ANG MO KIO AVE 10,10 TO 12,68.0,New Generation,1981,55 years 09 months,385000.0
2024-05-01,ANG MO KIO,3 ROOM,466,ANG MO KIO AVE 10,01 TO 03,67.0,New Generation,1984,59 years 05 months,360000.0
2024-05-01,ANG MO KIO,3 ROOM,536,ANG MO KIO AVE 10,07 TO 09,68.0,New Generation,1980,54 years 10 months,380000.0
2024-05-01,ANG MO KIO,3 ROOM,403,ANG MO KIO AVE 10,04 TO 06,67.0,New Generation,1979,54 years,356000.0
2024-05-01,ANG MO KIO,3 ROOM,576,ANG MO KIO AVE 10,07 TO 09,67.0,New Generation,1980,54 years 08 months,440000.0
2024-05-01,ANG MO KIO,3 ROOM,212,ANG MO KIO AVE 3,07 TO 09,67.0,New Generation,1977,52 years 01 month,378888.0
2024-05-01,ANG MO KIO,3 ROOM,213,ANG MO KIO AVE 3,10 TO 12,67.0,New Generation,1976,51 years,390000.0
2024-05-01,ANG MO KIO,3 ROOM,425,ANG MO KIO AVE 3,07 TO 09,73.0,New Generation,1979,53 years 09 months,430000.0
2024-05-01,ANG MO KIO,3 ROOM,313,ANG MO KIO AVE 3,07 TO 09,73.0,New Generation,1978,52 years 10 months,442888.0
2024-05-01,ANG MO KIO,3 ROOM,302,ANG MO KIO AVE 3,04 TO 06,73.0,New Generation,1978,52 years 11 months,455000.0
2024-05-01,ANG MO KIO,3 ROOM,425,ANG MO KIO AVE 3,10 TO 12,73.0,New Generation,1979,53 years 09 months,438888.0
2024-05-01,ANG MO KIO,3 ROOM,585,ANG MO KIO AVE 3,10 TO 12,81.0,New Generation,1979,54 years 02 months,500000.0
2024-05-01,ANG MO KIO,3 ROOM,128,ANG MO KIO AVE 3,01 TO 03,67.0,New Generation,1978,53 years 05 months,370000.0
2024-05-01,ANG MO KIO,3 ROOM,322,ANG MO KIO AVE 3,01 TO 03,73.0,New Generation,1977,52 years 02 months,438800.0
2024-05-01,ANG MO KIO,3 ROOM,424,ANG MO KIO AVE 3,07 TO 09,73.0,New Generation,1979,53 years 09 months,433888.0
2024-05-01,ANG MO KIO,3 ROOM,235,ANG MO KIO AVE 3,10 TO 12,67.0,New Generation,1977,52 years 05 months,386000.0
2024-05-01,ANG MO KIO,3 ROOM,348,ANG MO KIO AVE 3,07 TO 09,73.0,New Generation,1978,52 years 11 months,450000.0
2024-05-01,ANG MO KIO,3 ROOM,156,ANG MO KIO AVE 4,07 TO 09,68.0,New Generation,1981,56 years 01 month,382000.0
2024-05-01,ANG MO KIO,3 ROOM,108,ANG MO KIO AVE 4,10 TO 12,67.0,New Generation,1978,53 years 05 months,450000.0
2024-05-01,ANG MO KIO,3 ROOM,117,ANG MO KIO AVE 4,01 TO 03,89.0,New Generation,1978,53 years 01 month,485000.0
2024-05-01,ANG MO KIO,3 ROOM,170,ANG MO KIO AVE 4,07 TO 09,60.0,Improved,1986,60 years 08 months,368000.0
2024-05-01,ANG MO KIO,3 ROOM,610,ANG MO KIO AVE 4,10 TO 12,68.0,New Generation,1980,55 years 07 months,385000.0
2024-05-01,ANG MO KIO,3 ROOM,524,ANG MO KIO AVE 5,07 TO 09,82.0,New Generation,1980,55 years 04 months,482000.0
2024-05-01,ANG MO KIO,3 ROOM,153,ANG MO KIO AVE 5,04 TO 06,68.0,New Generation,1981,55 years 09 months,380000.0
2024-05-01,ANG MO KIO,3 ROOM,643,ANG MO KIO AVE 5,04 TO 06,75.0,New Generation,1980,55 years 07 months,420000.0
2024-05-01,ANG MO KIO,3 ROOM,524,ANG MO KIO AVE 5,04 TO 06,68.0,New Generation,1980,55 years 04 months,393000.0
2024-05-01,ANG MO KIO,3 ROOM,182,ANG MO KIO AVE 5,01 TO 03,68.0,New Generation,1981,56 years,360000.0
2024-05-01,ANG MO KIO,3 ROOM,523,ANG MO KIO AVE 5,10 TO 12,68.0,New Generation,1980,55 years 04 months,440000.0
2024-05-01,ANG MO KIO,3 ROOM,606,ANG MO KIO AVE 5,07 TO 09,67.0,New Generation,1980,55 years 02 months,370000.0
2024-05-01,ANG MO KIO,3 ROOM,611,ANG MO KIO AVE 5,04 TO 06,67.0,New Generation,1980,55 years 02 months,388888.0
2024-05-01,ANG MO KIO,3 ROOM,523,ANG MO KIO AVE 5,04 TO 06,68.0,New Generation,1980,55 years 03 months,375000.0
2024-05-01,ANG MO KIO,3 ROOM,649,ANG MO KIO AVE 5,10 TO 12,75.0,New Generation,1980,55 years 06 months,425000.0
2024-05-01,ANG MO KIO,3 ROOM,713,ANG MO KIO AVE 6,04 TO 06,68.0,New Generation,1980,55 years 03 months,395000.0
2024-05-01,ANG MO KIO,3 ROOM,504,ANG MO KIO AVE 8,04 TO 06,68.0,New Generation,1980,55 years 04 months,390000.0
2024-05-01,ANG MO KIO,3 ROOM,513,ANG MO KIO AVE 8,04 TO 06,67.0,New Generation,1984,59 years 05 months,420000.0
2024-05-01,ANG MO KIO,3 ROOM,512,ANG MO KIO AVE 8,04 TO 06,68.0,New Generation,1980,55 years 04 months,405000.0
2024-05-01,ANG MO KIO,3 ROOM,591A,ANG MO KIO ST 51,25 TO 27,68.0,Model A,2019,93 years 10 months,750000.0
2024-05-01,ANG MO KIO,3 ROOM,590B,ANG MO KIO ST 51,01 TO 03,68.0,Model A,2019,93 years 09 months,620000.0
2024-05-01,ANG MO KIO,4 ROOM,308A,ANG MO KIO AVE 1,19 TO 21,94.0,Model A,2012,87 years 05 months,915888.0
2024-05-01,ANG MO KIO,4 ROOM,303,ANG MO KIO AVE 1,07 TO 09,97.0,New Generation,1977,51 years 11 months,610888.0
2024-05-01,ANG MO KIO,4 ROOM,207,ANG MO KIO AVE 1,07 TO 09,98.0,New Generation,1976,51 years 03 months,545000.0
2024-05-01,ANG MO KIO,4 ROOM,411,ANG MO KIO AVE 10,01 TO 03,92.0,New Generation,1979,54 years 04 months,475000.0
2024-05-01,ANG MO KIO,4 ROOM,470,ANG MO KIO AVE 10,04 TO 06,92.0,New Generation,1979,54 years 07 months,480000.0
2024-05-01,ANG MO KIO,4 ROOM,558,ANG MO KIO AVE 10,07 TO 09,92.0,New Generation,1980,54 years 10 months,502000.0
2024-05-01,ANG MO KIO,4 ROOM,540,ANG MO KIO AVE 10,04 TO 06,93.0,New Generation,1981,55 years 09 months,500000.0
2024-05-01,ANG MO KIO,4 ROOM,131,ANG MO KIO AVE 3,07 TO 09,98.0,New Generation,1979,53 years 10 months,545000.0
2024-05-01,ANG MO KIO,4 ROOM,204,ANG MO KIO AVE 3,01 TO 03,92.0,New Generation,1977,51 years 09 months,488000.0
2024-05-01,ANG MO KIO,4 ROOM,345,ANG MO KIO AVE 3,10 TO 12,98.0,New Generation,1978,53 years,688000.0
2024-05-01,ANG MO KIO,4 ROOM,131,ANG MO KIO AVE 3,01 TO 03,98.0,New Generation,1979,53 years 09 months,500000.0
2024-05-01,ANG MO KIO,4 ROOM,102,ANG MO KIO AVE 3,10 TO 12,106.0,Model A,1993,67 years 11 months,695588.0
2024-05-01,ANG MO KIO,4 ROOM,234,ANG MO KIO AVE 3,07 TO 09,102.0,Model A,1993,67 years 11 months,615000.0
2024-05-01,ANG MO KIO,4 ROOM,118,ANG MO KIO AVE 4,04 TO 06,99.0,New Generation,1978,53 years 01 month,550000.0
2024-05-01,ANG MO KIO,4 ROOM,610,ANG MO KIO AVE 4,07 TO 09,95.0,New Generation,1980,55 years 07 months,535000.0
2024-05-01,ANG MO KIO,4 ROOM,179,ANG MO KIO AVE 5,07 TO 09,92.0,New Generation,1981,56 years,525000.0
2024-05-01,ANG MO KIO,4 ROOM,605,ANG MO KIO AVE 5,01 TO 03,91.0,New Generation,1980,55 years 02 months,472000.0
2024-05-01,ANG MO KIO,4 ROOM,634,ANG MO KIO AVE 6,10 TO 12,91.0,New Generation,1980,55 years 03 months,560000.0
2024-05-01,ANG MO KIO,4 ROOM,633,ANG MO KIO AVE 6,01 TO 03,93.0,New Generation,1985,59 years 09 months,568000.0
2024-05-01,ANG MO KIO,4 ROOM,700A,ANG MO KIO AVE 6,07 TO 09,90.0,Model A,2003,78 years 05 months,785000.0
2024-05-01,ANG MO KIO,4 ROOM,260A,ANG MO KIO ST 21,13 TO 15,92.0,Model A,2018,93 years 02 months,930000.0
2024-05-01,ANG MO KIO,4 ROOM,315A,ANG MO KIO ST 31,01 TO 03,95.0,Model A,2006,81 years,742000.0
2024-05-01,ANG MO KIO,4 ROOM,352,ANG MO KIO ST 32,16 TO 18,90.0,Model A,2001,76 years 07 months,765000.0
2024-05-01,ANG MO KIO,4 ROOM,353,ANG MO KIO ST 32,28 TO 30,90.0,Model A,2001,76 years 05 months,720000.0
2024-05-01,ANG MO KIO,4 ROOM,350,ANG MO KIO ST 32,13 TO 15,95.0,Model A,2001,76 years 08 months,680000.0
2024-05-01,ANG MO KIO,4 ROOM,455C,ANG MO KIO ST 44,16 TO 18,93.0,Model A,2018,92 years 11 months,933000.0
2024-05-01,ANG MO KIO,4 ROOM,590B,ANG MO KIO ST 51,31 TO 33,93.0,Model A,2019,93 years 10 months,1029991.0
2024-05-01,ANG MO KIO,4 ROOM,590A,ANG MO KIO ST 51,01 TO 03,93.0,Model A,2019,93 years 10 months,884000.0
2024-05-01,ANG MO KIO,4 ROOM,590A,ANG MO KIO ST 51,16 TO 18,93.0,Model A,2019,93 years 10 months,975000.0
2024-05-01,ANG MO KIO,4 ROOM,596D,ANG MO KIO ST 52,13 TO 15,85.0,Model A,2003,77 years 09 months,760000.0
2024-05-01,ANG MO KIO,5 ROOM,305,ANG MO KIO AVE 1,07 TO 09,123.0,Standard,1977,52 years 03 months,720000.0
2024-05-01,ANG MO KIO,5 ROOM,459,ANG MO KIO AVE 10,19 TO 21,120.0,Improved,1980,54 years 09 months,730000.0
2024-05-01,ANG MO KIO,5 ROOM,439,ANG MO KIO AVE 10,07 TO 09,119.0,Improved,1979,53 years 09 months,655000.0
2024-05-01,ANG MO KIO,5 ROOM,132,ANG MO KIO AVE 3,07 TO 09,123.0,Standard,1979,53 years 09 months,780000.0
2024-05-01,ANG MO KIO,5 ROOM,618,ANG MO KIO AVE 4,01 TO 03,133.0,Model A,1996,71 years 02 months,700000.0
2024-05-01,ANG MO KIO,5 ROOM,648,ANG MO KIO AVE 5,04 TO 06,121.0,Improved,1980,55 years 07 months,700000.0
2024-05-01,ANG MO KIO,5 ROOM,521,ANG MO KIO AVE 5,16 TO 18,118.0,Improved,1980,55 years 04 months,770000.0
2024-05-01,ANG MO KIO,5 ROOM,501,ANG MO KIO AVE 5,10 TO 12,121.0,Improved,1981,55 years 09 months,683000.0
2024-05-01,ANG MO KIO,5 ROOM,620,ANG MO KIO AVE 9,01 TO 03,121.0,Improved,1980,55 years 06 months,669000.0
2024-05-01,ANG MO KIO,5 ROOM,315A,ANG MO KIO ST 31,22 TO 24,110.0,Improved,2006,80 years 11 months,905000.0
2024-05-01,ANG MO KIO,EXECUTIVE,104A,ANG MO KIO ST 11,04 TO 06,144.0,Apartment,1996,71 years 01 month,1094888.0
2024-05-01,BEDOK,2 ROOM,114,BEDOK NTH ST 2,04 TO 06,44.0,Improved,1978,53 years 02 months,272000.0
2024-05-01,BEDOK,2 ROOM,534,BEDOK NTH ST 3,01 TO 03,45.0,Improved,1986,60 years 10 months,315000.0
2024-05-01,BEDOK,3 ROOM,219D,BEDOK CTRL,13 TO 15,69.0,Model A,2010,85 years 01 month,605000.0
2024-05-01,BEDOK,3 ROOM,521,BEDOK NTH AVE 1,10 TO 12,67.0,New Generation,1979,54 years 03 months,405000.0
2024-05-01,BEDOK,3 ROOM,412,BEDOK NTH AVE 2,04 TO 06,67.0,New Generation,1979,54 years 01 month,399888.0
2024-05-01,BEDOK,3 ROOM,102,BEDOK NTH AVE 4,01 TO 03,82.0,New Generation,1977,52 years 04 months,395000.0
2024-05-01,BEDOK,3 ROOM,107,BEDOK NTH RD,07 TO 09,67.0,New Generation,1977,52 years 03 months,398000.0
2024-05-01,BEDOK,3 ROOM,425,BEDOK NTH RD,10 TO 12,67.0,New Generation,1979,53 years 09 months,433000.0
2024-05-01,BEDOK,3 ROOM,110,BEDOK NTH RD,04 TO 06,82.0,New Generation,1977,52 years 03 months,418000.0
2024-05-01,BEDOK,3 ROOM,117,BEDOK NTH RD,13 TO 15,88.0,New Generation,1978,53 years 01 month,448000.0
2024-05-01,BEDOK,3 ROOM,108,BEDOK NTH RD,01 TO 03,67.0,New Generation,1977,52 years 03 months,361000.0
2024-05-01,BEDOK,3 ROOM,76,BEDOK NTH RD,04 TO 06,59.0,Improved,1978,52 years 09 months,328000.0
2024-05-01,BEDOK,3 ROOM,419,BEDOK NTH ST 1,10 TO 12,68.0,New Generation,1979,53 years 10 months,441000.0
2024-05-01,BEDOK,3 ROOM,419,BEDOK NTH ST 1,07 TO 09,68.0,New Generation,1979,53 years 09 months,488000.0
2024-05-01,BEDOK,3 ROOM,420,BEDOK NTH ST 1,07 TO 09,82.0,New Generation,1979,53 years 09 months,465000.0
2024-05-01,BEDOK,3 ROOM,126,BEDOK NTH ST 2,04 TO 06,67.0,New Generation,1978,53 years 01 month,365000.0
2024-05-01,BEDOK,3 ROOM,122,BEDOK NTH ST 2,07 TO 09,67.0,New Generation,1978,52 years 11 months,406000.0
2024-05-01,BEDOK,3 ROOM,537,BEDOK NTH ST 3,04 TO 06,68.0,New Generation,1980,54 years 10 months,373000.0
2024-05-01,BEDOK,3 ROOM,531,BEDOK NTH ST 3,01 TO 03,68.0,New Generation,1979,54 years 04 months,350000.0
2024-05-01,BEDOK,3 ROOM,532,BEDOK NTH ST 3,13 TO 15,68.0,New Generation,1980,54 years 09 months,375000.0
2024-05-01,BEDOK,3 ROOM,539,BEDOK NTH ST 3,01 TO 03,68.0,New Generation,1980,54 years 10 months,368000.0
2024-05-01,BEDOK,3 ROOM,503,BEDOK NTH ST 3,04 TO 06,70.0,Improved,1978,53 years,340000.0
2024-05-01,BEDOK,3 ROOM,525,BEDOK NTH ST 3,01 TO 03,67.0,New Generation,1979,54 years 03 months,360000.0
2024-05-01,BEDOK,3 ROOM,504,BEDOK NTH ST 3,13 TO 15,59.0,Improved,1978,53 years,335000.0
2024-05-01,BEDOK,3 ROOM,502,BEDOK NTH ST 3,04 TO 06,59.0,Improved,1978,53 years,330000.0
2024-05-01,BEDOK,3 ROOM,554,BEDOK NTH ST 3,04 TO 06,68.0,New Generation,1980,55 years 02 months,375000.0
2024-05-01,BEDOK,3 ROOM,533,BEDOK NTH ST 3,07 TO 09,68.0,New Generation,1980,54 years 09 months,360000.0
2024-05-01,BEDOK,3 ROOM,525,BEDOK NTH ST 3,10 TO 12,67.0,New Generation,1979,54 years 03 months,350000.0
2024-05-01,BEDOK,3 ROOM,532,BEDOK NTH ST 3,13 TO 15,68.0,New Generation,1980,54 years 09 months,385000.0
2024-05-01,BEDOK,3 ROOM,502,BEDOK NTH ST 3,04 TO 06,59.0,Improved,1978,53 years,345000.0
2024-05-01,BEDOK,3 ROOM,534,BEDOK NTH ST 3,01 TO 03,60.0,Improved,1986,60 years 09 months,336888.0
2024-05-01,BEDOK,3 ROOM,188A,BEDOK NTH ST 4,07 TO 09,68.0,Model A,2018,93 years 08 months,570000.0
2024-05-01,BEDOK,3 ROOM,188C,BEDOK NTH ST 4,16 TO 18,68.0,Model A,2020,94 years 08 months,610000.0
2024-05-01,BEDOK,3 ROOM,748B,BEDOK RESERVOIR CRES,01 TO 03,67.0,DBSS,2014,89 years 05 months,568000.0
2024-05-01,BEDOK,3 ROOM,150,BEDOK RESERVOIR RD,04 TO 06,63.0,Simplified,1988,63 years 03 months,375000.0
2024-05-01,BEDOK,3 ROOM,144,BEDOK RESERVOIR RD,01 TO 03,70.0,Simplified,1987,61 years 10 months,410000.0
2024-05-01,BEDOK,3 ROOM,701,BEDOK RESERVOIR RD,04 TO 06,68.0,New Generation,1980,55 years 07 months,385000.0
2024-05-01,BEDOK,3 ROOM,709,BEDOK RESERVOIR RD,01 TO 03,68.0,New Generation,1981,56 years 03 months,380000.0
2024-05-01,BEDOK,3 ROOM,620,BEDOK RESERVOIR RD,07 TO 09,61.0,Improved,1986,61 years 04 months,425000.0
2024-05-01,BEDOK,3 ROOM,702,BEDOK RESERVOIR RD,01 TO 03,68.0,New Generation,1980,55 years 07 months,368000.0
2024-05-01,BEDOK,3 ROOM,742,BEDOK RESERVOIR RD,04 TO 06,67.0,New Generation,1986,61 years 03 months,419000.0
2024-05-01,BEDOK,3 ROOM,22,BEDOK STH AVE 1,10 TO 12,73.0,New Generation,1977,52 years 01 month,450000.0
2024-05-01,BEDOK,3 ROOM,1,BEDOK STH AVE 1,10 TO 12,59.0,Improved,1976,50 years 10 months,345000.0
2024-05-01,BEDOK,3 ROOM,2,BEDOK STH AVE 1,04 TO 06,65.0,Improved,1976,50 years 09 months,395000.0
2024-05-01,BEDOK,3 ROOM,1,BEDOK STH AVE 1,04 TO 06,59.0,Improved,1976,50 years 09 months,363000.0
2024-05-01,BEDOK,3 ROOM,2,BEDOK STH AVE 1,10 TO 12,65.0,Improved,1976,50 years 09 months,360000.0
2024-05-01,BEDOK,3 ROOM,23,BEDOK STH AVE 1,13 TO 15,73.0,New Generation,1977,52 years 01 month,435000.0
2024-05-01,BEDOK,3 ROOM,4,BEDOK STH AVE 1,07 TO 09,65.0,Improved,1976,50 years 09 months,400000.0
2024-05-01,BEDOK,3 ROOM,33,BEDOK STH AVE 2,04 TO 06,88.0,New Generation,1978,52 years 11 months,470000.0
2024-05-01,BEDOK,3 ROOM,33,BEDOK STH AVE 2,04 TO 06,73.0,New Generation,1978,52 years 11 months,378000.0
2024-05-01,BEDOK,3 ROOM,69,BEDOK STH AVE 3,01 TO 03,82.0,New Generation,1978,52 years 10 months,403000.0
2024-05-01,BEDOK,3 ROOM,69,BEDOK STH AVE 3,04 TO 06,67.0,New Generation,1978,52 years 10 months,363000.0
2024-05-01,BEDOK,3 ROOM,18,BEDOK STH RD,10 TO 12,65.0,Improved,1976,50 years 09 months,365000.0
2024-05-01,BEDOK,3 ROOM,70,BEDOK STH RD,07 TO 09,67.0,New Generation,1978,52 years 09 months,390000.0
2024-05-01,BEDOK,3 ROOM,36,CHAI CHEE AVE,13 TO 15,65.0,Improved,1974,48 years 09 months,377000.0
2024-05-01,BEDOK,3 ROOM,59,CHAI CHEE RD,01 TO 03,76.0,Model A,1984,58 years 09 months,405000.0
2024-05-01,BEDOK,3 ROOM,21,CHAI CHEE RD,04 TO 06,65.0,Improved,1972,47 years 03 months,340000.0
2024-05-01,BEDOK,3 ROOM,20,CHAI CHEE RD,07 TO 09,65.0,Improved,1972,47 years 03 months,340000.0
2024-05-01,BEDOK,3 ROOM,44,CHAI CHEE ST,07 TO 09,68.0,New Generation,1980,55 years 02 months,395000.0
2024-05-01,BEDOK,3 ROOM,44,CHAI CHEE ST,01 TO 03,82.0,New Generation,1980,55 years 01 month,445000.0
2024-05-01,BEDOK,3 ROOM,50,CHAI CHEE ST,07 TO 09,68.0,New Generation,1981,56 years 03 months,360000.0
2024-05-01,BEDOK,3 ROOM,27,NEW UPP CHANGI RD,07 TO 09,65.0,Improved,1982,57 years 06 months,375000.0
2024-05-01,BEDOK,3 ROOM,27,NEW UPP CHANGI RD,07 TO 09,65.0,Improved,1982,57 years 05 months,385000.0
2024-05-01,BEDOK,3 ROOM,30,NEW UPP CHANGI RD,04 TO 06,65.0,Improved,1977,52 years 01 month,360000.0
2024-05-01,BEDOK,3 ROOM,29,NEW UPP CHANGI RD,04 TO 06,65.0,Improved,1977,52 years 01 month,360000.0
2024-05-01,BEDOK,4 ROOM,221A,BEDOK CTRL,07 TO 09,87.0,Model A,2010,85 years 03 months,815000.0
2024-05-01,BEDOK,4 ROOM,221C,BEDOK CTRL,07 TO 09,97.0,Model A,2010,85 years 01 month,850000.0
2024-05-01,BEDOK,4 ROOM,220B,BEDOK CTRL,13 TO 15,97.0,Model A,2010,85 years,893000.0
2024-05-01,BEDOK,4 ROOM,548,BEDOK NTH AVE 1,10 TO 12,93.0,New Generation,1980,55 years 02 months,525000.0
2024-05-01,BEDOK,4 ROOM,92,BEDOK NTH AVE 4,04 TO 06,94.0,New Generation,1979,54 years 02 months,495000.0
2024-05-01,BEDOK,4 ROOM,119,BEDOK NTH RD,10 TO 12,92.0,New Generation,1978,52 years 11 months,506000.0
2024-05-01,BEDOK,4 ROOM,119,BEDOK NTH RD,10 TO 12,92.0,New Generation,1978,53 years,495000.0
2024-05-01,BEDOK,4 ROOM,428,BEDOK NTH RD,01 TO 03,92.0,New Generation,1979,53 years 09 months,480000.0
2024-05-01,BEDOK,4 ROOM,706,BEDOK NTH RD,04 TO 06,91.0,New Generation,1980,55 years 07 months,488000.0
2024-05-01,BEDOK,4 ROOM,183,BEDOK NTH RD,07 TO 09,85.0,Model A,2005,80 years 08 months,650000.0
2024-05-01,BEDOK,4 ROOM,108,BEDOK NTH RD,10 TO 12,91.0,New Generation,1977,52 years 03 months,508000.0
2024-05-01,BEDOK,4 ROOM,79,BEDOK NTH RD,07 TO 09,91.0,New Generation,1978,53 years 02 months,498000.0
2024-05-01,BEDOK,4 ROOM,185,BEDOK NTH RD,13 TO 15,92.0,Model A,2005,80 years 08 months,740000.0
2024-05-01,BEDOK,4 ROOM,421,BEDOK NTH RD,13 TO 15,92.0,New Generation,1979,53 years 09 months,528000.0
2024-05-01,BEDOK,4 ROOM,426,BEDOK NTH RD,07 TO 09,92.0,New Generation,1979,53 years 09 months,528668.0
2024-05-01,BEDOK,4 ROOM,428,BEDOK NTH RD,01 TO 03,92.0,New Generation,1979,53 years 09 months,490000.0
2024-05-01,BEDOK,4 ROOM,132,BEDOK NTH ST 2,07 TO 09,92.0,New Generation,1978,53 years,510000.0
2024-05-01,BEDOK,4 ROOM,523,BEDOK NTH ST 3,10 TO 12,92.0,New Generation,1979,54 years 03 months,488000.0
2024-05-01,BEDOK,4 ROOM,528,BEDOK NTH ST 3,13 TO 15,92.0,New Generation,1979,54 years 04 months,462000.0
2024-05-01,BEDOK,4 ROOM,186A,BEDOK NTH ST 4,13 TO 15,93.0,Model A,2018,93 years 08 months,850000.0
2024-05-01,BEDOK,4 ROOM,188D,BEDOK NTH ST 4,16 TO 18,93.0,Model A,2020,94 years 09 months,855000.0
2024-05-01,BEDOK,4 ROOM,748A,BEDOK RESERVOIR CRES,01 TO 03,87.0,DBSS,2014,89 years 04 months,745000.0
2024-05-01,BEDOK,4 ROOM,718,BEDOK RESERVOIR RD,04 TO 06,104.0,Model A,1984,58 years 09 months,538000.0
2024-05-01,BEDOK,4 ROOM,132,BEDOK RESERVOIR RD,10 TO 12,84.0,Simplified,1987,61 years 10 months,530000.0
2024-05-01,BEDOK,4 ROOM,623,BEDOK RESERVOIR RD,07 TO 09,91.0,New Generation,1981,55 years 11 months,520000.0
2024-05-01,BEDOK,4 ROOM,724,BEDOK RESERVOIR RD,01 TO 03,105.0,Model A,1984,59 years 03 months,565000.0
2024-05-01,BEDOK,4 ROOM,110,BEDOK RESERVOIR RD,04 TO 06,91.0,New Generation,1985,60 years 03 months,521000.0
2024-05-01,BEDOK,4 ROOM,132,BEDOK RESERVOIR RD,10 TO 12,103.0,Model A,1987,61 years 10 months,613888.0
2024-05-01,BEDOK,4 ROOM,128,BEDOK RESERVOIR RD,01 TO 03,84.0,Simplified,1986,61 years 07 months,470000.0
2024-05-01,BEDOK,4 ROOM,113,BEDOK RESERVOIR RD,01 TO 03,91.0,New Generation,1985,60 years 02 months,535000.0
2024-05-01,BEDOK,4 ROOM,626,BEDOK RESERVOIR RD,04 TO 06,91.0,New Generation,1981,55 years 11 months,535000.0
2024-05-01,BEDOK,4 ROOM,769,BEDOK RESERVOIR VIEW,16 TO 18,105.0,Premium Apartment,2000,75 years 08 months,745000.0
2024-05-01,BEDOK,4 ROOM,35,BEDOK STH AVE 2,07 TO 09,90.0,Improved,1977,52 years 05 months,520000.0
2024-05-01,BEDOK,4 ROOM,37,BEDOK STH AVE 2,01 TO 03,84.0,Improved,1977,52 years 05 months,442000.0
2024-05-01,BEDOK,4 ROOM,159,BEDOK STH AVE 3,07 TO 09,83.0,Simplified,1985,59 years 10 months,562800.0
2024-05-01,BEDOK,4 ROOM,15,BEDOK STH RD,04 TO 06,88.0,Improved,1976,50 years 09 months,433000.0
2024-05-01,BEDOK,4 ROOM,15,BEDOK STH RD,01 TO 03,88.0,Improved,1976,50 years 09 months,432500.0
2024-05-01,BEDOK,4 ROOM,43,BEDOK STH RD,13 TO 15,84.0,Improved,1977,52 years 05 months,490000.0
2024-05-01,BEDOK,4 ROOM,35,CHAI CHEE AVE,10 TO 12,82.0,Improved,1975,49 years 10 months,445000.0
2024-05-01,BEDOK,4 ROOM,58,CHAI CHEE DR,04 TO 06,104.0,Model A,1983,58 years 08 months,510000.0
2024-05-01,BEDOK,4 ROOM,807C,CHAI CHEE RD,07 TO 09,93.0,Model A,2016,91 years 07 months,750000.0
2024-05-01,BEDOK,4 ROOM,808B,CHAI CHEE RD,04 TO 06,93.0,Model A,2016,91 years 07 months,728000.0
2024-05-01,BEDOK,4 ROOM,11,CHAI CHEE RD,10 TO 12,101.0,Model A,2001,75 years 10 months,620000.0
2024-05-01,BEDOK,4 ROOM,655,JLN TENAGA,01 TO 03,108.0,Model A,1996,71 years 07 months,640000.0
2024-05-01,BEDOK,4 ROOM,659,JLN TENAGA,01 TO 03,105.0,Model A,1996,71 years 06 months,625000.0
2024-05-01,BEDOK,5 ROOM,221A,BEDOK CTRL,04 TO 06,112.0,Improved,2010,85 years,980000.0
2024-05-01,BEDOK,5 ROOM,414,BEDOK NTH AVE 2,07 TO 09,119.0,Improved,1978,53 years 08 months,632000.0
2024-05-01,BEDOK,5 ROOM,415,BEDOK NTH AVE 2,04 TO 06,119.0,Improved,1978,53 years 07 months,610000.0
2024-05-01,BEDOK,5 ROOM,414,BEDOK NTH AVE 2,10 TO 12,119.0,Improved,1978,53 years 06 months,690000.0
2024-05-01,BEDOK,5 ROOM,748B,BEDOK RESERVOIR CRES,10 TO 12,105.0,DBSS,2014,89 years 04 months,990000.0
2024-05-01,BEDOK,5 ROOM,718,BEDOK RESERVOIR RD,04 TO 06,146.0,Model A,1984,58 years 09 months,768000.0
2024-05-01,BEDOK,5 ROOM,720,BEDOK RESERVOIR RD,10 TO 12,132.0,Model A,1984,58 years 09 months,738000.0
2024-05-01,BEDOK,5 ROOM,722,BEDOK RESERVOIR RD,01 TO 03,139.0,Model A-Maisonette,1984,59 years 03 months,858000.0
2024-05-01,BEDOK,5 ROOM,611,BEDOK RESERVOIR RD,01 TO 03,127.0,Improved,1993,67 years 11 months,648888.0
2024-05-01,BEDOK,5 ROOM,611,BEDOK RESERVOIR RD,13 TO 15,127.0,Improved,1993,67 years 11 months,740000.0
2024-05-01,BEDOK,5 ROOM,766,BEDOK RESERVOIR VIEW,04 TO 06,115.0,Premium Apartment,2000,75 years 08 months,810000.0
2024-05-01,BEDOK,5 ROOM,763,BEDOK RESERVOIR VIEW,04 TO 06,115.0,Premium Apartment,2000,75 years 08 months,790000.0
2024-05-01,BEDOK,5 ROOM,31,BEDOK STH AVE 2,10 TO 12,120.0,Standard,1978,52 years 11 months,742000.0
2024-05-01,BEDOK,5 ROOM,164,BEDOK STH RD,01 TO 03,122.0,Improved,1986,60 years 10 months,680000.0
2024-05-01,BEDOK,5 ROOM,62,CHAI CHEE RD,07 TO 09,133.0,Model A,1983,58 years 06 months,670000.0
2024-05-01,BEDOK,5 ROOM,62,CHAI CHEE RD,04 TO 06,133.0,Model A,1983,58 years 06 months,645000.0
2024-05-01,BEDOK,5 ROOM,803,CHAI CHEE RD,07 TO 09,126.0,Improved,1993,67 years 11 months,800000.0
2024-05-01,BEDOK,5 ROOM,666,JLN DAMAI,13 TO 15,126.0,Improved,1996,71 years 07 months,868000.0
2024-05-01,BEDOK,5 ROOM,669,JLN DAMAI,04 TO 06,127.0,Improved,1996,71 years 08 months,780000.0
2024-05-01,BEDOK,5 ROOM,660,JLN TENAGA,13 TO 15,126.0,Improved,1997,71 years 09 months,860000.0
2024-05-01,BEDOK,5 ROOM,109,LENGKONG TIGA,07 TO 09,126.0,Improved,1989,63 years 09 months,1050000.0
2024-05-01,BEDOK,5 ROOM,115,LENGKONG TIGA,04 TO 06,127.0,Improved,1989,64 years 01 month,953000.0
2024-05-01,BEDOK,5 ROOM,114,LENGKONG TIGA,07 TO 09,120.0,Improved,1989,63 years 09 months,920000.0
2024-05-01,BEDOK,5 ROOM,61,NEW UPP CHANGI RD,10 TO 12,118.0,Standard,1977,52 years 03 months,693000.0
2024-05-01,BEDOK,EXECUTIVE,115,BEDOK RESERVOIR RD,04 TO 06,150.0,Maisonette,1985,60 years 05 months,850000.0
2024-05-01,BEDOK,EXECUTIVE,114,BEDOK RESERVOIR RD,01 TO 03,150.0,Maisonette,1985,60 years 06 months,870000.0
2024-05-01,BEDOK,EXECUTIVE,10E,BEDOK STH AVE 2,04 TO 06,144.0,Apartment,1993,68 years 02 months,933000.0
2024-05-01,BEDOK,EXECUTIVE,10B,BEDOK STH AVE 2,04 TO 06,141.0,Apartment,1995,70 years 08 months,980000.0
2024-05-01,BEDOK,EXECUTIVE,108,LENGKONG TIGA,04 TO 06,146.0,Maisonette,1989,63 years 11 months,1008000.0
2024-05-01,BEDOK,EXECUTIVE,107,LENGKONG TIGA,01 TO 03,148.0,Maisonette,1989,63 years 10 months,1000000.0
2024-05-01,BEDOK,EXECUTIVE,108,LENGKONG TIGA,01 TO 03,146.0,Maisonette,1989,63 years 09 months,1018000.0
2024-05-01,BISHAN,3 ROOM,116,BISHAN ST 12,07 TO 09,64.0,Simplified,1985,60 years 06 months,560000.0
2024-05-01,BISHAN,3 ROOM,121,BISHAN ST 12,04 TO 06,64.0,Simplified,1986,61 years 02 months,470000.0
2024-05-01,BISHAN,3 ROOM,185,BISHAN ST 13,10 TO 12,64.0,Simplified,1988,63 years,538000.0
2024-05-01,BISHAN,3 ROOM,185,BISHAN ST 13,07 TO 09,64.0,Simplified,1988,63 years,525000.0
2024-05-01,BISHAN,3 ROOM,308,SHUNFU RD,07 TO 09,67.0,New Generation,1984,59 years 08 months,550000.0
2024-05-01,BISHAN,3 ROOM,406,SIN MING AVE,07 TO 09,64.0,Simplified,1987,62 years,550000.0
2024-05-01,BISHAN,3 ROOM,24,SIN MING RD,10 TO 12,65.0,Improved,1973,48 years 06 months,365000.0
2024-05-01,BISHAN,3 ROOM,24,SIN MING RD,04 TO 06,65.0,Improved,1973,48 years 06 months,338888.0
2024-05-01,BISHAN,3 ROOM,22,SIN MING RD,07 TO 09,68.0,Improved,1973,48 years 05 months,348000.0
2024-05-01,BISHAN,4 ROOM,149,BISHAN ST 11,07 TO 09,84.0,Simplified,1987,61 years 09 months,550000.0
2024-05-01,BISHAN,4 ROOM,131,BISHAN ST 12,10 TO 12,84.0,Simplified,1986,60 years 10 months,640000.0
2024-05-01,BISHAN,4 ROOM,109,BISHAN ST 12,04 TO 06,84.0,Simplified,1985,60 years 07 months,645000.0
2024-05-01,BISHAN,4 ROOM,112,BISHAN ST 12,04 TO 06,84.0,Simplified,1985,60 years 02 months,676000.0
2024-05-01,BISHAN,4 ROOM,166,BISHAN ST 13,07 TO 09,88.0,Simplified,1987,62 years 08 months,655000.0
2024-05-01,BISHAN,4 ROOM,197,BISHAN ST 13,04 TO 06,84.0,Simplified,1987,61 years 09 months,720000.0
2024-05-01,BISHAN,4 ROOM,181,BISHAN ST 13,04 TO 06,83.0,Simplified,1987,61 years 09 months,712666.0
2024-05-01,BISHAN,4 ROOM,176,BISHAN ST 13,01 TO 03,84.0,Simplified,1988,62 years 11 months,560000.0
2024-05-01,BISHAN,4 ROOM,241,BISHAN ST 22,10 TO 12,116.0,Model A,1992,67 years 04 months,890000.0
2024-05-01,BISHAN,4 ROOM,260,BISHAN ST 22,04 TO 06,104.0,Model A,1992,67 years 03 months,727000.0
2024-05-01,BISHAN,4 ROOM,236,BISHAN ST 22,10 TO 12,109.0,Model A,1992,67 years,772000.0
2024-05-01,BISHAN,4 ROOM,233,BISHAN ST 22,10 TO 12,112.0,Model A,1992,67 years,810000.0
2024-05-01,BISHAN,4 ROOM,229,BISHAN ST 23,04 TO 06,102.0,Model A,1992,67 years 01 month,740000.0
2024-05-01,BISHAN,4 ROOM,449,SIN MING AVE,07 TO 09,105.0,Model A,1990,64 years 11 months,840000.0
2024-05-01,BISHAN,4 ROOM,25,SIN MING RD,01 TO 03,88.0,Improved,1974,49 years 03 months,429888.0
2024-05-01,BISHAN,5 ROOM,156,BISHAN ST 13,19 TO 21,121.0,Improved,1988,63 years 05 months,960000.0
2024-05-01,BISHAN,5 ROOM,158,BISHAN ST 13,07 TO 09,121.0,Improved,1988,62 years 09 months,968000.0
2024-05-01,BISHAN,5 ROOM,275A,BISHAN ST 24,22 TO 24,120.0,DBSS,2011,86 years 04 months,1500000.0
2024-05-01,BISHAN,5 ROOM,450,SIN MING AVE,07 TO 09,120.0,Improved,1989,64 years 07 months,915000.0
2024-05-01,BISHAN,EXECUTIVE,187,BISHAN ST 13,10 TO 12,146.0,Maisonette,1987,61 years 09 months,1305000.0
2024-05-01,BISHAN,EXECUTIVE,241,BISHAN ST 22,07 TO 09,141.0,Apartment,1992,67 years 03 months,1448000.0
2024-05-01,BISHAN,EXECUTIVE,257,BISHAN ST 22,01 TO 03,146.0,Apartment,1992,67 years 03 months,939991.0
2024-05-01,BISHAN,EXECUTIVE,219,BISHAN ST 23,07 TO 09,146.0,Maisonette,1992,67 years,1242000.0
2024-05-01,BISHAN,EXECUTIVE,286,BISHAN ST 24,22 TO 24,172.0,Maisonette,1992,67 years 04 months,1500000.0
2024-05-01,BUKIT BATOK,2 ROOM,435B,BT BATOK WEST AVE 5,13 TO 15,47.0,2-room,2020,94 years 11 months,380000.0
2024-05-01,BUKIT BATOK,2 ROOM,436A,BT BATOK WEST AVE 5,01 TO 03,38.0,Model A,2020,94 years 10 months,303000.0
2024-05-01,BUKIT BATOK,2 ROOM,436A,BT BATOK WEST AVE 5,07 TO 09,47.0,Model A,2020,94 years 10 months,338000.0
2024-05-01,BUKIT BATOK,2 ROOM,438B,BT BATOK WEST AVE 8,10 TO 12,38.0,Model A,2020,94 years 10 months,330000.0
2024-05-01,BUKIT BATOK,2 ROOM,438B,BT BATOK WEST AVE 8,01 TO 03,38.0,2-room,2020,94 years 10 months,315000.0
2024-05-01,BUKIT BATOK,2 ROOM,438C,BT BATOK WEST AVE 8,04 TO 06,47.0,Model A,2020,94 years 10 months,325000.0
2024-05-01,BUKIT BATOK,2 ROOM,438B,BT BATOK WEST AVE 8,01 TO 03,47.0,Model A,2020,94 years 10 months,333000.0
2024-05-01,BUKIT BATOK,2 ROOM,460C,BT BATOK WEST AVE 9,16 TO 18,48.0,2-room,2020,95 years 01 month,350000.0
2024-05-01,BUKIT BATOK,2 ROOM,448B,BT BATOK WEST AVE 9,04 TO 06,47.0,Model A,2019,93 years 11 months,345000.0
2024-05-01,BUKIT BATOK,2 ROOM,448C,BT BATOK WEST AVE 9,07 TO 09,47.0,Model A,2019,93 years 11 months,340000.0
2024-05-01,BUKIT BATOK,2 ROOM,460A,BT BATOK WEST AVE 9,04 TO 06,48.0,2-room,2020,95 years 01 month,345000.0
2024-05-01,BUKIT BATOK,3 ROOM,259,BT BATOK EAST AVE 4,01 TO 03,75.0,New Generation,1985,60 years 04 months,390000.0
2024-05-01,BUKIT BATOK,3 ROOM,267,BT BATOK EAST AVE 4,01 TO 03,70.0,Simplified,1987,61 years 09 months,380000.0
2024-05-01,BUKIT BATOK,3 ROOM,259,BT BATOK EAST AVE 4,04 TO 06,67.0,New Generation,1985,60 years 03 months,380000.0
2024-05-01,BUKIT BATOK,3 ROOM,272,BT BATOK EAST AVE 4,10 TO 12,64.0,Simplified,1986,61 years 05 months,372000.0
2024-05-01,BUKIT BATOK,3 ROOM,231,BT BATOK EAST AVE 5,04 TO 06,67.0,New Generation,1985,60 years 02 months,380000.0
2024-05-01,BUKIT BATOK,3 ROOM,250,BT BATOK EAST AVE 5,01 TO 03,73.0,Model A,1985,60 years 01 month,370000.0
2024-05-01,BUKIT BATOK,3 ROOM,238,BT BATOK EAST AVE 5,13 TO 15,67.0,New Generation,1986,61 years 07 months,405000.0
2024-05-01,BUKIT BATOK,3 ROOM,239,BT BATOK EAST AVE 5,07 TO 09,67.0,New Generation,1985,59 years 09 months,390000.0
2024-05-01,BUKIT BATOK,3 ROOM,249,BT BATOK EAST AVE 5,01 TO 03,73.0,Model A,1985,59 years 10 months,370000.0
2024-05-01,BUKIT BATOK,3 ROOM,163,BT BATOK ST 11,07 TO 09,73.0,Model A,1985,59 years 09 months,380000.0
2024-05-01,BUKIT BATOK,3 ROOM,157,BT BATOK ST 11,04 TO 06,67.0,New Generation,1998,72 years 09 months,403888.0
2024-05-01,BUKIT BATOK,3 ROOM,160,BT BATOK ST 11,10 TO 12,73.0,Model A,1984,59 years,400000.0
2024-05-01,BUKIT BATOK,3 ROOM,217,BT BATOK ST 21,07 TO 09,67.0,New Generation,1984,59 years 08 months,380000.0
2024-05-01,BUKIT BATOK,3 ROOM,208,BT BATOK ST 21,07 TO 09,73.0,Model A,1983,58 years 04 months,425000.0
2024-05-01,BUKIT BATOK,3 ROOM,539,BT BATOK ST 52,10 TO 12,73.0,Model A,1987,62 years 01 month,432000.0
2024-05-01,BUKIT BATOK,3 ROOM,422,BT BATOK WEST AVE 2,07 TO 09,68.0,New Generation,1988,63 years 03 months,372000.0
2024-05-01,BUKIT BATOK,3 ROOM,411,BT BATOK WEST AVE 4,01 TO 03,73.0,Model A,1986,60 years 11 months,360000.0
2024-05-01,BUKIT BATOK,3 ROOM,409,BT BATOK WEST AVE 4,07 TO 09,68.0,New Generation,1988,63 years,365000.0
2024-05-01,BUKIT BATOK,3 ROOM,410,BT BATOK WEST AVE 4,04 TO 06,68.0,New Generation,1988,63 years 01 month,360000.0
2024-05-01,BUKIT BATOK,3 ROOM,408,BT BATOK WEST AVE 4,01 TO 03,68.0,New Generation,1988,63 years 01 month,360000.0
2024-05-01,BUKIT BATOK,3 ROOM,416,BT BATOK WEST AVE 4,07 TO 09,73.0,Model A,1987,62 years 06 months,380000.0
2024-05-01,BUKIT BATOK,3 ROOM,148,BT BATOK WEST AVE 6,01 TO 03,68.0,New Generation,1984,59 years 03 months,365000.0
2024-05-01,BUKIT BATOK,3 ROOM,146,BT BATOK WEST AVE 6,10 TO 12,68.0,New Generation,1984,59 years 04 months,389000.0
2024-05-01,BUKIT BATOK,3 ROOM,148,BT BATOK WEST AVE 6,07 TO 09,82.0,New Generation,1984,59 years 04 months,450000.0
2024-05-01,BUKIT BATOK,3 ROOM,450D,BT BATOK WEST AVE 6,01 TO 03,67.0,Model A,2019,93 years 11 months,450000.0
2024-05-01,BUKIT BATOK,3 ROOM,136,BT BATOK WEST AVE 6,04 TO 06,68.0,New Generation,1984,59 years 06 months,350000.0
2024-05-01,BUKIT BATOK,3 ROOM,450D,BT BATOK WEST AVE 6,16 TO 18,67.0,Model A,2019,93 years 11 months,500500.0
2024-05-01,BUKIT BATOK,3 ROOM,182,BT BATOK WEST AVE 8,01 TO 03,67.0,New Generation,1984,59 years 08 months,375000.0
2024-05-01,BUKIT BATOK,3 ROOM,441C,BT BATOK WEST AVE 8,07 TO 09,67.0,Model A,2019,93 years 11 months,457000.0
2024-05-01,BUKIT BATOK,3 ROOM,441C,BT BATOK WEST AVE 8,04 TO 06,67.0,Model A,2019,93 years 11 months,453800.0
2024-05-01,BUKIT BATOK,3 ROOM,441C,BT BATOK WEST AVE 8,10 TO 12,67.0,Model A,2019,93 years 11 months,470000.0
2024-05-01,BUKIT BATOK,3 ROOM,438C,BT BATOK WEST AVE 8,07 TO 09,68.0,Model A,2020,94 years 10 months,460000.0
2024-05-01,BUKIT BATOK,3 ROOM,443D,BT BATOK WEST AVE 8,10 TO 12,67.0,Model A,2019,93 years 11 months,486000.0
2024-05-01,BUKIT BATOK,3 ROOM,460B,BT BATOK WEST AVE 9,16 TO 18,68.0,Model A,2020,95 years 01 month,508000.0
2024-05-01,BUKIT BATOK,3 ROOM,460A,BT BATOK WEST AVE 9,01 TO 03,68.0,Model A,2020,95 years,432000.0
2024-05-01,BUKIT BATOK,3 ROOM,460A,BT BATOK WEST AVE 9,13 TO 15,68.0,Model A,2020,95 years,478000.0
2024-05-01,BUKIT BATOK,4 ROOM,268,BT BATOK EAST AVE 4,04 TO 06,84.0,Simplified,1985,60 years 04 months,426888.0
2024-05-01,BUKIT BATOK,4 ROOM,266,BT BATOK EAST AVE 4,10 TO 12,104.0,Model A,1985,60 years 05 months,535000.0
2024-05-01,BUKIT BATOK,4 ROOM,258,BT BATOK EAST AVE 4,04 TO 06,103.0,Model A,1985,59 years 10 months,495000.0
2024-05-01,BUKIT BATOK,4 ROOM,162,BT BATOK ST 11,01 TO 03,105.0,Model A,1985,59 years 10 months,495000.0
2024-05-01,BUKIT BATOK,4 ROOM,161,BT BATOK ST 11,07 TO 09,105.0,Model A,1984,59 years 02 months,530000.0
2024-05-01,BUKIT BATOK,4 ROOM,210,BT BATOK ST 21,04 TO 06,104.0,Model A,1985,60 years 01 month,555000.0
2024-05-01,BUKIT BATOK,4 ROOM,293A,BT BATOK ST 21,25 TO 27,93.0,Model A,2019,93 years 09 months,748000.0
2024-05-01,BUKIT BATOK,4 ROOM,205,BT BATOK ST 21,04 TO 06,104.0,Model A,1985,59 years 11 months,560000.0
2024-05-01,BUKIT BATOK,4 ROOM,293B,BT BATOK ST 21,25 TO 27,92.0,Model A,2019,93 years 09 months,740000.0
2024-05-01,BUKIT BATOK,4 ROOM,293A,BT BATOK ST 21,25 TO 27,93.0,Model A,2019,93 years 09 months,708000.0
2024-05-01,BUKIT BATOK,4 ROOM,293A,BT BATOK ST 21,01 TO 03,93.0,Model A,2019,93 years 09 months,612506.0
2024-05-01,BUKIT BATOK,4 ROOM,290G,BT BATOK ST 24,01 TO 03,100.0,Model A,1998,72 years 09 months,520000.0
2024-05-01,BUKIT BATOK,4 ROOM,288D,BT BATOK ST 25,07 TO 09,92.0,Model A2,1998,73 years,565000.0
2024-05-01,BUKIT BATOK,4 ROOM,288C,BT BATOK ST 25,01 TO 03,92.0,Model A2,1998,73 years 04 months,482000.0
2024-05-01,BUKIT BATOK,4 ROOM,370,BT BATOK ST 31,07 TO 09,104.0,Model A,1985,60 years 07 months,535000.0
2024-05-01,BUKIT BATOK,4 ROOM,369,BT BATOK ST 31,07 TO 09,84.0,Simplified,1985,60 years 08 months,475000.0
2024-05-01,BUKIT BATOK,4 ROOM,329,BT BATOK ST 33,07 TO 09,84.0,Simplified,1986,61 years 08 months,440000.0
2024-05-01,BUKIT BATOK,4 ROOM,342,BT BATOK ST 34,04 TO 06,84.0,Simplified,1987,62 years 08 months,438000.0
2024-05-01,BUKIT BATOK,4 ROOM,349,BT BATOK ST 34,10 TO 12,84.0,Simplified,1987,61 years 10 months,463888.0
2024-05-01,BUKIT BATOK,4 ROOM,338,BT BATOK ST 34,10 TO 12,84.0,Simplified,1986,61 years,458000.0
2024-05-01,BUKIT BATOK,4 ROOM,341,BT BATOK ST 34,04 TO 06,103.0,Model A,1986,60 years 11 months,506000.0
2024-05-01,BUKIT BATOK,4 ROOM,531,BT BATOK ST 51,07 TO 09,103.0,Model A,1986,61 years 05 months,540000.0
2024-05-01,BUKIT BATOK,4 ROOM,514,BT BATOK ST 52,07 TO 09,84.0,Simplified,1986,61 years 07 months,447888.0
2024-05-01,BUKIT BATOK,4 ROOM,411,BT BATOK WEST AVE 4,04 TO 06,103.0,Model A,1986,60 years 11 months,502000.0
2024-05-01,BUKIT BATOK,4 ROOM,409,BT BATOK WEST AVE 4,01 TO 03,99.0,New Generation,1988,63 years,480000.0
2024-05-01,BUKIT BATOK,4 ROOM,391,BT BATOK WEST AVE 5,13 TO 15,92.0,Model A,2004,79 years 05 months,565000.0
2024-05-01,BUKIT BATOK,4 ROOM,435C,BT BATOK WEST AVE 5,04 TO 06,93.0,Model A,2020,94 years 10 months,588000.0
2024-05-01,BUKIT BATOK,4 ROOM,437A,BT BATOK WEST AVE 5,04 TO 06,93.0,Model A,2020,94 years 09 months,628000.0
2024-05-01,BUKIT BATOK,4 ROOM,450B,BT BATOK WEST AVE 6,13 TO 15,93.0,Model A,2019,93 years 11 months,685000.0
2024-05-01,BUKIT BATOK,4 ROOM,194B,BT BATOK WEST AVE 6,01 TO 03,92.0,Premium Apartment,2017,92 years 03 months,590000.0
2024-05-01,BUKIT BATOK,4 ROOM,194B,BT BATOK WEST AVE 6,04 TO 06,92.0,Premium Apartment,2017,92 years 03 months,620000.0
2024-05-01,BUKIT BATOK,4 ROOM,112,BT BATOK WEST AVE 6,07 TO 09,106.0,Model A,1984,59 years 06 months,535000.0
2024-05-01,BUKIT BATOK,4 ROOM,450C,BT BATOK WEST AVE 6,07 TO 09,93.0,Model A,2019,93 years 11 months,625000.0
2024-05-01,BUKIT BATOK,4 ROOM,128,BT BATOK WEST AVE 6,01 TO 03,98.0,New Generation,1984,59 years 06 months,595000.0
2024-05-01,BUKIT BATOK,4 ROOM,193,BT BATOK WEST AVE 6,04 TO 06,100.0,Model A,1997,72 years 02 months,555000.0
2024-05-01,BUKIT BATOK,4 ROOM,450B,BT BATOK WEST AVE 6,04 TO 06,93.0,Model A,2019,93 years 11 months,600000.0
2024-05-01,BUKIT BATOK,4 ROOM,450B,BT BATOK WEST AVE 6,13 TO 15,93.0,Model A,2019,93 years 11 months,650000.0
2024-05-01,BUKIT BATOK,4 ROOM,439C,BT BATOK WEST AVE 8,13 TO 15,93.0,Model A,2020,94 years 10 months,655000.0
2024-05-01,BUKIT BATOK,4 ROOM,445A,BT BATOK WEST AVE 8,16 TO 18,92.0,Model A,2019,93 years 09 months,650000.0
2024-05-01,BUKIT BATOK,4 ROOM,441A,BT BATOK WEST AVE 8,10 TO 12,92.0,Model A,2019,93 years 11 months,610000.0
2024-05-01,BUKIT BATOK,4 ROOM,165,BT BATOK WEST AVE 8,04 TO 06,105.0,Model A,1984,59 years 06 months,535000.0
2024-05-01,BUKIT BATOK,4 ROOM,438A,BT BATOK WEST AVE 8,10 TO 12,93.0,Model A,2020,94 years 10 months,627000.0
2024-05-01,BUKIT BATOK,4 ROOM,438A,BT BATOK WEST AVE 8,04 TO 06,93.0,Model A,2020,94 years 10 months,590000.0
2024-05-01,BUKIT BATOK,4 ROOM,439A,BT BATOK WEST AVE 8,07 TO 09,93.0,Model A,2020,94 years 11 months,630000.0
2024-05-01,BUKIT BATOK,4 ROOM,169,BT BATOK WEST AVE 8,07 TO 09,103.0,Model A,1984,59 years 06 months,508000.0
2024-05-01,BUKIT BATOK,4 ROOM,445A,BT BATOK WEST AVE 8,07 TO 09,92.0,Model A,2019,93 years 09 months,625000.0
2024-05-01,BUKIT BATOK,4 ROOM,461A,BT BATOK WEST AVE 8,04 TO 06,93.0,Model A,2019,94 years 05 months,612000.0
2024-05-01,BUKIT BATOK,4 ROOM,443B,BT BATOK WEST AVE 8,13 TO 15,92.0,Model A,2019,93 years 11 months,640888.0
2024-05-01,BUKIT BATOK,4 ROOM,438B,BT BATOK WEST AVE 8,07 TO 09,93.0,Model A,2020,94 years 10 months,680888.0
2024-05-01,BUKIT BATOK,4 ROOM,439B,BT BATOK WEST AVE 8,07 TO 09,93.0,Model A,2020,94 years 10 months,625000.0
2024-05-01,BUKIT BATOK,4 ROOM,438A,BT BATOK WEST AVE 8,04 TO 06,93.0,Model A,2020,94 years 10 months,612000.0
2024-05-01,BUKIT BATOK,4 ROOM,169,BT BATOK WEST AVE 8,01 TO 03,103.0,Model A,1984,59 years 06 months,515000.0
2024-05-01,BUKIT BATOK,4 ROOM,445B,BT BATOK WEST AVE 8,19 TO 21,92.0,Model A,2019,93 years 09 months,658000.0
2024-05-01,BUKIT BATOK,4 ROOM,461B,BT BATOK WEST AVE 8,13 TO 15,93.0,Model A,2019,94 years 05 months,660000.0
2024-05-01,BUKIT BATOK,4 ROOM,439A,BT BATOK WEST AVE 8,07 TO 09,93.0,Model A,2020,94 years 10 months,625000.0
2024-05-01,BUKIT BATOK,4 ROOM,440D,BT BATOK WEST AVE 8,10 TO 12,92.0,Model A,2019,94 years,620000.0
2024-05-01,BUKIT BATOK,4 ROOM,461B,BT BATOK WEST AVE 8,07 TO 09,93.0,Model A,2019,94 years 05 months,635000.0
2024-05-01,BUKIT BATOK,4 ROOM,446A,BT BATOK WEST AVE 8,13 TO 15,92.0,Model A,2019,93 years 09 months,655000.0
2024-05-01,BUKIT BATOK,4 ROOM,443B,BT BATOK WEST AVE 8,10 TO 12,92.0,Model A,2019,93 years 11 months,630000.0
2024-05-01,BUKIT BATOK,4 ROOM,440B,BT BATOK WEST AVE 8,10 TO 12,92.0,Model A,2019,93 years 11 months,610000.0
2024-05-01,BUKIT BATOK,4 ROOM,461A,BT BATOK WEST AVE 8,01 TO 03,93.0,Model A,2019,94 years 05 months,590000.0
2024-05-01,BUKIT BATOK,4 ROOM,439A,BT BATOK WEST AVE 8,04 TO 06,93.0,Model A,2020,94 years 10 months,595000.0
2024-05-01,BUKIT BATOK,4 ROOM,445A,BT BATOK WEST AVE 8,16 TO 18,92.0,Model A,2019,93 years 09 months,650000.0
2024-05-01,BUKIT BATOK,4 ROOM,442A,BT BATOK WEST AVE 8,01 TO 03,92.0,Model A,2019,93 years 11 months,565000.0
2024-05-01,BUKIT BATOK,4 ROOM,443B,BT BATOK WEST AVE 8,04 TO 06,92.0,Model A,2019,93 years 10 months,565000.0
2024-05-01,BUKIT BATOK,4 ROOM,440B,BT BATOK WEST AVE 8,10 TO 12,92.0,Model A,2019,93 years 11 months,620000.0
2024-05-01,BUKIT BATOK,4 ROOM,445A,BT BATOK WEST AVE 8,10 TO 12,92.0,Model A,2019,93 years 08 months,635000.0
2024-05-01,BUKIT BATOK,4 ROOM,175,BT BATOK WEST AVE 8,01 TO 03,93.0,New Generation,1985,59 years 08 months,463888.0
2024-05-01,BUKIT BATOK,4 ROOM,460B,BT BATOK WEST AVE 9,04 TO 06,93.0,Model A,2020,95 years 01 month,618000.0
2024-05-01,BUKIT BATOK,4 ROOM,449A,BT BATOK WEST AVE 9,13 TO 15,93.0,Model A,2019,93 years 11 months,635000.0
2024-05-01,BUKIT BATOK,4 ROOM,449A,BT BATOK WEST AVE 9,13 TO 15,93.0,Model A,2019,93 years 11 months,648000.0
2024-05-01,BUKIT BATOK,4 ROOM,460A,BT BATOK WEST AVE 9,10 TO 12,93.0,Model A,2020,95 years 01 month,618000.0
2024-05-01,BUKIT BATOK,4 ROOM,460A,BT BATOK WEST AVE 9,10 TO 12,93.0,Model A,2020,95 years,598000.0
2024-05-01,BUKIT BATOK,5 ROOM,639,BT BATOK CTRL,01 TO 03,120.0,Improved,1989,64 years 04 months,722888.0
2024-05-01,BUKIT BATOK,5 ROOM,622,BT BATOK CTRL,04 TO 06,110.0,Improved,2003,78 years 07 months,792000.0
2024-05-01,BUKIT BATOK,5 ROOM,286,BT BATOK EAST AVE 3,07 TO 09,128.0,Improved,1995,70 years 08 months,710000.0
2024-05-01,BUKIT BATOK,5 ROOM,236,BT BATOK EAST AVE 5,01 TO 03,121.0,Improved,1985,60 years 02 months,635000.0
2024-05-01,BUKIT BATOK,5 ROOM,235,BT BATOK EAST AVE 5,07 TO 09,134.0,Adjoined flat,1985,60 years 01 month,770000.0
2024-05-01,BUKIT BATOK,5 ROOM,296A,BT BATOK ST 22,10 TO 12,115.0,Premium Apartment,2018,92 years 11 months,828000.0
2024-05-01,BUKIT BATOK,5 ROOM,296A,BT BATOK ST 22,25 TO 27,113.0,Premium Apartment,2018,92 years 11 months,925000.0
2024-05-01,BUKIT BATOK,5 ROOM,291A,BT BATOK ST 24,16 TO 18,121.0,Improved,1997,72 years 08 months,690000.0
2024-05-01,BUKIT BATOK,5 ROOM,288A,BT BATOK ST 25,01 TO 03,122.0,Improved,1997,72 years 08 months,650000.0
2024-05-01,BUKIT BATOK,5 ROOM,301,BT BATOK ST 31,04 TO 06,122.0,Improved,1985,60 years 06 months,590000.0
2024-05-01,BUKIT BATOK,5 ROOM,301,BT BATOK ST 31,04 TO 06,122.0,Improved,1985,60 years 06 months,595000.0
2024-05-01,GEYLANG,3 ROOM,302,UBI AVE 1,04 TO 06,64.0,Simplified,2000,75 years 01 month,428000.0
2024-05-01,BUKIT BATOK,5 ROOM,383,BT BATOK WEST AVE 5,19 TO 21,115.0,Improved,2005,79 years 10 months,723888.0
2024-05-01,BUKIT BATOK,5 ROOM,437A,BT BATOK WEST AVE 5,10 TO 12,113.0,Improved,2020,94 years 09 months,773000.0
2024-05-01,BUKIT BATOK,5 ROOM,194A,BT BATOK WEST AVE 6,34 TO 36,112.0,Premium Apartment,2017,92 years 03 months,958000.0
2024-05-01,BUKIT BATOK,5 ROOM,451B,BT BATOK WEST AVE 6,04 TO 06,113.0,Improved,2019,93 years 11 months,700000.0
2024-05-01,BUKIT BATOK,5 ROOM,453B,BT BATOK WEST AVE 6,16 TO 18,115.0,Improved,2019,93 years 11 months,805000.0
2024-05-01,BUKIT BATOK,5 ROOM,115,BT BATOK WEST AVE 6,16 TO 18,132.0,Model A,1985,60 years 01 month,742000.0
2024-05-01,BUKIT BATOK,5 ROOM,453A,BT BATOK WEST AVE 6,16 TO 18,115.0,Improved,2019,93 years 11 months,870000.0
2024-05-01,BUKIT BATOK,5 ROOM,450C,BT BATOK WEST AVE 6,01 TO 03,115.0,Improved,2019,93 years 11 months,705000.0
2024-05-01,BUKIT BATOK,5 ROOM,111,BT BATOK WEST AVE 6,04 TO 06,132.0,Model A,1985,59 years 11 months,675000.0
2024-05-01,BUKIT BATOK,5 ROOM,461B,BT BATOK WEST AVE 8,04 TO 06,114.0,Improved,2019,94 years 05 months,735000.0
2024-05-01,BUKIT BATOK,5 ROOM,461C,BT BATOK WEST AVE 8,10 TO 12,114.0,Improved,2019,94 years 05 months,810000.0
2024-05-01,BUKIT BATOK,5 ROOM,442B,BT BATOK WEST AVE 8,13 TO 15,112.0,Improved,2019,93 years 11 months,800000.0
2024-05-01,BUKIT BATOK,5 ROOM,442B,BT BATOK WEST AVE 8,10 TO 12,112.0,Improved,2019,93 years 11 months,780000.0
2024-05-01,BUKIT BATOK,5 ROOM,442A,BT BATOK WEST AVE 8,13 TO 15,112.0,Improved,2019,93 years 11 months,770000.0
2024-05-01,BUKIT BATOK,5 ROOM,439C,BT BATOK WEST AVE 8,01 TO 03,113.0,Improved,2020,94 years 10 months,700000.0
2024-05-01,BUKIT BATOK,5 ROOM,171,BT BATOK WEST AVE 8,04 TO 06,134.0,Model A,1985,60 years,700000.0
2024-05-01,BUKIT BATOK,5 ROOM,171,BT BATOK WEST AVE 8,01 TO 03,138.0,Model A,1985,60 years,658000.0
2024-05-01,BUKIT BATOK,5 ROOM,439C,BT BATOK WEST AVE 8,10 TO 12,113.0,Improved,2020,94 years 10 months,810000.0
2024-05-01,BUKIT BATOK,5 ROOM,461B,BT BATOK WEST AVE 8,04 TO 06,114.0,Improved,2019,94 years 05 months,735000.0
2024-05-01,BUKIT BATOK,5 ROOM,170,BT BATOK WEST AVE 8,16 TO 18,134.0,Model A,1985,60 years 04 months,700000.0
2024-05-01,BUKIT BATOK,EXECUTIVE,120,BT BATOK CTRL,16 TO 18,155.0,Maisonette,1985,60 years,918000.0
2024-05-01,BUKIT BATOK,EXECUTIVE,287,BT BATOK EAST AVE 3,01 TO 03,149.0,Apartment,1995,70 years 08 months,840000.0
2024-05-01,BUKIT BATOK,EXECUTIVE,288A,BT BATOK ST 25,13 TO 15,144.0,Apartment,1997,72 years 08 months,1010800.0
2024-05-01,BUKIT BATOK,EXECUTIVE,366,BT BATOK ST 31,07 TO 09,144.0,Apartment,1986,60 years 10 months,852000.0
2024-05-01,BUKIT BATOK,EXECUTIVE,512,BT BATOK ST 52,10 TO 12,146.0,Maisonette,1987,62 years,800000.0
2024-05-01,BUKIT BATOK,EXECUTIVE,405,BT BATOK WEST AVE 7,16 TO 18,143.0,Apartment,1993,67 years 11 months,798888.0
2024-05-01,BUKIT BATOK,EXECUTIVE,405,BT BATOK WEST AVE 7,01 TO 03,148.0,Apartment,1993,67 years 11 months,788000.0
2024-05-01,BUKIT MERAH,1 ROOM,7,TELOK BLANGAH CRES,10 TO 12,31.0,Improved,1975,50 years,242000.0
2024-05-01,BUKIT MERAH,2 ROOM,40,BEO CRES,01 TO 03,51.0,Standard,1971,45 years 10 months,265000.0
2024-05-01,BUKIT MERAH,2 ROOM,45,TELOK BLANGAH DR,13 TO 15,45.0,Improved,1976,50 years 09 months,303000.0
2024-05-01,BUKIT MERAH,3 ROOM,36,BEO CRES,04 TO 06,59.0,Standard,1971,46 years 04 months,355000.0
2024-05-01,BUKIT MERAH,3 ROOM,161,BT MERAH CTRL,04 TO 06,68.0,New Generation,1980,55 years 04 months,416666.0
2024-05-01,BUKIT MERAH,3 ROOM,130,BT MERAH VIEW,13 TO 15,65.0,Improved,1973,48 years 03 months,410000.0
2024-05-01,BUKIT MERAH,3 ROOM,129,BT MERAH VIEW,07 TO 09,65.0,Improved,1973,48 years 04 months,410000.0
2024-05-01,BUKIT MERAH,3 ROOM,119,BT MERAH VIEW,04 TO 06,65.0,Improved,1983,57 years 10 months,408000.0
2024-05-01,BUKIT MERAH,3 ROOM,119,BT MERAH VIEW,07 TO 09,65.0,Improved,1983,57 years 09 months,395000.0
2024-05-01,BUKIT MERAH,3 ROOM,101,BT PURMEI RD,04 TO 06,67.0,New Generation,1983,58 years 04 months,420000.0
2024-05-01,BUKIT MERAH,3 ROOM,110A,DEPOT RD,07 TO 09,67.0,Model A,2017,92 years 07 months,618000.0
2024-05-01,BUKIT MERAH,3 ROOM,110A,DEPOT RD,25 TO 27,67.0,Model A,2017,92 years 07 months,698000.0
2024-05-01,BUKIT MERAH,3 ROOM,58,HAVELOCK RD,34 TO 36,69.0,Model A,2013,88 years 01 month,818000.0
2024-05-01,BUKIT MERAH,3 ROOM,105,HENDERSON CRES,22 TO 24,65.0,Improved,1975,49 years 09 months,380000.0
2024-05-01,BUKIT MERAH,3 ROOM,95A,HENDERSON RD,22 TO 24,68.0,Model A,2019,94 years,770000.0
2024-05-01,BUKIT MERAH,3 ROOM,95C,HENDERSON RD,07 TO 09,68.0,Model A,2019,94 years,720000.0
2024-05-01,BUKIT MERAH,3 ROOM,145,JLN BT MERAH,01 TO 03,81.0,New Generation,1981,56 years 07 months,488888.0
2024-05-01,BUKIT MERAH,3 ROOM,137,JLN BT MERAH,07 TO 09,70.0,Improved,1975,50 years 01 month,398000.0
2024-05-01,BUKIT MERAH,3 ROOM,132,JLN BT MERAH,01 TO 03,59.0,Improved,1975,50 years 01 month,340000.0
2024-05-01,BUKIT MERAH,3 ROOM,28,JLN BT MERAH,04 TO 06,60.0,Standard,1967,42 years 01 month,310000.0
2024-05-01,BUKIT MERAH,3 ROOM,142,JLN BT MERAH,04 TO 06,67.0,New Generation,1979,53 years 08 months,390000.0
2024-05-01,BUKIT MERAH,3 ROOM,26,JLN KLINIK,01 TO 03,60.0,Standard,1969,44 years 03 months,368000.0
2024-05-01,BUKIT MERAH,3 ROOM,26B,JLN MEMBINA,16 TO 18,60.0,Model A,2009,83 years 10 months,693000.0
2024-05-01,BUKIT MERAH,3 ROOM,34,KIM CHENG ST,01 TO 03,88.0,Standard,1973,47 years 09 months,738000.0
2024-05-01,BUKIT MERAH,3 ROOM,21,LIM LIAK ST,01 TO 03,88.0,Standard,1973,47 years 08 months,728000.0
2024-05-01,BUKIT MERAH,3 ROOM,12,TAMAN HO SWEE,07 TO 09,54.0,Standard,1970,44 years 09 months,310000.0
2024-05-01,BUKIT MERAH,3 ROOM,16,TELOK BLANGAH CRES,04 TO 06,76.0,Improved,1975,50 years,408888.0
2024-05-01,BUKIT MERAH,3 ROOM,20,TELOK BLANGAH CRES,10 TO 12,65.0,Improved,1975,49 years 11 months,370000.0
2024-05-01,BUKIT MERAH,3 ROOM,12,TELOK BLANGAH CRES,13 TO 15,70.0,Improved,1975,50 years,398000.0
2024-05-01,BUKIT MERAH,3 ROOM,13,TELOK BLANGAH CRES,10 TO 12,65.0,Improved,1975,50 years 08 months,400000.0
2024-05-01,BUKIT MERAH,3 ROOM,13,TELOK BLANGAH CRES,07 TO 09,76.0,Improved,1975,50 years 08 months,443000.0
2024-05-01,BUKIT MERAH,3 ROOM,47,TELOK BLANGAH DR,07 TO 09,65.0,Improved,1976,50 years 09 months,395000.0
2024-05-01,BUKIT MERAH,3 ROOM,44,TELOK BLANGAH DR,04 TO 06,65.0,Improved,1976,50 years 09 months,380000.0
2024-05-01,BUKIT MERAH,3 ROOM,61,TELOK BLANGAH HTS,04 TO 06,67.0,New Generation,1976,51 years 05 months,350000.0
2024-05-01,BUKIT MERAH,3 ROOM,70A,TELOK BLANGAH HTS,10 TO 12,68.0,Model A,2017,92 years 01 month,668000.0
2024-05-01,BUKIT MERAH,3 ROOM,43,TELOK BLANGAH RISE,04 TO 06,70.0,Improved,1976,51 years,370000.0
2024-05-01,BUKIT MERAH,3 ROOM,91A,TELOK BLANGAH ST 31,16 TO 18,68.0,Model A,2018,93 years 08 months,710888.0
2024-05-01,BUKIT MERAH,3 ROOM,92B,TELOK BLANGAH ST 31,10 TO 12,68.0,Model A,2018,93 years 08 months,680000.0
2024-05-01,BUKIT MERAH,3 ROOM,92A,TELOK BLANGAH ST 31,04 TO 06,68.0,Model A,2018,93 years 08 months,645000.0
2024-05-01,BUKIT MERAH,4 ROOM,6B,BOON TIONG RD,04 TO 06,100.0,Model A,2005,80 years 06 months,960000.0
2024-05-01,BUKIT MERAH,4 ROOM,6A,BOON TIONG RD,19 TO 21,100.0,Model A,2005,80 years 06 months,971888.0
2024-05-01,BUKIT MERAH,4 ROOM,113,BT PURMEI RD,07 TO 09,103.0,Model A,1984,59 years 06 months,650000.0
2024-05-01,BUKIT MERAH,4 ROOM,108,BT PURMEI RD,04 TO 06,104.0,Model A,1984,59 years 02 months,578888.0
2024-05-01,BUKIT MERAH,4 ROOM,18,CANTONMENT CL,22 TO 24,90.0,Model A,2002,77 years 08 months,950000.0
2024-05-01,BUKIT MERAH,4 ROOM,11,CANTONMENT CL,16 TO 18,90.0,Model A,2002,77 years 08 months,960888.0
2024-05-01,BUKIT MERAH,4 ROOM,18,CANTONMENT CL,28 TO 30,90.0,Model A,2002,77 years 07 months,1028000.0
2024-05-01,BUKIT MERAH,4 ROOM,110A,DEPOT RD,07 TO 09,92.0,Model A,2017,92 years 07 months,800000.0
2024-05-01,BUKIT MERAH,4 ROOM,111B,DEPOT RD,01 TO 03,100.0,Model A,2006,80 years 10 months,748000.0
2024-05-01,BUKIT MERAH,4 ROOM,110A,DEPOT RD,01 TO 03,92.0,Model A,2017,92 years 07 months,785000.0
2024-05-01,BUKIT MERAH,4 ROOM,106,HENDERSON CRES,07 TO 09,81.0,Improved,1975,49 years 09 months,505000.0
2024-05-01,BUKIT MERAH,4 ROOM,104,HENDERSON CRES,04 TO 06,74.0,Standard,1970,45 years 02 months,440000.0
2024-05-01,BUKIT MERAH,4 ROOM,95A,HENDERSON RD,10 TO 12,83.0,Model A,2019,94 years 01 month,968000.0
2024-05-01,BUKIT MERAH,4 ROOM,96A,HENDERSON RD,46 TO 48,93.0,Model A,2019,94 years 01 month,900000.0
2024-05-01,BUKIT MERAH,4 ROOM,95A,HENDERSON RD,22 TO 24,83.0,Model A,2019,94 years,990000.0
2024-05-01,BUKIT MERAH,4 ROOM,50,HOY FATT RD,10 TO 12,103.0,Model A,1987,61 years 09 months,670000.0
2024-05-01,BUKIT MERAH,4 ROOM,108,JLN BT MERAH,01 TO 03,104.0,Model A,1984,59 years 03 months,650000.0
2024-05-01,BUKIT MERAH,4 ROOM,20,JLN MEMBINA,28 TO 30,90.0,Model A,2003,78 years 05 months,1000000.0
2024-05-01,BUKIT MERAH,4 ROOM,25B,JLN MEMBINA,10 TO 12,90.0,Model A,2009,83 years 09 months,940088.0
2024-05-01,BUKIT MERAH,4 ROOM,26B,JLN MEMBINA,16 TO 18,85.0,Model A,2009,83 years 09 months,928000.0
2024-05-01,BUKIT MERAH,4 ROOM,25B,JLN MEMBINA,04 TO 06,90.0,Model A,2009,83 years 08 months,895000.0
2024-05-01,BUKIT MERAH,4 ROOM,39,JLN RUMAH TINGGI,19 TO 21,100.0,Model A,1997,72 years 02 months,753000.0
2024-05-01,BUKIT MERAH,4 ROOM,127A,KIM TIAN RD,01 TO 03,93.0,Model A,2013,87 years 10 months,800000.0
2024-05-01,BUKIT MERAH,4 ROOM,127C,KIM TIAN RD,25 TO 27,93.0,Model A,2013,87 years 09 months,980000.0
2024-05-01,BUKIT MERAH,4 ROOM,73A,REDHILL RD,13 TO 15,100.0,Model A,2005,80 years 06 months,915000.0
2024-05-01,BUKIT MERAH,4 ROOM,24,TELOK BLANGAH CRES,07 TO 09,82.0,Improved,1975,50 years 01 month,490000.0
2024-05-01,BUKIT MERAH,4 ROOM,50,TELOK BLANGAH DR,13 TO 15,98.0,New Generation,1978,53 years 03 months,636000.0
2024-05-01,BUKIT MERAH,4 ROOM,70C,TELOK BLANGAH HTS,19 TO 21,93.0,Model A,2017,92 years 02 months,940000.0
2024-05-01,BUKIT MERAH,4 ROOM,70C,TELOK BLANGAH HTS,13 TO 15,93.0,Model A,2017,92 years 01 month,910000.0
2024-05-01,BUKIT MERAH,4 ROOM,60,TELOK BLANGAH HTS,10 TO 12,81.0,New Generation,1976,51 years 05 months,520000.0
2024-05-01,BUKIT MERAH,4 ROOM,70C,TELOK BLANGAH HTS,16 TO 18,93.0,Model A,2017,92 years 01 month,885000.0
2024-05-01,BUKIT MERAH,4 ROOM,93A,TELOK BLANGAH ST 31,04 TO 06,93.0,Model A,2018,93 years 09 months,848000.0
2024-05-01,BUKIT MERAH,4 ROOM,93A,TELOK BLANGAH ST 31,04 TO 06,93.0,Model A,2018,93 years 08 months,840000.0
2024-05-01,BUKIT MERAH,4 ROOM,92B,TELOK BLANGAH ST 31,01 TO 03,93.0,Model A,2018,93 years 08 months,816888.0
2024-05-01,BUKIT MERAH,4 ROOM,91A,TELOK BLANGAH ST 31,19 TO 21,93.0,Model A,2018,93 years 08 months,958000.0
2024-05-01,BUKIT MERAH,4 ROOM,90B,TELOK BLANGAH ST 31,19 TO 21,93.0,Model A,2018,93 years 08 months,1008000.0
2024-05-01,BUKIT MERAH,4 ROOM,93A,TELOK BLANGAH ST 31,19 TO 21,93.0,Model A,2018,93 years 08 months,938000.0
2024-05-01,BUKIT MERAH,4 ROOM,93B,TELOK BLANGAH ST 31,19 TO 21,93.0,Model A,2018,93 years 07 months,960000.0
2024-05-01,BUKIT MERAH,4 ROOM,27,TELOK BLANGAH WAY,01 TO 03,82.0,Improved,1976,50 years 11 months,457000.0
2024-05-01,BUKIT MERAH,5 ROOM,115,BT MERAH CTRL,04 TO 06,117.0,Improved,1977,52 years 07 months,655000.0
2024-05-01,BUKIT MERAH,5 ROOM,124A,BT MERAH VIEW,16 TO 18,127.0,Improved,1996,71 years 04 months,1170000.0
2024-05-01,BUKIT MERAH,5 ROOM,2,DELTA AVE,25 TO 27,122.0,Improved,1985,60 years 05 months,1080000.0
2024-05-01,BUKIT MERAH,5 ROOM,1,DELTA AVE,04 TO 06,119.0,Improved,1983,58 years 02 months,950000.0
2024-05-01,BUKIT MERAH,5 ROOM,118C,JLN MEMBINA,04 TO 06,110.0,Improved,2003,77 years 09 months,853000.0
2024-05-01,BUKIT MERAH,5 ROOM,20,JLN MEMBINA,07 TO 09,110.0,Improved,2003,78 years 05 months,1110000.0
2024-05-01,BUKIT MERAH,5 ROOM,118B,JLN MEMBINA,04 TO 06,110.0,Improved,2003,77 years 09 months,995000.0
2024-05-01,BUKIT MERAH,5 ROOM,8,JLN RUMAH TINGGI,10 TO 12,136.0,Model A,1984,59 years 01 month,858000.0
2024-05-01,BUKIT MERAH,5 ROOM,35,JLN RUMAH TINGGI,01 TO 03,119.0,Improved,1999,73 years 11 months,788000.0
2024-05-01,BUKIT MERAH,5 ROOM,131C,KIM TIAN RD,25 TO 27,110.0,Improved,2002,76 years 09 months,960000.0
2024-05-01,BUKIT MERAH,5 ROOM,119B,KIM TIAN RD,28 TO 30,110.0,Improved,2002,77 years 08 months,990000.0
2024-05-01,BUKIT MERAH,5 ROOM,131B,KIM TIAN RD,04 TO 06,110.0,Improved,2002,76 years 09 months,840000.0
2024-05-01,BUKIT MERAH,5 ROOM,127D,KIM TIAN RD,13 TO 15,113.0,Improved,2013,87 years 10 months,1180000.0
2024-05-01,BUKIT MERAH,5 ROOM,69,REDHILL CL,25 TO 27,115.0,Improved,2001,75 years 10 months,1022000.0
2024-05-01,BUKIT MERAH,5 ROOM,87,REDHILL CL,16 TO 18,126.0,Improved,1995,69 years 08 months,1028000.0
2024-05-01,BUKIT MERAH,5 ROOM,76A,REDHILL RD,13 TO 15,115.0,Improved,2005,80 years 08 months,1050000.0
2024-05-01,BUKIT MERAH,5 ROOM,76A,REDHILL RD,28 TO 30,115.0,Improved,2005,80 years 08 months,1100000.0
2024-05-01,BUKIT MERAH,5 ROOM,110,SPOTTISWOODE PK RD,13 TO 15,121.0,Standard,1979,54 years 06 months,870000.0
2024-05-01,BUKIT PANJANG,2 ROOM,633D,SENJA RD,13 TO 15,47.0,Model A,2013,88 years 08 months,386000.0
2024-05-01,BUKIT PANJANG,3 ROOM,131,CASHEW RD,07 TO 09,73.0,Model A,1988,62 years 11 months,435000.0
2024-05-01,BUKIT PANJANG,3 ROOM,454,FAJAR RD,10 TO 12,68.0,Model A,2015,90 years 08 months,455000.0
2024-05-01,BUKIT PANJANG,3 ROOM,443A,FAJAR RD,10 TO 12,68.0,Model A,2016,91 years 08 months,448000.0
2024-05-01,BUKIT PANJANG,3 ROOM,442B,FAJAR RD,01 TO 03,68.0,Model A,2016,91 years 07 months,430000.0
2024-05-01,BUKIT PANJANG,3 ROOM,104,GANGSA RD,10 TO 12,73.0,Model A,1988,62 years 11 months,390000.0
2024-05-01,BUKIT PANJANG,3 ROOM,227,PENDING RD,10 TO 12,73.0,Model A,1989,63 years 10 months,402000.0
2024-05-01,BUKIT PANJANG,3 ROOM,227,PENDING RD,10 TO 12,73.0,Model A,1989,63 years 09 months,418000.0
2024-05-01,BUKIT PANJANG,3 ROOM,137,PETIR RD,10 TO 12,73.0,Model A,1989,64 years 03 months,413000.0
2024-05-01,BUKIT PANJANG,3 ROOM,216,PETIR RD,04 TO 06,73.0,Model A,1989,63 years 11 months,395000.0
2024-05-01,BUKIT PANJANG,3 ROOM,214,PETIR RD,10 TO 12,73.0,Model A,1988,63 years 06 months,390000.0
2024-05-01,BUKIT PANJANG,3 ROOM,220,PETIR RD,04 TO 06,73.0,Model A,1989,63 years 09 months,403000.0
2024-05-01,BUKIT PANJANG,3 ROOM,547C,SEGAR RD,13 TO 15,67.0,Model A,2015,90 years 03 months,472888.0
2024-05-01,BUKIT PANJANG,3 ROOM,548B,SEGAR RD,07 TO 09,67.0,Model A,2015,90 years 08 months,460000.0
2024-05-01,BUKIT PANJANG,3 ROOM,633A,SENJA RD,19 TO 21,67.0,Model A,2013,88 years 08 months,475000.0
2024-05-01,BUKIT PANJANG,4 ROOM,252,BANGKIT RD,01 TO 03,103.0,Model A,1989,64 years 01 month,520000.0
2024-05-01,BUKIT PANJANG,4 ROOM,450,BT PANJANG RING RD,07 TO 09,101.0,Model A,1997,72 years 03 months,502000.0
2024-05-01,BUKIT PANJANG,4 ROOM,613,BT PANJANG RING RD,01 TO 03,90.0,Model A,2002,77 years 01 month,480000.0
2024-05-01,BUKIT PANJANG,4 ROOM,613,BT PANJANG RING RD,13 TO 15,90.0,Model A,2002,77 years 01 month,522000.0
2024-05-01,BUKIT PANJANG,4 ROOM,611,BT PANJANG RING RD,10 TO 12,90.0,Model A,2002,77 years 01 month,500888.0
2024-05-01,BUKIT PANJANG,4 ROOM,443A,FAJAR RD,07 TO 09,93.0,Model A,2016,91 years 08 months,608000.0
2024-05-01,BUKIT PANJANG,4 ROOM,443D,FAJAR RD,07 TO 09,93.0,Model A,2016,91 years 07 months,583500.0
2024-05-01,BUKIT PANJANG,4 ROOM,170,GANGSA RD,01 TO 03,101.0,Model A,1997,72 years 08 months,635888.0
2024-05-01,BUKIT PANJANG,4 ROOM,173,GANGSA RD,04 TO 06,101.0,Model A,1997,72 years 08 months,660000.0
2024-05-01,BUKIT PANJANG,4 ROOM,172,GANGSA RD,13 TO 15,101.0,Model A,1997,72 years 08 months,607000.0
2024-05-01,BUKIT PANJANG,4 ROOM,501,JELAPANG RD,13 TO 15,102.0,Model A,1998,73 years,538000.0
2024-05-01,BUKIT PANJANG,4 ROOM,501,JELAPANG RD,07 TO 09,102.0,Model A,1998,73 years,500000.0
2024-05-01,BUKIT PANJANG,4 ROOM,531,JELAPANG RD,13 TO 15,103.0,Model A,1999,73 years 10 months,538000.0
2024-05-01,BUKIT PANJANG,4 ROOM,182,JELEBU RD,07 TO 09,90.0,Premium Apartment,2003,78 years 01 month,710000.0
2024-05-01,BUKIT PANJANG,4 ROOM,178,LOMPANG RD,01 TO 03,90.0,Model A,2001,76 years 07 months,557000.0
2024-05-01,BUKIT PANJANG,4 ROOM,123,PENDING RD,04 TO 06,103.0,Model A,1988,63 years 05 months,505000.0
2024-05-01,BUKIT PANJANG,4 ROOM,139,PETIR RD,07 TO 09,103.0,Model A,1988,63 years 03 months,490888.0
2024-05-01,BUKIT PANJANG,4 ROOM,546B,SEGAR RD,04 TO 06,92.0,Model A,2015,90 years 03 months,548000.0
2024-05-01,BUKIT PANJANG,4 ROOM,461,SEGAR RD,04 TO 06,93.0,Premium Apartment,2015,90 years 04 months,535000.0
2024-05-01,BUKIT PANJANG,4 ROOM,458,SEGAR RD,16 TO 18,93.0,Premium Apartment,2012,87 years 07 months,592800.0
2024-05-01,BUKIT PANJANG,4 ROOM,547B,SEGAR RD,10 TO 12,92.0,Model A,2015,90 years 03 months,590000.0
2024-05-01,BUKIT PANJANG,4 ROOM,468,SEGAR RD,07 TO 09,95.0,Premium Apartment,2002,77 years 03 months,450000.0
2024-05-01,BUKIT PANJANG,4 ROOM,550B,SEGAR RD,04 TO 06,92.0,Model A,2015,90 years 07 months,550000.0
2024-05-01,BUKIT PANJANG,4 ROOM,461,SEGAR RD,07 TO 09,93.0,Premium Apartment,2015,90 years 04 months,595000.0
2024-05-01,BUKIT PANJANG,4 ROOM,616,SENJA RD,10 TO 12,90.0,Model A2,2002,77 years,555000.0
2024-05-01,BUKIT PANJANG,4 ROOM,636C,SENJA RD,22 TO 24,92.0,Model A,2015,90 years 07 months,618000.0
2024-05-01,BUKIT PANJANG,4 ROOM,636B,SENJA RD,22 TO 24,92.0,Model A,2015,90 years 07 months,633000.0
2024-05-01,BUKIT PANJANG,4 ROOM,636B,SENJA RD,22 TO 24,92.0,Model A,2015,90 years 06 months,630000.0
2024-05-01,BUKIT PANJANG,5 ROOM,447,BT PANJANG RING RD,04 TO 06,120.0,Improved,1997,72 years 02 months,610000.0
2024-05-01,BUKIT PANJANG,5 ROOM,447,BT PANJANG RING RD,07 TO 09,121.0,Improved,1997,72 years 02 months,615000.0
2024-05-01,BUKIT PANJANG,5 ROOM,448,BT PANJANG RING RD,04 TO 06,121.0,Improved,1997,72 years 02 months,612000.0
2024-05-01,BUKIT PANJANG,5 ROOM,615,BT PANJANG RING RD,01 TO 03,110.0,Improved,2002,77 years,620000.0
2024-05-01,BUKIT PANJANG,5 ROOM,611,BT PANJANG RING RD,13 TO 15,111.0,Improved,2002,77 years 01 month,670000.0
2024-05-01,BUKIT PANJANG,5 ROOM,451,FAJAR RD,07 TO 09,119.0,Improved,1997,72 years 02 months,630000.0
2024-05-01,BUKIT PANJANG,5 ROOM,515,JELAPANG RD,07 TO 09,121.0,Improved,1998,73 years 06 months,623000.0
2024-05-01,BUKIT PANJANG,5 ROOM,519,JELAPANG RD,07 TO 09,123.0,Improved,1998,73 years 07 months,638888.0
2024-05-01,BUKIT PANJANG,5 ROOM,505,JELAPANG RD,07 TO 09,123.0,Improved,1998,72 years 08 months,658000.0
2024-05-01,BUKIT PANJANG,5 ROOM,182,JELEBU RD,01 TO 03,113.0,Premium Apartment,2003,78 years,720000.0
2024-05-01,BUKIT PANJANG,5 ROOM,178,LOMPANG RD,10 TO 12,110.0,Improved,2001,76 years 08 months,810000.0
2024-05-01,BUKIT PANJANG,5 ROOM,174,LOMPANG RD,01 TO 03,122.0,Improved,1997,72 years 03 months,746888.0
2024-05-01,BUKIT PANJANG,5 ROOM,167,PETIR RD,07 TO 09,121.0,Improved,1998,73 years 04 months,808888.0
2024-05-01,BUKIT PANJANG,5 ROOM,477,SEGAR RD,04 TO 06,111.0,Premium Apartment,2003,77 years 08 months,560000.0
2024-05-01,BUKIT PANJANG,5 ROOM,549A,SEGAR RD,10 TO 12,113.0,Improved,2015,90 years 08 months,721000.0
2024-05-01,BUKIT PANJANG,5 ROOM,477,SEGAR RD,07 TO 09,110.0,Premium Apartment,2003,77 years 09 months,570000.0
2024-05-01,BUKIT PANJANG,5 ROOM,635A,SENJA RD,31 TO 33,112.0,Improved,2015,90 years 07 months,780888.0
2024-05-01,BUKIT PANJANG,5 ROOM,623,SENJA RD,10 TO 12,110.0,Improved,2001,76 years 08 months,630000.0
2024-05-01,BUKIT PANJANG,5 ROOM,604,SENJA RD,28 TO 30,120.0,Improved,1999,74 years 01 month,893000.0
2024-05-01,BUKIT PANJANG,5 ROOM,625,SENJA RD,10 TO 12,110.0,Premium Apartment,2004,79 years 07 months,620000.0
2024-05-01,BUKIT PANJANG,5 ROOM,623,SENJA RD,10 TO 12,110.0,Improved,2001,76 years 08 months,615000.0
2024-05-01,BUKIT PANJANG,5 ROOM,630,SENJA RD,10 TO 12,110.0,Premium Apartment,2004,79 years 06 months,590000.0
2024-05-01,BUKIT PANJANG,5 ROOM,606,SENJA RD,28 TO 30,121.0,Improved,1999,74 years,900000.0
2024-05-01,BUKIT PANJANG,5 ROOM,625,SENJA RD,13 TO 15,110.0,Premium Apartment,2004,79 years 07 months,635000.0
2024-05-01,BUKIT PANJANG,5 ROOM,603,SENJA RD,04 TO 06,121.0,Improved,1999,74 years 02 months,770000.0
2024-05-01,BUKIT PANJANG,5 ROOM,623,SENJA RD,04 TO 06,110.0,Improved,2001,76 years 07 months,550000.0
2024-05-01,BUKIT PANJANG,EXECUTIVE,408,FAJAR RD,07 TO 09,146.0,Maisonette,1989,63 years 10 months,835000.0
2024-05-01,BUKIT PANJANG,EXECUTIVE,452,FAJAR RD,13 TO 15,140.0,Apartment,1997,72 years 01 month,770000.0
2024-05-01,BUKIT PANJANG,EXECUTIVE,503,JELAPANG RD,13 TO 15,145.0,Maisonette,1998,72 years 11 months,832500.0
2024-05-01,BUKIT TIMAH,3 ROOM,8,EMPRESS RD,07 TO 09,65.0,Improved,1976,51 years,445000.0
2024-05-01,BUKIT TIMAH,5 ROOM,17,TOH YI DR,13 TO 15,122.0,Improved,1988,63 years 03 months,1180000.0
2024-05-01,CENTRAL AREA,3 ROOM,271,QUEEN ST,16 TO 18,68.0,Improved,1979,53 years 11 months,600000.0
2024-05-01,CENTRAL AREA,3 ROOM,1,TG PAGAR PLAZA,22 TO 24,59.0,Improved,1977,51 years 10 months,518000.0
2024-05-01,CENTRAL AREA,3 ROOM,4,TG PAGAR PLAZA,04 TO 06,59.0,Improved,1977,51 years 10 months,485000.0
2024-05-01,CENTRAL AREA,3 ROOM,536,UPP CROSS ST,13 TO 15,68.0,Improved,1981,56 years 01 month,599999.0
2024-05-01,CENTRAL AREA,4 ROOM,662,BUFFALO RD,19 TO 21,85.0,Improved,1982,57 years 01 month,598880.0
2024-05-01,CENTRAL AREA,4 ROOM,1B,CANTONMENT RD,10 TO 12,93.0,Type S1,2011,85 years 09 months,1248888.0
2024-05-01,CENTRAL AREA,4 ROOM,1C,CANTONMENT RD,46 TO 48,93.0,Type S1,2011,85 years 08 months,1450000.0
2024-05-01,CENTRAL AREA,4 ROOM,26,JLN BERSEH,10 TO 12,87.0,Improved,1979,54 years 02 months,588000.0
2024-05-01,CENTRAL AREA,4 ROOM,632,VEERASAMY RD,19 TO 21,101.0,Model A,1985,60 years 04 months,785000.0
2024-05-01,CENTRAL AREA,5 ROOM,1C,CANTONMENT RD,37 TO 39,106.0,Type S2,2011,85 years 09 months,1515000.0
2024-05-01,CENTRAL AREA,5 ROOM,672B,KLANG LANE,04 TO 06,105.0,Improved,2002,77 years 03 months,752000.0
2024-05-01,CHOA CHU KANG,3 ROOM,811A,CHOA CHU KANG AVE 7,07 TO 09,68.0,Model A,2017,92 years 07 months,438000.0
2024-05-01,CHOA CHU KANG,3 ROOM,811A,CHOA CHU KANG AVE 7,10 TO 12,68.0,Model A,2017,92 years 06 months,470000.0
2024-05-01,CHOA CHU KANG,3 ROOM,4,TECK WHYE AVE,07 TO 09,74.0,Model A,1984,59 years 03 months,390000.0
2024-05-01,CHOA CHU KANG,3 ROOM,10,TECK WHYE AVE,01 TO 03,67.0,New Generation,1978,53 years 01 month,362000.0
2024-05-01,CHOA CHU KANG,3 ROOM,1,TECK WHYE AVE,10 TO 12,74.0,Model A,1984,59 years 06 months,398000.0
2024-05-01,CHOA CHU KANG,3 ROOM,166B,TECK WHYE CRES,13 TO 15,68.0,Model A,2015,89 years 10 months,432000.0
2024-05-01,CHOA CHU KANG,3 ROOM,110,TECK WHYE LANE,07 TO 09,73.0,Model A,1989,64 years 07 months,390000.0
2024-05-01,CHOA CHU KANG,3 ROOM,115,TECK WHYE LANE,04 TO 06,73.0,Model A,1989,64 years 01 month,390000.0
2024-05-01,CHOA CHU KANG,3 ROOM,26,TECK WHYE LANE,10 TO 12,74.0,New Generation,1979,53 years 11 months,365000.0
2024-05-01,CHOA CHU KANG,3 ROOM,19,TECK WHYE LANE,04 TO 06,68.0,New Generation,1981,56 years 05 months,372000.0
2024-05-01,CHOA CHU KANG,4 ROOM,808B,CHOA CHU KANG AVE 1,04 TO 06,92.0,Model A,2017,92 years,560000.0
2024-05-01,CHOA CHU KANG,4 ROOM,131,CHOA CHU KANG AVE 1,01 TO 03,104.0,Model A,1993,67 years 11 months,510000.0
2024-05-01,CHOA CHU KANG,4 ROOM,818A,CHOA CHU KANG AVE 1,19 TO 21,92.0,Model A,2017,92 years 04 months,640000.0
2024-05-01,CHOA CHU KANG,4 ROOM,296B,CHOA CHU KANG AVE 2,04 TO 06,100.0,Premium Apartment,1999,74 years 03 months,490000.0
2024-05-01,CHOA CHU KANG,4 ROOM,295,CHOA CHU KANG AVE 2,04 TO 06,104.0,Model A,1990,65 years 01 month,502000.0
2024-05-01,CHOA CHU KANG,4 ROOM,252,CHOA CHU KANG AVE 2,04 TO 06,104.0,Model A,1994,69 years 09 months,495000.0
2024-05-01,CHOA CHU KANG,4 ROOM,294,CHOA CHU KANG AVE 2,04 TO 06,104.0,Model A,1990,65 years 01 month,490000.0
2024-05-01,CHOA CHU KANG,4 ROOM,294,CHOA CHU KANG AVE 2,04 TO 06,104.0,Model A,1990,65 years 01 month,495000.0
2024-05-01,CHOA CHU KANG,4 ROOM,296D,CHOA CHU KANG AVE 2,07 TO 09,102.0,Premium Apartment,1999,74 years 02 months,500000.0
2024-05-01,CHOA CHU KANG,4 ROOM,408,CHOA CHU KANG AVE 3,07 TO 09,104.0,Model A,1993,68 years 02 months,513000.0
2024-05-01,CHOA CHU KANG,4 ROOM,293,CHOA CHU KANG AVE 3,07 TO 09,112.0,Model A,1993,68 years 03 months,515000.0
2024-05-01,CHOA CHU KANG,4 ROOM,410,CHOA CHU KANG AVE 3,04 TO 06,104.0,Model A,1992,67 years 03 months,495000.0
2024-05-01,CHOA CHU KANG,4 ROOM,278,CHOA CHU KANG AVE 3,01 TO 03,104.0,Model A,1992,67 years 03 months,510000.0
2024-05-01,CHOA CHU KANG,4 ROOM,403,CHOA CHU KANG AVE 3,01 TO 03,104.0,Model A,1993,68 years 02 months,480000.0
2024-05-01,CHOA CHU KANG,4 ROOM,413,CHOA CHU KANG AVE 3,01 TO 03,104.0,Model A,1992,67 years 02 months,530000.0
2024-05-01,CHOA CHU KANG,4 ROOM,283,CHOA CHU KANG AVE 3,04 TO 06,112.0,Model A,1992,67 years 03 months,510000.0
2024-05-01,CHOA CHU KANG,4 ROOM,409,CHOA CHU KANG AVE 3,01 TO 03,110.0,Model A,1992,67 years 02 months,480000.0
2024-05-01,CHOA CHU KANG,4 ROOM,459,CHOA CHU KANG AVE 4,04 TO 06,104.0,Premium Apartment,2000,75 years,488000.0
2024-05-01,CHOA CHU KANG,4 ROOM,418,CHOA CHU KANG AVE 4,01 TO 03,106.0,Model A,1993,68 years 01 month,505000.0
2024-05-01,CHOA CHU KANG,4 ROOM,440,CHOA CHU KANG AVE 4,04 TO 06,106.0,Model A,1993,68 years 02 months,550000.0
2024-05-01,CHOA CHU KANG,4 ROOM,438,CHOA CHU KANG AVE 4,10 TO 12,104.0,Model A,1993,68 years 02 months,495000.0
2024-05-01,CHOA CHU KANG,4 ROOM,414,CHOA CHU KANG AVE 4,07 TO 09,106.0,Model A,1993,68 years 02 months,535000.0
2024-05-01,CHOA CHU KANG,4 ROOM,428,CHOA CHU KANG AVE 4,01 TO 03,105.0,Model A,1992,67 years 02 months,504000.0
2024-05-01,CHOA CHU KANG,4 ROOM,452,CHOA CHU KANG AVE 4,16 TO 18,104.0,Premium Apartment,2000,74 years 11 months,512000.0
2024-05-01,CHOA CHU KANG,4 ROOM,442,CHOA CHU KANG AVE 4,10 TO 12,91.0,Model A2,1997,71 years 11 months,488000.0
2024-05-01,CHOA CHU KANG,4 ROOM,487C,CHOA CHU KANG AVE 5,10 TO 12,93.0,Model A,2016,91 years 02 months,540888.0
2024-05-01,CHOA CHU KANG,4 ROOM,489C,CHOA CHU KANG AVE 5,01 TO 03,93.0,Model A,2016,91 years 02 months,510000.0
2024-05-01,CHOA CHU KANG,4 ROOM,488B,CHOA CHU KANG AVE 5,07 TO 09,93.0,Model A,2016,91 years 02 months,569000.0
2024-05-01,CHOA CHU KANG,4 ROOM,483,CHOA CHU KANG AVE 5,04 TO 06,100.0,Model A,1999,74 years 01 month,473000.0
2024-05-01,CHOA CHU KANG,4 ROOM,476B,CHOA CHU KANG AVE 5,16 TO 18,92.0,Model A,2013,88 years 02 months,560000.0
2024-05-01,CHOA CHU KANG,4 ROOM,489A,CHOA CHU KANG AVE 5,07 TO 09,93.0,Model A,2016,91 years 02 months,540888.0
2024-05-01,CHOA CHU KANG,4 ROOM,812C,CHOA CHU KANG AVE 7,10 TO 12,93.0,Model A,2017,92 years 07 months,540668.0
2024-05-01,CHOA CHU KANG,4 ROOM,812C,CHOA CHU KANG AVE 7,13 TO 15,93.0,Model A,2017,92 years 07 months,570000.0
2024-05-01,CHOA CHU KANG,4 ROOM,811B,CHOA CHU KANG AVE 7,13 TO 15,93.0,Model A,2017,92 years 07 months,585000.0
2024-05-01,CHOA CHU KANG,4 ROOM,670,CHOA CHU KANG CRES,01 TO 03,104.0,Premium Apartment,1999,74 years 08 months,510000.0
2024-05-01,CHOA CHU KANG,4 ROOM,692B,CHOA CHU KANG CRES,01 TO 03,90.0,Model A,2003,77 years 10 months,460000.0
2024-05-01,CHOA CHU KANG,4 ROOM,692B,CHOA CHU KANG CRES,13 TO 15,91.0,Model A,2003,77 years 10 months,490000.0
2024-05-01,CHOA CHU KANG,4 ROOM,681,CHOA CHU KANG CRES,04 TO 06,105.0,Premium Apartment,1999,74 years 05 months,520000.0
2024-05-01,CHOA CHU KANG,4 ROOM,234,CHOA CHU KANG CTRL,04 TO 06,104.0,Model A,1989,64 years,468888.0
2024-05-01,CHOA CHU KANG,4 ROOM,219,CHOA CHU KANG CTRL,07 TO 09,106.0,Model A,1990,64 years 10 months,548000.0
2024-05-01,CHOA CHU KANG,4 ROOM,230,CHOA CHU KANG CTRL,04 TO 06,104.0,Model A,1990,65 years 02 months,515000.0
2024-05-01,CHOA CHU KANG,4 ROOM,238,CHOA CHU KANG CTRL,01 TO 03,104.0,Model A,1990,64 years 11 months,496888.0
2024-05-01,CHOA CHU KANG,4 ROOM,688A,CHOA CHU KANG DR,13 TO 15,90.0,Model A,2002,76 years 11 months,483000.0
2024-05-01,CHOA CHU KANG,4 ROOM,687A,CHOA CHU KANG DR,07 TO 09,90.0,Model A,2002,77 years 02 months,463000.0
2024-05-01,CHOA CHU KANG,4 ROOM,636,CHOA CHU KANG NTH 6,04 TO 06,113.0,Premium Apartment,1998,72 years 08 months,570000.0
2024-05-01,CHOA CHU KANG,4 ROOM,631,CHOA CHU KANG NTH 6,04 TO 06,113.0,Premium Apartment,1998,72 years 09 months,600000.0
2024-05-01,CHOA CHU KANG,4 ROOM,565,CHOA CHU KANG ST 52,01 TO 03,111.0,Model A,1995,70 years 07 months,500000.0
2024-05-01,CHOA CHU KANG,4 ROOM,569,CHOA CHU KANG ST 52,04 TO 06,105.0,Model A,1995,70 years 02 months,570000.0
2024-05-01,CHOA CHU KANG,4 ROOM,707,CHOA CHU KANG ST 53,07 TO 09,117.0,Model A,1995,70 years 02 months,545000.0
2024-05-01,CHOA CHU KANG,4 ROOM,701,CHOA CHU KANG ST 53,07 TO 09,109.0,Model A,1995,70 years 01 month,512000.0
2024-05-01,CHOA CHU KANG,4 ROOM,767,CHOA CHU KANG ST 54,10 TO 12,106.0,Model A,1996,71 years 06 months,520000.0
2024-05-01,CHOA CHU KANG,4 ROOM,160,JLN TECK WHYE,10 TO 12,101.0,Model A,1998,72 years 10 months,528000.0
2024-05-01,CHOA CHU KANG,4 ROOM,801D,KEAT HONG CL,04 TO 06,92.0,Model A,2018,92 years 11 months,530000.0
2024-05-01,CHOA CHU KANG,4 ROOM,805C,KEAT HONG CL,01 TO 03,93.0,Model A,2017,92 years 01 month,515000.0
2024-05-01,CHOA CHU KANG,4 ROOM,803C,KEAT HONG CL,07 TO 09,93.0,Model A,2017,92 years 01 month,540000.0
2024-05-01,CHOA CHU KANG,4 ROOM,801C,KEAT HONG CL,01 TO 03,92.0,Model A,2018,92 years 10 months,510000.0
2024-05-01,CHOA CHU KANG,4 ROOM,803B,KEAT HONG CL,07 TO 09,93.0,Model A,2017,92 years 01 month,568500.0
2024-05-01,CHOA CHU KANG,4 ROOM,801B,KEAT HONG CL,04 TO 06,92.0,Model A,2018,92 years 10 months,560000.0
2024-05-01,CHOA CHU KANG,4 ROOM,801C,KEAT HONG CL,04 TO 06,92.0,Model A,2018,92 years 09 months,525000.0
2024-05-01,CHOA CHU KANG,4 ROOM,801A,KEAT HONG CL,07 TO 09,92.0,Model A,2018,92 years 09 months,568888.0
2024-05-01,CHOA CHU KANG,4 ROOM,817C,KEAT HONG LINK,13 TO 15,92.0,Model A,2017,92 years 05 months,618000.0
2024-05-01,CHOA CHU KANG,4 ROOM,1,TECK WHYE AVE,04 TO 06,103.0,Model A,1984,59 years 06 months,503000.0
2024-05-01,CHOA CHU KANG,4 ROOM,8,TECK WHYE AVE,04 TO 06,92.0,New Generation,1978,53 years 01 month,443000.0
2024-05-01,CHOA CHU KANG,4 ROOM,116,TECK WHYE LANE,01 TO 03,106.0,Model A,1988,63 years 08 months,512888.0
2024-05-01,CHOA CHU KANG,4 ROOM,15,TECK WHYE LANE,10 TO 12,92.0,New Generation,1979,53 years 11 months,441000.0
2024-05-01,CHOA CHU KANG,4 ROOM,124,TECK WHYE LANE,04 TO 06,104.0,Model A,1989,63 years 10 months,483000.0
2024-05-01,CHOA CHU KANG,4 ROOM,115,TECK WHYE LANE,10 TO 12,103.0,Model A,1989,64 years 01 month,516888.0
2024-05-01,CHOA CHU KANG,4 ROOM,17,TECK WHYE LANE,01 TO 03,93.0,New Generation,1981,56 years 05 months,415000.0
2024-05-01,CHOA CHU KANG,5 ROOM,131,CHOA CHU KANG AVE 1,04 TO 06,134.0,Model A,1993,68 years 02 months,635000.0
2024-05-01,CHOA CHU KANG,5 ROOM,818C,CHOA CHU KANG AVE 1,07 TO 09,112.0,Improved,2017,92 years 05 months,719000.0
2024-05-01,CHOA CHU KANG,5 ROOM,473,CHOA CHU KANG AVE 3,10 TO 12,120.0,Improved,1999,74 years,590000.0
2024-05-01,CHOA CHU KANG,5 ROOM,457,CHOA CHU KANG AVE 4,01 TO 03,123.0,Premium Apartment,2000,74 years 10 months,583200.0
2024-05-01,CHOA CHU KANG,5 ROOM,489D,CHOA CHU KANG AVE 5,01 TO 03,113.0,Improved,2016,91 years 02 months,585000.0
2024-05-01,CHOA CHU KANG,5 ROOM,812B,CHOA CHU KANG AVE 7,13 TO 15,113.0,Improved,2017,92 years 08 months,690000.0
2024-05-01,CHOA CHU KANG,5 ROOM,812C,CHOA CHU KANG AVE 7,13 TO 15,113.0,Improved,2017,92 years 07 months,670000.0
2024-05-01,CHOA CHU KANG,5 ROOM,812B,CHOA CHU KANG AVE 7,04 TO 06,113.0,Improved,2017,92 years 07 months,625000.0
2024-05-01,CHOA CHU KANG,5 ROOM,686D,CHOA CHU KANG CRES,07 TO 09,110.0,Improved,2002,77 years 06 months,518888.0
2024-05-01,CHOA CHU KANG,5 ROOM,691B,CHOA CHU KANG CRES,04 TO 06,110.0,Improved,2003,78 years 01 month,530000.0
2024-05-01,CHOA CHU KANG,5 ROOM,688C,CHOA CHU KANG CRES,13 TO 15,110.0,Improved,2003,77 years 11 months,536888.0
2024-05-01,CHOA CHU KANG,5 ROOM,684B,CHOA CHU KANG CRES,04 TO 06,110.0,Improved,2002,77 years 06 months,500000.0
2024-05-01,CHOA CHU KANG,5 ROOM,680,CHOA CHU KANG CRES,10 TO 12,122.0,Premium Apartment,1999,74 years 06 months,595000.0
2024-05-01,CHOA CHU KANG,5 ROOM,661,CHOA CHU KANG CRES,10 TO 12,121.0,Premium Apartment,1999,74 years,585000.0
2024-05-01,CHOA CHU KANG,5 ROOM,692B,CHOA CHU KANG CRES,07 TO 09,110.0,Improved,2003,77 years 10 months,550000.0
2024-05-01,CHOA CHU KANG,5 ROOM,229,CHOA CHU KANG CTRL,01 TO 03,122.0,Improved,1989,64 years 01 month,575000.0
2024-05-01,CHOA CHU KANG,5 ROOM,212,CHOA CHU KANG CTRL,01 TO 03,122.0,Improved,1989,64 years 02 months,600000.0
2024-05-01,CHOA CHU KANG,5 ROOM,234,CHOA CHU KANG CTRL,10 TO 12,122.0,Improved,1989,64 years,650000.0
2024-05-01,CHOA CHU KANG,5 ROOM,229,CHOA CHU KANG CTRL,07 TO 09,122.0,Improved,1989,64 years 01 month,580000.0
2024-05-01,CHOA CHU KANG,5 ROOM,687C,CHOA CHU KANG DR,19 TO 21,110.0,Improved,2003,77 years 11 months,562000.0
2024-05-01,CHOA CHU KANG,5 ROOM,687D,CHOA CHU KANG DR,22 TO 24,111.0,Improved,2003,78 years,590888.0
2024-05-01,CHOA CHU KANG,5 ROOM,688A,CHOA CHU KANG DR,10 TO 12,110.0,Improved,2002,76 years 11 months,552000.0
2024-05-01,CHOA CHU KANG,5 ROOM,687B,CHOA CHU KANG DR,16 TO 18,110.0,Improved,2002,77 years 02 months,575000.0
2024-05-01,CHOA CHU KANG,5 ROOM,344,CHOA CHU KANG LOOP,07 TO 09,124.0,Improved,1993,68 years 02 months,700000.0
2024-05-01,CHOA CHU KANG,5 ROOM,760,CHOA CHU KANG NTH 5,04 TO 06,126.0,Improved,1995,70 years 03 months,650000.0
2024-05-01,CHOA CHU KANG,5 ROOM,766,CHOA CHU KANG NTH 5,01 TO 03,119.0,Improved,1996,71 years 04 months,593800.0
2024-05-01,CHOA CHU KANG,5 ROOM,502,CHOA CHU KANG ST 51,04 TO 06,132.0,Model A,1995,69 years 10 months,585000.0
2024-05-01,CHOA CHU KANG,5 ROOM,506,CHOA CHU KANG ST 51,04 TO 06,139.0,Model A,1994,69 years 07 months,620000.0
2024-05-01,CHOA CHU KANG,5 ROOM,550,CHOA CHU KANG ST 52,04 TO 06,121.0,Improved,1994,69 years,595000.0
2024-05-01,CHOA CHU KANG,5 ROOM,706,CHOA CHU KANG ST 53,04 TO 06,128.0,Improved,1995,70 years,625000.0
2024-05-01,CHOA CHU KANG,5 ROOM,612,CHOA CHU KANG ST 62,04 TO 06,133.0,Model A,1996,71 years 02 months,658000.0
2024-05-01,CHOA CHU KANG,5 ROOM,626,CHOA CHU KANG ST 62,10 TO 12,121.0,Improved,1997,72 years,680888.0
2024-05-01,CHOA CHU KANG,5 ROOM,801A,KEAT HONG CL,04 TO 06,113.0,Improved,2018,92 years 10 months,638000.0
2024-05-01,CHOA CHU KANG,5 ROOM,805D,KEAT HONG CL,04 TO 06,113.0,Improved,2017,92 years 01 month,628000.0
2024-05-01,CHOA CHU KANG,5 ROOM,805D,KEAT HONG CL,01 TO 03,113.0,Improved,2017,92 years 01 month,618000.0
2024-05-01,CHOA CHU KANG,5 ROOM,803C,KEAT HONG CL,01 TO 03,113.0,Improved,2017,92 years 01 month,621000.0
2024-05-01,CHOA CHU KANG,5 ROOM,816B,KEAT HONG LINK,16 TO 18,112.0,Improved,2017,92 years 05 months,715000.0
2024-05-01,CHOA CHU KANG,5 ROOM,816B,KEAT HONG LINK,04 TO 06,112.0,Improved,2017,92 years 04 months,650000.0
2024-05-01,CHOA CHU KANG,5 ROOM,14,TECK WHYE LANE,13 TO 15,119.0,Improved,1979,53 years 09 months,525000.0
2024-05-01,CHOA CHU KANG,EXECUTIVE,204,CHOA CHU KANG AVE 1,01 TO 03,149.0,Maisonette,1989,64 years 04 months,710000.0
2024-05-01,CHOA CHU KANG,EXECUTIVE,437,CHOA CHU KANG AVE 4,07 TO 09,148.0,Apartment,1993,68 years 02 months,780000.0
2024-05-01,CHOA CHU KANG,EXECUTIVE,448,CHOA CHU KANG AVE 4,10 TO 12,143.0,Maisonette,1997,72 years,796888.0
2024-05-01,CHOA CHU KANG,EXECUTIVE,690B,CHOA CHU KANG CRES,01 TO 03,125.0,Apartment,2003,78 years,600000.0
2024-05-01,CHOA CHU KANG,EXECUTIVE,663,CHOA CHU KANG CRES,10 TO 12,141.0,Apartment,1999,74 years 02 months,705000.0
2024-05-01,CHOA CHU KANG,EXECUTIVE,208,CHOA CHU KANG CTRL,01 TO 03,146.0,Maisonette,1989,64 years 04 months,780000.0
2024-05-01,CHOA CHU KANG,EXECUTIVE,214,CHOA CHU KANG CTRL,07 TO 09,142.0,Apartment,1990,64 years 11 months,775000.0
2024-05-01,CHOA CHU KANG,EXECUTIVE,764,CHOA CHU KANG NTH 5,04 TO 06,144.0,Maisonette,1996,71 years 04 months,828000.0
2024-05-01,CHOA CHU KANG,EXECUTIVE,757,CHOA CHU KANG NTH 5,07 TO 09,146.0,Apartment,1995,70 years 04 months,755000.0
2024-05-01,CHOA CHU KANG,EXECUTIVE,757,CHOA CHU KANG NTH 5,01 TO 03,146.0,Apartment,1995,70 years 04 months,720000.0
2024-05-01,CHOA CHU KANG,EXECUTIVE,631,CHOA CHU KANG NTH 6,07 TO 09,142.0,Premium Apartment,1998,72 years 09 months,808000.0
2024-05-01,CHOA CHU KANG,EXECUTIVE,528,CHOA CHU KANG ST 51,10 TO 12,145.0,Apartment,1995,70 years,715000.0
2024-05-01,CHOA CHU KANG,EXECUTIVE,605,CHOA CHU KANG ST 62,04 TO 06,145.0,Apartment,1996,71 years,758000.0
2024-05-01,CHOA CHU KANG,EXECUTIVE,640,CHOA CHU KANG ST 64,16 TO 18,145.0,Premium Apartment,1998,72 years 09 months,885000.0
2024-05-01,CHOA CHU KANG,EXECUTIVE,163,JLN TECK WHYE,13 TO 15,140.0,Apartment,1998,73 years 01 month,840000.0
2024-05-01,CHOA CHU KANG,EXECUTIVE,120,TECK WHYE LANE,01 TO 03,146.0,Maisonette,1989,64 years 01 month,758000.0
2024-05-01,CLEMENTI,2 ROOM,418,CLEMENTI AVE 1,22 TO 24,49.0,Model A,2013,88 years 05 months,440000.0
2024-05-01,CLEMENTI,3 ROOM,421,CLEMENTI AVE 1,04 TO 06,74.0,Model A,2013,88 years 05 months,600000.0
2024-05-01,CLEMENTI,3 ROOM,421,CLEMENTI AVE 1,25 TO 27,73.0,Model A,2013,88 years 05 months,670000.0
2024-05-01,CLEMENTI,3 ROOM,334,CLEMENTI AVE 2,07 TO 09,67.0,New Generation,1978,53 years 03 months,392000.0
2024-05-01,CLEMENTI,3 ROOM,362,CLEMENTI AVE 2,10 TO 12,82.0,New Generation,1978,52 years 09 months,478000.0
2024-05-01,CLEMENTI,3 ROOM,430,CLEMENTI AVE 3,04 TO 06,67.0,New Generation,1979,54 years 07 months,395000.0
2024-05-01,CLEMENTI,3 ROOM,307,CLEMENTI AVE 4,01 TO 03,67.0,New Generation,1979,54 years 07 months,380000.0
2024-05-01,CLEMENTI,3 ROOM,309,CLEMENTI AVE 4,10 TO 12,67.0,New Generation,1980,54 years 09 months,380888.0
2024-05-01,CLEMENTI,3 ROOM,309,CLEMENTI AVE 4,07 TO 09,67.0,New Generation,1980,54 years 09 months,380000.0
2024-05-01,CLEMENTI,3 ROOM,305,CLEMENTI AVE 4,10 TO 12,67.0,New Generation,1979,53 years 11 months,420000.0
2024-05-01,CLEMENTI,3 ROOM,304,CLEMENTI AVE 4,07 TO 09,67.0,New Generation,1979,53 years 11 months,366000.0
2024-05-01,CLEMENTI,3 ROOM,306,CLEMENTI AVE 4,07 TO 09,67.0,New Generation,1979,53 years 11 months,390000.0
2024-05-01,CLEMENTI,3 ROOM,308,CLEMENTI AVE 4,10 TO 12,67.0,New Generation,1980,54 years 09 months,388000.0
2024-05-01,CLEMENTI,3 ROOM,379,CLEMENTI AVE 5,10 TO 12,67.0,New Generation,1980,55 years 04 months,395888.0
2024-05-01,CLEMENTI,3 ROOM,377,CLEMENTI AVE 5,10 TO 12,67.0,New Generation,1980,55 years 06 months,408000.0
2024-05-01,CLEMENTI,3 ROOM,341,CLEMENTI AVE 5,07 TO 09,67.0,New Generation,1979,54 years,380000.0
2024-05-01,CLEMENTI,3 ROOM,208B,CLEMENTI AVE 6,10 TO 12,68.0,Model A,2017,92 years 06 months,618000.0
2024-05-01,CLEMENTI,3 ROOM,728,CLEMENTI WEST ST 2,04 TO 06,68.0,New Generation,1980,55 years 04 months,350000.0
2024-05-01,CLEMENTI,3 ROOM,713,CLEMENTI WEST ST 2,10 TO 12,67.0,New Generation,1985,60 years 02 months,385000.0
2024-05-01,CLEMENTI,3 ROOM,704,WEST COAST RD,07 TO 09,67.0,New Generation,1980,55 years 05 months,352000.0
2024-05-01,CLEMENTI,3 ROOM,703,WEST COAST RD,10 TO 12,82.0,New Generation,1980,55 years 05 months,398000.0
2024-05-01,CLEMENTI,3 ROOM,701,WEST COAST RD,07 TO 09,67.0,New Generation,1980,55 years 04 months,360000.0
2024-05-01,CLEMENTI,3 ROOM,704,WEST COAST RD,01 TO 03,67.0,New Generation,1980,55 years 05 months,355000.0
2024-05-01,CLEMENTI,3 ROOM,703,WEST COAST RD,04 TO 06,67.0,New Generation,1980,55 years 05 months,385000.0
2024-05-01,CLEMENTI,4 ROOM,411,C'WEALTH AVE WEST,07 TO 09,97.0,New Generation,1978,52 years 11 months,568888.0
2024-05-01,CLEMENTI,4 ROOM,462,CLEMENTI AVE 3,01 TO 03,90.0,Model A,2006,81 years 03 months,720000.0
2024-05-01,CLEMENTI,4 ROOM,462,CLEMENTI AVE 3,01 TO 03,90.0,Model A,2006,81 years 03 months,858000.0
2024-05-01,CLEMENTI,4 ROOM,312B,CLEMENTI AVE 4,28 TO 30,93.0,Model A,2017,92 years 05 months,993000.0
2024-05-01,CLEMENTI,4 ROOM,372,CLEMENTI AVE 4,10 TO 12,98.0,New Generation,1987,62 years 01 month,600000.0
2024-05-01,CLEMENTI,4 ROOM,311A,CLEMENTI AVE 4,10 TO 12,80.0,DBSS,2014,89 years 08 months,828000.0
2024-05-01,CLEMENTI,4 ROOM,381,CLEMENTI AVE 5,10 TO 12,94.0,New Generation,1981,56 years 04 months,588000.0
2024-05-01,CLEMENTI,4 ROOM,205,CLEMENTI AVE 6,04 TO 06,93.0,New Generation,1984,59 years 07 months,510000.0
2024-05-01,CLEMENTI,4 ROOM,208B,CLEMENTI AVE 6,10 TO 12,93.0,Model A,2017,92 years 05 months,885000.0
2024-05-01,CLEMENTI,4 ROOM,113,CLEMENTI ST 13,07 TO 09,104.0,Model A,1984,59 years 06 months,720000.0
2024-05-01,CLEMENTI,4 ROOM,117,CLEMENTI ST 13,10 TO 12,104.0,Model A,1984,59 years 05 months,810000.0
2024-05-01,CLEMENTI,4 ROOM,601,CLEMENTI WEST ST 1,10 TO 12,92.0,New Generation,1979,54 years 07 months,538000.0
2024-05-01,CLEMENTI,4 ROOM,707,CLEMENTI WEST ST 2,01 TO 03,91.0,New Generation,1980,55 years 03 months,470000.0
2024-05-01,CLEMENTI,4 ROOM,511,WEST COAST DR,01 TO 03,91.0,New Generation,1978,52 years 09 months,430000.0
2024-05-01,CLEMENTI,5 ROOM,416,CLEMENTI AVE 1,22 TO 24,113.0,Improved,2013,88 years 05 months,1020000.0
2024-05-01,CLEMENTI,5 ROOM,355,CLEMENTI AVE 2,07 TO 09,117.0,Standard,1978,53 years,770899.0
2024-05-01,CLEMENTI,5 ROOM,357,CLEMENTI AVE 2,10 TO 12,117.0,Standard,1978,52 years 11 months,775000.0
2024-05-01,CLEMENTI,5 ROOM,312B,CLEMENTI AVE 4,04 TO 06,113.0,Improved,2017,92 years 04 months,1128000.0
2024-05-01,CLEMENTI,5 ROOM,204,CLEMENTI AVE 6,07 TO 09,121.0,Improved,1984,59 years 08 months,745000.0
2024-05-01,CLEMENTI,5 ROOM,101,CLEMENTI ST 14,07 TO 09,126.0,Improved,1984,59 years 06 months,830000.0
2024-05-01,CLEMENTI,5 ROOM,724,CLEMENTI WEST ST 2,10 TO 12,118.0,Improved,1981,55 years 09 months,660000.0
2024-05-01,GEYLANG,2 ROOM,52,CIRCUIT RD,01 TO 03,43.0,Standard,1969,43 years 09 months,250000.0
2024-05-01,GEYLANG,3 ROOM,109,ALJUNIED CRES,07 TO 09,60.0,Improved,1986,60 years 09 months,395000.0
2024-05-01,GEYLANG,3 ROOM,101,ALJUNIED CRES,04 TO 06,67.0,New Generation,1978,52 years 08 months,398000.0
2024-05-01,GEYLANG,3 ROOM,24,BALAM RD,10 TO 12,60.0,Standard,1967,41 years 09 months,320000.0
2024-05-01,GEYLANG,3 ROOM,58,CIRCUIT RD,07 TO 09,56.0,Standard,1969,43 years 09 months,315000.0
2024-05-01,GEYLANG,3 ROOM,65,CIRCUIT RD,01 TO 03,59.0,Standard,1967,41 years 09 months,318000.0
2024-05-01,GEYLANG,3 ROOM,52,CIRCUIT RD,07 TO 09,56.0,Standard,1969,43 years 09 months,298000.0
2024-05-01,GEYLANG,3 ROOM,57,CIRCUIT RD,01 TO 03,56.0,Standard,1969,43 years 09 months,328000.0
2024-05-01,GEYLANG,3 ROOM,65,CIRCUIT RD,01 TO 03,59.0,Standard,1967,41 years 09 months,313000.0
2024-05-01,GEYLANG,3 ROOM,61,CIRCUIT RD,04 TO 06,61.0,Standard,1969,43 years 09 months,333888.0
2024-05-01,GEYLANG,3 ROOM,45,CIRCUIT RD,07 TO 09,61.0,Standard,1971,45 years 09 months,338000.0
2024-05-01,GEYLANG,3 ROOM,69,CIRCUIT RD,04 TO 06,56.0,Standard,1969,43 years 08 months,315000.0
2024-05-01,GEYLANG,3 ROOM,18B,CIRCUIT RD,10 TO 12,67.0,Model A,2016,91 years 06 months,610000.0
2024-05-01,GEYLANG,3 ROOM,36,CIRCUIT RD,04 TO 06,72.0,Standard,1971,45 years 08 months,350000.0
2024-05-01,GEYLANG,3 ROOM,83B,CIRCUIT RD,13 TO 15,68.0,Model A,2020,95 years,725000.0
2024-05-01,GEYLANG,3 ROOM,65,CIRCUIT RD,01 TO 03,59.0,Standard,1967,41 years 08 months,310000.0
2024-05-01,GEYLANG,3 ROOM,58,DAKOTA CRES,10 TO 12,74.0,Model A,1984,59 years 07 months,540000.0
2024-05-01,GEYLANG,3 ROOM,21,EUNOS CRES,07 TO 09,66.0,Improved,1982,56 years 09 months,330000.0
2024-05-01,GEYLANG,3 ROOM,4,HAIG RD,04 TO 06,65.0,Improved,1976,51 years 03 months,401000.0
2024-05-01,GEYLANG,3 ROOM,3,JOO CHIAT RD,10 TO 12,75.0,Model A,1985,60 years 08 months,578000.0
2024-05-01,GEYLANG,3 ROOM,45,SIMS DR,13 TO 15,65.0,Improved,1977,52 years,345000.0
2024-05-01,GEYLANG,3 ROOM,41,SIMS DR,13 TO 15,76.0,Improved,1981,55 years 11 months,395000.0
2024-05-01,GEYLANG,3 ROOM,321,UBI AVE 1,01 TO 03,64.0,Simplified,1985,60 years 04 months,380000.0
2024-05-01,GEYLANG,4 ROOM,56,CASSIA CRES,10 TO 12,102.0,Model A,1998,72 years 10 months,880000.0
2024-05-01,GEYLANG,4 ROOM,64,CIRCUIT RD,07 TO 09,118.0,Adjoined flat,1967,41 years 09 months,729000.0
2024-05-01,GEYLANG,4 ROOM,83B,CIRCUIT RD,13 TO 15,96.0,Model A,2020,95 years 01 month,990000.0
2024-05-01,GEYLANG,4 ROOM,18C,CIRCUIT RD,04 TO 06,93.0,Model A,2016,91 years 07 months,895000.0
2024-05-01,GEYLANG,4 ROOM,18A,CIRCUIT RD,16 TO 18,93.0,Model A,2016,91 years 07 months,988886.0
2024-05-01,GEYLANG,4 ROOM,83B,CIRCUIT RD,13 TO 15,96.0,Model A,2020,95 years 01 month,970000.0
2024-05-01,GEYLANG,4 ROOM,83B,CIRCUIT RD,04 TO 06,96.0,Model A,2020,95 years 01 month,935000.0
2024-05-01,GEYLANG,4 ROOM,83B,CIRCUIT RD,13 TO 15,96.0,Model A,2020,95 years 01 month,960000.0
2024-05-01,GEYLANG,4 ROOM,83B,CIRCUIT RD,04 TO 06,96.0,Model A,2020,95 years,878000.0
2024-05-01,GEYLANG,4 ROOM,11,EUNOS CRES,04 TO 06,91.0,New Generation,1977,52 years 01 month,545000.0
2024-05-01,GEYLANG,4 ROOM,47,JLN TIGA,13 TO 15,93.0,Model A,2005,80 years,876000.0
2024-05-01,GEYLANG,4 ROOM,39,JLN TIGA,01 TO 03,93.0,Model A,2005,79 years 10 months,860000.0
2024-05-01,GEYLANG,4 ROOM,49,JLN TIGA,07 TO 09,93.0,Model A,2005,79 years 11 months,898000.0
2024-05-01,GEYLANG,4 ROOM,122,PAYA LEBAR WAY,04 TO 06,91.0,New Generation,1980,55 years 04 months,540000.0
2024-05-01,GEYLANG,4 ROOM,3,PINE CL,04 TO 06,95.0,Model A,2000,75 years 02 months,848000.0
2024-05-01,GEYLANG,4 ROOM,339,UBI AVE 1,04 TO 06,84.0,Simplified,1986,60 years 09 months,508000.0
2024-05-01,GEYLANG,4 ROOM,327,UBI AVE 1,07 TO 09,105.0,Model A,1985,60 years 05 months,570000.0
2024-05-01,GEYLANG,4 ROOM,338,UBI AVE 1,04 TO 06,84.0,Simplified,1986,60 years 10 months,503000.0
2024-05-01,GEYLANG,4 ROOM,323,UBI AVE 1,01 TO 03,84.0,Simplified,1985,60 years 01 month,490000.0
2024-05-01,GEYLANG,5 ROOM,110,ALJUNIED CRES,10 TO 12,121.0,Improved,1980,55 years 04 months,780000.0
2024-05-01,GEYLANG,5 ROOM,28,CASSIA CRES,10 TO 12,120.0,Improved,1998,73 years 03 months,1050000.0
2024-05-01,GEYLANG,5 ROOM,30,CASSIA CRES,04 TO 06,120.0,Improved,1998,73 years 02 months,1050000.0
2024-05-01,GEYLANG,5 ROOM,412,EUNOS RD 5,01 TO 03,122.0,Improved,1992,67 years 05 months,768000.0
2024-05-01,GEYLANG,5 ROOM,417,EUNOS RD 5,07 TO 09,142.0,Model A-Maisonette,1984,59 years 06 months,1011888.0
2024-05-01,GEYLANG,5 ROOM,5,PINE CL,16 TO 18,111.0,Improved,2000,75 years 02 months,1023000.0
2024-05-01,GEYLANG,EXECUTIVE,133,GEYLANG EAST AVE 1,16 TO 18,146.0,Maisonette,1987,62 years 01 month,1088888.0
2024-05-01,GEYLANG,EXECUTIVE,132,GEYLANG EAST AVE 1,01 TO 03,152.0,Maisonette,1987,62 years,860000.0
2024-05-01,GEYLANG,EXECUTIVE,53,PIPIT RD,10 TO 12,146.0,Maisonette,1986,61 years 07 months,965000.0
2024-05-01,GEYLANG,EXECUTIVE,326,UBI AVE 1,04 TO 06,152.0,Maisonette,1986,61 years,1025000.0
2024-05-01,GEYLANG,EXECUTIVE,333,UBI AVE 1,01 TO 03,146.0,Maisonette,1986,61 years 01 month,855000.0
2024-05-01,GEYLANG,EXECUTIVE,326,UBI AVE 1,04 TO 06,146.0,Maisonette,1986,60 years 11 months,858000.0
2024-05-01,HOUGANG,2 ROOM,986B,BUANGKOK CRES,10 TO 12,47.0,Model A,2012,87 years 01 month,330000.0
2024-05-01,HOUGANG,2 ROOM,995B,BUANGKOK CRES,10 TO 12,47.0,Model A,2019,94 years 05 months,363000.0
2024-05-01,HOUGANG,2 ROOM,998A,BUANGKOK CRES,04 TO 06,47.0,Model A,2019,94 years 08 months,353000.0
2024-05-01,HOUGANG,2 ROOM,998B,BUANGKOK CRES,01 TO 03,38.0,Model A,2019,94 years 08 months,325000.0
2024-05-01,HOUGANG,2 ROOM,987B,BUANGKOK GREEN,04 TO 06,47.0,Model A,2015,89 years 09 months,340000.0
2024-05-01,HOUGANG,3 ROOM,999B,BUANGKOK CRES,13 TO 15,68.0,Model A,2019,94 years 08 months,480000.0
2024-05-01,HOUGANG,3 ROOM,986A,BUANGKOK CRES,04 TO 06,67.0,Model A,2012,87 years 01 month,465388.0
2024-05-01,HOUGANG,3 ROOM,999B,BUANGKOK CRES,01 TO 03,68.0,Model A,2019,94 years 09 months,470000.0
2024-05-01,HOUGANG,3 ROOM,992B,BUANGKOK LINK,10 TO 12,68.0,Model A,2019,94 years 02 months,508000.0
2024-05-01,HOUGANG,3 ROOM,992A,BUANGKOK LINK,04 TO 06,68.0,Model A,2019,94 years 02 months,468888.0
2024-05-01,HOUGANG,3 ROOM,106,HOUGANG AVE 1,01 TO 03,81.0,New Generation,1984,59 years 01 month,400000.0
2024-05-01,HOUGANG,3 ROOM,174B,HOUGANG AVE 1,10 TO 12,66.0,Model A,2014,88 years 09 months,450000.0
2024-05-01,HOUGANG,3 ROOM,174B,HOUGANG AVE 1,04 TO 06,66.0,Model A,2014,88 years 09 months,430000.0
2024-05-01,HOUGANG,3 ROOM,125,HOUGANG AVE 1,01 TO 03,67.0,New Generation,1981,56 years 03 months,378000.0
2024-05-01,HOUGANG,3 ROOM,702,HOUGANG AVE 2,13 TO 15,82.0,New Generation,1985,60 years 05 months,460000.0
2024-05-01,HOUGANG,3 ROOM,1,HOUGANG AVE 3,04 TO 06,59.0,Improved,1975,50 years 03 months,320000.0
2024-05-01,HOUGANG,3 ROOM,1,HOUGANG AVE 3,04 TO 06,59.0,Improved,1975,50 years 03 months,330000.0
2024-05-01,HOUGANG,3 ROOM,24,HOUGANG AVE 3,01 TO 03,82.0,New Generation,1978,53 years 01 month,430000.0
2024-05-01,HOUGANG,3 ROOM,1,HOUGANG AVE 3,10 TO 12,59.0,Improved,1975,50 years 03 months,330000.0
2024-05-01,HOUGANG,3 ROOM,19,HOUGANG AVE 3,01 TO 03,73.0,New Generation,1978,53 years 01 month,385000.0
2024-05-01,HOUGANG,3 ROOM,301,HOUGANG AVE 5,07 TO 09,74.0,Model A,1983,58 years 04 months,470000.0
2024-05-01,HOUGANG,3 ROOM,308,HOUGANG AVE 5,07 TO 09,67.0,New Generation,1983,58 years 05 months,450000.0
2024-05-01,HOUGANG,3 ROOM,631,HOUGANG AVE 8,07 TO 09,60.0,Improved,1985,60 years 04 months,383888.0
2024-05-01,HOUGANG,3 ROOM,678,HOUGANG AVE 8,04 TO 06,64.0,Simplified,1988,63 years 07 months,383000.0
2024-05-01,HOUGANG,3 ROOM,631,HOUGANG AVE 8,10 TO 12,60.0,Improved,1985,60 years 04 months,380000.0
2024-05-01,HOUGANG,3 ROOM,678,HOUGANG AVE 8,07 TO 09,64.0,Simplified,1988,63 years 07 months,395000.0
2024-05-01,HOUGANG,3 ROOM,644,HOUGANG AVE 8,01 TO 03,69.0,Improved,1987,61 years 08 months,400000.0
2024-05-01,HOUGANG,3 ROOM,688,HOUGANG ST 61,01 TO 03,74.0,Model A,1987,61 years 11 months,420000.0
2024-05-01,HOUGANG,3 ROOM,473B,UPP SERANGOON CRES,01 TO 03,68.0,Model A,2017,92 years 02 months,472000.0
2024-05-01,HOUGANG,3 ROOM,365D,UPP SERANGOON RD,04 TO 06,67.0,Model A,2018,92 years 10 months,533000.0
2024-05-01,HOUGANG,4 ROOM,997C,BUANGKOK CRES,10 TO 12,93.0,Model A,2018,93 years 07 months,600000.0
2024-05-01,HOUGANG,4 ROOM,997C,BUANGKOK CRES,04 TO 06,93.0,Model A,2018,93 years 07 months,588000.0
2024-05-01,HOUGANG,4 ROOM,996A,BUANGKOK CRES,16 TO 18,92.0,Model A,2019,94 years 05 months,650000.0
2024-05-01,HOUGANG,4 ROOM,978D,BUANGKOK CRES,13 TO 15,90.0,Model A,2003,78 years 03 months,538888.0
2024-05-01,HOUGANG,4 ROOM,996C,BUANGKOK CRES,01 TO 03,93.0,Model A,2019,94 years 05 months,575000.0
2024-05-01,HOUGANG,4 ROOM,998A,BUANGKOK CRES,07 TO 09,94.0,Model A,2019,94 years 08 months,625000.0
2024-05-01,HOUGANG,4 ROOM,996B,BUANGKOK CRES,01 TO 03,92.0,Model A,2019,94 years 05 months,588000.0
2024-05-01,HOUGANG,4 ROOM,999B,BUANGKOK CRES,01 TO 03,93.0,Model A,2019,94 years 08 months,573000.0
2024-05-01,HOUGANG,4 ROOM,996A,BUANGKOK CRES,04 TO 06,92.0,Model A,2019,94 years 05 months,586000.0
2024-05-01,HOUGANG,4 ROOM,998B,BUANGKOK CRES,04 TO 06,94.0,Model A,2019,94 years 08 months,605000.0
2024-05-01,HOUGANG,4 ROOM,999B,BUANGKOK CRES,07 TO 09,94.0,Model A,2019,94 years 08 months,590000.0
2024-05-01,HOUGANG,4 ROOM,999B,BUANGKOK CRES,10 TO 12,94.0,Model A,2019,94 years 08 months,638000.0
2024-05-01,HOUGANG,4 ROOM,996A,BUANGKOK CRES,01 TO 03,93.0,Model A,2019,94 years 04 months,560000.0
2024-05-01,HOUGANG,4 ROOM,996A,BUANGKOK CRES,13 TO 15,92.0,Model A,2019,94 years 04 months,640000.0
2024-05-01,HOUGANG,4 ROOM,988B,BUANGKOK GREEN,10 TO 12,93.0,Model A,2015,89 years 10 months,626000.0
2024-05-01,HOUGANG,4 ROOM,987C,BUANGKOK GREEN,07 TO 09,92.0,Model A,2015,89 years 10 months,575000.0
2024-05-01,HOUGANG,4 ROOM,987C,BUANGKOK GREEN,10 TO 12,92.0,Model A,2015,89 years 10 months,615000.0
2024-05-01,HOUGANG,4 ROOM,988B,BUANGKOK GREEN,01 TO 03,93.0,Model A,2015,89 years 10 months,565888.0
2024-05-01,HOUGANG,4 ROOM,988B,BUANGKOK GREEN,16 TO 18,93.0,Model A,2015,89 years 10 months,630000.0
2024-05-01,HOUGANG,4 ROOM,988C,BUANGKOK GREEN,07 TO 09,93.0,Model A,2015,89 years 09 months,618000.0
2024-05-01,HOUGANG,4 ROOM,991A,BUANGKOK LINK,07 TO 09,93.0,Model A,2019,94 years 02 months,600800.0
2024-05-01,HOUGANG,4 ROOM,992A,BUANGKOK LINK,10 TO 12,93.0,Model A,2019,94 years 02 months,625000.0
2024-05-01,HOUGANG,4 ROOM,234,HOUGANG AVE 1,10 TO 12,103.0,Model A,1984,59 years 03 months,615000.0
2024-05-01,HOUGANG,4 ROOM,232,HOUGANG AVE 1,13 TO 15,104.0,Model A,1984,59 years 08 months,650000.0
2024-05-01,HOUGANG,4 ROOM,115,HOUGANG AVE 1,10 TO 12,91.0,New Generation,1981,56 years 05 months,565000.0
2024-05-01,HOUGANG,4 ROOM,457,HOUGANG AVE 10,04 TO 06,104.0,Model A,1992,67 years 06 months,580000.0
2024-05-01,HOUGANG,4 ROOM,456,HOUGANG AVE 10,07 TO 09,104.0,Model A,1992,67 years 05 months,645000.0
2024-05-01,HOUGANG,4 ROOM,706,HOUGANG AVE 2,01 TO 03,97.0,New Generation,1985,60 years 07 months,516000.0
2024-05-01,HOUGANG,4 ROOM,709,HOUGANG AVE 2,04 TO 06,91.0,New Generation,1985,60 years 02 months,530500.0
2024-05-01,HOUGANG,4 ROOM,607,HOUGANG AVE 4,07 TO 09,84.0,Simplified,1986,61 years 03 months,463880.0
2024-05-01,HOUGANG,4 ROOM,580,HOUGANG AVE 4,01 TO 03,100.0,Model A,1997,72 years 08 months,521000.0
2024-05-01,HOUGANG,4 ROOM,605,HOUGANG AVE 4,04 TO 06,84.0,Simplified,1985,60 years 05 months,505000.0
2024-05-01,HOUGANG,4 ROOM,322,HOUGANG AVE 5,01 TO 03,93.0,New Generation,1983,58 years,478000.0
2024-05-01,HOUGANG,4 ROOM,324,HOUGANG AVE 5,04 TO 06,104.0,Model A,1983,58 years,565000.0
2024-05-01,HOUGANG,4 ROOM,422,HOUGANG AVE 6,04 TO 06,109.0,Model A,1990,64 years 10 months,590000.0
2024-05-01,HOUGANG,4 ROOM,337,HOUGANG AVE 7,01 TO 03,91.0,New Generation,1985,60 years 04 months,460000.0
2024-05-01,HOUGANG,4 ROOM,434,HOUGANG AVE 8,04 TO 06,113.0,Model A,1989,64 years 02 months,662888.0
2024-05-01,HOUGANG,4 ROOM,616,HOUGANG AVE 8,04 TO 06,84.0,Simplified,1986,61 years 04 months,485000.0
2024-05-01,HOUGANG,4 ROOM,676,HOUGANG AVE 8,01 TO 03,84.0,Simplified,1986,61 years 06 months,466000.0
2024-05-01,HOUGANG,4 ROOM,540,HOUGANG AVE 8,04 TO 06,104.0,Model A,1989,64 years 07 months,540000.0
2024-05-01,HOUGANG,4 ROOM,467,HOUGANG AVE 8,07 TO 09,107.0,Model A,1992,67 years 05 months,623000.0
2024-05-01,HOUGANG,4 ROOM,419,HOUGANG AVE 8,10 TO 12,103.0,Model A,1989,64 years 02 months,600000.0
2024-05-01,HOUGANG,4 ROOM,836,HOUGANG CTRL,07 TO 09,98.0,Model A,1997,72 years 01 month,720000.0
2024-05-01,HOUGANG,4 ROOM,160,HOUGANG ST 11,04 TO 06,100.0,Model A,1997,72 years 08 months,700000.0
2024-05-01,HOUGANG,4 ROOM,158,HOUGANG ST 11,10 TO 12,103.0,Model A,1997,72 years 07 months,670000.0
2024-05-01,HOUGANG,4 ROOM,573,HOUGANG ST 51,04 TO 06,98.0,Model A,1997,72 years 03 months,523888.0
2024-05-01,HOUGANG,4 ROOM,547,HOUGANG ST 51,04 TO 06,106.0,Model A,1992,67 years 05 months,586000.0
2024-05-01,HOUGANG,4 ROOM,699B,HOUGANG ST 52,04 TO 06,100.0,Model A,1998,73 years 07 months,570888.0
2024-05-01,HOUGANG,4 ROOM,696,HOUGANG ST 61,01 TO 03,104.0,Model A,1987,62 years 06 months,520000.0
2024-05-01,HOUGANG,4 ROOM,909,HOUGANG ST 91,01 TO 03,100.0,Model A,1997,72 years 07 months,520000.0
2024-05-01,HOUGANG,4 ROOM,970,HOUGANG ST 91,10 TO 12,100.0,Model A,1999,74 years 08 months,528000.0
2024-05-01,HOUGANG,4 ROOM,909,HOUGANG ST 91,10 TO 12,100.0,Model A,1997,72 years 07 months,528888.0
2024-05-01,HOUGANG,4 ROOM,911,HOUGANG ST 91,13 TO 15,93.0,Model A2,1998,72 years 10 months,550000.0
2024-05-01,HOUGANG,4 ROOM,941,HOUGANG ST 92,07 TO 09,100.0,Model A,1998,72 years 10 months,573000.0
2024-05-01,HOUGANG,4 ROOM,938,HOUGANG ST 92,07 TO 09,101.0,Model A,1998,72 years 08 months,568000.0
2024-05-01,HOUGANG,4 ROOM,470A,UPP SERANGOON CRES,10 TO 12,92.0,Model A,2015,90 years 01 month,640960.0
2024-05-01,HOUGANG,4 ROOM,470C,UPP SERANGOON CRES,01 TO 03,93.0,Model A,2015,90 years 01 month,566888.0
2024-05-01,HOUGANG,4 ROOM,470A,UPP SERANGOON CRES,13 TO 15,92.0,Model A,2015,90 years 01 month,630000.0
2024-05-01,HOUGANG,4 ROOM,473A,UPP SERANGOON CRES,16 TO 18,93.0,Model A,2017,92 years 02 months,685000.0
2024-05-01,HOUGANG,4 ROOM,471A,UPP SERANGOON CRES,07 TO 09,92.0,Model A,2015,90 years,645000.0
2024-05-01,HOUGANG,4 ROOM,364A,UPP SERANGOON RD,01 TO 03,92.0,Model A,2018,92 years 10 months,690000.0
2024-05-01,HOUGANG,4 ROOM,365C,UPP SERANGOON RD,07 TO 09,92.0,Model A,2018,92 years 10 months,765000.0
2024-05-01,HOUGANG,4 ROOM,477A,UPP SERANGOON VIEW,13 TO 15,92.0,Premium Apartment,2016,90 years 11 months,640000.0
2024-05-01,HOUGANG,4 ROOM,476C,UPP SERANGOON VIEW,10 TO 12,92.0,Premium Apartment,2016,90 years 11 months,720888.0
2024-05-01,HOUGANG,5 ROOM,997B,BUANGKOK CRES,01 TO 03,113.0,Improved,2018,93 years 07 months,700000.0
2024-05-01,HOUGANG,5 ROOM,979C,BUANGKOK CRES,13 TO 15,110.0,Improved,2003,78 years 03 months,638000.0
2024-05-01,HOUGANG,5 ROOM,167,HOUGANG AVE 1,04 TO 06,123.0,Improved,1997,72 years 06 months,702288.0
2024-05-01,HOUGANG,5 ROOM,421,HOUGANG AVE 10,04 TO 06,122.0,Improved,1989,64 years 03 months,706000.0
2024-05-01,HOUGANG,5 ROOM,420,HOUGANG AVE 10,01 TO 03,127.0,Improved,1989,64 years 04 months,688000.0
2024-05-01,HOUGANG,5 ROOM,710,HOUGANG AVE 2,01 TO 03,121.0,Improved,1987,61 years 09 months,630000.0
2024-05-01,HOUGANG,5 ROOM,601,HOUGANG AVE 4,01 TO 03,122.0,Improved,1986,61 years 02 months,655000.0
2024-05-01,HOUGANG,5 ROOM,306,HOUGANG AVE 5,07 TO 09,133.0,Model A,1983,57 years 11 months,738000.0
2024-05-01,HOUGANG,5 ROOM,320,HOUGANG AVE 5,07 TO 09,121.0,Improved,1983,58 years 05 months,625000.0
2024-05-01,HOUGANG,5 ROOM,306,HOUGANG AVE 5,07 TO 09,131.0,Model A,1983,57 years 11 months,738000.0
2024-05-01,HOUGANG,5 ROOM,312,HOUGANG AVE 5,01 TO 03,133.0,Improved-Maisonette,1983,58 years,850888.0
2024-05-01,HOUGANG,5 ROOM,310,HOUGANG AVE 5,13 TO 15,121.0,Improved,1984,58 years 10 months,680000.0
2024-05-01,HOUGANG,5 ROOM,541,HOUGANG AVE 8,07 TO 09,121.0,Improved,1989,64 years 06 months,738000.0
2024-05-01,HOUGANG,5 ROOM,616,HOUGANG AVE 8,13 TO 15,121.0,Improved,1986,61 years 04 months,620000.0
2024-05-01,HOUGANG,5 ROOM,630,HOUGANG AVE 8,07 TO 09,122.0,Improved,1986,61 years 08 months,655000.0
2024-05-01,HOUGANG,5 ROOM,439,HOUGANG AVE 8,13 TO 15,121.0,Improved,1990,65 years 05 months,715000.0
2024-05-01,HOUGANG,5 ROOM,954,HOUGANG AVE 9,13 TO 15,121.0,Improved,1999,74 years,705000.0
2024-05-01,HOUGANG,5 ROOM,955,HOUGANG AVE 9,07 TO 09,115.0,Improved,1999,73 years 11 months,675000.0
2024-05-01,HOUGANG,5 ROOM,835,HOUGANG CTRL,04 TO 06,122.0,Improved,1992,67 years 05 months,885000.0
2024-05-01,HOUGANG,5 ROOM,159,HOUGANG ST 11,13 TO 15,120.0,Improved,1998,72 years 09 months,809388.0
2024-05-01,HOUGANG,5 ROOM,245,HOUGANG ST 22,07 TO 09,121.0,Improved,1984,59 years 08 months,695000.0
2024-05-01,HOUGANG,5 ROOM,573,HOUGANG ST 51,16 TO 18,117.0,Improved,1997,72 years 03 months,708000.0
2024-05-01,HOUGANG,5 ROOM,568,HOUGANG ST 51,07 TO 09,117.0,Improved,1997,71 years 10 months,685000.0
2024-05-01,HOUGANG,5 ROOM,553,HOUGANG ST 51,04 TO 06,121.0,Improved,1989,64 years 04 months,650000.0
2024-05-01,HOUGANG,5 ROOM,570,HOUGANG ST 51,04 TO 06,117.0,Improved,1997,72 years 01 month,675000.0
2024-05-01,HOUGANG,5 ROOM,943,HOUGANG ST 92,07 TO 09,120.0,Improved,1998,73 years 05 months,768000.0
2024-05-01,HOUGANG,5 ROOM,475B,UPP SERANGOON CRES,01 TO 03,109.0,DBSS,2014,89 years 06 months,850000.0
2024-05-01,HOUGANG,5 ROOM,476B,UPP SERANGOON VIEW,07 TO 09,115.0,Premium Apartment,2016,91 years,875000.0
2024-05-01,HOUGANG,EXECUTIVE,712,HOUGANG AVE 2,01 TO 03,148.0,Maisonette,1986,61 years 02 months,860000.0
2024-05-01,HOUGANG,EXECUTIVE,705,HOUGANG AVE 2,07 TO 09,148.0,Maisonette,1986,61 years 02 months,895000.0
2024-05-01,HOUGANG,EXECUTIVE,705,HOUGANG AVE 2,04 TO 06,148.0,Maisonette,1986,61 years 02 months,928000.0
2024-05-01,HOUGANG,EXECUTIVE,705,HOUGANG AVE 2,07 TO 09,148.0,Maisonette,1986,61 years 02 months,925000.0
2024-05-01,HOUGANG,EXECUTIVE,579,HOUGANG AVE 4,13 TO 15,139.0,Apartment,1997,72 years 07 months,862888.0
2024-05-01,HOUGANG,EXECUTIVE,428,HOUGANG AVE 6,13 TO 15,149.0,Maisonette,1990,65 years 02 months,1010000.0
2024-05-01,HOUGANG,EXECUTIVE,428,HOUGANG AVE 6,07 TO 09,149.0,Maisonette,1990,65 years 02 months,1100000.0
2024-05-01,HOUGANG,EXECUTIVE,357,HOUGANG AVE 7,04 TO 06,150.0,Maisonette,1985,59 years 10 months,880000.0
2024-05-01,HOUGANG,EXECUTIVE,353,HOUGANG AVE 7,01 TO 03,148.0,Maisonette,1984,59 years 08 months,840000.0
2024-05-01,HOUGANG,EXECUTIVE,357,HOUGANG AVE 7,04 TO 06,152.0,Maisonette,1985,59 years 10 months,800000.0
2024-05-01,HOUGANG,EXECUTIVE,654,HOUGANG AVE 8,01 TO 03,144.0,Apartment,1987,62 years 03 months,900000.0
2024-05-01,HOUGANG,EXECUTIVE,615,HOUGANG AVE 8,01 TO 03,149.0,Maisonette,1986,61 years 04 months,818888.0
2024-05-01,HOUGANG,EXECUTIVE,850,HOUGANG CTRL,10 TO 12,136.0,Apartment,1997,71 years 11 months,1050000.0
2024-05-01,HOUGANG,EXECUTIVE,560,HOUGANG ST 51,10 TO 12,143.0,Apartment,1992,67 years 06 months,888000.0
2024-05-01,HOUGANG,EXECUTIVE,558,HOUGANG ST 51,10 TO 12,148.0,Maisonette,1992,67 years 05 months,980888.0
2024-05-01,HOUGANG,EXECUTIVE,974,HOUGANG ST 91,01 TO 03,137.0,Apartment,1999,74 years 07 months,810000.0
2024-05-01,HOUGANG,EXECUTIVE,144,LOR AH SOO,01 TO 03,148.0,Maisonette,1984,59 years 06 months,835000.0
2024-05-01,JURONG EAST,3 ROOM,348,JURONG EAST AVE 1,01 TO 03,90.0,Model A,1986,60 years 11 months,415000.0
2024-05-01,JURONG EAST,3 ROOM,329,JURONG EAST AVE 1,07 TO 09,74.0,Model A,1983,58 years 02 months,400000.0
2024-05-01,JURONG EAST,3 ROOM,240A,JURONG EAST AVE 1,10 TO 12,68.0,Model A,2020,95 years 01 month,520000.0
2024-05-01,JURONG EAST,3 ROOM,341,JURONG EAST AVE 1,04 TO 06,74.0,Model A,1983,58 years,410000.0
2024-05-01,JURONG EAST,3 ROOM,348,JURONG EAST AVE 1,01 TO 03,74.0,Model A,1986,60 years 10 months,412000.0
2024-05-01,JURONG EAST,3 ROOM,115,JURONG EAST ST 13,01 TO 03,67.0,New Generation,1981,56 years 02 months,386000.0
2024-05-01,JURONG EAST,3 ROOM,115,JURONG EAST ST 13,04 TO 06,67.0,New Generation,1981,56 years 01 month,411000.0
2024-05-01,JURONG EAST,3 ROOM,210,JURONG EAST ST 21,07 TO 09,67.0,New Generation,1983,58 years 02 months,380000.0
2024-05-01,JURONG EAST,3 ROOM,217A,JURONG EAST ST 21,01 TO 03,67.0,New Generation,1984,59 years 03 months,368000.0
2024-05-01,JURONG EAST,3 ROOM,210,JURONG EAST ST 21,01 TO 03,67.0,New Generation,1983,58 years 02 months,370000.0
2024-05-01,JURONG EAST,3 ROOM,225A,JURONG EAST ST 21,04 TO 06,67.0,New Generation,1984,59 years 07 months,390000.0
2024-05-01,JURONG EAST,3 ROOM,233,JURONG EAST ST 21,04 TO 06,67.0,New Generation,1982,56 years 11 months,375000.0
2024-05-01,JURONG EAST,3 ROOM,210,JURONG EAST ST 21,07 TO 09,67.0,New Generation,1983,58 years 02 months,408000.0
2024-05-01,JURONG EAST,3 ROOM,241,JURONG EAST ST 24,07 TO 09,68.0,New Generation,1983,57 years 10 months,380000.0
2024-05-01,JURONG EAST,3 ROOM,241,JURONG EAST ST 24,10 TO 12,68.0,New Generation,1983,57 years 10 months,395000.0
2024-05-01,JURONG EAST,3 ROOM,264,JURONG EAST ST 24,04 TO 06,68.0,New Generation,1983,58 years,356888.0
2024-05-01,JURONG EAST,3 ROOM,318,JURONG EAST ST 31,04 TO 06,74.0,Model A,1984,59 years 01 month,378000.0
2024-05-01,JURONG EAST,3 ROOM,308,JURONG EAST ST 32,01 TO 03,74.0,Model A,1984,59 years,368000.0
2024-05-01,JURONG EAST,3 ROOM,372,JURONG EAST ST 32,13 TO 15,64.0,Model A,2014,88 years 09 months,445000.0
2024-05-01,JURONG EAST,3 ROOM,371,JURONG EAST ST 32,13 TO 15,64.0,Model A,2014,88 years 10 months,445000.0
2024-05-01,JURONG EAST,3 ROOM,412,PANDAN GDNS,07 TO 09,72.0,Improved,1979,54 years 01 month,320000.0
2024-05-01,JURONG EAST,3 ROOM,44,TEBAN GDNS RD,07 TO 09,68.0,New Generation,1985,60 years 07 months,365000.0
2024-05-01,JURONG EAST,3 ROOM,33,TEBAN GDNS RD,13 TO 15,77.0,Improved,1977,52 years 02 months,315000.0
2024-05-01,JURONG EAST,3 ROOM,36,TEBAN GDNS RD,04 TO 06,74.0,Improved,1977,52 years 02 months,358888.0
2024-05-01,JURONG EAST,3 ROOM,37,TEBAN GDNS RD,01 TO 03,67.0,Improved,1966,41 years 06 months,340000.0
2024-05-01,JURONG EAST,3 ROOM,36,TEBAN GDNS RD,04 TO 06,74.0,Improved,1977,52 years 02 months,350000.0
2024-05-01,JURONG EAST,3 ROOM,57,TEBAN GDNS RD,10 TO 12,67.0,Model A,2016,91 years 06 months,430000.0
2024-05-01,JURONG EAST,4 ROOM,329,JURONG EAST AVE 1,07 TO 09,104.0,Model A,1983,58 years 02 months,520000.0
2024-05-01,JURONG EAST,4 ROOM,113,JURONG EAST ST 13,07 TO 09,90.0,New Generation,1981,56 years 02 months,480000.0
2024-05-01,JURONG EAST,4 ROOM,112,JURONG EAST ST 13,04 TO 06,92.0,New Generation,1981,56 years 02 months,430000.0
2024-05-01,JURONG EAST,4 ROOM,222,JURONG EAST ST 21,01 TO 03,98.0,New Generation,1984,59 years 03 months,520000.0
2024-05-01,JURONG EAST,4 ROOM,236,JURONG EAST ST 21,07 TO 09,93.0,New Generation,1982,56 years 10 months,480000.0
2024-05-01,JURONG EAST,4 ROOM,288E,JURONG EAST ST 21,10 TO 12,103.0,Model A,2000,74 years 11 months,622000.0
2024-05-01,JURONG EAST,4 ROOM,232,JURONG EAST ST 21,10 TO 12,95.0,New Generation,1982,56 years 09 months,528000.0
2024-05-01,JURONG EAST,4 ROOM,218,JURONG EAST ST 21,10 TO 12,92.0,New Generation,1984,59 years 06 months,495000.0
2024-05-01,JURONG EAST,4 ROOM,247,JURONG EAST ST 24,07 TO 09,95.0,New Generation,1983,58 years 02 months,472000.0
2024-05-01,JURONG EAST,4 ROOM,261,JURONG EAST ST 24,01 TO 03,95.0,New Generation,1983,57 years 10 months,483800.0
2024-05-01,JURONG EAST,4 ROOM,261,JURONG EAST ST 24,07 TO 09,97.0,New Generation,1983,57 years 10 months,463000.0
2024-05-01,JURONG EAST,4 ROOM,324,JURONG EAST ST 31,04 TO 06,104.0,Model A,1984,59 years 06 months,495000.0
2024-05-01,JURONG EAST,4 ROOM,307,JURONG EAST ST 32,10 TO 12,103.0,Model A,1984,59 years 06 months,510000.0
2024-05-01,JURONG EAST,4 ROOM,304,JURONG EAST ST 32,07 TO 09,99.0,New Generation,1983,58 years 05 months,483000.0
2024-05-01,JURONG EAST,4 ROOM,402,PANDAN GDNS,10 TO 12,97.0,New Generation,1978,53 years 07 months,455000.0
2024-05-01,JURONG EAST,4 ROOM,22,TEBAN GDNS RD,01 TO 03,92.0,Model A,2013,88 years 05 months,550000.0
2024-05-01,JURONG EAST,4 ROOM,62,TEBAN GDNS RD,04 TO 06,91.0,Model A,2003,78 years 02 months,490000.0
2024-05-01,JURONG EAST,4 ROOM,63,TEBAN GDNS RD,01 TO 03,90.0,Model A,2003,78 years 02 months,470000.0
2024-05-01,JURONG EAST,4 ROOM,56,TEBAN GDNS RD,10 TO 12,92.0,Model A,2016,91 years 07 months,550000.0
2024-05-01,JURONG EAST,4 ROOM,56,TEBAN GDNS RD,28 TO 30,92.0,Model A,2016,91 years 07 months,660000.0
2024-05-01,JURONG EAST,4 ROOM,276,TOH GUAN RD,16 TO 18,100.0,Model A,1998,73 years 06 months,618000.0
2024-05-01,JURONG EAST,4 ROOM,284,TOH GUAN RD,07 TO 09,101.0,Model A,1998,73 years 07 months,590000.0
2024-05-01,JURONG EAST,5 ROOM,116,JURONG EAST ST 13,07 TO 09,120.0,Improved,1981,56 years 07 months,670000.0
2024-05-01,JURONG EAST,5 ROOM,212,JURONG EAST ST 21,01 TO 03,120.0,Improved,1982,57 years 08 months,560000.0
2024-05-01,JURONG EAST,5 ROOM,201,JURONG EAST ST 21,13 TO 15,120.0,Improved,1989,64 years,789000.0
2024-05-01,JURONG EAST,5 ROOM,230,JURONG EAST ST 21,10 TO 12,120.0,Improved,1981,56 years 04 months,660000.0
2024-05-01,JURONG EAST,5 ROOM,209,JURONG EAST ST 21,04 TO 06,122.0,Improved,1983,57 years 10 months,620000.0
2024-05-01,JURONG EAST,5 ROOM,246,JURONG EAST ST 24,07 TO 09,121.0,Improved,1983,57 years 09 months,653000.0
2024-05-01,JURONG EAST,5 ROOM,311,JURONG EAST ST 32,07 TO 09,132.0,Model A,1984,59 years,658000.0
2024-05-01,JURONG EAST,5 ROOM,401,PANDAN GDNS,25 TO 27,117.0,Standard,1979,54 years 06 months,588888.0
2024-05-01,JURONG EAST,5 ROOM,403,PANDAN GDNS,07 TO 09,114.0,Standard,1979,54 years,432000.0
2024-05-01,JURONG EAST,5 ROOM,52,TEBAN GDNS RD,10 TO 12,121.0,Improved,1987,62 years,528000.0
2024-05-01,JURONG EAST,5 ROOM,52,TEBAN GDNS RD,04 TO 06,121.0,Improved,1987,61 years 11 months,560000.0
2024-05-01,JURONG EAST,5 ROOM,281,TOH GUAN RD,16 TO 18,121.0,Improved,1998,73 years 08 months,738000.0
2024-05-01,JURONG EAST,5 ROOM,279,TOH GUAN RD,01 TO 03,120.0,Improved,1998,73 years 08 months,650000.0
2024-05-01,JURONG EAST,EXECUTIVE,287C,JURONG EAST ST 21,13 TO 15,144.0,Apartment,1998,73 years 06 months,1025000.0
2024-05-01,JURONG EAST,EXECUTIVE,322A,JURONG EAST ST 31,01 TO 03,155.0,Maisonette,1985,60 years 01 month,808888.0
2024-05-01,JURONG WEST,2 ROOM,180A,BOON LAY DR,13 TO 15,47.0,Model A,2014,89 years 01 month,328000.0
2024-05-01,JURONG WEST,2 ROOM,191,BOON LAY DR,04 TO 06,47.0,Model A,1978,53 years 03 months,265000.0
2024-05-01,JURONG WEST,2 ROOM,180A,BOON LAY DR,10 TO 12,47.0,Model A,2014,89 years 01 month,330000.0
2024-05-01,JURONG WEST,2 ROOM,150A,CORPORATION DR,16 TO 18,47.0,2-room,2019,94 years 01 month,335000.0
2024-05-01,JURONG WEST,2 ROOM,140B,CORPORATION DR,01 TO 03,47.0,Model A,2019,94 years 02 months,319000.0
2024-05-01,KALLANG/WHAMPOA,3 ROOM,2,JLN BATU,10 TO 12,60.0,Standard,1969,43 years 09 months,340000.0
2024-05-01,JURONG WEST,2 ROOM,140C,CORPORATION DR,01 TO 03,47.0,Model A,2019,94 years 02 months,305000.0
2024-05-01,JURONG WEST,2 ROOM,140B,CORPORATION DR,16 TO 18,47.0,Model A,2019,94 years 03 months,355000.0
2024-05-01,JURONG WEST,2 ROOM,140A,CORPORATION DR,13 TO 15,38.0,Model A,2019,94 years 02 months,318000.0
2024-05-01,JURONG WEST,3 ROOM,187,BOON LAY AVE,19 TO 21,59.0,Improved,1978,53 years 03 months,305000.0
2024-05-01,JURONG WEST,3 ROOM,187,BOON LAY AVE,04 TO 06,59.0,Improved,1978,53 years 03 months,280000.0
2024-05-01,JURONG WEST,3 ROOM,186,BOON LAY AVE,19 TO 21,59.0,Improved,1975,50 years 06 months,285000.0
2024-05-01,JURONG WEST,3 ROOM,216B,BOON LAY AVE,01 TO 03,68.0,Model A,2018,93 years 03 months,430000.0
2024-05-01,JURONG WEST,3 ROOM,211,BOON LAY PL,07 TO 09,74.0,Improved,1976,51 years 07 months,340000.0
2024-05-01,JURONG WEST,3 ROOM,210,BOON LAY PL,04 TO 06,65.0,Improved,1977,52 years 06 months,300000.0
2024-05-01,JURONG WEST,3 ROOM,212,BOON LAY PL,07 TO 09,66.0,Improved,1974,49 years 06 months,318000.0
2024-05-01,JURONG WEST,3 ROOM,215,BOON LAY PL,07 TO 09,66.0,Improved,1974,49 years 05 months,316888.0
2024-05-01,JURONG WEST,3 ROOM,209,BOON LAY PL,07 TO 09,65.0,Improved,1976,51 years,325000.0
2024-05-01,JURONG WEST,3 ROOM,114,HO CHING RD,07 TO 09,67.0,Improved,1971,46 years 02 months,300000.0
2024-05-01,JURONG WEST,3 ROOM,120,HO CHING RD,07 TO 09,76.0,Improved,1972,46 years 10 months,330000.0
2024-05-01,JURONG WEST,3 ROOM,119,HO CHING RD,04 TO 06,67.0,Improved,1972,46 years 09 months,320000.0
2024-05-01,JURONG WEST,3 ROOM,490,JURONG WEST AVE 1,10 TO 12,73.0,Model A,1984,59 years 03 months,380000.0
2024-05-01,JURONG WEST,3 ROOM,474,JURONG WEST ST 41,10 TO 12,73.0,Model A,1984,59 years 06 months,395000.0
2024-05-01,JURONG WEST,3 ROOM,492,JURONG WEST ST 41,01 TO 03,64.0,Simplified,1986,61 years 02 months,390000.0
2024-05-01,JURONG WEST,3 ROOM,445,JURONG WEST ST 42,01 TO 03,77.0,Model A,1985,60 years 01 month,375000.0
2024-05-01,JURONG WEST,3 ROOM,515,JURONG WEST ST 52,10 TO 12,75.0,Model A,1984,59 years 02 months,410000.0
2024-05-01,JURONG WEST,3 ROOM,514,JURONG WEST ST 52,04 TO 06,74.0,Model A,1984,59 years 02 months,418000.0
2024-05-01,JURONG WEST,3 ROOM,528,JURONG WEST ST 52,01 TO 03,67.0,New Generation,1983,58 years 02 months,350000.0
2024-05-01,JURONG WEST,3 ROOM,530,JURONG WEST ST 52,04 TO 06,67.0,New Generation,1983,58 years 04 months,372500.0
2024-05-01,JURONG WEST,3 ROOM,525,JURONG WEST ST 52,10 TO 12,67.0,New Generation,1982,57 years 08 months,375000.0
2024-05-01,JURONG WEST,3 ROOM,528,JURONG WEST ST 52,01 TO 03,67.0,New Generation,1983,58 years 01 month,388000.0
2024-05-01,JURONG WEST,3 ROOM,536,JURONG WEST ST 52,01 TO 03,67.0,New Generation,1983,58 years 04 months,375000.0
2024-05-01,JURONG WEST,3 ROOM,908,JURONG WEST ST 91,07 TO 09,73.0,Model A,1989,64 years,380000.0
2024-05-01,JURONG WEST,3 ROOM,339D,KANG CHING RD,16 TO 18,67.0,Model A,2012,86 years 11 months,470000.0
2024-05-01,JURONG WEST,3 ROOM,339D,KANG CHING RD,19 TO 21,67.0,Model A,2012,86 years 11 months,441000.0
2024-05-01,JURONG WEST,3 ROOM,339A,KANG CHING RD,10 TO 12,70.0,Model A,2012,86 years 11 months,465000.0
2024-05-01,JURONG WEST,3 ROOM,113,TAO CHING RD,04 TO 06,67.0,Improved,1971,46 years 02 months,290000.0
2024-05-01,JURONG WEST,3 ROOM,121,YUAN CHING RD,07 TO 09,61.0,Improved,1974,49 years 02 months,290000.0
2024-05-01,JURONG WEST,3 ROOM,121,YUAN CHING RD,04 TO 06,61.0,Improved,1974,49 years 02 months,290000.0
2024-05-01,JURONG WEST,3 ROOM,121,YUAN CHING RD,01 TO 03,61.0,Improved,1974,49 years 01 month,328000.0
2024-05-01,JURONG WEST,4 ROOM,183B,BOON LAY AVE,10 TO 12,92.0,Model A,2015,89 years 10 months,540000.0
2024-05-01,JURONG WEST,4 ROOM,216B,BOON LAY AVE,10 TO 12,94.0,Model A,2018,93 years 03 months,618000.0
2024-05-01,JURONG WEST,4 ROOM,140B,CORPORATION DR,13 TO 15,93.0,Model A,2019,94 years 02 months,680000.0
2024-05-01,JURONG WEST,4 ROOM,140D,CORPORATION DR,13 TO 15,93.0,Model A,2019,94 years 02 months,620000.0
2024-05-01,JURONG WEST,4 ROOM,140D,CORPORATION DR,13 TO 15,93.0,Model A,2019,94 years 02 months,630000.0
2024-05-01,JURONG WEST,4 ROOM,140D,CORPORATION DR,04 TO 06,93.0,Model A,2019,94 years 01 month,568000.0
2024-05-01,JURONG WEST,4 ROOM,425,JURONG WEST AVE 1,07 TO 09,107.0,Model A,1984,59 years 06 months,472000.0
2024-05-01,JURONG WEST,4 ROOM,273B,JURONG WEST AVE 3,04 TO 06,90.0,Model A,2001,76 years 08 months,458000.0
2024-05-01,JURONG WEST,4 ROOM,727,JURONG WEST AVE 5,07 TO 09,104.0,Model A,1989,64 years 06 months,480000.0
2024-05-01,JURONG WEST,4 ROOM,720,JURONG WEST AVE 5,07 TO 09,104.0,Model A,1989,64 years 07 months,482000.0
2024-05-01,JURONG WEST,4 ROOM,682C,JURONG WEST CTRL 1,13 TO 15,95.0,Premium Apartment,2000,75 years 05 months,556000.0
2024-05-01,JURONG WEST,4 ROOM,276C,JURONG WEST ST 25,07 TO 09,90.0,Model A,2002,76 years 11 months,458888.0
2024-05-01,JURONG WEST,4 ROOM,275D,JURONG WEST ST 25,13 TO 15,90.0,Model A,2002,76 years 09 months,472000.0
2024-05-01,JURONG WEST,4 ROOM,276A,JURONG WEST ST 25,13 TO 15,85.0,Model A2,2002,76 years 09 months,480000.0
2024-05-01,JURONG WEST,4 ROOM,460,JURONG WEST ST 41,04 TO 06,91.0,New Generation,1985,59 years 10 months,500000.0
2024-05-01,JURONG WEST,4 ROOM,554,JURONG WEST ST 42,10 TO 12,104.0,Model A,1984,59 years 07 months,460000.0
2024-05-01,JURONG WEST,4 ROOM,554,JURONG WEST ST 42,10 TO 12,104.0,Model A,1984,59 years 07 months,470000.0
2024-05-01,JURONG WEST,4 ROOM,545,JURONG WEST ST 42,01 TO 03,103.0,Model A,1985,59 years 11 months,460000.0
2024-05-01,JURONG WEST,4 ROOM,448,JURONG WEST ST 42,07 TO 09,103.0,Model A,1984,59 years 05 months,465000.0
2024-05-01,JURONG WEST,4 ROOM,432,JURONG WEST ST 42,04 TO 06,104.0,Model A,1984,59 years 07 months,475000.0
2024-05-01,JURONG WEST,4 ROOM,432,JURONG WEST ST 42,10 TO 12,103.0,Model A,1984,59 years 07 months,485000.0
2024-05-01,JURONG WEST,4 ROOM,449,JURONG WEST ST 42,01 TO 03,104.0,Model A,1985,59 years 10 months,468500.0
2024-05-01,JURONG WEST,4 ROOM,530,JURONG WEST ST 52,10 TO 12,91.0,New Generation,1983,58 years 04 months,465000.0
2024-05-01,JURONG WEST,4 ROOM,623,JURONG WEST ST 61,10 TO 12,91.0,Model A,2001,75 years 10 months,520000.0
2024-05-01,JURONG WEST,4 ROOM,622,JURONG WEST ST 61,04 TO 06,91.0,Model A,2001,75 years 10 months,500000.0
2024-05-01,JURONG WEST,4 ROOM,624,JURONG WEST ST 61,13 TO 15,91.0,Model A,2001,75 years 10 months,520000.0
2024-05-01,JURONG WEST,4 ROOM,651B,JURONG WEST ST 61,01 TO 03,91.0,Model A,2002,77 years 02 months,518888.0
2024-05-01,JURONG WEST,4 ROOM,623,JURONG WEST ST 61,01 TO 03,91.0,Model A,2001,75 years 10 months,475000.0
2024-05-01,JURONG WEST,4 ROOM,668C,JURONG WEST ST 64,07 TO 09,86.0,Model A2,2000,75 years 03 months,520000.0
2024-05-01,JURONG WEST,4 ROOM,664D,JURONG WEST ST 64,04 TO 06,90.0,Model A,2000,75 years 03 months,500000.0
2024-05-01,JURONG WEST,4 ROOM,675A,JURONG WEST ST 64,10 TO 12,91.0,Premium Apartment,2008,83 years 02 months,512000.0
2024-05-01,JURONG WEST,4 ROOM,668C,JURONG WEST ST 64,07 TO 09,85.0,Model A2,2000,75 years 02 months,503000.0
2024-05-01,JURONG WEST,4 ROOM,633,JURONG WEST ST 65,13 TO 15,91.0,Model A,2001,76 years 07 months,508000.0
2024-05-01,JURONG WEST,4 ROOM,657B,JURONG WEST ST 65,07 TO 09,91.0,Model A,2001,76 years 02 months,520000.0
2024-05-01,JURONG WEST,4 ROOM,663B,JURONG WEST ST 65,01 TO 03,91.0,Model A,2000,75 years 04 months,522000.0
2024-05-01,JURONG WEST,4 ROOM,657A,JURONG WEST ST 65,13 TO 15,91.0,Model A,2002,77 years,530800.0
2024-05-01,JURONG WEST,4 ROOM,634,JURONG WEST ST 65,13 TO 15,91.0,Model A,2001,76 years 07 months,515000.0
2024-05-01,JURONG WEST,4 ROOM,663D,JURONG WEST ST 65,07 TO 09,90.0,Model A,2000,75 years 03 months,540000.0
2024-05-01,JURONG WEST,4 ROOM,716,JURONG WEST ST 71,04 TO 06,104.0,Model A,1991,65 years 10 months,480000.0
2024-05-01,JURONG WEST,4 ROOM,751,JURONG WEST ST 73,04 TO 06,104.0,Model A,1992,67 years 05 months,495888.0
2024-05-01,JURONG WEST,4 ROOM,750,JURONG WEST ST 73,01 TO 03,107.0,Model A,1993,68 years 08 months,480000.0
2024-05-01,JURONG WEST,4 ROOM,814,JURONG WEST ST 81,07 TO 09,104.0,Model A,1990,65 years 01 month,460000.0
2024-05-01,JURONG WEST,4 ROOM,832,JURONG WEST ST 81,07 TO 09,107.0,Model A,1993,68 years 05 months,475000.0
2024-05-01,JURONG WEST,4 ROOM,854,JURONG WEST ST 81,07 TO 09,106.0,Model A,1996,71 years 04 months,490000.0
2024-05-01,JURONG WEST,4 ROOM,864,JURONG WEST ST 81,10 TO 12,105.0,Model A,1996,71 years 06 months,472000.0
2024-05-01,JURONG WEST,4 ROOM,854,JURONG WEST ST 81,07 TO 09,104.0,Model A,1996,71 years 04 months,500000.0
2024-05-01,JURONG WEST,4 ROOM,845,JURONG WEST ST 81,07 TO 09,109.0,Model A,1996,70 years 11 months,472000.0
2024-05-01,JURONG WEST,4 ROOM,942,JURONG WEST ST 91,07 TO 09,105.0,Model A,1989,64 years 05 months,465000.0
2024-05-01,JURONG WEST,4 ROOM,913,JURONG WEST ST 91,10 TO 12,104.0,Model A,1988,63 years,476500.0
2024-05-01,JURONG WEST,4 ROOM,946,JURONG WEST ST 91,01 TO 03,111.0,Model A,1989,64 years 02 months,460000.0
2024-05-01,JURONG WEST,4 ROOM,941,JURONG WEST ST 91,07 TO 09,105.0,Model A,1989,63 years 11 months,468000.0
2024-05-01,JURONG WEST,4 ROOM,929,JURONG WEST ST 92,04 TO 06,103.0,Model A,1989,63 years 09 months,470888.0
2024-05-01,JURONG WEST,4 ROOM,986B,JURONG WEST ST 93,07 TO 09,93.0,Premium Apartment,2008,83 years 04 months,530000.0
2024-05-01,JURONG WEST,4 ROOM,990C,JURONG WEST ST 93,04 TO 06,93.0,Premium Apartment,2008,83 years 04 months,490000.0
2024-05-01,JURONG WEST,4 ROOM,977,JURONG WEST ST 93,04 TO 06,104.0,Model A,1989,64 years,470000.0
2024-05-01,JURONG WEST,4 ROOM,337C,TAH CHING RD,19 TO 21,94.0,Model A,2010,85 years,600000.0
2024-05-01,JURONG WEST,4 ROOM,337D,TAH CHING RD,16 TO 18,94.0,Model A,2010,85 years,593000.0
2024-05-01,JURONG WEST,4 ROOM,323,TAH CHING RD,04 TO 06,106.0,Model A,1997,72 years,505888.0
2024-05-01,JURONG WEST,4 ROOM,175B,YUNG KUANG RD,07 TO 09,93.0,Premium Apartment,2015,90 years 01 month,610000.0
2024-05-01,JURONG WEST,4 ROOM,175C,YUNG KUANG RD,10 TO 12,93.0,Premium Apartment,2015,90 years 01 month,575000.0
2024-05-01,JURONG WEST,4 ROOM,158,YUNG LOH RD,01 TO 03,106.0,Model A,1996,70 years 10 months,470000.0
2024-05-01,JURONG WEST,4 ROOM,177,YUNG SHENG RD,04 TO 06,96.0,Model A,2001,76 years 01 month,498000.0
2024-05-01,JURONG WEST,4 ROOM,180,YUNG SHENG RD,10 TO 12,90.0,Model A,2001,76 years 01 month,500000.0
2024-05-01,JURONG WEST,5 ROOM,183D,BOON LAY AVE,04 TO 06,112.0,Improved,2015,89 years 09 months,665000.0
2024-05-01,JURONG WEST,5 ROOM,183A,BOON LAY AVE,01 TO 03,112.0,Improved,2015,89 years 09 months,600000.0
2024-05-01,JURONG WEST,5 ROOM,216A,BOON LAY AVE,13 TO 15,121.0,3Gen,2018,93 years 03 months,642000.0
2024-05-01,JURONG WEST,5 ROOM,218A,BOON LAY AVE,10 TO 12,121.0,3Gen,2018,93 years 03 months,673000.0
2024-05-01,JURONG WEST,5 ROOM,273C,JURONG WEST AVE 3,04 TO 06,111.0,Improved,2001,76 years 08 months,530000.0
2024-05-01,JURONG WEST,5 ROOM,276B,JURONG WEST AVE 3,10 TO 12,111.0,Improved,2002,76 years 11 months,490000.0
2024-05-01,JURONG WEST,5 ROOM,274D,JURONG WEST AVE 3,01 TO 03,111.0,Improved,2001,76 years 08 months,518000.0
2024-05-01,JURONG WEST,5 ROOM,729,JURONG WEST AVE 5,10 TO 12,121.0,Improved,1989,64 years 08 months,568000.0
2024-05-01,JURONG WEST,5 ROOM,691,JURONG WEST CTRL 1,01 TO 03,119.0,Premium Apartment,1998,73 years,625000.0
2024-05-01,JURONG WEST,5 ROOM,272C,JURONG WEST ST 24,04 TO 06,112.0,Premium Apartment,2003,78 years 06 months,520000.0
2024-05-01,JURONG WEST,5 ROOM,275B,JURONG WEST ST 25,10 TO 12,111.0,Improved,2002,76 years 09 months,510000.0
2024-05-01,JURONG WEST,5 ROOM,547,JURONG WEST ST 42,01 TO 03,137.0,Model A-Maisonette,1984,59 years 04 months,610000.0
2024-05-01,JURONG WEST,5 ROOM,453,JURONG WEST ST 42,01 TO 03,133.0,Model A,1985,60 years,588000.0
2024-05-01,JURONG WEST,5 ROOM,551,JURONG WEST ST 42,04 TO 06,133.0,Model A,1985,59 years 10 months,620000.0
2024-05-01,JURONG WEST,5 ROOM,533,JURONG WEST ST 52,16 TO 18,118.0,Improved,1982,57 years 03 months,610000.0
2024-05-01,JURONG WEST,5 ROOM,532,JURONG WEST ST 52,01 TO 03,118.0,Improved,1982,57 years 04 months,588000.0
2024-05-01,JURONG WEST,5 ROOM,529,JURONG WEST ST 52,01 TO 03,118.0,Improved,1982,57 years 03 months,560000.0
2024-05-01,JURONG WEST,5 ROOM,648C,JURONG WEST ST 61,10 TO 12,110.0,Improved,2001,76 years,600000.0
2024-05-01,JURONG WEST,5 ROOM,650B,JURONG WEST ST 61,10 TO 12,110.0,Improved,2000,75 years 06 months,590000.0
2024-05-01,JURONG WEST,5 ROOM,654A,JURONG WEST ST 61,01 TO 03,111.0,Improved,2002,77 years 04 months,560000.0
2024-05-01,JURONG WEST,5 ROOM,654A,JURONG WEST ST 61,10 TO 12,110.0,Improved,2002,77 years 03 months,608000.0
2024-05-01,JURONG WEST,5 ROOM,624,JURONG WEST ST 61,07 TO 09,110.0,Improved,2001,75 years 09 months,575000.0
2024-05-01,JURONG WEST,5 ROOM,602,JURONG WEST ST 62,13 TO 15,115.0,Premium Apartment,2001,75 years 11 months,630000.0
2024-05-01,JURONG WEST,5 ROOM,664C,JURONG WEST ST 64,07 TO 09,110.0,Improved,2000,75 years 04 months,688000.0
2024-05-01,JURONG WEST,5 ROOM,658D,JURONG WEST ST 65,01 TO 03,112.0,Improved,2001,76 years 03 months,548000.0
2024-05-01,JURONG WEST,5 ROOM,670A,JURONG WEST ST 65,13 TO 15,110.0,Improved,2002,77 years 01 month,592000.0
2024-05-01,JURONG WEST,5 ROOM,632,JURONG WEST ST 65,13 TO 15,110.0,Improved,2001,76 years 07 months,575000.0
2024-05-01,JURONG WEST,5 ROOM,667B,JURONG WEST ST 65,10 TO 12,110.0,Improved,2000,75 years 03 months,608000.0
2024-05-01,JURONG WEST,5 ROOM,631,JURONG WEST ST 65,13 TO 15,110.0,Improved,2001,76 years 06 months,585000.0
2024-05-01,JURONG WEST,5 ROOM,733,JURONG WEST ST 73,07 TO 09,123.0,Improved,1995,70 years 02 months,605000.0
2024-05-01,JURONG WEST,5 ROOM,766,JURONG WEST ST 74,10 TO 12,123.0,Improved,1996,71 years 02 months,638000.0
2024-05-01,JURONG WEST,5 ROOM,856,JURONG WEST ST 81,04 TO 06,122.0,Improved,1996,71 years 04 months,570000.0
2024-05-01,JURONG WEST,5 ROOM,850,JURONG WEST ST 81,10 TO 12,128.0,Improved,1996,70 years 11 months,556000.0
2024-05-01,JURONG WEST,5 ROOM,932,JURONG WEST ST 92,01 TO 03,122.0,Improved,1988,63 years 01 month,540000.0
2024-05-01,JURONG WEST,5 ROOM,987A,JURONG WEST ST 93,16 TO 18,110.0,Premium Apartment,2008,83 years 04 months,590000.0
2024-05-01,JURONG WEST,5 ROOM,977,JURONG WEST ST 93,07 TO 09,121.0,Improved,1989,64 years,611000.0
2024-05-01,JURONG WEST,5 ROOM,987A,JURONG WEST ST 93,07 TO 09,114.0,Premium Apartment,2008,83 years 03 months,575000.0
2024-05-01,JURONG WEST,5 ROOM,989D,JURONG WEST ST 93,13 TO 15,110.0,Premium Apartment,2008,83 years 04 months,615000.0
2024-05-01,JURONG WEST,5 ROOM,354,KANG CHING RD,07 TO 09,120.0,Improved,1997,71 years 09 months,647777.0
2024-05-01,JURONG WEST,5 ROOM,345,KANG CHING RD,04 TO 06,121.0,Improved,1997,72 years 02 months,660000.0
2024-05-01,JURONG WEST,5 ROOM,138B,YUAN CHING RD,22 TO 24,105.0,DBSS,2014,89 years 05 months,800000.0
2024-05-01,JURONG WEST,5 ROOM,138C,YUAN CHING RD,16 TO 18,105.0,DBSS,2014,89 years 05 months,782800.0
2024-05-01,JURONG WEST,5 ROOM,360,YUNG AN RD,04 TO 06,126.0,Improved,1995,70 years 07 months,625000.0
2024-05-01,JURONG WEST,EXECUTIVE,679A,JURONG WEST CTRL 1,04 TO 06,134.0,Premium Apartment,2000,75 years 02 months,780000.0
2024-05-01,JURONG WEST,EXECUTIVE,686B,JURONG WEST CTRL 1,04 TO 06,132.0,Premium Apartment,2000,75 years 06 months,775000.0
2024-05-01,JURONG WEST,EXECUTIVE,556,JURONG WEST ST 42,07 TO 09,148.0,Maisonette,1986,61 years 02 months,708000.0
2024-05-01,JURONG WEST,EXECUTIVE,407,JURONG WEST ST 42,10 TO 12,150.0,Maisonette,1985,60 years 04 months,750000.0
2024-05-01,JURONG WEST,EXECUTIVE,501,JURONG WEST ST 51,04 TO 06,148.0,Adjoined flat,1986,60 years 11 months,848000.0
2024-05-01,JURONG WEST,EXECUTIVE,656C,JURONG WEST ST 61,13 TO 15,132.0,Apartment,2001,76 years 02 months,770000.0
2024-05-01,JURONG WEST,EXECUTIVE,656A,JURONG WEST ST 61,13 TO 15,132.0,Apartment,2002,76 years 10 months,795000.0
2024-05-01,JURONG WEST,EXECUTIVE,665A,JURONG WEST ST 64,07 TO 09,130.0,Apartment,2000,75 years,798888.0
2024-05-01,JURONG WEST,EXECUTIVE,626,JURONG WEST ST 65,07 TO 09,130.0,Apartment,2001,76 years 04 months,720000.0
2024-05-01,JURONG WEST,EXECUTIVE,626,JURONG WEST ST 65,10 TO 12,130.0,Apartment,2001,76 years 04 months,700000.0
2024-05-01,JURONG WEST,EXECUTIVE,630,JURONG WEST ST 65,10 TO 12,130.0,Apartment,2001,76 years 04 months,720000.0
2024-05-01,JURONG WEST,EXECUTIVE,629,JURONG WEST ST 65,13 TO 15,130.0,Apartment,2001,76 years 04 months,720000.0
2024-05-01,JURONG WEST,EXECUTIVE,709,JURONG WEST ST 71,10 TO 12,154.0,Apartment,1993,68 years 08 months,760000.0
2024-05-01,JURONG WEST,EXECUTIVE,830,JURONG WEST ST 81,07 TO 09,146.0,Apartment,1993,68 years 03 months,700000.0
2024-05-01,JURONG WEST,EXECUTIVE,828,JURONG WEST ST 81,07 TO 09,145.0,Apartment,1993,68 years 01 month,755000.0
2024-05-01,JURONG WEST,EXECUTIVE,918,JURONG WEST ST 91,01 TO 03,142.0,Apartment,1989,63 years 10 months,650000.0
2024-05-01,JURONG WEST,EXECUTIVE,333,KANG CHING RD,04 TO 06,139.0,Apartment,1997,71 years 09 months,850000.0
2024-05-01,JURONG WEST,EXECUTIVE,331,TAH CHING RD,01 TO 03,139.0,Apartment,1996,71 years 08 months,760000.0
2024-05-01,JURONG WEST,EXECUTIVE,159,YUNG PING RD,04 TO 06,146.0,Apartment,1996,71 years 01 month,725000.0
2024-05-01,JURONG WEST,EXECUTIVE,161,YUNG PING RD,04 TO 06,146.0,Maisonette,1997,71 years 09 months,817000.0
2024-05-01,KALLANG/WHAMPOA,3 ROOM,1,BEACH RD,04 TO 06,68.0,Improved,1979,54 years 05 months,425000.0
2024-05-01,KALLANG/WHAMPOA,3 ROOM,10B,BENDEMEER RD,31 TO 33,68.0,Model A,2017,92 years 08 months,800000.0
2024-05-01,KALLANG/WHAMPOA,3 ROOM,44,BENDEMEER RD,04 TO 06,63.0,Standard,1981,55 years 08 months,358888.0
2024-05-01,KALLANG/WHAMPOA,3 ROOM,462,CRAWFORD LANE,07 TO 09,60.0,Improved,1981,56 years 07 months,410000.0
2024-05-01,KALLANG/WHAMPOA,3 ROOM,802,FRENCH RD,04 TO 06,59.0,Improved,1979,53 years 11 months,388000.0
2024-05-01,KALLANG/WHAMPOA,3 ROOM,95,GEYLANG BAHRU,07 TO 09,68.0,New Generation,1979,53 years 09 months,428000.0
2024-05-01,KALLANG/WHAMPOA,3 ROOM,57,GEYLANG BAHRU,04 TO 06,65.0,Improved,1974,49 years 03 months,360000.0
2024-05-01,KALLANG/WHAMPOA,3 ROOM,95,GEYLANG BAHRU,04 TO 06,68.0,New Generation,1979,53 years 09 months,422000.0
2024-05-01,KALLANG/WHAMPOA,3 ROOM,32,JLN BAHAGIA,07 TO 09,56.0,Standard,1971,45 years 09 months,298000.0
2024-05-01,KALLANG/WHAMPOA,3 ROOM,38,JLN BAHAGIA,01 TO 03,189.4,Terrace,1972,47 years 03 months,1150000.0
2024-05-01,KALLANG/WHAMPOA,3 ROOM,28,JLN BAHAGIA,07 TO 09,56.0,Standard,1971,45 years 09 months,284000.0
2024-05-01,KALLANG/WHAMPOA,3 ROOM,35,JLN BAHAGIA,10 TO 12,56.0,Standard,1971,45 years 08 months,353888.0
2024-05-01,KALLANG/WHAMPOA,3 ROOM,34,JLN BAHAGIA,01 TO 03,56.0,Standard,1970,45 years 01 month,300800.0
2024-05-01,KALLANG/WHAMPOA,3 ROOM,2,JLN BATU,01 TO 03,60.0,Standard,1969,43 years 09 months,336888.0
2024-05-01,KALLANG/WHAMPOA,3 ROOM,4,JLN BATU,01 TO 03,60.0,Standard,1969,43 years 09 months,305000.0
2024-05-01,KALLANG/WHAMPOA,3 ROOM,3,JLN BATU,07 TO 09,60.0,Standard,1969,43 years 09 months,350000.0
2024-05-01,KALLANG/WHAMPOA,3 ROOM,63,JLN MA'MOR,01 TO 03,110.0,Terrace,1972,47 years 02 months,950000.0
2024-05-01,KALLANG/WHAMPOA,3 ROOM,116A,JLN TENTERAM,16 TO 18,67.0,Model A,2017,92 years 07 months,610000.0
2024-05-01,KALLANG/WHAMPOA,3 ROOM,116B,JLN TENTERAM,25 TO 27,67.0,Model A,2017,92 years 07 months,620800.0
2024-05-01,KALLANG/WHAMPOA,3 ROOM,65,KALLANG BAHRU,10 TO 12,65.0,Improved,1981,55 years 09 months,395000.0
2024-05-01,KALLANG/WHAMPOA,3 ROOM,64,KALLANG BAHRU,01 TO 03,65.0,Improved,1974,48 years 09 months,330000.0
2024-05-01,KALLANG/WHAMPOA,3 ROOM,64,KALLANG BAHRU,01 TO 03,65.0,Improved,1974,48 years 08 months,340000.0
2024-05-01,KALLANG/WHAMPOA,3 ROOM,1,KG KAYU RD,01 TO 03,62.0,Standard,1984,59 years 06 months,406500.0
2024-05-01,KALLANG/WHAMPOA,3 ROOM,76,LOR LIMAU,10 TO 12,65.0,Improved,1973,48 years 03 months,365000.0
2024-05-01,KALLANG/WHAMPOA,3 ROOM,76,LOR LIMAU,13 TO 15,65.0,Improved,1973,48 years 02 months,338000.0
2024-05-01,KALLANG/WHAMPOA,3 ROOM,7,ST. GEORGE'S LANE,01 TO 03,60.0,Improved,1986,61 years 01 month,375000.0
2024-05-01,KALLANG/WHAMPOA,3 ROOM,25A,ST. GEORGE'S LANE,07 TO 09,68.0,Model A,2020,95 years 01 month,790000.0
2024-05-01,KALLANG/WHAMPOA,3 ROOM,26A,ST. GEORGE'S LANE,28 TO 30,68.0,Model A,2020,95 years 01 month,815000.0
2024-05-01,KALLANG/WHAMPOA,3 ROOM,26A,ST. GEORGE'S LANE,04 TO 06,68.0,Model A,2020,95 years 01 month,740000.0
2024-05-01,KALLANG/WHAMPOA,3 ROOM,26A,ST. GEORGE'S LANE,19 TO 21,68.0,Model A,2020,95 years 01 month,810000.0
2024-05-01,KALLANG/WHAMPOA,3 ROOM,25A,ST. GEORGE'S LANE,19 TO 21,68.0,Model A,2020,95 years 01 month,770000.0
2024-05-01,KALLANG/WHAMPOA,3 ROOM,2,ST. GEORGE'S RD,07 TO 09,59.0,Improved,1976,51 years 01 month,380000.0
2024-05-01,KALLANG/WHAMPOA,3 ROOM,16,UPP BOON KENG RD,13 TO 15,65.0,Improved,1975,49 years 10 months,408000.0
2024-05-01,KALLANG/WHAMPOA,3 ROOM,12,UPP BOON KENG RD,04 TO 06,66.0,Improved,1980,55 years 06 months,400000.0
2024-05-01,KALLANG/WHAMPOA,3 ROOM,11,UPP BOON KENG RD,13 TO 15,65.0,Improved,1974,48 years 09 months,398000.0
2024-05-01,KALLANG/WHAMPOA,3 ROOM,11,UPP BOON KENG RD,04 TO 06,65.0,Improved,1974,48 years 09 months,418000.0
2024-05-01,KALLANG/WHAMPOA,3 ROOM,8A,UPP BOON KENG RD,25 TO 27,70.0,Premium Apartment,2017,92 years 03 months,820000.0
2024-05-01,KALLANG/WHAMPOA,3 ROOM,74,WHAMPOA DR,16 TO 18,66.0,Improved,1981,56 years 02 months,402000.0
2024-05-01,KALLANG/WHAMPOA,3 ROOM,75,WHAMPOA DR,04 TO 06,65.0,Improved,1974,48 years 09 months,350000.0
2024-05-01,KALLANG/WHAMPOA,3 ROOM,34,WHAMPOA WEST,07 TO 09,68.0,Improved,1972,46 years 09 months,410000.0
2024-05-01,KALLANG/WHAMPOA,4 ROOM,10A,BENDEMEER RD,16 TO 18,93.0,Model A,2017,92 years 08 months,1020000.0
2024-05-01,KALLANG/WHAMPOA,4 ROOM,39A,BENDEMEER RD,19 TO 21,92.0,Model A,2012,87 years 01 month,912000.0
2024-05-01,KALLANG/WHAMPOA,4 ROOM,5,BOON KENG RD,04 TO 06,108.0,Model A,1996,71 years 04 months,825000.0
2024-05-01,KALLANG/WHAMPOA,4 ROOM,43,CAMBRIDGE RD,07 TO 09,91.0,New Generation,1982,57 years 02 months,700000.0
2024-05-01,KALLANG/WHAMPOA,4 ROOM,59A,GEYLANG BAHRU,04 TO 06,101.0,Model A,1998,73 years 09 months,728000.0
2024-05-01,KALLANG/WHAMPOA,4 ROOM,106,JLN DUSUN,01 TO 03,90.0,New Generation,1981,56 years 02 months,545000.0
2024-05-01,KALLANG/WHAMPOA,4 ROOM,117A,JLN TENTERAM,10 TO 12,93.0,Model A,2017,92 years 06 months,798000.0
2024-05-01,KALLANG/WHAMPOA,4 ROOM,78,LOR LIMAU,13 TO 15,93.0,Model A,2018,93 years 02 months,918000.0
2024-05-01,KALLANG/WHAMPOA,4 ROOM,78,LOR LIMAU,04 TO 06,93.0,Model A,2018,93 years 02 months,800000.0
2024-05-01,KALLANG/WHAMPOA,4 ROOM,113A,MCNAIR RD,10 TO 12,93.0,Premium Apartment,2017,92 years 08 months,1002000.0
2024-05-01,KALLANG/WHAMPOA,4 ROOM,113B,MCNAIR RD,22 TO 24,93.0,Premium Apartment,2017,92 years 08 months,1040000.0
2024-05-01,KALLANG/WHAMPOA,4 ROOM,122,MCNAIR RD,07 TO 09,84.0,Simplified,1987,61 years 11 months,638000.0
2024-05-01,KALLANG/WHAMPOA,4 ROOM,685,RACE COURSE RD,07 TO 09,103.0,Model A,1986,60 years 08 months,730000.0
2024-05-01,KALLANG/WHAMPOA,4 ROOM,25A,ST. GEORGE'S LANE,04 TO 06,92.0,Model A,2020,95 years 01 month,970000.0
2024-05-01,KALLANG/WHAMPOA,4 ROOM,26A,ST. GEORGE'S LANE,19 TO 21,92.0,Model A,2020,95 years 01 month,1015000.0
2024-05-01,KALLANG/WHAMPOA,4 ROOM,25A,ST. GEORGE'S LANE,13 TO 15,92.0,Model A,2020,95 years 01 month,1040000.0
2024-05-01,KALLANG/WHAMPOA,4 ROOM,26A,ST. GEORGE'S LANE,13 TO 15,92.0,Model A,2020,95 years 01 month,1060000.0
2024-05-01,KALLANG/WHAMPOA,4 ROOM,26B,ST. GEORGE'S LANE,04 TO 06,92.0,Model A,2020,95 years 01 month,970000.0
2024-05-01,KALLANG/WHAMPOA,4 ROOM,26B,ST. GEORGE'S LANE,22 TO 24,92.0,Model A,2020,95 years 01 month,1105000.0
2024-05-01,KALLANG/WHAMPOA,4 ROOM,14,ST. GEORGE'S RD,10 TO 12,93.0,New Generation,1984,59 years 07 months,640000.0
2024-05-01,KALLANG/WHAMPOA,4 ROOM,683,TESSENSOHN RD,01 TO 03,103.0,Model A,1986,61 years 08 months,688888.0
2024-05-01,KALLANG/WHAMPOA,4 ROOM,3B,UPP BOON KENG RD,13 TO 15,90.0,Model A,2006,81 years 04 months,777000.0
2024-05-01,KALLANG/WHAMPOA,4 ROOM,84,WHAMPOA DR,19 TO 21,91.0,Improved,1974,48 years 08 months,490000.0
2024-05-01,KALLANG/WHAMPOA,4 ROOM,99,WHAMPOA DR,22 TO 24,91.0,Improved,1974,48 years 11 months,520000.0
2024-05-01,KALLANG/WHAMPOA,4 ROOM,94,WHAMPOA DR,19 TO 21,91.0,Improved,1974,48 years 09 months,495000.0
2024-05-01,KALLANG/WHAMPOA,4 ROOM,83,WHAMPOA DR,16 TO 18,91.0,Improved,1974,48 years 08 months,495000.0
2024-05-01,KALLANG/WHAMPOA,4 ROOM,95,WHAMPOA DR,13 TO 15,91.0,Improved,1974,48 years 08 months,520000.0
2024-05-01,KALLANG/WHAMPOA,4 ROOM,49,WHAMPOA STH,07 TO 09,87.0,Improved,1974,49 years 06 months,495000.0
2024-05-01,KALLANG/WHAMPOA,5 ROOM,56,GEYLANG BAHRU,07 TO 09,117.0,Standard,1974,49 years 03 months,690000.0
2024-05-01,KALLANG/WHAMPOA,5 ROOM,11,JLN BATU,10 TO 12,139.0,Improved,1986,60 years 09 months,920000.0
2024-05-01,KALLANG/WHAMPOA,5 ROOM,10,JLN BATU,07 TO 09,131.0,Improved,1986,60 years 09 months,873000.0
2024-05-01,KALLANG/WHAMPOA,5 ROOM,102,JLN DUSUN,07 TO 09,118.0,Improved,1981,56 years 08 months,780000.0
2024-05-01,KALLANG/WHAMPOA,5 ROOM,108B,MCNAIR RD,16 TO 18,110.0,Improved,2004,79 years 07 months,950000.0
2024-05-01,KALLANG/WHAMPOA,5 ROOM,12,NTH BRIDGE RD,04 TO 06,114.0,Standard,1975,49 years 09 months,748000.0
2024-05-01,KALLANG/WHAMPOA,5 ROOM,4B,ST. GEORGE'S LANE,10 TO 12,124.0,Improved,1996,71 years 07 months,1030000.0
2024-05-01,KALLANG/WHAMPOA,5 ROOM,106,TOWNER RD,04 TO 06,138.0,Model A-Maisonette,1983,58 years 02 months,1030000.0
2024-05-01,KALLANG/WHAMPOA,5 ROOM,38,UPP BOON KENG RD,13 TO 15,117.0,Standard,1976,51 years 04 months,610000.0
2024-05-01,KALLANG/WHAMPOA,5 ROOM,14,UPP BOON KENG RD,19 TO 21,123.0,Improved,1999,74 years 01 month,1000000.0
2024-05-01,KALLANG/WHAMPOA,5 ROOM,13,UPP BOON KENG RD,04 TO 06,122.0,Improved,1999,74 years 01 month,1002000.0
2024-05-01,KALLANG/WHAMPOA,EXECUTIVE,48,BENDEMEER RD,07 TO 09,147.0,Apartment,1994,69 years 08 months,1200000.0
2024-05-01,KALLANG/WHAMPOA,EXECUTIVE,106,JLN RAJAH,01 TO 03,149.0,Maisonette,1984,59 years 05 months,900000.0
2024-05-01,MARINE PARADE,2 ROOM,16,MARINE TER,07 TO 09,42.0,Improved,1975,49 years 11 months,270000.0
2024-05-01,MARINE PARADE,3 ROOM,31,MARINE CRES,04 TO 06,65.0,Improved,1975,50 years 02 months,430000.0
2024-05-01,MARINE PARADE,3 ROOM,47,MARINE CRES,04 TO 06,65.0,Improved,1975,50 years 03 months,405000.0
2024-05-01,MARINE PARADE,3 ROOM,30,MARINE CRES,07 TO 09,76.0,Improved,1975,50 years 01 month,475000.0
2024-05-01,MARINE PARADE,3 ROOM,31,MARINE CRES,07 TO 09,65.0,Improved,1975,50 years,458000.0
2024-05-01,MARINE PARADE,3 ROOM,65,MARINE DR,07 TO 09,65.0,Improved,1976,50 years 11 months,412000.0
2024-05-01,MARINE PARADE,3 ROOM,7,MARINE TER,04 TO 06,70.0,Improved,1975,49 years 09 months,418000.0
2024-05-01,MARINE PARADE,3 ROOM,5,MARINE TER,04 TO 06,65.0,Improved,1975,49 years 09 months,430000.0
2024-05-01,MARINE PARADE,3 ROOM,6,MARINE TER,01 TO 03,65.0,Improved,1975,49 years 08 months,410000.0
2024-05-01,MARINE PARADE,4 ROOM,35,MARINE CRES,04 TO 06,82.0,Improved,1975,50 years 01 month,500000.0
2024-05-01,MARINE PARADE,4 ROOM,75,MARINE DR,04 TO 06,82.0,Improved,1976,51 years 02 months,558000.0
2024-05-01,MARINE PARADE,4 ROOM,17,MARINE TER,04 TO 06,82.0,Improved,1975,49 years 11 months,515000.0
2024-05-01,MARINE PARADE,4 ROOM,19,MARINE TER,01 TO 03,88.0,Improved,1975,49 years 09 months,540000.0
2024-05-01,MARINE PARADE,4 ROOM,18,MARINE TER,01 TO 03,88.0,Improved,1975,49 years 11 months,523000.0
2024-05-01,MARINE PARADE,5 ROOM,28,MARINE CRES,19 TO 21,123.0,Standard,1975,49 years 11 months,880888.0
2024-05-01,MARINE PARADE,5 ROOM,29,MARINE CRES,19 TO 21,120.0,Standard,1975,49 years 11 months,1058000.0
2024-05-01,MARINE PARADE,5 ROOM,79,MARINE DR,04 TO 06,120.0,Standard,1977,51 years 09 months,838000.0
2024-05-01,MARINE PARADE,5 ROOM,77,MARINE DR,16 TO 18,122.0,Standard,1977,51 years 09 months,950000.0
2024-05-01,MARINE PARADE,5 ROOM,2,MARINE TER,04 TO 06,120.0,Standard,1975,49 years 09 months,800000.0
2024-05-01,MARINE PARADE,5 ROOM,14,MARINE TER,13 TO 15,117.0,Standard,1975,49 years 08 months,908000.0
2024-05-01,PASIR RIS,3 ROOM,527C,PASIR RIS ST 51,04 TO 06,68.0,Model A,2015,90 years 03 months,525000.0
2024-05-01,PASIR RIS,3 ROOM,527D,PASIR RIS ST 51,10 TO 12,68.0,Model A,2015,90 years 03 months,540888.0
2024-05-01,PASIR RIS,4 ROOM,530D,PASIR RIS DR 1,10 TO 12,86.0,DBSS,2015,90 years 01 month,828000.0
2024-05-01,PASIR RIS,4 ROOM,530B,PASIR RIS DR 1,04 TO 06,86.0,DBSS,2015,90 years 02 months,775000.0
2024-05-01,PASIR RIS,4 ROOM,637,PASIR RIS DR 1,01 TO 03,104.0,Model A,1995,69 years 11 months,608000.0
2024-05-01,PASIR RIS,4 ROOM,626,PASIR RIS DR 3,07 TO 09,104.0,Model A,1995,70 years 04 months,615000.0
2024-05-01,PASIR RIS,4 ROOM,478,PASIR RIS DR 4,10 TO 12,112.0,Model A,1992,67 years 08 months,600000.0
2024-05-01,PASIR RIS,4 ROOM,234,PASIR RIS DR 4,04 TO 06,106.0,Model A,1993,68 years 03 months,525000.0
2024-05-01,PASIR RIS,4 ROOM,478,PASIR RIS DR 4,04 TO 06,105.0,Model A,1992,67 years 08 months,576000.0
2024-05-01,PASIR RIS,4 ROOM,405,PASIR RIS DR 6,13 TO 15,113.0,Model A,1989,64 years 08 months,645000.0
2024-05-01,PASIR RIS,4 ROOM,473,PASIR RIS DR 6,01 TO 03,103.0,Model A,1989,64 years 03 months,565000.0
2024-05-01,PASIR RIS,4 ROOM,423,PASIR RIS DR 6,04 TO 06,104.0,Model A,1989,64 years 06 months,560000.0
2024-05-01,PASIR RIS,4 ROOM,468,PASIR RIS DR 6,04 TO 06,105.0,Model A,1989,64 years 01 month,548000.0
2024-05-01,PASIR RIS,4 ROOM,127,PASIR RIS ST 11,13 TO 15,113.0,Model A,1989,64 years 02 months,598888.0
2024-05-01,PASIR RIS,4 ROOM,115,PASIR RIS ST 11,04 TO 06,104.0,Model A,1989,63 years 11 months,570000.0
2024-05-01,PASIR RIS,4 ROOM,145,PASIR RIS ST 11,01 TO 03,105.0,Model A,1994,69 years,548000.0
2024-05-01,PASIR RIS,4 ROOM,115,PASIR RIS ST 11,07 TO 09,106.0,Model A,1989,63 years 11 months,580000.0
2024-05-01,PASIR RIS,4 ROOM,118,PASIR RIS ST 11,07 TO 09,106.0,Model A,1989,64 years 03 months,578000.0
2024-05-01,PASIR RIS,4 ROOM,113,PASIR RIS ST 11,07 TO 09,106.0,Model A,1990,64 years 11 months,580000.0
2024-05-01,PASIR RIS,4 ROOM,230,PASIR RIS ST 21,04 TO 06,107.0,Model A,1993,68 years 02 months,540000.0
2024-05-01,PASIR RIS,4 ROOM,525B,PASIR RIS ST 51,07 TO 09,93.0,Model A,2015,90 years 03 months,720000.0
2024-05-01,PASIR RIS,4 ROOM,528C,PASIR RIS ST 51,10 TO 12,93.0,Model A,2015,90 years 03 months,745000.0
2024-05-01,PASIR RIS,4 ROOM,562,PASIR RIS ST 51,07 TO 09,104.0,Model A,1993,68 years 05 months,598000.0
2024-05-01,PASIR RIS,4 ROOM,526A,PASIR RIS ST 51,04 TO 06,93.0,Model A,2015,90 years 04 months,612000.0
2024-05-01,PASIR RIS,4 ROOM,528B,PASIR RIS ST 51,01 TO 03,93.0,Model A,2015,90 years 03 months,675000.0
2024-05-01,PASIR RIS,4 ROOM,525A,PASIR RIS ST 51,10 TO 12,93.0,Model A,2015,90 years 03 months,730000.0
2024-05-01,PASIR RIS,4 ROOM,560,PASIR RIS ST 51,04 TO 06,105.0,Model A,1993,68 years 05 months,555000.0
2024-05-01,PASIR RIS,4 ROOM,525A,PASIR RIS ST 51,07 TO 09,93.0,Model A,2015,90 years 02 months,728000.0
2024-05-01,PASIR RIS,4 ROOM,517,PASIR RIS ST 52,13 TO 15,109.0,Model A,1993,68 years 07 months,640000.0
2024-05-01,PASIR RIS,4 ROOM,573,PASIR RIS ST 53,10 TO 12,110.0,Model A,1995,70 years 06 months,650000.0
2024-05-01,PASIR RIS,4 ROOM,574,PASIR RIS ST 53,10 TO 12,112.0,Model A,1995,70 years 06 months,685000.0
2024-05-01,PASIR RIS,4 ROOM,753,PASIR RIS ST 71,04 TO 06,104.0,Model A,1996,71 years 07 months,531888.0
2024-05-01,PASIR RIS,4 ROOM,748,PASIR RIS ST 71,10 TO 12,104.0,Model A,1996,71 years 07 months,590000.0
2024-05-01,PASIR RIS,4 ROOM,754,PASIR RIS ST 71,04 TO 06,104.0,Model A,1996,71 years 07 months,582000.0
2024-05-01,PASIR RIS,4 ROOM,749,PASIR RIS ST 71,07 TO 09,105.0,Model A,1996,71 years 07 months,600000.0
2024-05-01,PASIR RIS,4 ROOM,761,PASIR RIS ST 71,10 TO 12,105.0,Model A,1996,71 years 04 months,580000.0
2024-05-01,PASIR RIS,4 ROOM,767,PASIR RIS ST 71,07 TO 09,106.0,Model A,1996,71 years 05 months,578000.0
2024-05-01,PASIR RIS,4 ROOM,762,PASIR RIS ST 71,13 TO 15,106.0,Model A,1996,71 years 04 months,581888.0
2024-05-01,PASIR RIS,5 ROOM,737,PASIR RIS DR 10,13 TO 15,122.0,Improved,1996,71 years 03 months,725000.0
2024-05-01,PASIR RIS,5 ROOM,483,PASIR RIS DR 4,04 TO 06,122.0,Improved,1989,64 years 04 months,647900.0
2024-05-01,PASIR RIS,5 ROOM,110,PASIR RIS ST 11,04 TO 06,120.0,Improved,1990,65 years,685000.0
2024-05-01,PASIR RIS,5 ROOM,143,PASIR RIS ST 11,07 TO 09,126.0,Improved,1995,69 years 09 months,632888.0
2024-05-01,PASIR RIS,5 ROOM,127,PASIR RIS ST 11,10 TO 12,123.0,Improved,1989,64 years 02 months,700000.0
2024-05-01,PASIR RIS,5 ROOM,106,PASIR RIS ST 12,01 TO 03,122.0,Improved,1989,63 years 10 months,615000.0
2024-05-01,PASIR RIS,5 ROOM,273,PASIR RIS ST 21,07 TO 09,126.0,Improved,1994,69 years,658000.0
2024-05-01,PASIR RIS,5 ROOM,567,PASIR RIS ST 51,10 TO 12,123.0,Improved,1992,67 years 08 months,775000.0
2024-05-01,PASIR RIS,5 ROOM,526D,PASIR RIS ST 51,10 TO 12,113.0,Improved,2015,90 years 03 months,830000.0
2024-05-01,PASIR RIS,5 ROOM,552,PASIR RIS ST 51,10 TO 12,122.0,Improved,1992,67 years 08 months,720000.0
2024-05-01,PASIR RIS,5 ROOM,562,PASIR RIS ST 51,01 TO 03,123.0,Improved,1993,68 years 05 months,690000.0
2024-05-01,PASIR RIS,5 ROOM,525C,PASIR RIS ST 51,04 TO 06,113.0,Improved,2015,90 years 03 months,825000.0
2024-05-01,PASIR RIS,5 ROOM,556,PASIR RIS ST 51,07 TO 09,121.0,Improved,1992,67 years 07 months,705000.0
2024-05-01,PASIR RIS,5 ROOM,514,PASIR RIS ST 52,10 TO 12,128.0,Improved,1993,68 years 08 months,768888.0
2024-05-01,PASIR RIS,5 ROOM,755,PASIR RIS ST 71,01 TO 03,128.0,Improved,1996,71 years 07 months,695000.0
2024-05-01,PASIR RIS,5 ROOM,748,PASIR RIS ST 71,01 TO 03,127.0,Improved,1996,71 years 07 months,750000.0
2024-05-01,PASIR RIS,5 ROOM,742,PASIR RIS ST 71,01 TO 03,127.0,Improved,1996,71 years 05 months,660000.0
2024-05-01,PASIR RIS,5 ROOM,721,PASIR RIS ST 72,07 TO 09,126.0,Improved,1996,71 years 04 months,665000.0
2024-05-01,PASIR RIS,5 ROOM,725,PASIR RIS ST 72,07 TO 09,127.0,Improved,1996,71 years 02 months,688000.0
2024-05-01,PASIR RIS,EXECUTIVE,605,ELIAS RD,01 TO 03,149.0,Apartment,1995,69 years 11 months,838000.0
2024-05-01,PASIR RIS,EXECUTIVE,605,ELIAS RD,01 TO 03,154.0,Apartment,1995,69 years 11 months,910000.0
2024-05-01,PASIR RIS,EXECUTIVE,532,PASIR RIS DR 1,01 TO 03,145.0,Apartment,1992,67 years 07 months,908000.0
2024-05-01,PASIR RIS,EXECUTIVE,644,PASIR RIS DR 10,04 TO 06,148.0,Apartment,1995,70 years 05 months,845000.0
2024-05-01,PASIR RIS,EXECUTIVE,648,PASIR RIS DR 10,10 TO 12,145.0,Apartment,1995,70 years 04 months,857000.0
2024-05-01,PASIR RIS,EXECUTIVE,645,PASIR RIS DR 10,01 TO 03,150.0,Apartment,1995,70 years 04 months,830000.0
2024-05-01,PASIR RIS,EXECUTIVE,454,PASIR RIS DR 6,04 TO 06,146.0,Maisonette,1989,64 years 07 months,900000.0
2024-05-01,PASIR RIS,EXECUTIVE,422,PASIR RIS DR 6,10 TO 12,151.0,Maisonette,1989,64 years 05 months,948000.0
2024-05-01,PASIR RIS,EXECUTIVE,418,PASIR RIS DR 6,10 TO 12,149.0,Maisonette,1989,63 years 11 months,888000.0
2024-05-01,PASIR RIS,EXECUTIVE,136,PASIR RIS ST 11,07 TO 09,145.0,Apartment,1994,69 years 06 months,790000.0
2024-05-01,PASIR RIS,EXECUTIVE,108,PASIR RIS ST 12,10 TO 12,146.0,Maisonette,1988,63 years 05 months,890000.0
2024-05-01,PASIR RIS,EXECUTIVE,156,PASIR RIS ST 13,01 TO 03,147.0,Apartment,1995,69 years 10 months,800000.0
2024-05-01,PASIR RIS,EXECUTIVE,236,PASIR RIS ST 21,10 TO 12,147.0,Apartment,1993,68 years 03 months,790000.0
2024-05-01,PASIR RIS,EXECUTIVE,238,PASIR RIS ST 21,07 TO 09,147.0,Apartment,1993,68 years 03 months,775000.0
2024-05-01,PASIR RIS,EXECUTIVE,549,PASIR RIS ST 51,04 TO 06,154.0,Maisonette,1992,67 years 08 months,1030000.0
2024-05-01,PASIR RIS,EXECUTIVE,538,PASIR RIS ST 51,01 TO 03,144.0,Apartment,1992,67 years 08 months,800000.0
2024-05-01,PASIR RIS,EXECUTIVE,537,PASIR RIS ST 51,07 TO 09,149.0,Maisonette,1992,67 years 08 months,965000.0
2024-05-01,PASIR RIS,EXECUTIVE,548,PASIR RIS ST 51,07 TO 09,144.0,Apartment,1992,67 years 08 months,890000.0
2024-05-01,PASIR RIS,EXECUTIVE,507,PASIR RIS ST 52,10 TO 12,145.0,Apartment,1993,68 years 05 months,878688.0
2024-05-01,PASIR RIS,EXECUTIVE,506,PASIR RIS ST 52,04 TO 06,145.0,Apartment,1993,68 years 05 months,818000.0
2024-05-01,PASIR RIS,EXECUTIVE,586,PASIR RIS ST 53,07 TO 09,146.0,Apartment,1995,70 years 06 months,950000.0
2024-05-01,PASIR RIS,EXECUTIVE,717,PASIR RIS ST 72,01 TO 03,148.0,Apartment,1996,71 years 03 months,845000.0
2024-05-01,PUNGGOL,2 ROOM,659B,PUNGGOL EAST,07 TO 09,47.0,Model A,2018,93 years 06 months,360000.0
2024-05-01,PUNGGOL,2 ROOM,210C,PUNGGOL PL,13 TO 15,46.0,Model A,2014,89 years 07 months,385888.0
2024-05-01,PUNGGOL,2 ROOM,224C,SUMANG LANE,04 TO 06,48.0,2-room,2018,93 years 08 months,345000.0
2024-05-01,PUNGGOL,2 ROOM,327C,SUMANG WALK,19 TO 21,47.0,Model A,2018,93 years 07 months,388000.0
2024-05-01,PUNGGOL,3 ROOM,122A,EDGEDALE PLAINS,04 TO 06,68.0,Model A,2017,92 years 01 month,470000.0
2024-05-01,PUNGGOL,3 ROOM,662A,EDGEDALE PLAINS,07 TO 09,67.0,Premium Apartment,2017,92 years 01 month,495000.0
2024-05-01,PUNGGOL,3 ROOM,683B,EDGEDALE PLAINS,04 TO 06,68.0,Premium Apartment,2018,93 years 03 months,480000.0
2024-05-01,PUNGGOL,3 ROOM,672C,EDGEFIELD PLAINS,01 TO 03,65.0,Model A,2015,90 years 07 months,450000.0
2024-05-01,PUNGGOL,3 ROOM,622B,PUNGGOL CTRL,13 TO 15,69.0,Model A,2014,89 years,511000.0
2024-05-01,PUNGGOL,3 ROOM,602C,PUNGGOL CTRL,13 TO 15,70.0,Model A,2012,87 years 03 months,488000.0
2024-05-01,PUNGGOL,3 ROOM,622C,PUNGGOL CTRL,16 TO 18,69.0,Model A,2014,89 years,492000.0
2024-05-01,PUNGGOL,3 ROOM,623C,PUNGGOL CTRL,13 TO 15,69.0,Model A,2014,89 years,508000.0
2024-05-01,PUNGGOL,3 ROOM,663A,PUNGGOL DR,04 TO 06,65.0,Model A,2016,91 years 02 months,460000.0
2024-05-01,PUNGGOL,3 ROOM,207C,PUNGGOL PL,07 TO 09,67.0,Model A,2014,89 years 02 months,527500.0
2024-05-01,PUNGGOL,3 ROOM,208B,PUNGGOL PL,16 TO 18,67.0,Model A,2014,89 years 02 months,555000.0
2024-05-01,PUNGGOL,3 ROOM,211A,PUNGGOL WALK,16 TO 18,67.0,Model A,2014,89 years,500000.0
2024-05-01,PUNGGOL,3 ROOM,212B,PUNGGOL WALK,16 TO 18,67.0,Model A,2015,90 years,520000.0
2024-05-01,PUNGGOL,3 ROOM,310A,PUNGGOL WALK,04 TO 06,67.0,Premium Apartment,2016,91 years 01 month,500000.0
2024-05-01,PUNGGOL,3 ROOM,315B,PUNGGOL WAY,13 TO 15,68.0,Premium Apartment,2017,92 years 05 months,555000.0
2024-05-01,PUNGGOL,3 ROOM,312A,SUMANG LINK,10 TO 12,68.0,Model A,2015,90 years 02 months,522000.0
2024-05-01,PUNGGOL,3 ROOM,312A,SUMANG LINK,10 TO 12,68.0,Model A,2015,90 years 01 month,488000.0
2024-05-01,PUNGGOL,3 ROOM,326C,SUMANG WALK,01 TO 03,68.0,Model A,2018,93 years 07 months,460000.0
2024-05-01,PUNGGOL,3 ROOM,327B,SUMANG WALK,13 TO 15,68.0,Model A,2018,93 years 07 months,508888.0
2024-05-01,PUNGGOL,3 ROOM,326C,SUMANG WALK,04 TO 06,68.0,Model A,2018,93 years 07 months,486888.0
2024-05-01,PUNGGOL,3 ROOM,325A,SUMANG WALK,13 TO 15,68.0,Premium Apartment,2020,94 years 09 months,550000.0
2024-05-01,PUNGGOL,3 ROOM,326C,SUMANG WALK,07 TO 09,68.0,Model A,2018,93 years 07 months,470000.0
2024-05-01,PUNGGOL,3 ROOM,325B,SUMANG WALK,04 TO 06,68.0,Premium Apartment,2020,94 years 08 months,512000.0
2024-05-01,PUNGGOL,4 ROOM,683B,EDGEDALE PLAINS,01 TO 03,93.0,Premium Apartment,2018,93 years 04 months,593000.0
2024-05-01,PUNGGOL,4 ROOM,120A,EDGEDALE PLAINS,07 TO 09,93.0,Model A,2017,92 years 01 month,610888.0
2024-05-01,PUNGGOL,4 ROOM,132,EDGEDALE PLAINS,10 TO 12,91.0,Premium Apartment,2003,78 years 07 months,550000.0
2024-05-01,PUNGGOL,4 ROOM,661A,EDGEDALE PLAINS,07 TO 09,92.0,Premium Apartment,2017,92 years 01 month,592000.0
2024-05-01,PUNGGOL,4 ROOM,682C,EDGEDALE PLAINS,13 TO 15,93.0,Premium Apartment,2018,93 years 04 months,650000.0
2024-05-01,PUNGGOL,4 ROOM,661A,EDGEDALE PLAINS,13 TO 15,92.0,Premium Apartment,2017,92 years 01 month,630000.0
2024-05-01,PUNGGOL,4 ROOM,138,EDGEDALE PLAINS,01 TO 03,90.0,Premium Apartment,2003,78 years 07 months,497000.0
2024-05-01,PUNGGOL,4 ROOM,671A,EDGEFIELD PLAINS,10 TO 12,90.0,Model A,2015,90 years 08 months,610000.0
2024-05-01,PUNGGOL,4 ROOM,668B,EDGEFIELD PLAINS,01 TO 03,93.0,Premium Apartment,2016,91 years 02 months,562000.0
2024-05-01,PUNGGOL,4 ROOM,104B,EDGEFIELD PLAINS,10 TO 12,90.0,Model A,2003,78 years 01 month,530000.0
2024-05-01,PUNGGOL,4 ROOM,673C,EDGEFIELD PLAINS,10 TO 12,90.0,Model A,2015,90 years 08 months,620000.0
2024-05-01,PUNGGOL,4 ROOM,614B,EDGEFIELD PLAINS,10 TO 12,92.0,Model A,2012,87 years 08 months,648000.0
2024-05-01,PUNGGOL,4 ROOM,176B,EDGEFIELD PLAINS,04 TO 06,90.0,Model A,2003,78 years 04 months,515000.0
2024-05-01,PUNGGOL,4 ROOM,671A,EDGEFIELD PLAINS,10 TO 12,90.0,Model A,2015,90 years 08 months,600000.0
2024-05-01,PUNGGOL,4 ROOM,614A,EDGEFIELD PLAINS,01 TO 03,92.0,Model A,2012,87 years 08 months,535000.0
2024-05-01,PUNGGOL,4 ROOM,615C,EDGEFIELD PLAINS,13 TO 15,94.0,Model A,2012,87 years 08 months,653000.0
2024-05-01,PUNGGOL,4 ROOM,105C,EDGEFIELD PLAINS,04 TO 06,90.0,Model A,2003,78 years 01 month,548000.0
2024-05-01,PUNGGOL,4 ROOM,165B,PUNGGOL CTRL,16 TO 18,94.0,Premium Apartment,2004,79 years 03 months,600888.0
2024-05-01,PUNGGOL,4 ROOM,298,PUNGGOL CTRL,01 TO 03,95.0,Premium Apartment,2003,78 years 06 months,545000.0
2024-05-01,PUNGGOL,4 ROOM,622C,PUNGGOL CTRL,13 TO 15,94.0,Model A,2014,89 years,625000.0
2024-05-01,PUNGGOL,4 ROOM,624A,PUNGGOL CTRL,10 TO 12,95.0,Model A,2014,89 years,640000.0
2024-05-01,PUNGGOL,4 ROOM,651,PUNGGOL CTRL,10 TO 12,90.0,Premium Apartment,2005,79 years 08 months,550000.0
2024-05-01,PUNGGOL,4 ROOM,637D,PUNGGOL DR,04 TO 06,91.0,Premium Apartment,2005,79 years 09 months,535000.0
2024-05-01,PUNGGOL,4 ROOM,617B,PUNGGOL DR,13 TO 15,93.0,Premium Apartment,2013,88 years 05 months,655000.0
2024-05-01,PUNGGOL,4 ROOM,306D,PUNGGOL DR,04 TO 06,97.0,Premium Apartment,2012,87 years 03 months,780000.0
2024-05-01,PUNGGOL,4 ROOM,663B,PUNGGOL DR,04 TO 06,90.0,Model A,2016,91 years 02 months,625000.0
2024-05-01,PUNGGOL,4 ROOM,617B,PUNGGOL DR,07 TO 09,93.0,Premium Apartment,2013,88 years 05 months,635000.0
2024-05-01,PUNGGOL,4 ROOM,636B,PUNGGOL DR,10 TO 12,92.0,Premium Apartment,2007,82 years 08 months,588000.0
2024-05-01,PUNGGOL,4 ROOM,619B,PUNGGOL DR,16 TO 18,93.0,Premium Apartment,2013,88 years 05 months,697000.0
2024-05-01,PUNGGOL,4 ROOM,617D,PUNGGOL DR,07 TO 09,93.0,Premium Apartment,2013,88 years 05 months,608000.0
2024-05-01,PUNGGOL,4 ROOM,618D,PUNGGOL DR,16 TO 18,93.0,Premium Apartment,2013,88 years 05 months,643000.0
2024-05-01,PUNGGOL,4 ROOM,633B,PUNGGOL DR,04 TO 06,93.0,Premium Apartment,2007,82 years 08 months,575000.0
2024-05-01,PUNGGOL,4 ROOM,632B,PUNGGOL DR,13 TO 15,90.0,Premium Apartment,2007,82 years 08 months,580000.0
2024-05-01,PUNGGOL,4 ROOM,676B,PUNGGOL DR,13 TO 15,93.0,Premium Apartment,2016,91 years 05 months,700000.0
2024-05-01,PUNGGOL,4 ROOM,678B,PUNGGOL DR,01 TO 03,93.0,Premium Apartment,2016,91 years 05 months,620000.0
2024-05-01,PUNGGOL,4 ROOM,613C,PUNGGOL DR,10 TO 12,93.0,Model A,2012,87 years 07 months,618000.0
2024-05-01,PUNGGOL,4 ROOM,663C,PUNGGOL DR,04 TO 06,90.0,Model A,2016,91 years 02 months,590000.0
2024-05-01,PUNGGOL,4 ROOM,663A,PUNGGOL DR,04 TO 06,90.0,Model A,2016,91 years 02 months,595000.0
2024-05-01,PUNGGOL,4 ROOM,678A,PUNGGOL DR,16 TO 18,93.0,Premium Apartment,2016,91 years 04 months,715088.0
2024-05-01,PUNGGOL,4 ROOM,167A,PUNGGOL EAST,04 TO 06,92.0,Premium Apartment,2009,83 years 11 months,555000.0
2024-05-01,PUNGGOL,4 ROOM,168B,PUNGGOL EAST,13 TO 15,92.0,Premium Apartment,2009,83 years 11 months,585000.0
2024-05-01,PUNGGOL,4 ROOM,658C,PUNGGOL EAST,07 TO 09,93.0,Model A,2018,93 years 06 months,638000.0
2024-05-01,PUNGGOL,4 ROOM,201A,PUNGGOL FIELD,01 TO 03,90.0,Model A,2004,79 years 02 months,490000.0
2024-05-01,PUNGGOL,4 ROOM,269B,PUNGGOL FIELD,04 TO 06,95.0,Premium Apartment,2013,87 years 09 months,712000.0
2024-05-01,PUNGGOL,4 ROOM,106A,PUNGGOL FIELD,16 TO 18,85.0,Model A,2003,78 years,549000.0
2024-05-01,PUNGGOL,4 ROOM,258B,PUNGGOL FIELD,01 TO 03,93.0,Model A,2016,91 years 01 month,590000.0
2024-05-01,PUNGGOL,4 ROOM,201B,PUNGGOL FIELD,10 TO 12,90.0,Model A,2004,79 years 02 months,557000.0
2024-05-01,PUNGGOL,4 ROOM,208A,PUNGGOL PL,10 TO 12,92.0,Model A,2014,89 years 02 months,660000.0
2024-05-01,PUNGGOL,4 ROOM,208C,PUNGGOL PL,10 TO 12,92.0,Model A,2014,89 years 02 months,655000.0
2024-05-01,PUNGGOL,4 ROOM,274A,PUNGGOL PL,07 TO 09,93.0,Premium Apartment,2013,88 years 03 months,735000.0
2024-05-01,PUNGGOL,4 ROOM,289C,PUNGGOL PL,13 TO 15,98.0,Premium Apartment,2013,87 years 10 months,688888.0
2024-05-01,PUNGGOL,4 ROOM,207B,PUNGGOL PL,10 TO 12,92.0,Model A,2014,89 years 01 month,580000.0
2024-05-01,PUNGGOL,4 ROOM,603A,PUNGGOL RD,07 TO 09,93.0,Model A,2012,87 years 05 months,615000.0
2024-05-01,PUNGGOL,4 ROOM,195A,PUNGGOL RD,16 TO 18,90.0,Premium Apartment,2007,82 years 04 months,591000.0
2024-05-01,PUNGGOL,4 ROOM,604A,PUNGGOL RD,13 TO 15,92.0,Model A,2012,87 years 05 months,658000.0
2024-05-01,PUNGGOL,4 ROOM,212A,PUNGGOL WALK,04 TO 06,93.0,Model A,2015,90 years,608000.0
2024-05-01,PUNGGOL,4 ROOM,271D,PUNGGOL WALK,10 TO 12,93.0,Premium Apartment,2014,89 years,740000.0
2024-05-01,PUNGGOL,4 ROOM,272C,PUNGGOL WALK,07 TO 09,93.0,Premium Apartment,2014,89 years,680000.0
2024-05-01,PUNGGOL,4 ROOM,308A,PUNGGOL WALK,07 TO 09,92.0,Premium Apartment,2016,90 years 11 months,720000.0
2024-05-01,PUNGGOL,4 ROOM,271D,PUNGGOL WALK,07 TO 09,92.0,Premium Apartment,2014,89 years 01 month,755000.0
2024-05-01,PUNGGOL,4 ROOM,310B,PUNGGOL WALK,04 TO 06,92.0,Premium Apartment,2016,91 years 03 months,633888.0
2024-05-01,PUNGGOL,4 ROOM,310C,PUNGGOL WALK,01 TO 03,92.0,Premium Apartment,2016,91 years 02 months,617000.0
2024-05-01,PUNGGOL,4 ROOM,308C,PUNGGOL WALK,10 TO 12,92.0,Premium Apartment,2016,90 years 11 months,700000.0
2024-05-01,PUNGGOL,4 ROOM,308C,PUNGGOL WALK,01 TO 03,92.0,Premium Apartment,2016,90 years 10 months,590000.0
2024-05-01,PUNGGOL,4 ROOM,315B,PUNGGOL WAY,01 TO 03,93.0,Premium Apartment,2017,92 years 05 months,620000.0
2024-05-01,PUNGGOL,4 ROOM,260C,PUNGGOL WAY,01 TO 03,93.0,Model A,2016,91 years 02 months,535000.0
2024-05-01,PUNGGOL,4 ROOM,314B,PUNGGOL WAY,10 TO 12,93.0,Premium Apartment,2017,92 years 04 months,703000.0
2024-05-01,PUNGGOL,4 ROOM,224A,SUMANG LANE,01 TO 03,93.0,Model A,2018,93 years 08 months,530000.0
2024-05-01,PUNGGOL,4 ROOM,224B,SUMANG LANE,04 TO 06,93.0,Model A,2018,93 years 09 months,600000.0
2024-05-01,PUNGGOL,4 ROOM,233B,SUMANG LANE,16 TO 18,93.0,Model A,2018,93 years 07 months,618000.0
2024-05-01,PUNGGOL,4 ROOM,231A,SUMANG LANE,07 TO 09,93.0,Model A,2018,93 years 07 months,605000.0
2024-05-01,PUNGGOL,4 ROOM,231B,SUMANG LANE,13 TO 15,93.0,Model A,2018,93 years 07 months,618888.0
2024-05-01,PUNGGOL,4 ROOM,220B,SUMANG LANE,10 TO 12,93.0,Model A,2018,93 years 07 months,608000.0
2024-05-01,PUNGGOL,4 ROOM,224C,SUMANG LANE,13 TO 15,93.0,Model A,2018,93 years 08 months,620000.0
2024-05-01,PUNGGOL,4 ROOM,325B,SUMANG WALK,01 TO 03,96.0,Premium Apartment,2020,94 years 09 months,640000.0
2024-05-01,PUNGGOL,4 ROOM,256C,SUMANG WALK,10 TO 12,93.0,Model A,2016,91 years 08 months,618000.0
2024-05-01,PUNGGOL,4 ROOM,323B,SUMANG WALK,19 TO 21,93.0,Premium Apartment,2020,94 years 09 months,720000.0
2024-05-01,PUNGGOL,4 ROOM,322C,SUMANG WALK,13 TO 15,93.0,Premium Apartment,2019,93 years 11 months,680000.0
2024-05-01,PUNGGOL,4 ROOM,323C,SUMANG WALK,07 TO 09,93.0,Premium Apartment,2020,94 years 09 months,680000.0
2024-05-01,PUNGGOL,4 ROOM,323A,SUMANG WALK,13 TO 15,93.0,Premium Apartment,2020,94 years 09 months,675000.0
2024-05-01,PUNGGOL,4 ROOM,323A,SUMANG WALK,04 TO 06,93.0,Premium Apartment,2020,94 years 09 months,628000.0
2024-05-01,PUNGGOL,4 ROOM,325B,SUMANG WALK,13 TO 15,93.0,Premium Apartment,2020,94 years 08 months,690000.0
2024-05-01,PUNGGOL,5 ROOM,684B,EDGEDALE PLAINS,10 TO 12,113.0,Premium Apartment,2018,93 years 04 months,848000.0
2024-05-01,PUNGGOL,5 ROOM,138,EDGEDALE PLAINS,07 TO 09,111.0,Premium Apartment,2003,78 years 07 months,565000.0
2024-05-01,PUNGGOL,5 ROOM,130,EDGEDALE PLAINS,04 TO 06,111.0,Premium Apartment,2003,78 years 07 months,585000.0
2024-05-01,PUNGGOL,5 ROOM,171A,EDGEDALE PLAINS,07 TO 09,110.0,Improved,2004,78 years 09 months,640000.0
2024-05-01,PUNGGOL,5 ROOM,126C,EDGEDALE PLAINS,10 TO 12,110.0,Improved,2003,77 years 10 months,610000.0
2024-05-01,PUNGGOL,5 ROOM,135,EDGEDALE PLAINS,16 TO 18,111.0,Premium Apartment,2003,78 years 07 months,575000.0
2024-05-01,PUNGGOL,5 ROOM,109D,EDGEDALE PLAINS,04 TO 06,110.0,Improved,2003,78 years,580000.0
2024-05-01,PUNGGOL,5 ROOM,133,EDGEDALE PLAINS,07 TO 09,111.0,Premium Apartment,2003,78 years 07 months,550000.0
2024-05-01,PUNGGOL,5 ROOM,662C,EDGEDALE PLAINS,13 TO 15,112.0,Premium Apartment,2017,92 years 01 month,765000.0
2024-05-01,PUNGGOL,5 ROOM,104A,EDGEFIELD PLAINS,16 TO 18,110.0,Improved,2003,78 years 01 month,625555.0
2024-05-01,PUNGGOL,5 ROOM,183,EDGEFIELD PLAINS,04 TO 06,110.0,Premium Apartment,2003,78 years 07 months,588000.0
2024-05-01,PUNGGOL,5 ROOM,668A,EDGEFIELD PLAINS,10 TO 12,113.0,Premium Apartment,2016,91 years 01 month,820000.0
2024-05-01,PUNGGOL,5 ROOM,161A,PUNGGOL CTRL,04 TO 06,114.0,Premium Apartment,2004,79 years 01 month,618000.0
2024-05-01,PUNGGOL,5 ROOM,297,PUNGGOL CTRL,07 TO 09,110.0,Premium Apartment,2003,78 years 06 months,645000.0
2024-05-01,PUNGGOL,5 ROOM,647,PUNGGOL CTRL,16 TO 18,110.0,Premium Apartment,2005,79 years 09 months,670888.0
2024-05-01,PUNGGOL,5 ROOM,161B,PUNGGOL CTRL,16 TO 18,114.0,Premium Apartment,2004,79 years,675000.0
2024-05-01,PUNGGOL,5 ROOM,161A,PUNGGOL CTRL,07 TO 09,114.0,Premium Apartment,2004,79 years 01 month,675000.0
2024-05-01,PUNGGOL,5 ROOM,648,PUNGGOL CTRL,16 TO 18,110.0,Premium Apartment,2005,79 years 08 months,665000.0
2024-05-01,PUNGGOL,5 ROOM,642D,PUNGGOL DR,13 TO 15,112.0,Premium Apartment,2005,79 years 09 months,640000.0
2024-05-01,PUNGGOL,5 ROOM,641B,PUNGGOL DR,04 TO 06,111.0,Premium Apartment,2005,79 years 10 months,605000.0
2024-05-01,PUNGGOL,5 ROOM,663C,PUNGGOL DR,13 TO 15,110.0,Improved,2016,91 years 02 months,748000.0
2024-05-01,PUNGGOL,5 ROOM,638B,PUNGGOL DR,10 TO 12,110.0,Premium Apartment,2005,79 years 09 months,636000.0
2024-05-01,PUNGGOL,5 ROOM,663B,PUNGGOL DR,04 TO 06,110.0,Improved,2016,91 years 02 months,716000.0
2024-05-01,PUNGGOL,5 ROOM,677C,PUNGGOL DR,04 TO 06,113.0,Premium Apartment,2016,91 years 05 months,780000.0
2024-05-01,PUNGGOL,5 ROOM,658A,PUNGGOL EAST,07 TO 09,113.0,Improved,2018,93 years 07 months,768888.0
2024-05-01,PUNGGOL,5 ROOM,101C,PUNGGOL FIELD,10 TO 12,110.0,Improved,2002,77 years 05 months,615000.0
2024-05-01,PUNGGOL,5 ROOM,173A,PUNGGOL FIELD,07 TO 09,110.0,Improved,2003,78 years 08 months,608000.0
2024-05-01,PUNGGOL,5 ROOM,106D,PUNGGOL FIELD,07 TO 09,110.0,Improved,2003,77 years 10 months,600000.0
2024-05-01,PUNGGOL,5 ROOM,201D,PUNGGOL FIELD,13 TO 15,110.0,Improved,2004,79 years 03 months,645000.0
2024-05-01,PUNGGOL,5 ROOM,173A,PUNGGOL FIELD,04 TO 06,110.0,Improved,2003,78 years 08 months,593000.0
2024-05-01,PUNGGOL,5 ROOM,199C,PUNGGOL FIELD,01 TO 03,114.0,Improved,2003,78 years 02 months,600000.0
2024-05-01,PUNGGOL,5 ROOM,289C,PUNGGOL PL,10 TO 12,116.0,Premium Apartment,2013,87 years 11 months,900000.0
2024-05-01,PUNGGOL,5 ROOM,207A,PUNGGOL PL,10 TO 12,112.0,Improved,2014,89 years 02 months,768000.0
2024-05-01,PUNGGOL,5 ROOM,273C,PUNGGOL PL,01 TO 03,113.0,Premium Apartment,2013,88 years 03 months,820000.0
2024-05-01,PUNGGOL,5 ROOM,273B,PUNGGOL PL,13 TO 15,118.0,Premium Apartment,2013,88 years 03 months,909888.0
2024-05-01,PUNGGOL,5 ROOM,207D,PUNGGOL PL,07 TO 09,112.0,Improved,2014,89 years 01 month,768000.0
2024-05-01,PUNGGOL,5 ROOM,272B,PUNGGOL WALK,07 TO 09,116.0,Premium Apartment,2014,89 years,910000.0
2024-05-01,PUNGGOL,5 ROOM,308C,PUNGGOL WALK,07 TO 09,112.0,Premium Apartment,2016,90 years 11 months,778000.0
2024-05-01,PUNGGOL,5 ROOM,316A,PUNGGOL WAY,01 TO 03,113.0,Premium Apartment,2017,92 years 05 months,815000.0
2024-05-01,PUNGGOL,5 ROOM,232A,SUMANG LANE,01 TO 03,113.0,Improved,2018,93 years 07 months,675000.0
2024-05-01,PUNGGOL,5 ROOM,231B,SUMANG LANE,10 TO 12,113.0,Improved,2018,93 years 07 months,758000.0
2024-05-01,PUNGGOL,5 ROOM,233B,SUMANG LANE,16 TO 18,113.0,Improved,2018,93 years 07 months,750000.0
2024-05-01,PUNGGOL,5 ROOM,232A,SUMANG LANE,13 TO 15,113.0,Improved,2018,93 years 07 months,730000.0
2024-05-01,PUNGGOL,5 ROOM,312C,SUMANG LINK,16 TO 18,112.0,Improved,2015,90 years 02 months,870000.0
2024-05-01,PUNGGOL,5 ROOM,323A,SUMANG WALK,10 TO 12,113.0,Premium Apartment,2020,94 years 09 months,835000.0
2024-05-01,PUNGGOL,5 ROOM,217B,SUMANG WALK,01 TO 03,112.0,Improved,2017,92 years 03 months,688000.0
2024-05-01,PUNGGOL,5 ROOM,323A,SUMANG WALK,16 TO 18,113.0,Premium Apartment,2020,94 years 09 months,860000.0
2024-05-01,PUNGGOL,5 ROOM,323A,SUMANG WALK,07 TO 09,113.0,Premium Apartment,2020,94 years 09 months,775000.0
2024-05-01,PUNGGOL,5 ROOM,322B,SUMANG WALK,07 TO 09,122.0,Premium Apartment,2019,93 years 11 months,993888.0
2024-05-01,PUNGGOL,5 ROOM,323D,SUMANG WALK,07 TO 09,122.0,Premium Apartment,2020,94 years 09 months,945000.0
2024-05-01,PUNGGOL,5 ROOM,325A,SUMANG WALK,07 TO 09,116.0,Premium Apartment,2020,94 years 09 months,929888.0
2024-05-01,PUNGGOL,5 ROOM,322C,SUMANG WALK,04 TO 06,116.0,Premium Apartment,2019,93 years 11 months,940000.0
2024-05-01,PUNGGOL,EXECUTIVE,181,EDGEFIELD PLAINS,07 TO 09,128.0,Premium Apartment,2003,78 years 07 months,745000.0
2024-05-01,PUNGGOL,EXECUTIVE,186,PUNGGOL CTRL,13 TO 15,128.0,Premium Apartment,2004,79 years,800000.0
2024-05-01,QUEENSTOWN,2 ROOM,26,GHIM MOH LINK,28 TO 30,47.0,Model A,2013,88 years,525000.0
2024-05-01,QUEENSTOWN,3 ROOM,83,C'WEALTH CL,13 TO 15,60.0,Standard,1967,41 years 09 months,376000.0
2024-05-01,QUEENSTOWN,3 ROOM,83,C'WEALTH CL,10 TO 12,60.0,Standard,1967,41 years 09 months,400000.0
2024-05-01,QUEENSTOWN,3 ROOM,82,C'WEALTH CL,16 TO 18,71.0,Standard,1967,41 years 09 months,410000.0
2024-05-01,QUEENSTOWN,3 ROOM,87,C'WEALTH CL,07 TO 09,58.0,Standard,1967,41 years 09 months,355000.0
2024-05-01,QUEENSTOWN,3 ROOM,109,C'WEALTH CRES,10 TO 12,60.0,Standard,1969,43 years 08 months,315000.0
2024-05-01,QUEENSTOWN,3 ROOM,89,C'WEALTH DR,07 TO 09,69.0,Standard,1967,41 years 09 months,405000.0
2024-05-01,QUEENSTOWN,3 ROOM,94,C'WEALTH DR,07 TO 09,60.0,Standard,1967,41 years 09 months,360000.0
2024-05-01,QUEENSTOWN,3 ROOM,51,C'WEALTH DR,19 TO 21,63.0,Model A,2015,89 years 10 months,685000.0
2024-05-01,QUEENSTOWN,3 ROOM,94,C'WEALTH DR,07 TO 09,69.0,Standard,1967,41 years 09 months,330000.0
2024-05-01,QUEENSTOWN,3 ROOM,94,C'WEALTH DR,04 TO 06,60.0,Standard,1967,41 years 09 months,310000.0
2024-05-01,QUEENSTOWN,3 ROOM,53,C'WEALTH DR,10 TO 12,63.0,Model A,2015,89 years 10 months,660000.0
2024-05-01,QUEENSTOWN,3 ROOM,21,DOVER CRES,13 TO 15,65.0,Improved,1976,51 years 03 months,387888.0
2024-05-01,QUEENSTOWN,3 ROOM,28B,DOVER CRES,31 TO 33,70.0,Model A,2012,86 years 11 months,660000.0
2024-05-01,QUEENSTOWN,3 ROOM,26,GHIM MOH LINK,13 TO 15,67.0,Model A,2013,87 years 11 months,630000.0
2024-05-01,QUEENSTOWN,3 ROOM,27,GHIM MOH LINK,01 TO 03,67.0,Model A,2013,88 years,585000.0
2024-05-01,QUEENSTOWN,3 ROOM,3,GHIM MOH RD,04 TO 06,65.0,Improved,1976,51 years 03 months,350000.0
2024-05-01,QUEENSTOWN,3 ROOM,21,GHIM MOH RD,04 TO 06,65.0,Improved,1977,52 years 01 month,416000.0
2024-05-01,QUEENSTOWN,3 ROOM,4,GHIM MOH RD,04 TO 06,65.0,Improved,1976,51 years 03 months,375000.0
2024-05-01,QUEENSTOWN,3 ROOM,5,GHIM MOH RD,10 TO 12,65.0,Improved,1976,51 years 03 months,468000.0
2024-05-01,QUEENSTOWN,3 ROOM,6,GHIM MOH RD,01 TO 03,65.0,Improved,1976,51 years 03 months,365000.0
2024-05-01,QUEENSTOWN,3 ROOM,21,GHIM MOH RD,01 TO 03,65.0,Improved,1977,52 years 01 month,340000.0
2024-05-01,QUEENSTOWN,3 ROOM,19,GHIM MOH RD,10 TO 12,65.0,Improved,1977,52 years 01 month,396000.0
2024-05-01,QUEENSTOWN,3 ROOM,9,HOLLAND AVE,19 TO 21,65.0,Improved,1974,49 years,480000.0
2024-05-01,QUEENSTOWN,3 ROOM,6,HOLLAND CL,04 TO 06,65.0,Improved,1974,49 years,425000.0
2024-05-01,QUEENSTOWN,3 ROOM,11,HOLLAND DR,16 TO 18,65.0,Improved,1975,49 years 09 months,468000.0
2024-05-01,QUEENSTOWN,3 ROOM,161,MEI LING ST,13 TO 15,72.0,Improved,1970,45 years 03 months,438000.0
2024-05-01,QUEENSTOWN,3 ROOM,152,MEI LING ST,10 TO 12,67.0,Improved,1970,44 years 09 months,420000.0
2024-05-01,QUEENSTOWN,3 ROOM,171,STIRLING RD,10 TO 12,60.0,Improved,1970,45 years 03 months,335000.0
2024-05-01,QUEENSTOWN,3 ROOM,171,STIRLING RD,04 TO 06,70.0,Improved,1970,45 years 03 months,375000.0
2024-05-01,QUEENSTOWN,3 ROOM,169,STIRLING RD,07 TO 09,70.0,Improved,1970,45 years 03 months,400000.0
2024-05-01,QUEENSTOWN,3 ROOM,169,STIRLING RD,01 TO 03,60.0,Improved,1970,45 years 03 months,360000.0
2024-05-01,QUEENSTOWN,3 ROOM,167,STIRLING RD,07 TO 09,69.0,Improved,1971,45 years 09 months,368000.0
2024-05-01,QUEENSTOWN,3 ROOM,90,TANGLIN HALT RD,34 TO 36,60.0,Model A,2008,83 years 04 months,680000.0
2024-05-01,QUEENSTOWN,3 ROOM,89,TANGLIN HALT RD,28 TO 30,60.0,Model A,2008,83 years 03 months,665000.0
2024-05-01,QUEENSTOWN,4 ROOM,53,C'WEALTH DR,16 TO 18,88.0,Model A,2015,89 years 10 months,991000.0
2024-05-01,QUEENSTOWN,4 ROOM,129,CLARENCE LANE,13 TO 15,103.0,Model A,1996,71 years 04 months,988000.0
2024-05-01,QUEENSTOWN,4 ROOM,87,DAWSON RD,04 TO 06,83.0,Premium Apartment,2016,91 years 04 months,930888.0
2024-05-01,QUEENSTOWN,4 ROOM,89,DAWSON RD,40 TO 42,87.0,Premium Apartment,2016,91 years,938000.0
2024-05-01,QUEENSTOWN,4 ROOM,28A,DOVER CRES,07 TO 09,95.0,Model A,2012,86 years 11 months,840000.0
2024-05-01,QUEENSTOWN,4 ROOM,18,DOVER CRES,01 TO 03,87.0,Model A,2003,78 years 05 months,690000.0
2024-05-01,QUEENSTOWN,4 ROOM,23,DOVER CRES,07 TO 09,88.0,Improved,1976,51 years 03 months,490000.0
2024-05-01,QUEENSTOWN,4 ROOM,28,GHIM MOH LINK,16 TO 18,92.0,Model A,2013,88 years,920000.0
2024-05-01,QUEENSTOWN,4 ROOM,27,GHIM MOH LINK,19 TO 21,87.0,Model A,2013,88 years,905000.0
2024-05-01,QUEENSTOWN,4 ROOM,30,GHIM MOH LINK,37 TO 39,93.0,Model A,2018,93 years 01 month,1005000.0
2024-05-01,QUEENSTOWN,4 ROOM,31,GHIM MOH LINK,22 TO 24,93.0,Model A,2018,93 years 01 month,1075000.0
2024-05-01,QUEENSTOWN,4 ROOM,15,GHIM MOH RD,04 TO 06,82.0,Improved,1977,51 years 09 months,550000.0
2024-05-01,QUEENSTOWN,4 ROOM,8,HOLLAND AVE,13 TO 15,82.0,Improved,1974,49 years 01 month,605000.0
2024-05-01,QUEENSTOWN,4 ROOM,168A,QUEENSWAY,07 TO 09,84.0,Improved,1974,49 years 02 months,415000.0
2024-05-01,QUEENSTOWN,4 ROOM,49,STRATHMORE AVE,10 TO 12,90.0,Model A,2006,81 years 03 months,890000.0
2024-05-01,QUEENSTOWN,4 ROOM,56,STRATHMORE AVE,13 TO 15,95.0,Model A,2002,77 years 01 month,855000.0
2024-05-01,QUEENSTOWN,4 ROOM,51,STRATHMORE AVE,13 TO 15,90.0,Model A,2006,81 years 06 months,900000.0
2024-05-01,QUEENSTOWN,4 ROOM,48,STRATHMORE AVE,01 TO 03,90.0,Model A,2006,81 years 08 months,860000.0
2024-05-01,QUEENSTOWN,4 ROOM,51,STRATHMORE AVE,13 TO 15,85.0,Model A,2006,81 years 06 months,885000.0
2024-05-01,QUEENSTOWN,4 ROOM,61A,STRATHMORE AVE,19 TO 21,98.0,Model A,2011,86 years 04 months,960000.0
2024-05-01,QUEENSTOWN,4 ROOM,59,STRATHMORE AVE,04 TO 06,85.0,Model A,2000,75 years 06 months,725000.0
2024-05-01,QUEENSTOWN,4 ROOM,91,TANGLIN HALT RD,10 TO 12,90.0,Model A,2008,83 years 04 months,940000.0
2024-05-01,QUEENSTOWN,4 ROOM,90,TANGLIN HALT RD,34 TO 36,90.0,Model A,2008,83 years 04 months,972000.0
2024-05-01,QUEENSTOWN,4 ROOM,89,TANGLIN HALT RD,10 TO 12,90.0,Model A,2008,83 years 04 months,920000.0
2024-05-01,QUEENSTOWN,5 ROOM,18,DOVER CRES,25 TO 27,112.0,Improved,2003,78 years 05 months,918000.0
2024-05-01,QUEENSTOWN,5 ROOM,2,GHIM MOH RD,04 TO 06,150.0,Adjoined flat,1976,51 years 03 months,1188000.0
2024-05-01,QUEENSTOWN,5 ROOM,55,STRATHMORE AVE,10 TO 12,110.0,Improved,2002,77 years 01 month,1050000.0
2024-05-01,QUEENSTOWN,5 ROOM,48,STRATHMORE AVE,13 TO 15,110.0,Improved,2006,81 years 08 months,1108888.0
2024-05-01,QUEENSTOWN,5 ROOM,91,TANGLIN HALT RD,13 TO 15,110.0,Improved,2008,83 years 05 months,1130000.0
2024-05-01,QUEENSTOWN,5 ROOM,89,TANGLIN HALT RD,19 TO 21,110.0,Improved,2008,83 years 03 months,1250000.0
2024-05-01,SEMBAWANG,2 ROOM,117A,CANBERRA CRES,04 TO 06,47.0,Model A,2020,95 years,365000.0
2024-05-01,SEMBAWANG,2 ROOM,104B,CANBERRA ST,10 TO 12,47.0,2-room,2018,93 years 02 months,380000.0
2024-05-01,SEMBAWANG,2 ROOM,115A,CANBERRA WALK,01 TO 03,47.0,Model A,2018,93 years 03 months,327500.0
2024-05-01,SEMBAWANG,2 ROOM,590A,MONTREAL LINK,07 TO 09,47.0,Model A,2015,90 years,332800.0
2024-05-01,SEMBAWANG,2 ROOM,363B,SEMBAWANG CRES,07 TO 09,47.0,Model A,2019,94 years 01 month,350000.0
2024-05-01,SEMBAWANG,2 ROOM,366A,SEMBAWANG CRES,10 TO 12,48.0,Model A,2019,93 years 11 months,365000.0
2024-05-01,SEMBAWANG,2 ROOM,463A,SEMBAWANG DR,07 TO 09,46.0,Model A,2015,90 years 01 month,310000.0
2024-05-01,SEMBAWANG,3 ROOM,129B,CANBERRA ST,04 TO 06,68.0,Model A,2018,93 years 06 months,470000.0
2024-05-01,SEMBAWANG,3 ROOM,107C,CANBERRA ST,04 TO 06,67.0,Model A,2018,93 years 03 months,472000.0
2024-05-01,SEMBAWANG,3 ROOM,104A,CANBERRA ST,13 TO 15,67.0,Model A,2018,93 years 03 months,473000.0
2024-05-01,SEMBAWANG,3 ROOM,107B,CANBERRA ST,01 TO 03,67.0,Model A,2018,93 years 02 months,420000.0
2024-05-01,SEMBAWANG,3 ROOM,593B,MONTREAL LINK,10 TO 12,68.0,Model A,2015,90 years,452000.0
2024-05-01,SEMBAWANG,3 ROOM,590A,MONTREAL LINK,13 TO 15,68.0,Model A,2015,90 years,438888.0
2024-05-01,SEMBAWANG,3 ROOM,362C,SEMBAWANG CRES,13 TO 15,68.0,Model A,2019,94 years 01 month,450000.0
2024-05-01,SEMBAWANG,3 ROOM,366B,SEMBAWANG CRES,07 TO 09,68.0,Model A,2019,94 years,450000.0
2024-05-01,SEMBAWANG,3 ROOM,362C,SEMBAWANG CRES,07 TO 09,68.0,Model A,2019,94 years 01 month,470000.0
2024-05-01,SEMBAWANG,4 ROOM,467A,ADMIRALTY DR,04 TO 06,102.0,Premium Apartment,2001,76 years 03 months,530000.0
2024-05-01,SEMBAWANG,4 ROOM,491,ADMIRALTY LINK,10 TO 12,90.0,Model A,2004,79 years 03 months,510000.0
2024-05-01,SEMBAWANG,4 ROOM,493,ADMIRALTY LINK,19 TO 21,91.0,Model A,2004,79 years,525000.0
2024-05-01,SEMBAWANG,4 ROOM,116A,CANBERRA CRES,01 TO 03,92.0,Model A,2020,95 years 01 month,645000.0
2024-05-01,SEMBAWANG,4 ROOM,130A,CANBERRA CRES,04 TO 06,93.0,Model A,2018,93 years 06 months,660000.0
2024-05-01,SEMBAWANG,4 ROOM,116A,CANBERRA CRES,10 TO 12,92.0,Model A,2020,95 years 01 month,718888.0
2024-05-01,SEMBAWANG,4 ROOM,351C,CANBERRA RD,04 TO 06,93.0,Model A,2001,76 years 06 months,555000.0
2024-05-01,SEMBAWANG,4 ROOM,304,CANBERRA RD,04 TO 06,100.0,Model A,1998,73 years 08 months,530000.0
2024-05-01,SEMBAWANG,4 ROOM,104D,CANBERRA ST,04 TO 06,93.0,Model A,2018,93 years 03 months,591000.0
2024-05-01,SEMBAWANG,4 ROOM,107B,CANBERRA ST,04 TO 06,93.0,Model A,2018,93 years 03 months,560000.0
2024-05-01,SEMBAWANG,4 ROOM,121D,CANBERRA ST,01 TO 03,93.0,Model A,2018,92 years 08 months,540000.0
2024-05-01,SEMBAWANG,4 ROOM,108C,CANBERRA WALK,04 TO 06,93.0,Model A,2018,93 years,575588.0
2024-05-01,SEMBAWANG,4 ROOM,115C,CANBERRA WALK,10 TO 12,93.0,Model A,2018,93 years 03 months,668000.0
2024-05-01,SEMBAWANG,4 ROOM,115C,CANBERRA WALK,10 TO 12,93.0,Model A,2018,93 years 02 months,718000.0
2024-05-01,SEMBAWANG,4 ROOM,589B,MONTREAL DR,07 TO 09,86.0,Model A2,2002,77 years 08 months,505888.0
2024-05-01,SEMBAWANG,4 ROOM,593A,MONTREAL LINK,07 TO 09,93.0,Model A,2015,90 years,570000.0
2024-05-01,SEMBAWANG,4 ROOM,590C,MONTREAL LINK,13 TO 15,93.0,Model A,2015,90 years,575000.0
2024-05-01,SEMBAWANG,4 ROOM,590B,MONTREAL LINK,01 TO 03,93.0,Model A,2015,90 years,528888.0
2024-05-01,SEMBAWANG,4 ROOM,592C,MONTREAL LINK,04 TO 06,93.0,Model A,2015,90 years,520000.0
2024-05-01,SEMBAWANG,4 ROOM,334,SEMBAWANG CL,10 TO 12,100.0,Model A,1999,74 years 06 months,545000.0
2024-05-01,SEMBAWANG,4 ROOM,365B,SEMBAWANG CRES,13 TO 15,93.0,Model A,2019,94 years,610000.0
2024-05-01,SEMBAWANG,4 ROOM,363A,SEMBAWANG CRES,07 TO 09,93.0,Model A,2019,94 years 01 month,600000.0
2024-05-01,SEMBAWANG,4 ROOM,362A,SEMBAWANG CRES,10 TO 12,93.0,Model A,2019,94 years 01 month,595000.0
2024-05-01,SEMBAWANG,4 ROOM,366A,SEMBAWANG CRES,16 TO 18,93.0,Model A,2019,94 years,628888.0
2024-05-01,SEMBAWANG,4 ROOM,362B,SEMBAWANG CRES,10 TO 12,93.0,Model A,2019,94 years 01 month,618000.0
2024-05-01,SEMBAWANG,4 ROOM,362B,SEMBAWANG CRES,04 TO 06,93.0,Model A,2019,94 years 01 month,565000.0
2024-05-01,SEMBAWANG,4 ROOM,362A,SEMBAWANG CRES,13 TO 15,93.0,Model A,2019,94 years 01 month,615000.0
2024-05-01,SEMBAWANG,4 ROOM,362A,SEMBAWANG CRES,13 TO 15,93.0,Model A,2019,94 years 01 month,608000.0
2024-05-01,SEMBAWANG,4 ROOM,365B,SEMBAWANG CRES,07 TO 09,93.0,Model A,2019,94 years,585000.0
2024-05-01,SEMBAWANG,4 ROOM,362C,SEMBAWANG CRES,07 TO 09,93.0,Model A,2019,94 years 01 month,630000.0
2024-05-01,SEMBAWANG,4 ROOM,365B,SEMBAWANG CRES,07 TO 09,93.0,Model A,2019,93 years 11 months,620000.0
2024-05-01,SEMBAWANG,4 ROOM,466C,SEMBAWANG DR,16 TO 18,93.0,Premium Apartment,2006,80 years 10 months,550000.0
2024-05-01,SEMBAWANG,4 ROOM,466C,SEMBAWANG DR,07 TO 09,90.0,Premium Apartment,2006,80 years 10 months,496000.0
2024-05-01,SEMBAWANG,4 ROOM,510A,WELLINGTON CIRCLE,04 TO 06,90.0,Model A,2004,79 years 04 months,485000.0
2024-05-01,SEMBAWANG,4 ROOM,501C,WELLINGTON CIRCLE,01 TO 03,91.0,Model A,2001,76 years 04 months,500000.0
2024-05-01,SEMBAWANG,4 ROOM,510B,WELLINGTON CIRCLE,13 TO 15,90.0,Model A,2004,79 years 05 months,512000.0
2024-05-01,SEMBAWANG,5 ROOM,468A,ADMIRALTY DR,01 TO 03,118.0,Premium Apartment,2001,76 years 01 month,590000.0
2024-05-01,SEMBAWANG,5 ROOM,357A,ADMIRALTY DR,10 TO 12,111.0,Premium Apartment,2001,76 years 02 months,605000.0
2024-05-01,SEMBAWANG,5 ROOM,360B,ADMIRALTY DR,13 TO 15,110.0,Premium Apartment,2001,76 years 05 months,617000.0
2024-05-01,SEMBAWANG,5 ROOM,401,ADMIRALTY LINK,13 TO 15,110.0,Improved,2001,76 years,540000.0
2024-05-01,SEMBAWANG,5 ROOM,493,ADMIRALTY LINK,01 TO 03,112.0,Improved,2004,78 years 11 months,525000.0
2024-05-01,SEMBAWANG,5 ROOM,119B,CANBERRA CRES,07 TO 09,113.0,Improved,2018,92 years 10 months,782888.0
2024-05-01,SEMBAWANG,5 ROOM,120A,CANBERRA CRES,07 TO 09,113.0,Improved,2018,92 years 10 months,785000.0
2024-05-01,SEMBAWANG,5 ROOM,119A,CANBERRA CRES,04 TO 06,113.0,Improved,2018,92 years 10 months,705000.0
2024-05-01,SEMBAWANG,5 ROOM,351B,CANBERRA RD,04 TO 06,110.0,Improved,2001,76 years 06 months,632888.0
2024-05-01,SEMBAWANG,5 ROOM,121B,CANBERRA ST,04 TO 06,113.0,Improved,2018,92 years 09 months,718000.0
2024-05-01,SEMBAWANG,5 ROOM,128C,CANBERRA ST,04 TO 06,113.0,Improved,2018,93 years 06 months,725000.0
2024-05-01,SEMBAWANG,5 ROOM,121C,CANBERRA ST,04 TO 06,113.0,Improved,2018,92 years 09 months,740000.0
2024-05-01,SEMBAWANG,5 ROOM,121C,CANBERRA ST,04 TO 06,113.0,Improved,2018,92 years 09 months,682000.0
2024-05-01,SEMBAWANG,5 ROOM,128C,CANBERRA ST,13 TO 15,113.0,Improved,2018,93 years 06 months,778000.0
2024-05-01,SEMBAWANG,5 ROOM,108A,CANBERRA WALK,07 TO 09,113.0,Improved,2018,93 years 01 month,750000.0
2024-05-01,SEMBAWANG,5 ROOM,108A,CANBERRA WALK,01 TO 03,113.0,Improved,2018,93 years 01 month,686000.0
2024-05-01,SEMBAWANG,5 ROOM,589C,MONTREAL DR,04 TO 06,110.0,Improved,2002,77 years 08 months,608000.0
2024-05-01,SEMBAWANG,5 ROOM,330,SEMBAWANG CL,10 TO 12,115.0,Improved,1999,74 years 03 months,660000.0
2024-05-01,SEMBAWANG,5 ROOM,321,SEMBAWANG CL,04 TO 06,122.0,Improved,1999,74 years 01 month,570000.0
2024-05-01,SEMBAWANG,5 ROOM,329,SEMBAWANG CL,07 TO 09,120.0,Improved,1999,74 years 03 months,650000.0
2024-05-01,SEMBAWANG,5 ROOM,329,SEMBAWANG CL,10 TO 12,115.0,Improved,1999,74 years 03 months,618888.0
2024-05-01,SEMBAWANG,5 ROOM,335,SEMBAWANG CL,07 TO 09,116.0,Improved,1999,74 years 06 months,605000.0
2024-05-01,SEMBAWANG,5 ROOM,412,SEMBAWANG DR,13 TO 15,110.0,Improved,2001,76 years,582000.0
2024-05-01,SEMBAWANG,5 ROOM,473,SEMBAWANG DR,10 TO 12,110.0,Improved,2000,75 years 07 months,578000.0
2024-05-01,SEMBAWANG,5 ROOM,476,SEMBAWANG DR,07 TO 09,110.0,Improved,2000,75 years 05 months,570000.0
2024-05-01,SEMBAWANG,5 ROOM,466C,SEMBAWANG DR,04 TO 06,110.0,Premium Apartment,2006,80 years 09 months,540000.0
2024-05-01,SEMBAWANG,5 ROOM,507A,WELLINGTON CIRCLE,04 TO 06,110.0,Improved,2001,76 years 08 months,575000.0
2024-05-01,SEMBAWANG,5 ROOM,510B,WELLINGTON CIRCLE,04 TO 06,110.0,Improved,2004,79 years 06 months,555000.0
2024-05-01,SEMBAWANG,5 ROOM,510B,WELLINGTON CIRCLE,10 TO 12,110.0,Improved,2004,79 years 06 months,578000.0
2024-05-01,SEMBAWANG,EXECUTIVE,469B,ADMIRALTY DR,13 TO 15,137.0,Premium Apartment,2001,76 years 04 months,670000.0
2024-05-01,SEMBAWANG,EXECUTIVE,423,CANBERRA RD,07 TO 09,130.0,Apartment,2001,75 years 11 months,715000.0
2024-05-01,SEMBAWANG,EXECUTIVE,338,SEMBAWANG CRES,07 TO 09,135.0,Apartment,1999,74 years 03 months,700000.0
2024-05-01,SEMBAWANG,EXECUTIVE,408,SEMBAWANG DR,01 TO 03,130.0,Apartment,2001,75 years 10 months,670000.0
2024-05-01,SEMBAWANG,EXECUTIVE,408,SEMBAWANG DR,04 TO 06,130.0,Apartment,2001,75 years 10 months,700000.0
2024-05-01,SEMBAWANG,EXECUTIVE,415,SEMBAWANG DR,07 TO 09,130.0,Apartment,2001,75 years 10 months,710000.0
2024-05-01,SEMBAWANG,EXECUTIVE,471,SEMBAWANG DR,07 TO 09,130.0,Apartment,2000,75 years 03 months,666000.0
2024-05-01,SENGKANG,2 ROOM,418A,FERNVALE LINK,04 TO 06,38.0,Model A,2018,93 years 04 months,320000.0
2024-05-01,SENGKANG,2 ROOM,180D,RIVERVALE CRES,04 TO 06,47.0,Model A,2015,89 years 11 months,340000.0
2024-05-01,SENGKANG,2 ROOM,180D,RIVERVALE CRES,07 TO 09,47.0,Model A,2015,89 years 10 months,350000.0
2024-05-01,SENGKANG,2 ROOM,448B,SENGKANG WEST WAY,01 TO 03,46.0,Model A,2014,89 years 03 months,318000.0
2024-05-01,SENGKANG,3 ROOM,467A,FERNVALE LINK,25 TO 27,68.0,Model A,2016,91 years 04 months,488888.0
2024-05-01,SENGKANG,3 ROOM,430C,FERNVALE LINK,04 TO 06,67.0,Model A,2015,90 years 01 month,440000.0
2024-05-01,SENGKANG,3 ROOM,445A,FERNVALE RD,10 TO 12,67.0,Model A,2012,87 years 07 months,488688.0
2024-05-01,SENGKANG,3 ROOM,441A,FERNVALE RD,01 TO 03,69.0,Model A,2012,86 years 10 months,470000.0
2024-05-01,SENGKANG,3 ROOM,445A,FERNVALE RD,13 TO 15,68.0,Model A,2012,87 years 07 months,505000.0
2024-05-01,SENGKANG,3 ROOM,163C,RIVERVALE CRES,16 TO 18,68.0,Model A,2017,92 years 01 month,485000.0
2024-05-01,SENGKANG,3 ROOM,180D,RIVERVALE CRES,07 TO 09,67.0,Model A,2015,89 years 11 months,450000.0
2024-05-01,SENGKANG,3 ROOM,180B,RIVERVALE CRES,07 TO 09,67.0,Model A,2015,89 years 11 months,462000.0
2024-05-01,SENGKANG,3 ROOM,180B,RIVERVALE CRES,01 TO 03,67.0,Model A,2015,89 years 11 months,445000.0
2024-05-01,SENGKANG,3 ROOM,279C,SENGKANG EAST AVE,10 TO 12,67.0,Premium Apartment,2015,90 years 04 months,540000.0
2024-05-01,SENGKANG,3 ROOM,439B,SENGKANG WEST AVE,04 TO 06,69.0,Model A,2011,85 years 10 months,480000.0
2024-05-01,SENGKANG,3 ROOM,439C,SENGKANG WEST AVE,07 TO 09,69.0,Model A,2011,85 years 10 months,515000.0
2024-05-01,SENGKANG,3 ROOM,450C,SENGKANG WEST WAY,04 TO 06,67.0,Model A,2014,89 years 04 months,455000.0
2024-05-01,SENGKANG,4 ROOM,338C,ANCHORVALE CRES,07 TO 09,93.0,Model A,2018,93 years 01 month,585000.0
2024-05-01,SENGKANG,4 ROOM,336A,ANCHORVALE CRES,13 TO 15,92.0,Premium Apartment,2015,90 years 08 months,650888.0
2024-05-01,SENGKANG,4 ROOM,321C,ANCHORVALE DR,13 TO 15,90.0,Model A,2002,77 years 05 months,560000.0
2024-05-01,SENGKANG,4 ROOM,322A,ANCHORVALE DR,04 TO 06,85.0,Model A2,2002,77 years,540000.0
2024-05-01,SENGKANG,4 ROOM,332A,ANCHORVALE LINK,01 TO 03,92.0,Model A,2015,90 years 02 months,550000.0
2024-05-01,SENGKANG,4 ROOM,303B,ANCHORVALE LINK,04 TO 06,85.0,Model A2,2001,76 years 04 months,510000.0
2024-05-01,SENGKANG,4 ROOM,306C,ANCHORVALE LINK,04 TO 06,90.0,Model A,2002,76 years 09 months,538000.0
2024-05-01,SENGKANG,4 ROOM,351A,ANCHORVALE RD,13 TO 15,92.0,Model A,2019,94 years 01 month,652000.0
2024-05-01,SENGKANG,4 ROOM,309A,ANCHORVALE RD,13 TO 15,90.0,Premium Apartment,2002,77 years 05 months,540000.0
2024-05-01,SENGKANG,4 ROOM,351A,ANCHORVALE RD,01 TO 03,92.0,Model A,2019,94 years 02 months,555000.0
2024-05-01,SENGKANG,4 ROOM,326A,ANCHORVALE RD,13 TO 15,92.0,Premium Apartment,2015,90 years,638000.0
2024-05-01,SENGKANG,4 ROOM,326D,ANCHORVALE RD,07 TO 09,92.0,Premium Apartment,2015,90 years,600000.0
2024-05-01,SENGKANG,4 ROOM,351D,ANCHORVALE RD,07 TO 09,92.0,Model A,2019,94 years 01 month,610000.0
2024-05-01,SENGKANG,4 ROOM,329A,ANCHORVALE ST,10 TO 12,93.0,Model A,2015,90 years 04 months,633888.0
2024-05-01,SENGKANG,4 ROOM,330B,ANCHORVALE ST,10 TO 12,93.0,Model A,2015,90 years 04 months,625000.0
2024-05-01,SENGKANG,4 ROOM,266C,COMPASSVALE BOW,10 TO 12,92.0,Premium Apartment,2007,82 years 04 months,680000.0
2024-05-01,SENGKANG,4 ROOM,265E,COMPASSVALE BOW,04 TO 06,92.0,Premium Apartment,2007,82 years 04 months,620000.0
2024-05-01,SENGKANG,4 ROOM,274B,COMPASSVALE BOW,01 TO 03,92.0,Model A,2017,92 years 08 months,645000.0
2024-05-01,SENGKANG,4 ROOM,264E,COMPASSVALE BOW,13 TO 15,92.0,Premium Apartment,2008,83 years 01 month,766000.0
2024-05-01,SENGKANG,4 ROOM,294A,COMPASSVALE CRES,04 TO 06,93.0,Model A,2016,91 years 07 months,630000.0
2024-05-01,SENGKANG,4 ROOM,287A,COMPASSVALE CRES,01 TO 03,93.0,Premium Apartment,2017,92 years 06 months,610000.0
2024-05-01,SENGKANG,4 ROOM,217C,COMPASSVALE DR,04 TO 06,93.0,Premium Apartment,2017,92 years 01 month,740000.0
2024-05-01,SENGKANG,4 ROOM,204C,COMPASSVALE DR,13 TO 15,90.0,Model A,2001,75 years 09 months,585000.0
2024-05-01,SENGKANG,4 ROOM,215B,COMPASSVALE DR,07 TO 09,92.0,Premium Apartment,2017,92 years 01 month,788000.0
2024-05-01,SENGKANG,4 ROOM,207D,COMPASSVALE LANE,10 TO 12,92.0,Model A,2005,80 years 02 months,556000.0
2024-05-01,SENGKANG,4 ROOM,211C,COMPASSVALE LANE,13 TO 15,97.0,Model A,2013,87 years 10 months,650000.0
2024-05-01,SENGKANG,4 ROOM,210B,COMPASSVALE LANE,07 TO 09,93.0,Model A,2013,87 years 10 months,646888.0
2024-05-01,SENGKANG,4 ROOM,211A,COMPASSVALE LANE,13 TO 15,95.0,Model A,2013,87 years 10 months,622000.0
2024-05-01,SENGKANG,4 ROOM,277A,COMPASSVALE LINK,01 TO 03,90.0,Premium Apartment,2009,84 years 02 months,650000.0
2024-05-01,SENGKANG,4 ROOM,267B,COMPASSVALE LINK,13 TO 15,90.0,Premium Apartment,2006,80 years 10 months,640000.0
2024-05-01,SENGKANG,4 ROOM,265A,COMPASSVALE LINK,16 TO 18,92.0,Premium Apartment,2008,83 years 01 month,710000.0
2024-05-01,SENGKANG,4 ROOM,268C,COMPASSVALE LINK,13 TO 15,90.0,Premium Apartment,2006,80 years 10 months,630000.0
2024-05-01,SENGKANG,4 ROOM,268D,COMPASSVALE LINK,07 TO 09,90.0,Premium Apartment,2006,80 years 10 months,640000.0
2024-05-01,SENGKANG,4 ROOM,277C,COMPASSVALE LINK,07 TO 09,90.0,Premium Apartment,2009,84 years 02 months,815000.0
2024-05-01,SENGKANG,4 ROOM,265C,COMPASSVALE LINK,16 TO 18,92.0,Premium Apartment,2008,83 years 01 month,701000.0
2024-05-01,SENGKANG,4 ROOM,269C,COMPASSVALE LINK,01 TO 03,90.0,Premium Apartment,2006,80 years 10 months,580000.0
2024-05-01,SENGKANG,4 ROOM,265B,COMPASSVALE LINK,07 TO 09,92.0,Premium Apartment,2008,83 years 01 month,682500.0
2024-05-01,SENGKANG,4 ROOM,203A,COMPASSVALE RD,07 TO 09,90.0,Model A,2000,75 years 08 months,538000.0
2024-05-01,SENGKANG,4 ROOM,291A,COMPASSVALE ST,10 TO 12,90.0,Model A,2001,76 years 02 months,526000.0
2024-05-01,SENGKANG,4 ROOM,299A,COMPASSVALE ST,10 TO 12,94.0,Premium Apartment,2001,76 years 04 months,530000.0
2024-05-01,SENGKANG,4 ROOM,298C,COMPASSVALE ST,04 TO 06,94.0,Premium Apartment,2001,76 years 03 months,510108.0
2024-05-01,SENGKANG,4 ROOM,241,COMPASSVALE WALK,07 TO 09,101.0,Model A,1999,74 years 06 months,585000.0
2024-05-01,SENGKANG,4 ROOM,224A,COMPASSVALE WALK,07 TO 09,102.0,Model A,1999,73 years 10 months,555000.0
2024-05-01,SENGKANG,4 ROOM,405C,FERNVALE LANE,01 TO 03,93.0,Premium Apartment,2004,78 years 11 months,505000.0
2024-05-01,SENGKANG,4 ROOM,405A,FERNVALE LANE,13 TO 15,93.0,Premium Apartment,2004,78 years 10 months,550000.0
2024-05-01,SENGKANG,4 ROOM,467B,FERNVALE LINK,13 TO 15,93.0,Model A,2016,91 years 04 months,600000.0
2024-05-01,SENGKANG,4 ROOM,418B,FERNVALE LINK,04 TO 06,94.0,Model A,2018,93 years 03 months,630000.0
2024-05-01,SENGKANG,4 ROOM,468A,FERNVALE LINK,04 TO 06,93.0,Model A,2016,91 years 04 months,526000.0
2024-05-01,SENGKANG,4 ROOM,467A,FERNVALE LINK,07 TO 09,93.0,Model A,2016,91 years 04 months,580000.0
2024-05-01,SENGKANG,4 ROOM,467B,FERNVALE LINK,19 TO 21,93.0,Model A,2016,91 years 04 months,640000.0
2024-05-01,SENGKANG,4 ROOM,468A,FERNVALE LINK,04 TO 06,93.0,Model A,2016,91 years 04 months,545000.0
2024-05-01,SENGKANG,4 ROOM,440B,FERNVALE LINK,22 TO 24,92.0,Model A,2015,90 years 03 months,608000.0
2024-05-01,SENGKANG,4 ROOM,440A,FERNVALE LINK,22 TO 24,92.0,Model A,2015,90 years 03 months,639888.0
2024-05-01,SENGKANG,4 ROOM,468C,FERNVALE LINK,19 TO 21,93.0,Model A,2016,91 years 04 months,615168.0
2024-05-01,SENGKANG,4 ROOM,453B,FERNVALE RD,01 TO 03,92.0,Model A,2015,90 years 03 months,530000.0
2024-05-01,SENGKANG,4 ROOM,410A,FERNVALE RD,07 TO 09,95.0,Premium Apartment,2012,87 years 07 months,580000.0
2024-05-01,SENGKANG,4 ROOM,409A,FERNVALE RD,13 TO 15,95.0,Premium Apartment,2004,79 years 08 months,608000.0
2024-05-01,SENGKANG,4 ROOM,435A,FERNVALE RD,13 TO 15,94.0,Premium Apartment,2013,88 years 03 months,594000.0
2024-05-01,SENGKANG,4 ROOM,407B,FERNVALE RD,01 TO 03,90.0,Premium Apartment,2005,79 years 10 months,508000.0
2024-05-01,SENGKANG,4 ROOM,434A,FERNVALE RD,07 TO 09,94.0,Premium Apartment,2013,88 years 02 months,618000.0
2024-05-01,SENGKANG,4 ROOM,436D,FERNVALE RD,13 TO 15,96.0,Model A,2010,84 years 11 months,636000.0
2024-05-01,SENGKANG,4 ROOM,435B,FERNVALE RD,19 TO 21,94.0,Premium Apartment,2013,88 years 02 months,610000.0
2024-05-01,SENGKANG,4 ROOM,435B,FERNVALE RD,10 TO 12,94.0,Premium Apartment,2013,88 years 02 months,600000.0
2024-05-01,SENGKANG,4 ROOM,411B,FERNVALE RD,10 TO 12,95.0,Premium Apartment,2012,87 years 07 months,638888.0
2024-05-01,SENGKANG,4 ROOM,435B,FERNVALE RD,10 TO 12,94.0,Premium Apartment,2013,88 years 02 months,635000.0
2024-05-01,SENGKANG,4 ROOM,471A,FERNVALE ST,19 TO 21,93.0,Model A,2016,91 years 05 months,640000.0
2024-05-01,SENGKANG,4 ROOM,471B,FERNVALE ST,13 TO 15,93.0,Model A,2016,91 years 05 months,610000.0
2024-05-01,SENGKANG,4 ROOM,471C,FERNVALE ST,13 TO 15,93.0,Model A,2016,91 years 05 months,655000.0
2024-05-01,SENGKANG,4 ROOM,158A,RIVERVALE CRES,04 TO 06,91.0,Premium Apartment,2003,78 years 07 months,519000.0
2024-05-01,SENGKANG,4 ROOM,158B,RIVERVALE CRES,16 TO 18,94.0,Premium Apartment,2003,78 years 07 months,542000.0
2024-05-01,SENGKANG,4 ROOM,163B,RIVERVALE CRES,07 TO 09,93.0,Model A,2017,92 years 01 month,593000.0
2024-05-01,SENGKANG,4 ROOM,159A,RIVERVALE CRES,04 TO 06,91.0,Premium Apartment,2003,78 years 06 months,525000.0
2024-05-01,SENGKANG,4 ROOM,154,RIVERVALE CRES,16 TO 18,90.0,Model A,2005,80 years 08 months,565000.0
2024-05-01,SENGKANG,4 ROOM,163C,RIVERVALE CRES,13 TO 15,93.0,Model A,2017,92 years 01 month,595000.0
2024-05-01,SENGKANG,4 ROOM,185B,RIVERVALE CRES,13 TO 15,85.0,Model A2,2000,75 years 08 months,510000.0
2024-05-01,SENGKANG,4 ROOM,178B,RIVERVALE CRES,16 TO 18,93.0,Model A,2015,89 years 11 months,580000.0
2024-05-01,SENGKANG,4 ROOM,162B,RIVERVALE CRES,13 TO 15,93.0,Model A,2017,92 years,605000.0
2024-05-01,SENGKANG,4 ROOM,185C,RIVERVALE CRES,13 TO 15,88.0,Model A2,2000,75 years 08 months,545000.0
2024-05-01,SENGKANG,4 ROOM,116C,RIVERVALE DR,04 TO 06,95.0,Model A,2000,75 years 03 months,530000.0
2024-05-01,SENGKANG,4 ROOM,124C,RIVERVALE DR,13 TO 15,94.0,Model A2,1999,74 years 03 months,540000.0
2024-05-01,SENGKANG,4 ROOM,125,RIVERVALE ST,16 TO 18,101.0,Model A,1999,74 years,550000.0
2024-05-01,SENGKANG,4 ROOM,131,RIVERVALE ST,16 TO 18,92.0,Model A2,1999,74 years,510888.0
2024-05-01,SENGKANG,4 ROOM,271B,SENGKANG CTRL,10 TO 12,93.0,Premium Apartment,2010,85 years 01 month,753000.0
2024-05-01,SENGKANG,4 ROOM,281B,SENGKANG EAST AVE,13 TO 15,92.0,Premium Apartment,2015,90 years 04 months,789000.0
2024-05-01,SENGKANG,4 ROOM,282A,SENGKANG EAST AVE,04 TO 06,92.0,Premium Apartment,2015,90 years 04 months,710000.0
2024-05-01,SENGKANG,4 ROOM,282A,SENGKANG EAST AVE,10 TO 12,92.0,Premium Apartment,2015,90 years 04 months,780000.0
2024-05-01,SENGKANG,4 ROOM,324D,SENGKANG EAST WAY,07 TO 09,90.0,Model A,2003,77 years 11 months,575000.0
2024-05-01,SENGKANG,4 ROOM,260A,SENGKANG EAST WAY,01 TO 03,90.0,Model A,2001,75 years 08 months,551000.0
2024-05-01,SENGKANG,4 ROOM,439C,SENGKANG WEST AVE,16 TO 18,94.0,Model A,2011,85 years 10 months,628000.0
2024-05-01,SENGKANG,4 ROOM,432A,SENGKANG WEST WAY,22 TO 24,93.0,Model A,2014,89 years 06 months,600000.0
2024-05-01,SENGKANG,5 ROOM,336C,ANCHORVALE CRES,13 TO 15,112.0,Premium Apartment,2015,90 years 08 months,808888.0
2024-05-01,SENGKANG,5 ROOM,336C,ANCHORVALE CRES,04 TO 06,115.0,Premium Apartment,2015,90 years 07 months,770888.0
2024-05-01,SENGKANG,5 ROOM,321C,ANCHORVALE DR,01 TO 03,110.0,Improved,2002,77 years 05 months,580000.0
2024-05-01,SENGKANG,5 ROOM,320D,ANCHORVALE DR,07 TO 09,110.0,Improved,2002,77 years 05 months,678000.0
2024-05-01,SENGKANG,5 ROOM,319A,ANCHORVALE DR,13 TO 15,110.0,Improved,2002,77 years 05 months,718000.0
2024-05-01,SENGKANG,5 ROOM,311B,ANCHORVALE LANE,10 TO 12,111.0,Premium Apartment,2002,77 years 05 months,590000.0
2024-05-01,SENGKANG,5 ROOM,305B,ANCHORVALE LINK,07 TO 09,110.0,Improved,2001,76 years 08 months,590000.0
2024-05-01,SENGKANG,5 ROOM,302A,ANCHORVALE LINK,13 TO 15,110.0,Improved,2001,76 years 03 months,650000.0
2024-05-01,SENGKANG,5 ROOM,306A,ANCHORVALE LINK,10 TO 12,110.0,Improved,2002,77 years,635000.0
2024-05-01,SENGKANG,5 ROOM,333A,ANCHORVALE LINK,01 TO 03,112.0,Improved,2015,90 years 02 months,735000.0
2024-05-01,SENGKANG,5 ROOM,317B,ANCHORVALE RD,10 TO 12,110.0,Premium Apartment,2003,78 years 02 months,625000.0
2024-05-01,SENGKANG,5 ROOM,313A,ANCHORVALE RD,07 TO 09,110.0,Premium Apartment,2003,78 years 04 months,618000.0
2024-05-01,SENGKANG,5 ROOM,326C,ANCHORVALE RD,13 TO 15,112.0,Premium Apartment,2015,89 years 11 months,841888.0
2024-05-01,SENGKANG,5 ROOM,278A,COMPASSVALE BOW,13 TO 15,112.0,Improved,2017,92 years 06 months,900000.0
2024-05-01,SENGKANG,5 ROOM,286B,COMPASSVALE CRES,10 TO 12,113.0,Premium Apartment,2017,92 years 07 months,790000.0
2024-05-01,SENGKANG,5 ROOM,288B,COMPASSVALE CRES,13 TO 15,116.0,Premium Apartment,2017,92 years 07 months,808000.0
2024-05-01,SENGKANG,5 ROOM,295C,COMPASSVALE CRES,07 TO 09,110.0,Improved,2002,76 years 11 months,600000.0
2024-05-01,SENGKANG,5 ROOM,216A,COMPASSVALE DR,01 TO 03,112.0,Premium Apartment,2017,92 years 01 month,840000.0
2024-05-01,SENGKANG,5 ROOM,258C,COMPASSVALE RD,04 TO 06,110.0,Improved,2001,75 years 09 months,645000.0
2024-05-01,SENGKANG,5 ROOM,256,COMPASSVALE RD,01 TO 03,115.0,Improved,2000,75 years 04 months,540000.0
2024-05-01,SENGKANG,5 ROOM,258C,COMPASSVALE RD,10 TO 12,110.0,Improved,2001,75 years 09 months,675000.0
2024-05-01,SENGKANG,5 ROOM,246,COMPASSVALE RD,10 TO 12,116.0,Improved,2000,75 years 01 month,642800.0
2024-05-01,SENGKANG,5 ROOM,292A,COMPASSVALE ST,01 TO 03,110.0,Improved,2002,76 years 09 months,580000.0
2024-05-01,SENGKANG,5 ROOM,298A,COMPASSVALE ST,10 TO 12,114.0,Premium Apartment,2001,76 years 04 months,638000.0
2024-05-01,SENGKANG,5 ROOM,299C,COMPASSVALE ST,07 TO 09,114.0,Premium Apartment,2001,76 years 04 months,610000.0
2024-05-01,SENGKANG,5 ROOM,298A,COMPASSVALE ST,10 TO 12,113.0,Premium Apartment,2001,76 years 04 months,620000.0
2024-05-01,SENGKANG,5 ROOM,299A,COMPASSVALE ST,04 TO 06,114.0,Premium Apartment,2001,76 years 04 months,567000.0
2024-05-01,SENGKANG,5 ROOM,291D,COMPASSVALE ST,07 TO 09,110.0,Improved,2001,76 years 04 months,616000.0
2024-05-01,SENGKANG,5 ROOM,223C,COMPASSVALE WALK,07 TO 09,122.0,Improved,1999,73 years 11 months,720000.0
2024-05-01,SENGKANG,5 ROOM,430D,FERNVALE LINK,19 TO 21,112.0,Improved,2015,90 years 01 month,770000.0
2024-05-01,SENGKANG,5 ROOM,468C,FERNVALE LINK,13 TO 15,113.0,Improved,2016,91 years 04 months,708000.0
2024-05-01,SENGKANG,5 ROOM,415A,FERNVALE LINK,01 TO 03,113.0,Improved,2016,90 years 10 months,700000.0
2024-05-01,SENGKANG,5 ROOM,440B,FERNVALE LINK,04 TO 06,113.0,Improved,2015,90 years 03 months,685000.0
2024-05-01,SENGKANG,5 ROOM,430D,FERNVALE LINK,19 TO 21,112.0,Improved,2015,90 years 01 month,770000.0
2024-05-01,SENGKANG,5 ROOM,468B,FERNVALE LINK,10 TO 12,113.0,Improved,2016,91 years 04 months,738000.0
2024-05-01,SENGKANG,5 ROOM,406C,FERNVALE RD,07 TO 09,110.0,Premium Apartment,2004,79 years 08 months,620000.0
2024-05-01,SENGKANG,5 ROOM,434B,FERNVALE RD,16 TO 18,113.0,Premium Apartment,2013,88 years 01 month,822000.0
2024-05-01,SENGKANG,5 ROOM,471A,FERNVALE ST,19 TO 21,113.0,Improved,2016,91 years 05 months,760000.0
2024-05-01,SENGKANG,5 ROOM,158C,RIVERVALE CRES,16 TO 18,112.0,Premium Apartment,2003,78 years 04 months,628000.0
2024-05-01,SENGKANG,5 ROOM,185A,RIVERVALE CRES,13 TO 15,110.0,Improved,2000,75 years 08 months,568000.0
2024-05-01,SENGKANG,5 ROOM,158A,RIVERVALE CRES,10 TO 12,110.0,Premium Apartment,2003,78 years 07 months,600000.0
2024-05-01,SENGKANG,5 ROOM,162B,RIVERVALE CRES,13 TO 15,113.0,Improved,2017,92 years 01 month,708000.0
2024-05-01,SENGKANG,5 ROOM,164C,RIVERVALE CRES,07 TO 09,113.0,Improved,2017,92 years 01 month,715000.0
2024-05-01,SENGKANG,5 ROOM,158B,RIVERVALE CRES,07 TO 09,109.0,Premium Apartment,2003,78 years 07 months,615000.0
2024-05-01,SENGKANG,5 ROOM,158B,RIVERVALE CRES,07 TO 09,110.0,Premium Apartment,2003,78 years 07 months,652000.0
2024-05-01,SENGKANG,5 ROOM,162A,RIVERVALE CRES,13 TO 15,113.0,Improved,2017,92 years 01 month,716888.0
2024-05-01,SENGKANG,5 ROOM,155,RIVERVALE CRES,10 TO 12,110.0,Improved,2005,80 years 07 months,605000.0
2024-05-01,SENGKANG,5 ROOM,145,RIVERVALE DR,01 TO 03,116.0,Improved,1999,74 years 09 months,588888.0
2024-05-01,SENGKANG,5 ROOM,186C,RIVERVALE DR,13 TO 15,110.0,Improved,2001,75 years 09 months,650000.0
2024-05-01,SENGKANG,5 ROOM,121,RIVERVALE DR,04 TO 06,110.0,Improved,2000,75 years 04 months,575000.0
2024-05-01,SENGKANG,5 ROOM,121A,RIVERVALE DR,01 TO 03,109.0,Improved,2000,75 years 02 months,545000.0
2024-05-01,SENGKANG,5 ROOM,116C,RIVERVALE DR,04 TO 06,115.0,Improved,2000,75 years 02 months,582000.0
2024-05-01,SENGKANG,5 ROOM,110,RIVERVALE WALK,01 TO 03,120.0,Improved,1999,73 years 10 months,575000.0
2024-05-01,SENGKANG,5 ROOM,282B,SENGKANG EAST AVE,10 TO 12,112.0,Premium Apartment,2015,90 years 04 months,938000.0
2024-05-01,SENGKANG,5 ROOM,280A,SENGKANG EAST AVE,01 TO 03,112.0,Premium Apartment,2015,90 years 04 months,838000.0
2024-05-01,SENGKANG,5 ROOM,200B,SENGKANG EAST RD,10 TO 12,110.0,Improved,2001,76 years 01 month,635888.0
2024-05-01,SENGKANG,5 ROOM,324B,SENGKANG EAST WAY,13 TO 15,110.0,Improved,2003,78 years,693000.0
2024-05-01,SENGKANG,5 ROOM,325C,SENGKANG EAST WAY,10 TO 12,110.0,Improved,2003,77 years 10 months,690000.0
2024-05-01,SENGKANG,EXECUTIVE,320C,ANCHORVALE DR,04 TO 06,125.0,Apartment,2002,76 years 11 months,735000.0
2024-05-01,SENGKANG,EXECUTIVE,302D,ANCHORVALE LINK,04 TO 06,130.0,Apartment,2001,76 years 07 months,750000.0
2024-05-01,SENGKANG,EXECUTIVE,316A,ANCHORVALE LINK,10 TO 12,125.0,Premium Apartment,2003,78 years 01 month,730000.0
2024-05-01,SENGKANG,EXECUTIVE,307B,ANCHORVALE RD,10 TO 12,128.0,Apartment,2001,76 years 06 months,750000.0
2024-05-01,SENGKANG,EXECUTIVE,202A,COMPASSVALE DR,01 TO 03,130.0,Apartment,2001,76 years 02 months,705000.0
2024-05-01,SENGKANG,EXECUTIVE,250B,COMPASSVALE ST,01 TO 03,130.0,Apartment,2000,75 years 03 months,690000.0
2024-05-01,SENGKANG,EXECUTIVE,189A,RIVERVALE DR,13 TO 15,131.0,Apartment,2000,75 years 04 months,720000.0
2024-05-01,SENGKANG,EXECUTIVE,135,RIVERVALE ST,07 TO 09,141.0,Apartment,1998,73 years 07 months,800000.0
2024-05-01,SENGKANG,EXECUTIVE,202B,SENGKANG EAST RD,10 TO 12,130.0,Apartment,2001,76 years 01 month,790000.0
2024-05-01,SENGKANG,EXECUTIVE,324C,SENGKANG EAST WAY,10 TO 12,127.0,Apartment,2002,77 years 02 months,798000.0
2024-05-01,SENGKANG,EXECUTIVE,122C,SENGKANG EAST WAY,04 TO 06,131.0,Apartment,2000,75 years 01 month,735000.0
2024-05-01,SERANGOON,2 ROOM,8,LOR LEW LIAN,10 TO 12,44.0,Improved,1978,53 years 01 month,286000.0
2024-05-01,SERANGOON,3 ROOM,1,LOR LEW LIAN,13 TO 15,64.0,Improved,1978,53 years 01 month,400000.0
2024-05-01,SERANGOON,3 ROOM,3,LOR LEW LIAN,04 TO 06,64.0,Improved,1978,53 years 01 month,398000.0
2024-05-01,SERANGOON,3 ROOM,301,SERANGOON AVE 2,01 TO 03,82.0,New Generation,1985,59 years 09 months,516000.0
2024-05-01,SERANGOON,3 ROOM,303,SERANGOON AVE 2,01 TO 03,69.0,Improved,1984,59 years 08 months,410000.0
2024-05-01,SERANGOON,3 ROOM,241,SERANGOON AVE 3,04 TO 06,64.0,Simplified,1985,60 years 08 months,445000.0
2024-05-01,SERANGOON,3 ROOM,230,SERANGOON AVE 4,07 TO 09,67.0,New Generation,1985,59 years 10 months,458888.0
2024-05-01,SERANGOON,3 ROOM,222,SERANGOON AVE 4,07 TO 09,67.0,New Generation,1985,60 years 05 months,420000.0
2024-05-01,SERANGOON,3 ROOM,209,SERANGOON CTRL,04 TO 06,64.0,Simplified,1985,60 years 06 months,480000.0
2024-05-01,SERANGOON,3 ROOM,261,SERANGOON CTRL DR,04 TO 06,65.0,Simplified,1988,63 years 04 months,465000.0
2024-05-01,SERANGOON,3 ROOM,113,SERANGOON NTH AVE 1,04 TO 06,67.0,New Generation,1985,59 years 11 months,380000.0
2024-05-01,SERANGOON,3 ROOM,115,SERANGOON NTH AVE 1,01 TO 03,67.0,New Generation,1985,59 years 11 months,418000.0
2024-05-01,SERANGOON,3 ROOM,152,SERANGOON NTH AVE 1,01 TO 03,64.0,Simplified,1986,61 years 08 months,400000.0
2024-05-01,SERANGOON,3 ROOM,107,SERANGOON NTH AVE 1,10 TO 12,60.0,Improved,1984,59 years 05 months,390000.0
2024-05-01,SERANGOON,3 ROOM,152,SERANGOON NTH AVE 1,04 TO 06,64.0,Simplified,1986,61 years 07 months,360000.0
2024-05-01,SERANGOON,4 ROOM,402,SERANGOON AVE 1,01 TO 03,105.0,Model A,1989,63 years 10 months,775888.0
2024-05-01,SERANGOON,4 ROOM,405,SERANGOON AVE 1,04 TO 06,94.0,New Generation,1989,63 years 10 months,718000.0
2024-05-01,SERANGOON,4 ROOM,309,SERANGOON AVE 2,04 TO 06,93.0,New Generation,1985,60 years,618000.0
2024-05-01,SERANGOON,4 ROOM,238,SERANGOON AVE 2,01 TO 03,84.0,Simplified,1985,60 years 01 month,600000.0
2024-05-01,SERANGOON,4 ROOM,242,SERANGOON AVE 3,07 TO 09,103.0,Model A,1986,61 years 01 month,768888.0
2024-05-01,SERANGOON,4 ROOM,329,SERANGOON AVE 3,10 TO 12,84.0,Simplified,1986,61 years 03 months,642500.0
2024-05-01,SERANGOON,4 ROOM,234,SERANGOON AVE 3,04 TO 06,84.0,Simplified,1985,60 years 02 months,550000.0
2024-05-01,SERANGOON,4 ROOM,233,SERANGOON AVE 3,07 TO 09,84.0,Simplified,1985,60 years 02 months,590000.0
2024-05-01,SERANGOON,4 ROOM,228,SERANGOON AVE 4,10 TO 12,91.0,New Generation,1984,59 years 03 months,570000.0
2024-05-01,SERANGOON,4 ROOM,222,SERANGOON AVE 4,04 TO 06,99.0,New Generation,1985,60 years 05 months,637000.0
2024-05-01,SERANGOON,4 ROOM,409,SERANGOON CTRL,07 TO 09,103.0,Model A,1989,63 years 09 months,835000.0
2024-05-01,SERANGOON,4 ROOM,111,SERANGOON NTH AVE 1,07 TO 09,91.0,New Generation,1985,60 years 04 months,535000.0
2024-05-01,SERANGOON,5 ROOM,212,SERANGOON AVE 4,10 TO 12,121.0,Improved,1985,60 years 03 months,750000.0
2024-05-01,SERANGOON,5 ROOM,216,SERANGOON AVE 4,07 TO 09,121.0,Improved,1985,60 years 02 months,750000.0
2024-05-01,SERANGOON,5 ROOM,212,SERANGOON AVE 4,10 TO 12,121.0,Improved,1985,60 years 03 months,810000.0
2024-05-01,SERANGOON,5 ROOM,116,SERANGOON NTH AVE 1,13 TO 15,121.0,Improved,1986,60 years 09 months,685888.0
2024-05-01,SERANGOON,5 ROOM,141,SERANGOON NTH AVE 2,04 TO 06,122.0,Improved,1989,64 years 01 month,766000.0
2024-05-01,SERANGOON,5 ROOM,541,SERANGOON NTH AVE 4,10 TO 12,122.0,Improved,1992,67 years 06 months,760000.0
2024-05-01,SERANGOON,EXECUTIVE,321,SERANGOON AVE 2,04 TO 06,146.0,Maisonette,1986,60 years 09 months,1180000.0
2024-05-01,SERANGOON,EXECUTIVE,321,SERANGOON AVE 2,04 TO 06,146.0,Maisonette,1986,60 years 09 months,1200000.0
2024-05-01,SERANGOON,EXECUTIVE,138,SERANGOON NTH AVE 2,01 TO 03,145.0,Maisonette,1989,63 years 10 months,808000.0
2024-05-01,SERANGOON,EXECUTIVE,535,SERANGOON NTH AVE 4,07 TO 09,149.0,Apartment,1992,67 years 07 months,950888.0
2024-05-01,SERANGOON,EXECUTIVE,535,SERANGOON NTH AVE 4,04 TO 06,147.0,Maisonette,1992,67 years 07 months,980000.0
2024-05-01,SERANGOON,EXECUTIVE,506A,SERANGOON NTH AVE 4,01 TO 03,146.0,Apartment,1992,67 years 07 months,840000.0
2024-05-01,TAMPINES,2 ROOM,299A,TAMPINES ST 22,07 TO 09,45.0,Model A,2012,86 years 10 months,355000.0
2024-05-01,TAMPINES,3 ROOM,132,SIMEI ST 1,01 TO 03,64.0,Simplified,1988,63 years 01 month,415000.0
2024-05-01,TAMPINES,3 ROOM,909,TAMPINES AVE 4,07 TO 09,73.0,Model A,1984,59 years,450000.0
2024-05-01,TAMPINES,3 ROOM,808,TAMPINES AVE 4,04 TO 06,73.0,Model A,1984,59 years,440888.0
2024-05-01,TAMPINES,3 ROOM,807,TAMPINES AVE 4,04 TO 06,73.0,Model A,1984,59 years,460000.0
2024-05-01,TAMPINES,3 ROOM,807,TAMPINES AVE 4,10 TO 12,73.0,Model A,1984,58 years 11 months,480000.0
2024-05-01,TAMPINES,3 ROOM,868A,TAMPINES AVE 8,10 TO 12,67.0,Model A,2015,90 years 02 months,520528.0
2024-05-01,TAMPINES,3 ROOM,869B,TAMPINES AVE 8,07 TO 09,67.0,Model A,2015,90 years 02 months,525000.0
2024-05-01,TAMPINES,3 ROOM,878B,TAMPINES AVE 8,04 TO 06,68.0,Model A,2017,92 years 01 month,523000.0
2024-05-01,TAMPINES,3 ROOM,601B,TAMPINES AVE 9,13 TO 15,68.0,Model A,2020,94 years 10 months,588000.0
2024-05-01,TAMPINES,3 ROOM,604A,TAMPINES AVE 9,01 TO 03,68.0,Model A,2020,94 years 10 months,535000.0
2024-05-01,TAMPINES,3 ROOM,604A,TAMPINES AVE 9,04 TO 06,68.0,Model A,2020,94 years 10 months,539864.0
2024-05-01,TAMPINES,3 ROOM,601B,TAMPINES AVE 9,07 TO 09,68.0,Model A,2020,94 years 10 months,550000.0
2024-05-01,TAMPINES,3 ROOM,604A,TAMPINES AVE 9,10 TO 12,68.0,Model A,2020,94 years 10 months,566000.0
2024-05-01,TAMPINES,3 ROOM,601B,TAMPINES AVE 9,10 TO 12,68.0,Model A,2020,94 years 10 months,580000.0
2024-05-01,TAMPINES,3 ROOM,601B,TAMPINES AVE 9,07 TO 09,68.0,Model A,2020,94 years 10 months,572888.0
2024-05-01,TAMPINES,3 ROOM,604A,TAMPINES AVE 9,07 TO 09,68.0,Model A,2020,94 years 10 months,528000.0
2024-05-01,TAMPINES,3 ROOM,601B,TAMPINES AVE 9,10 TO 12,68.0,Model A,2020,94 years 10 months,562500.0
2024-05-01,TAMPINES,3 ROOM,604A,TAMPINES AVE 9,01 TO 03,68.0,Model A,2020,94 years 09 months,540000.0
2024-05-01,TAMPINES,3 ROOM,113,TAMPINES ST 11,07 TO 09,75.0,Model A,1982,57 years 02 months,458888.0
2024-05-01,TAMPINES,3 ROOM,205,TAMPINES ST 21,01 TO 03,75.0,Model A,1983,58 years 03 months,425888.0
2024-05-01,TAMPINES,3 ROOM,270,TAMPINES ST 21,01 TO 03,75.0,Model A,1985,60 years 08 months,455000.0
2024-05-01,TAMPINES,3 ROOM,267,TAMPINES ST 21,07 TO 09,79.0,Model A,1983,58 years 03 months,468000.0
2024-05-01,TAMPINES,3 ROOM,270,TAMPINES ST 21,10 TO 12,75.0,Model A,1985,60 years 08 months,452000.0
2024-05-01,TAMPINES,3 ROOM,241,TAMPINES ST 21,01 TO 03,74.0,Model A,1985,59 years 09 months,470000.0
2024-05-01,TAMPINES,3 ROOM,262,TAMPINES ST 21,04 TO 06,74.0,Model A,1984,59 years 08 months,446800.0
2024-05-01,TAMPINES,3 ROOM,271,TAMPINES ST 21,04 TO 06,75.0,Model A,1984,59 years 06 months,420000.0
2024-05-01,TAMPINES,3 ROOM,269,TAMPINES ST 21,04 TO 06,79.0,Model A,1984,58 years 10 months,450000.0
2024-05-01,TAMPINES,3 ROOM,267,TAMPINES ST 21,07 TO 09,79.0,Model A,1983,58 years 02 months,455000.0
2024-05-01,TAMPINES,3 ROOM,266,TAMPINES ST 21,04 TO 06,78.0,Model A,1984,59 years 03 months,455888.0
2024-05-01,TAMPINES,3 ROOM,296,TAMPINES ST 22,04 TO 06,67.0,New Generation,1985,60 years 03 months,435000.0
2024-05-01,TAMPINES,3 ROOM,274,TAMPINES ST 22,04 TO 06,73.0,Model A,1984,59 years 03 months,425000.0
2024-05-01,TAMPINES,3 ROOM,227,TAMPINES ST 23,07 TO 09,71.0,New Generation,1986,61 years,430000.0
2024-05-01,TAMPINES,3 ROOM,226,TAMPINES ST 23,07 TO 09,73.0,Model A,1985,59 years 10 months,440000.0
2024-05-01,TAMPINES,3 ROOM,406,TAMPINES ST 41,01 TO 03,64.0,Simplified,1986,61 years 06 months,420000.0
2024-05-01,TAMPINES,3 ROOM,417,TAMPINES ST 41,04 TO 06,69.0,Improved,1985,60 years 08 months,430000.0
2024-05-01,TAMPINES,3 ROOM,446,TAMPINES ST 42,10 TO 12,74.0,Model A,1985,60 years 02 months,451000.0
2024-05-01,TAMPINES,3 ROOM,605B,TAMPINES ST 61,04 TO 06,68.0,Model A,2020,94 years 10 months,540000.0
2024-05-01,TAMPINES,3 ROOM,605D,TAMPINES ST 61,07 TO 09,68.0,Model A,2020,94 years 11 months,561888.0
2024-05-01,TAMPINES,3 ROOM,605D,TAMPINES ST 61,10 TO 12,68.0,Model A,2020,94 years 10 months,565000.0
2024-05-01,TAMPINES,3 ROOM,606A,TAMPINES ST 61,01 TO 03,68.0,Model A,2020,94 years 10 months,525000.0
2024-05-01,TAMPINES,3 ROOM,605D,TAMPINES ST 61,10 TO 12,68.0,Model A,2020,94 years 09 months,548000.0
2024-05-01,TAMPINES,3 ROOM,818,TAMPINES ST 81,10 TO 12,73.0,Model A,1984,59 years 02 months,450000.0
2024-05-01,TAMPINES,3 ROOM,850,TAMPINES ST 82,04 TO 06,64.0,Simplified,1986,61 years 08 months,440000.0
2024-05-01,TAMPINES,3 ROOM,885,TAMPINES ST 83,10 TO 12,74.0,Model A,1987,62 years 07 months,453888.0
2024-05-01,TAMPINES,3 ROOM,881,TAMPINES ST 84,10 TO 12,74.0,Model A,1988,63 years 02 months,442500.0
2024-05-01,TAMPINES,3 ROOM,914,TAMPINES ST 91,04 TO 06,73.0,Model A,1984,59 years 06 months,453000.0
2024-05-01,TAMPINES,3 ROOM,930,TAMPINES ST 91,04 TO 06,73.0,Model A,1984,59 years 08 months,428000.0
2024-05-01,TAMPINES,4 ROOM,101,SIMEI ST 1,04 TO 06,104.0,Model A,1988,63 years 05 months,600000.0
2024-05-01,TAMPINES,4 ROOM,127,SIMEI ST 1,10 TO 12,84.0,Simplified,1987,62 years 08 months,528000.0
2024-05-01,TAMPINES,4 ROOM,123,SIMEI ST 1,01 TO 03,108.0,Model A,1988,63 years 07 months,610000.0
2024-05-01,TAMPINES,4 ROOM,131,SIMEI ST 1,07 TO 09,104.0,Model A,1988,63 years 05 months,630000.0
2024-05-01,TAMPINES,4 ROOM,150,SIMEI ST 1,07 TO 09,84.0,Simplified,1987,62 years 07 months,550000.0
2024-05-01,TAMPINES,4 ROOM,230,SIMEI ST 4,01 TO 03,104.0,Model A,1988,63 years 04 months,580000.0
2024-05-01,TAMPINES,4 ROOM,890B,TAMPINES AVE 1,10 TO 12,93.0,Model A,2015,90 years 05 months,770000.0
2024-05-01,TAMPINES,4 ROOM,906,TAMPINES AVE 4,01 TO 03,104.0,Model A,1983,58 years 06 months,532000.0
2024-05-01,TAMPINES,4 ROOM,812,TAMPINES AVE 4,01 TO 03,91.0,New Generation,1984,59 years 04 months,545000.0
2024-05-01,TAMPINES,4 ROOM,936,TAMPINES AVE 5,07 TO 09,104.0,Model A,1988,63 years 06 months,620000.0
2024-05-01,TAMPINES,4 ROOM,396,TAMPINES AVE 7,04 TO 06,107.0,Model A,1994,69 years 07 months,580000.0
2024-05-01,TAMPINES,4 ROOM,878A,TAMPINES AVE 8,01 TO 03,93.0,Model A,2017,92 years 02 months,650000.0
2024-05-01,TAMPINES,4 ROOM,879A,TAMPINES AVE 8,10 TO 12,93.0,Model A,2017,92 years 02 months,738000.0
2024-05-01,TAMPINES,4 ROOM,604A,TAMPINES AVE 9,10 TO 12,92.0,Model A,2020,94 years 10 months,760000.0
2024-05-01,TAMPINES,4 ROOM,601B,TAMPINES AVE 9,13 TO 15,92.0,Model A,2020,94 years 10 months,760000.0
2024-05-01,TAMPINES,4 ROOM,604B,TAMPINES AVE 9,10 TO 12,92.0,Model A,2020,94 years 10 months,753000.0
2024-05-01,TAMPINES,4 ROOM,485B,TAMPINES AVE 9,07 TO 09,104.0,Model A,1989,64 years 01 month,608000.0
2024-05-01,TAMPINES,4 ROOM,604A,TAMPINES AVE 9,13 TO 15,92.0,Model A,2020,94 years 09 months,718000.0
2024-05-01,TAMPINES,4 ROOM,601A,TAMPINES AVE 9,13 TO 15,92.0,Model A,2020,94 years 10 months,740000.0
2024-05-01,TAMPINES,4 ROOM,604B,TAMPINES AVE 9,13 TO 15,92.0,Model A,2020,94 years 09 months,760000.0
2024-05-01,TAMPINES,4 ROOM,523A,TAMPINES CTRL 7,01 TO 03,93.0,Model A,2015,90 years 04 months,650000.0
2024-05-01,TAMPINES,4 ROOM,520A,TAMPINES CTRL 8,01 TO 03,84.0,DBSS,2014,89 years 03 months,725000.0
2024-05-01,TAMPINES,4 ROOM,519C,TAMPINES CTRL 8,10 TO 12,84.0,DBSS,2014,89 years 02 months,800000.0
2024-05-01,TAMPINES,4 ROOM,519C,TAMPINES CTRL 8,04 TO 06,84.0,DBSS,2014,89 years 02 months,738000.0
2024-05-01,TAMPINES,4 ROOM,519C,TAMPINES CTRL 8,10 TO 12,84.0,DBSS,2014,89 years 01 month,815500.0
2024-05-01,TAMPINES,4 ROOM,102,TAMPINES ST 11,07 TO 09,104.0,Model A,1983,58 years 06 months,590000.0
2024-05-01,TAMPINES,4 ROOM,158,TAMPINES ST 12,04 TO 06,91.0,New Generation,1984,59 years 03 months,588000.0
2024-05-01,TAMPINES,4 ROOM,253,TAMPINES ST 21,07 TO 09,106.0,Model A,1984,59 years 04 months,630000.0
2024-05-01,TAMPINES,4 ROOM,248,TAMPINES ST 21,01 TO 03,91.0,New Generation,1984,59 years 08 months,540000.0
2024-05-01,TAMPINES,4 ROOM,271,TAMPINES ST 21,01 TO 03,104.0,Model A,1984,59 years 06 months,537000.0
2024-05-01,TAMPINES,4 ROOM,286,TAMPINES ST 22,10 TO 12,103.0,Model A,1984,59 years 02 months,590000.0
2024-05-01,TAMPINES,4 ROOM,211,TAMPINES ST 23,01 TO 03,93.0,New Generation,1985,60 years 03 months,560000.0
2024-05-01,TAMPINES,4 ROOM,225,TAMPINES ST 23,07 TO 09,105.0,Model A,1984,59 years 08 months,628000.0
2024-05-01,TAMPINES,4 ROOM,214,TAMPINES ST 23,04 TO 06,93.0,New Generation,1985,60 years 07 months,569000.0
2024-05-01,TAMPINES,4 ROOM,230C,TAMPINES ST 24,04 TO 06,107.0,Model A,1993,68 years 03 months,580000.0
2024-05-01,TAMPINES,4 ROOM,316,TAMPINES ST 33,07 TO 09,107.0,Model A,1995,70 years 04 months,585000.0
2024-05-01,TAMPINES,4 ROOM,346,TAMPINES ST 33,04 TO 06,109.0,Model A,1996,71 years 02 months,565000.0
2024-05-01,TAMPINES,4 ROOM,352,TAMPINES ST 33,04 TO 06,107.0,Model A,1996,71 years 04 months,588000.0
2024-05-01,TAMPINES,4 ROOM,363,TAMPINES ST 34,07 TO 09,107.0,Model A,1996,70 years 11 months,633800.0
2024-05-01,TAMPINES,4 ROOM,364,TAMPINES ST 34,07 TO 09,100.0,Model A,1997,72 years,580000.0
2024-05-01,TAMPINES,4 ROOM,421,TAMPINES ST 41,04 TO 06,104.0,Model A,1985,60 years 02 months,590000.0
2024-05-01,TAMPINES,4 ROOM,414,TAMPINES ST 41,10 TO 12,84.0,Simplified,1987,62 years 02 months,550000.0
2024-05-01,TAMPINES,4 ROOM,459,TAMPINES ST 42,04 TO 06,84.0,Simplified,1987,62 years 05 months,515000.0
2024-05-01,TAMPINES,4 ROOM,450E,TAMPINES ST 42,10 TO 12,107.0,Model A,1996,71 years 05 months,620000.0
2024-05-01,TAMPINES,4 ROOM,436,TAMPINES ST 43,10 TO 12,104.0,Model A,1986,61 years 06 months,590000.0
2024-05-01,TAMPINES,4 ROOM,470,TAMPINES ST 44,01 TO 03,84.0,Simplified,1986,61 years 01 month,508000.0
2024-05-01,TAMPINES,4 ROOM,494G,TAMPINES ST 45,04 TO 06,92.0,Model A,2018,93 years 07 months,665000.0
2024-05-01,TAMPINES,4 ROOM,498F,TAMPINES ST 45,01 TO 03,106.0,Premium Apartment,1997,72 years 03 months,600000.0
2024-05-01,TAMPINES,4 ROOM,487C,TAMPINES ST 45,10 TO 12,103.0,Model A,1990,64 years 09 months,615000.0
2024-05-01,TAMPINES,4 ROOM,494G,TAMPINES ST 45,04 TO 06,92.0,Model A,2018,93 years 06 months,665888.0
2024-05-01,TAMPINES,4 ROOM,605C,TAMPINES ST 61,07 TO 09,92.0,Model A,2020,94 years 10 months,710000.0
2024-05-01,TAMPINES,4 ROOM,605D,TAMPINES ST 61,01 TO 03,92.0,Model A,2020,94 years 11 months,685000.0
2024-05-01,TAMPINES,4 ROOM,606D,TAMPINES ST 61,07 TO 09,92.0,Model A,2020,94 years 10 months,718500.0
2024-05-01,TAMPINES,4 ROOM,606D,TAMPINES ST 61,10 TO 12,92.0,Model A,2020,94 years 10 months,745000.0
2024-05-01,TAMPINES,4 ROOM,606B,TAMPINES ST 61,04 TO 06,92.0,Model A,2020,94 years 10 months,710000.0
2024-05-01,TAMPINES,4 ROOM,606B,TAMPINES ST 61,07 TO 09,92.0,Model A,2020,94 years 10 months,765000.0
2024-05-01,TAMPINES,4 ROOM,605C,TAMPINES ST 61,07 TO 09,92.0,Model A,2020,94 years 10 months,712000.0
2024-05-01,TAMPINES,4 ROOM,605B,TAMPINES ST 61,07 TO 09,92.0,Model A,2020,94 years 10 months,725000.0
2024-05-01,TAMPINES,4 ROOM,606C,TAMPINES ST 61,07 TO 09,92.0,Model A,2020,94 years 10 months,725000.0
2024-05-01,TAMPINES,4 ROOM,606C,TAMPINES ST 61,04 TO 06,92.0,Model A,2020,94 years 10 months,709000.0
2024-05-01,TAMPINES,4 ROOM,606B,TAMPINES ST 61,07 TO 09,92.0,Model A,2020,94 years 10 months,725000.0
2024-05-01,TAMPINES,4 ROOM,605C,TAMPINES ST 61,10 TO 12,92.0,Model A,2020,94 years 09 months,746000.0
2024-05-01,TAMPINES,4 ROOM,715,TAMPINES ST 71,10 TO 12,99.0,Model A,1997,72 years 01 month,620000.0
2024-05-01,TAMPINES,4 ROOM,715,TAMPINES ST 71,01 TO 03,99.0,Model A,1997,72 years,570000.0
2024-05-01,TAMPINES,4 ROOM,727,TAMPINES ST 71,04 TO 06,104.0,Model A,1997,72 years 05 months,608000.0
2024-05-01,TAMPINES,4 ROOM,726,TAMPINES ST 71,13 TO 15,103.0,Model A,1997,72 years 04 months,605000.0
2024-05-01,TAMPINES,4 ROOM,712,TAMPINES ST 71,01 TO 03,99.0,Model A,1997,71 years 11 months,580000.0
2024-05-01,TAMPINES,4 ROOM,742,TAMPINES ST 72,13 TO 15,101.0,Model A,1997,72 years 06 months,595000.0
2024-05-01,TAMPINES,4 ROOM,736,TAMPINES ST 72,13 TO 15,101.0,Model A,1997,72 years 05 months,612000.0
2024-05-01,TAMPINES,4 ROOM,741,TAMPINES ST 72,07 TO 09,100.0,Model A,1997,72 years 07 months,608188.0
2024-05-01,TAMPINES,4 ROOM,735,TAMPINES ST 72,04 TO 06,101.0,Model A,1997,72 years 07 months,590000.0
2024-05-01,TAMPINES,4 ROOM,896,TAMPINES ST 81,07 TO 09,104.0,Model A,1988,63 years 05 months,608888.0
2024-05-01,TAMPINES,4 ROOM,898,TAMPINES ST 81,10 TO 12,103.0,Model A,1988,63 years,613999.0
2024-05-01,TAMPINES,4 ROOM,898A,TAMPINES ST 81,07 TO 09,104.0,Model A,1988,63 years 07 months,640000.0
2024-05-01,TAMPINES,4 ROOM,856,TAMPINES ST 82,04 TO 06,84.0,Simplified,1986,61 years,522888.0
2024-05-01,TAMPINES,4 ROOM,848,TAMPINES ST 82,07 TO 09,104.0,Model A,1985,60 years 05 months,615000.0
2024-05-01,TAMPINES,4 ROOM,833,TAMPINES ST 83,01 TO 03,105.0,Model A,1985,59 years 09 months,562500.0
2024-05-01,TAMPINES,4 ROOM,837,TAMPINES ST 83,01 TO 03,84.0,Simplified,1985,59 years 11 months,528000.0
2024-05-01,TAMPINES,4 ROOM,873,TAMPINES ST 84,04 TO 06,104.0,Model A,1988,63 years 08 months,565000.0
2024-05-01,TAMPINES,4 ROOM,883,TAMPINES ST 84,10 TO 12,103.0,Model A,1988,63 years 01 month,600000.0
2024-05-01,TAMPINES,4 ROOM,934,TAMPINES ST 91,04 TO 06,107.0,Model A,1985,59 years 11 months,585000.0
2024-05-01,TAMPINES,4 ROOM,911,TAMPINES ST 91,04 TO 06,104.0,Model A,1984,59 years 03 months,595000.0
2024-05-01,TAMPINES,4 ROOM,930,TAMPINES ST 91,07 TO 09,104.0,Model A,1984,59 years 08 months,625000.0
2024-05-01,TAMPINES,4 ROOM,921,TAMPINES ST 91,04 TO 06,106.0,Model A,1984,59 years 05 months,618888.0
2024-05-01,TAMPINES,5 ROOM,168D,SIMEI LANE,07 TO 09,107.0,DBSS,2011,85 years 11 months,875000.0
2024-05-01,TAMPINES,5 ROOM,161,SIMEI RD,04 TO 06,120.0,Improved,1989,63 years 11 months,670000.0
2024-05-01,TAMPINES,5 ROOM,224,SIMEI ST 4,07 TO 09,122.0,Improved,1989,64 years 03 months,728000.0
2024-05-01,TAMPINES,5 ROOM,936,TAMPINES AVE 5,04 TO 06,122.0,Improved,1988,63 years 06 months,720000.0
2024-05-01,TAMPINES,5 ROOM,601D,TAMPINES AVE 9,07 TO 09,112.0,Improved,2020,94 years 10 months,895000.0
2024-05-01,TAMPINES,5 ROOM,601A,TAMPINES AVE 9,13 TO 15,112.0,Improved,2020,94 years 10 months,860000.0
2024-05-01,TAMPINES,5 ROOM,493B,TAMPINES AVE 9,07 TO 09,123.0,Improved,1993,68 years 03 months,720888.0
2024-05-01,TAMPINES,5 ROOM,522C,TAMPINES CTRL 7,07 TO 09,113.0,Improved,2015,90 years 04 months,905000.0
2024-05-01,TAMPINES,5 ROOM,522C,TAMPINES CTRL 7,16 TO 18,113.0,Improved,2015,90 years 04 months,930000.0
2024-05-01,TAMPINES,5 ROOM,126,TAMPINES ST 11,07 TO 09,132.0,Model A,1985,60 years 05 months,730000.0
2024-05-01,TAMPINES,5 ROOM,142,TAMPINES ST 12,07 TO 09,133.0,Model A,1984,59 years 04 months,763000.0
2024-05-01,TAMPINES,5 ROOM,257,TAMPINES ST 21,04 TO 06,121.0,Improved,1985,59 years 10 months,640000.0
2024-05-01,TAMPINES,5 ROOM,279,TAMPINES ST 22,01 TO 03,135.0,Model A,1985,59 years 09 months,635000.0
2024-05-01,TAMPINES,5 ROOM,294,TAMPINES ST 22,04 TO 06,121.0,Improved,1985,60 years 02 months,630000.0
2024-05-01,TAMPINES,5 ROOM,210,TAMPINES ST 23,10 TO 12,121.0,Improved,1985,60 years 01 month,700000.0
2024-05-01,TAMPINES,5 ROOM,216,TAMPINES ST 23,01 TO 03,121.0,Improved,1985,59 years 11 months,635000.0
2024-05-01,TAMPINES,5 ROOM,229,TAMPINES ST 23,07 TO 09,121.0,Improved,1985,60 years 01 month,698000.0
2024-05-01,TAMPINES,5 ROOM,230,TAMPINES ST 24,04 TO 06,121.0,Improved,1985,59 years 11 months,655000.0
2024-05-01,TAMPINES,5 ROOM,304,TAMPINES ST 32,07 TO 09,124.0,Improved,1993,68 years 03 months,708000.0
2024-05-01,TAMPINES,5 ROOM,386,TAMPINES ST 32,04 TO 06,134.0,Model A,1993,68 years 06 months,695000.0
2024-05-01,TAMPINES,5 ROOM,305,TAMPINES ST 32,10 TO 12,125.0,Improved,1993,68 years 03 months,650000.0
2024-05-01,TAMPINES,5 ROOM,385,TAMPINES ST 32,07 TO 09,125.0,Improved,1993,68 years 05 months,735000.0
2024-05-01,TAMPINES,5 ROOM,306,TAMPINES ST 32,04 TO 06,125.0,Improved,1993,68 years 03 months,720000.0
2024-05-01,TAMPINES,5 ROOM,387,TAMPINES ST 32,01 TO 03,127.0,Improved,1993,68 years 04 months,690000.0
2024-05-01,TAMPINES,5 ROOM,387,TAMPINES ST 32,10 TO 12,128.0,Improved,1993,68 years 04 months,690000.0
2024-05-01,TAMPINES,5 ROOM,343,TAMPINES ST 33,04 TO 06,137.0,Model A,1995,70 years 08 months,718000.0
2024-05-01,TAMPINES,5 ROOM,338,TAMPINES ST 33,04 TO 06,124.0,Improved,1995,70 years 08 months,648000.0
2024-05-01,TAMPINES,5 ROOM,351,TAMPINES ST 33,01 TO 03,127.0,Improved,1996,71 years 01 month,740000.0
2024-05-01,TAMPINES,5 ROOM,349,TAMPINES ST 33,04 TO 06,134.0,Model A,1996,71 years 01 month,698000.0
2024-05-01,TAMPINES,5 ROOM,339,TAMPINES ST 33,07 TO 09,124.0,Improved,1995,70 years 08 months,680000.0
2024-05-01,TAMPINES,5 ROOM,496B,TAMPINES ST 43,10 TO 12,127.0,Improved,1993,68 years 04 months,760000.0
2024-05-01,TAMPINES,5 ROOM,493E,TAMPINES ST 43,10 TO 12,123.0,Improved,1993,68 years 03 months,735000.0
2024-05-01,TAMPINES,5 ROOM,494H,TAMPINES ST 45,10 TO 12,113.0,Improved,2018,93 years 06 months,800000.0
2024-05-01,TAMPINES,5 ROOM,606D,TAMPINES ST 61,10 TO 12,112.0,Improved,2020,94 years 10 months,875000.0
2024-05-01,TAMPINES,5 ROOM,606B,TAMPINES ST 61,13 TO 15,112.0,Improved,2020,94 years 10 months,918000.0
2024-05-01,TAMPINES,5 ROOM,606B,TAMPINES ST 61,04 TO 06,112.0,Improved,2020,94 years 10 months,940000.0
2024-05-01,TAMPINES,5 ROOM,606A,TAMPINES ST 61,01 TO 03,112.0,Improved,2020,94 years 10 months,848000.0
2024-05-01,TAMPINES,5 ROOM,606D,TAMPINES ST 61,04 TO 06,119.0,3Gen,2020,94 years 10 months,850000.0
2024-05-01,TAMPINES,5 ROOM,705,TAMPINES ST 71,04 TO 06,119.0,Improved,1997,72 years 03 months,730000.0
2024-05-01,TAMPINES,5 ROOM,725,TAMPINES ST 71,10 TO 12,121.0,Improved,1997,72 years 04 months,785000.0
2024-05-01,TAMPINES,5 ROOM,727,TAMPINES ST 71,07 TO 09,123.0,Improved,1997,72 years 05 months,772000.0
2024-05-01,TAMPINES,5 ROOM,725,TAMPINES ST 71,13 TO 15,120.0,Improved,1997,72 years 04 months,788800.0
2024-05-01,TAMPINES,5 ROOM,876,TAMPINES ST 84,01 TO 03,122.0,Improved,1988,63 years 03 months,627000.0
2024-05-01,TAMPINES,EXECUTIVE,226,SIMEI ST 4,01 TO 03,146.0,Maisonette,1988,63 years 01 month,918000.0
2024-05-01,TAMPINES,EXECUTIVE,860,TAMPINES AVE 5,07 TO 09,146.0,Maisonette,1987,62 years 08 months,974500.0
2024-05-01,TAMPINES,EXECUTIVE,146,TAMPINES AVE 5,01 TO 03,142.0,Apartment,1985,60 years,870000.0
2024-05-01,TAMPINES,EXECUTIVE,943,TAMPINES AVE 5,07 TO 09,142.0,Apartment,1988,62 years 10 months,925000.0
2024-05-01,TAMPINES,EXECUTIVE,860,TAMPINES AVE 5,10 TO 12,146.0,Maisonette,1987,62 years 07 months,955000.0
2024-05-01,TAMPINES,EXECUTIVE,335,TAMPINES ST 32,04 TO 06,146.0,Maisonette,1996,70 years 10 months,896000.0
2024-05-01,TAMPINES,EXECUTIVE,330,TAMPINES ST 32,07 TO 09,148.0,Apartment,1995,70 years 09 months,899999.0
2024-05-01,TAMPINES,EXECUTIVE,336,TAMPINES ST 32,01 TO 03,149.0,Apartment,1996,70 years 09 months,875000.0
2024-05-01,TAMPINES,EXECUTIVE,333,TAMPINES ST 32,01 TO 03,154.0,Maisonette,1996,70 years 09 months,1000000.0
2024-05-01,TAMPINES,EXECUTIVE,497F,TAMPINES ST 45,07 TO 09,144.0,Premium Apartment,1996,71 years 02 months,900000.0
2024-05-01,TAMPINES,EXECUTIVE,497J,TAMPINES ST 45,07 TO 09,138.0,Premium Apartment,1996,71 years 01 month,855000.0
2024-05-01,TAMPINES,EXECUTIVE,738,TAMPINES ST 72,04 TO 06,141.0,Apartment,1997,72 years 05 months,890000.0
2024-05-01,TAMPINES,EXECUTIVE,874A,TAMPINES ST 84,04 TO 06,146.0,Maisonette,1989,63 years 09 months,900000.0
2024-05-01,TOA PAYOH,2 ROOM,51,LOR 6 TOA PAYOH,16 TO 18,50.0,Standard,1983,58 years 03 months,305000.0
2024-05-01,TOA PAYOH,3 ROOM,195,KIM KEAT AVE,01 TO 03,66.0,Improved,1973,48 years 03 months,325000.0
2024-05-01,TOA PAYOH,3 ROOM,169,LOR 1 TOA PAYOH,07 TO 09,76.0,Improved,1972,47 years 03 months,388000.0
2024-05-01,TOA PAYOH,3 ROOM,114,LOR 1 TOA PAYOH,04 TO 06,65.0,Improved,1967,42 years 02 months,350000.0
2024-05-01,TOA PAYOH,3 ROOM,112,LOR 1 TOA PAYOH,04 TO 06,65.0,Improved,1967,42 years 02 months,378000.0
2024-05-01,TOA PAYOH,3 ROOM,174,LOR 1 TOA PAYOH,04 TO 06,65.0,Improved,1972,47 years 03 months,335000.0
2024-05-01,TOA PAYOH,3 ROOM,114,LOR 1 TOA PAYOH,07 TO 09,65.0,Improved,1967,42 years 01 month,385000.0
2024-05-01,TOA PAYOH,3 ROOM,131B,LOR 1 TOA PAYOH,37 TO 39,68.0,Model A,2018,93 years 03 months,800000.0
2024-05-01,TOA PAYOH,3 ROOM,157,LOR 1 TOA PAYOH,07 TO 09,67.0,Improved,1971,46 years 02 months,395000.0
2024-05-01,TOA PAYOH,3 ROOM,131A,LOR 1 TOA PAYOH,28 TO 30,68.0,Model A,2018,93 years 04 months,780888.0
2024-05-01,TOA PAYOH,3 ROOM,108,LOR 1 TOA PAYOH,01 TO 03,66.0,Improved,1970,44 years 08 months,355000.0
2024-05-01,TOA PAYOH,3 ROOM,113,LOR 1 TOA PAYOH,07 TO 09,65.0,Improved,1967,42 years 01 month,365000.0
2024-05-01,TOA PAYOH,3 ROOM,91,LOR 3 TOA PAYOH,04 TO 06,68.0,Improved,1970,44 years 09 months,350000.0
2024-05-01,TOA PAYOH,3 ROOM,66,LOR 4 TOA PAYOH,10 TO 12,64.0,Standard,1969,43 years 09 months,355888.0
2024-05-01,TOA PAYOH,3 ROOM,38,LOR 5 TOA PAYOH,04 TO 06,77.0,Improved,1970,44 years 09 months,370000.0
2024-05-01,TOA PAYOH,3 ROOM,4,LOR 7 TOA PAYOH,04 TO 06,68.0,Improved,1969,44 years 02 months,333888.0
2024-05-01,TOA PAYOH,3 ROOM,17,LOR 7 TOA PAYOH,19 TO 21,67.0,Improved,1971,45 years 09 months,400000.0
2024-05-01,TOA PAYOH,3 ROOM,8,LOR 7 TOA PAYOH,07 TO 09,66.0,Improved,1970,45 years 03 months,330000.0
2024-05-01,TOA PAYOH,3 ROOM,20,LOR 7 TOA PAYOH,10 TO 12,67.0,Improved,1970,45 years 02 months,310000.0
2024-05-01,TOA PAYOH,3 ROOM,232,LOR 8 TOA PAYOH,10 TO 12,65.0,Improved,1976,51 years 07 months,383000.0
2024-05-01,TOA PAYOH,3 ROOM,119,POTONG PASIR AVE 1,07 TO 09,67.0,New Generation,1984,59 years 06 months,410000.0
2024-05-01,TOA PAYOH,3 ROOM,117,POTONG PASIR AVE 1,01 TO 03,67.0,New Generation,1984,59 years 06 months,400888.0
2024-05-01,TOA PAYOH,3 ROOM,101,POTONG PASIR AVE 1,07 TO 09,74.0,Model A,1984,59 years 05 months,581000.0
2024-05-01,TOA PAYOH,3 ROOM,183,TOA PAYOH CTRL,01 TO 03,67.0,Improved,1972,47 years 02 months,405000.0
2024-05-01,TOA PAYOH,3 ROOM,263,TOA PAYOH EAST,07 TO 09,68.0,Model A,2019,94 years 08 months,712000.0
2024-05-01,TOA PAYOH,3 ROOM,263,TOA PAYOH EAST,31 TO 33,68.0,Model A,2019,94 years 07 months,765000.0
2024-05-01,TOA PAYOH,3 ROOM,7,UPP ALJUNIED LANE,10 TO 12,68.0,Model A,2017,91 years 09 months,648000.0
2024-05-01,TOA PAYOH,3 ROOM,7,UPP ALJUNIED LANE,07 TO 09,68.0,Model A,2017,91 years 09 months,640000.0
2024-05-01,TOA PAYOH,4 ROOM,17,JOO SENG RD,10 TO 12,102.0,Model A,1983,58 years 07 months,555000.0
2024-05-01,TOA PAYOH,4 ROOM,13,JOO SENG RD,07 TO 09,103.0,Model A,1984,59 years 01 month,580000.0
2024-05-01,TOA PAYOH,4 ROOM,238,LOR 1 TOA PAYOH,16 TO 18,103.0,Model A,1986,61 years 03 months,730000.0
2024-05-01,TOA PAYOH,4 ROOM,131B,LOR 1 TOA PAYOH,28 TO 30,93.0,Model A,2018,93 years 04 months,1083000.0
2024-05-01,TOA PAYOH,4 ROOM,155,LOR 1 TOA PAYOH,25 TO 27,101.0,Model A,1999,74 years 03 months,878000.0
2024-05-01,TOA PAYOH,4 ROOM,130B,LOR 1 TOA PAYOH,10 TO 12,93.0,Model A,2018,93 years 04 months,1030000.0
2024-05-01,TOA PAYOH,4 ROOM,130A,LOR 1 TOA PAYOH,01 TO 03,93.0,Model A,2018,93 years 03 months,986000.0
2024-05-01,TOA PAYOH,4 ROOM,138C,LOR 1A TOA PAYOH,16 TO 18,91.0,DBSS,2012,86 years 11 months,970000.0
2024-05-01,TOA PAYOH,4 ROOM,138C,LOR 1A TOA PAYOH,16 TO 18,91.0,DBSS,2012,87 years,986666.0
2024-05-01,TOA PAYOH,4 ROOM,144,LOR 2 TOA PAYOH,13 TO 15,90.0,Model A,2002,77 years 05 months,830000.0
2024-05-01,TOA PAYOH,4 ROOM,143,LOR 2 TOA PAYOH,10 TO 12,90.0,Model A,2002,77 years 05 months,800000.0
2024-05-01,TOA PAYOH,4 ROOM,142,LOR 2 TOA PAYOH,19 TO 21,86.0,Model A,2001,75 years 09 months,795000.0
2024-05-01,TOA PAYOH,4 ROOM,84B,LOR 2 TOA PAYOH,01 TO 03,105.0,Model A,1997,72 years 01 month,818000.0
2024-05-01,TOA PAYOH,4 ROOM,145,LOR 2 TOA PAYOH,13 TO 15,91.0,Model A,2006,80 years 08 months,905000.0
2024-05-01,TOA PAYOH,4 ROOM,146,LOR 2 TOA PAYOH,07 TO 09,91.0,Model A,2006,80 years 08 months,880000.0
2024-05-01,TOA PAYOH,4 ROOM,227,LOR 8 TOA PAYOH,13 TO 15,82.0,Improved,1976,51 years 01 month,450000.0
2024-05-01,TOA PAYOH,4 ROOM,213,LOR 8 TOA PAYOH,07 TO 09,82.0,Improved,1975,49 years 09 months,470000.0
2024-05-01,TOA PAYOH,4 ROOM,11,LOR 8 TOA PAYOH,10 TO 12,101.0,Model A,1998,72 years 10 months,720000.0
2024-05-01,TOA PAYOH,4 ROOM,220,LOR 8 TOA PAYOH,07 TO 09,82.0,Improved,1976,51 years 01 month,460000.0
2024-05-01,TOA PAYOH,4 ROOM,79D,TOA PAYOH CTRL,22 TO 24,91.0,Model A,2009,83 years 11 months,950000.0
2024-05-01,TOA PAYOH,4 ROOM,261,TOA PAYOH EAST,19 TO 21,93.0,Model A,2019,94 years 08 months,958000.0
2024-05-01,TOA PAYOH,4 ROOM,264,TOA PAYOH EAST,19 TO 21,93.0,Model A,2019,94 years 08 months,960000.0
2024-05-01,TOA PAYOH,4 ROOM,261,TOA PAYOH EAST,31 TO 33,93.0,Model A,2019,94 years 08 months,980000.0
2024-05-01,TOA PAYOH,4 ROOM,262,TOA PAYOH EAST,31 TO 33,93.0,Model A,2019,94 years 07 months,1040000.0
2024-05-01,TOA PAYOH,5 ROOM,138C,LOR 1A TOA PAYOH,16 TO 18,110.0,DBSS,2012,87 years,1310000.0
2024-05-01,TOA PAYOH,5 ROOM,153,LOR 2 TOA PAYOH,13 TO 15,123.0,Improved,1999,74 years 04 months,1100000.0
2024-05-01,TOA PAYOH,5 ROOM,141,LOR 2 TOA PAYOH,16 TO 18,115.0,Improved,2001,75 years 09 months,1200000.0
2024-05-01,TOA PAYOH,5 ROOM,143,LOR 2 TOA PAYOH,10 TO 12,110.0,Improved,2002,77 years 05 months,930000.0
2024-05-01,TOA PAYOH,5 ROOM,144,LOR 2 TOA PAYOH,10 TO 12,110.0,Improved,2002,77 years 04 months,1000000.0
2024-05-01,TOA PAYOH,5 ROOM,146,LOR 2 TOA PAYOH,01 TO 03,110.0,Improved,2006,80 years 08 months,940000.0
2024-05-01,TOA PAYOH,5 ROOM,14B,LOR 7 TOA PAYOH,19 TO 21,120.0,Improved,1998,73 years 02 months,910000.0
2024-05-01,TOA PAYOH,EXECUTIVE,257,KIM KEAT AVE,07 TO 09,146.0,Maisonette,1988,63 years 07 months,1000888.0
2024-05-01,WOODLANDS,2 ROOM,780A,WOODLANDS CRES,10 TO 12,47.0,Model A,2015,90 years 03 months,328000.0
2024-05-01,WOODLANDS,2 ROOM,694D,WOODLANDS DR 62,13 TO 15,37.0,Model A,2018,93 years 05 months,343000.0
2024-05-01,WOODLANDS,2 ROOM,185B,WOODLANDS ST 13,10 TO 12,38.0,Model A,2019,94 years 06 months,328000.0
2024-05-01,WOODLANDS,3 ROOM,30,MARSILING DR,01 TO 03,73.0,New Generation,1977,52 years,355000.0
2024-05-01,WOODLANDS,3 ROOM,2,MARSILING DR,10 TO 12,65.0,Improved,1974,49 years 03 months,290000.0
2024-05-01,WOODLANDS,3 ROOM,23,MARSILING DR,07 TO 09,67.0,New Generation,1977,52 years 07 months,358000.0
2024-05-01,WOODLANDS,3 ROOM,204,MARSILING DR,01 TO 03,68.0,New Generation,1981,56 years,375000.0
2024-05-01,WOODLANDS,3 ROOM,6,MARSILING DR,04 TO 06,76.0,Improved,1976,50 years 09 months,365000.0
2024-05-01,WOODLANDS,3 ROOM,6,MARSILING DR,07 TO 09,65.0,Improved,1976,50 years 09 months,330000.0
2024-05-01,WOODLANDS,3 ROOM,15,MARSILING LANE,07 TO 09,65.0,Improved,1976,50 years 09 months,337000.0
2024-05-01,WOODLANDS,3 ROOM,180B,MARSILING RD,10 TO 12,67.0,Model A,2015,90 years 03 months,440000.0
2024-05-01,WOODLANDS,3 ROOM,180A,MARSILING RD,13 TO 15,66.0,Model A,2015,90 years 02 months,450000.0
2024-05-01,WOODLANDS,3 ROOM,571C,WOODLANDS AVE 1,04 TO 06,67.0,Model A,2013,88 years 07 months,480000.0
2024-05-01,WOODLANDS,3 ROOM,693A,WOODLANDS AVE 6,04 TO 06,68.0,Model A,2018,93 years 05 months,440000.0
2024-05-01,WOODLANDS,3 ROOM,780A,WOODLANDS CRES,10 TO 12,67.0,Model A,2015,90 years 03 months,430000.0
2024-05-01,WOODLANDS,3 ROOM,694D,WOODLANDS DR 62,01 TO 03,68.0,Model A,2018,93 years 05 months,440000.0
2024-05-01,WOODLANDS,3 ROOM,694C,WOODLANDS DR 62,07 TO 09,68.0,Model A,2018,93 years 05 months,485000.0
2024-05-01,WOODLANDS,3 ROOM,694B,WOODLANDS DR 62,04 TO 06,68.0,Model A,2018,93 years 05 months,460000.0
2024-05-01,WOODLANDS,3 ROOM,694C,WOODLANDS DR 62,01 TO 03,68.0,Model A,2018,93 years 04 months,440000.0
2024-05-01,WOODLANDS,3 ROOM,166,WOODLANDS ST 13,01 TO 03,67.0,New Generation,1986,61 years 05 months,385000.0
2024-05-01,WOODLANDS,3 ROOM,185C,WOODLANDS ST 13,07 TO 09,68.0,Model A,2019,94 years 06 months,475000.0
2024-05-01,WOODLANDS,3 ROOM,182A,WOODLANDS ST 13,13 TO 15,68.0,Model A,2019,94 years 06 months,502000.0
2024-05-01,WOODLANDS,3 ROOM,146,WOODLANDS ST 13,10 TO 12,68.0,New Generation,1985,59 years 11 months,380000.0
2024-05-01,WOODLANDS,3 ROOM,185C,WOODLANDS ST 13,04 TO 06,68.0,Model A,2019,94 years 05 months,457000.0
2024-05-01,WOODLANDS,3 ROOM,148,WOODLANDS ST 13,04 TO 06,68.0,New Generation,1985,59 years 10 months,360000.0
2024-05-01,WOODLANDS,3 ROOM,101,WOODLANDS ST 13,07 TO 09,67.0,New Generation,1985,60 years,405000.0
2024-05-01,WOODLANDS,3 ROOM,145,WOODLANDS ST 13,01 TO 03,68.0,New Generation,1985,59 years 11 months,380000.0
2024-05-01,WOODLANDS,3 ROOM,317,WOODLANDS ST 31,07 TO 09,73.0,Model A,1993,68 years,420000.0
2024-05-01,WOODLANDS,3 ROOM,319,WOODLANDS ST 31,07 TO 09,73.0,Model A,1993,67 years 11 months,455000.0
2024-05-01,WOODLANDS,3 ROOM,313,WOODLANDS ST 31,01 TO 03,73.0,Model A,1993,68 years 05 months,385000.0
2024-05-01,WOODLANDS,3 ROOM,805,WOODLANDS ST 81,01 TO 03,73.0,Model A,1994,68 years 09 months,410888.0
2024-05-01,WOODLANDS,4 ROOM,7,MARSILING DR,04 TO 06,88.0,Improved,1976,50 years 09 months,358000.0
2024-05-01,WOODLANDS,4 ROOM,205,MARSILING DR,04 TO 06,92.0,New Generation,1980,55 years 06 months,438000.0
2024-05-01,WOODLANDS,4 ROOM,7,MARSILING DR,10 TO 12,88.0,Improved,1976,50 years 09 months,415000.0
2024-05-01,WOODLANDS,4 ROOM,120,MARSILING RISE,04 TO 06,98.0,New Generation,1985,60 years 07 months,490000.0
2024-05-01,WOODLANDS,4 ROOM,572B,WOODLANDS AVE 1,10 TO 12,92.0,Model A,2013,88 years 07 months,605000.0
2024-05-01,WOODLANDS,4 ROOM,571B,WOODLANDS AVE 1,07 TO 09,92.0,Model A,2013,88 years 07 months,610000.0
2024-05-01,WOODLANDS,4 ROOM,371,WOODLANDS AVE 1,04 TO 06,102.0,Model A,1996,71 years 07 months,509000.0
2024-05-01,WOODLANDS,4 ROOM,343,WOODLANDS AVE 1,01 TO 03,89.0,Simplified,1989,64 years 04 months,460000.0
2024-05-01,WOODLANDS,4 ROOM,348,WOODLANDS AVE 3,07 TO 09,84.0,Simplified,1988,63 years 04 months,458000.0
2024-05-01,WOODLANDS,4 ROOM,350,WOODLANDS AVE 3,01 TO 03,84.0,Simplified,1988,63 years 01 month,455000.0
2024-05-01,WOODLANDS,4 ROOM,618,WOODLANDS AVE 4,07 TO 09,91.0,Model A2,1998,73 years 02 months,510000.0
2024-05-01,WOODLANDS,4 ROOM,615,WOODLANDS AVE 4,01 TO 03,102.0,Model A,1998,73 years 02 months,505000.0
2024-05-01,WOODLANDS,4 ROOM,678,WOODLANDS AVE 6,04 TO 06,102.0,Model A,1998,73 years 04 months,602000.0
2024-05-01,WOODLANDS,4 ROOM,764,WOODLANDS CIRCLE,07 TO 09,90.0,Model A,2003,78 years 02 months,498000.0
2024-05-01,WOODLANDS,4 ROOM,728,WOODLANDS CIRCLE,10 TO 12,91.0,Model A2,1997,72 years 05 months,515000.0
2024-05-01,WOODLANDS,4 ROOM,728,WOODLANDS CIRCLE,01 TO 03,91.0,Model A2,1997,72 years 05 months,490000.0
2024-05-01,WOODLANDS,4 ROOM,745,WOODLANDS CIRCLE,10 TO 12,103.0,Model A,1998,72 years 09 months,520000.0
2024-05-01,WOODLANDS,4 ROOM,775,WOODLANDS CRES,07 TO 09,93.0,Model A2,1997,72 years 05 months,460000.0
2024-05-01,WOODLANDS,4 ROOM,519,WOODLANDS DR 14,04 TO 06,104.0,Premium Apartment,2000,75 years 05 months,540000.0
2024-05-01,WOODLANDS,4 ROOM,512,WOODLANDS DR 14,10 TO 12,107.0,Premium Apartment,1999,73 years 11 months,656000.0
2024-05-01,WOODLANDS,4 ROOM,523,WOODLANDS DR 14,04 TO 06,104.0,Premium Apartment,2000,75 years 02 months,535000.0
2024-05-01,WOODLANDS,4 ROOM,518,WOODLANDS DR 14,10 TO 12,105.0,Premium Apartment,2000,75 years 04 months,555000.0
2024-05-01,WOODLANDS,4 ROOM,577,WOODLANDS DR 16,07 TO 09,91.0,Model A,2000,75 years 07 months,510000.0
2024-05-01,WOODLANDS,4 ROOM,704,WOODLANDS DR 40,10 TO 12,100.0,Model A,1996,71 years 06 months,556800.0
2024-05-01,WOODLANDS,4 ROOM,702,WOODLANDS DR 40,10 TO 12,99.0,Model A,1996,71 years 08 months,525000.0
2024-05-01,WOODLANDS,4 ROOM,701,WOODLANDS DR 40,01 TO 03,100.0,Model A,1996,71 years 05 months,503888.0
2024-05-01,WOODLANDS,4 ROOM,601,WOODLANDS DR 42,01 TO 03,91.0,Model A2,1997,71 years 11 months,490000.0
2024-05-01,WOODLANDS,4 ROOM,605,WOODLANDS DR 42,10 TO 12,101.0,Model A2,1997,72 years 01 month,565000.0
2024-05-01,WOODLANDS,4 ROOM,886C,WOODLANDS DR 50,04 TO 06,92.0,Premium Apartment,2015,89 years 10 months,575000.0
2024-05-01,WOODLANDS,4 ROOM,897B,WOODLANDS DR 50,07 TO 09,99.0,Model A,1997,72 years 03 months,535000.0
2024-05-01,WOODLANDS,4 ROOM,886C,WOODLANDS DR 50,04 TO 06,92.0,Premium Apartment,2015,89 years 10 months,576500.0
2024-05-01,WOODLANDS,4 ROOM,890B,WOODLANDS DR 50,10 TO 12,93.0,Model A,2017,92 years 03 months,600000.0
2024-05-01,WOODLANDS,4 ROOM,887B,WOODLANDS DR 50,01 TO 03,92.0,Premium Apartment,2015,89 years 09 months,548000.0
2024-05-01,WOODLANDS,4 ROOM,556,WOODLANDS DR 53,07 TO 09,102.0,Model A,1999,74 years 08 months,500000.0
2024-05-01,WOODLANDS,4 ROOM,683D,WOODLANDS DR 62,04 TO 06,103.0,Premium Apartment,2000,74 years 10 months,570000.0
2024-05-01,WOODLANDS,4 ROOM,694B,WOODLANDS DR 62,07 TO 09,93.0,Model A,2018,93 years 04 months,603000.0
2024-05-01,WOODLANDS,4 ROOM,709,WOODLANDS DR 70,10 TO 12,102.0,Model A,1996,71 years 08 months,580000.0
2024-05-01,WOODLANDS,4 ROOM,717,WOODLANDS DR 70,07 TO 09,100.0,Model A,1997,72 years 02 months,568000.0
2024-05-01,WOODLANDS,4 ROOM,715,WOODLANDS DR 70,07 TO 09,101.0,Model A,1997,71 years 11 months,580000.0
2024-05-01,WOODLANDS,4 ROOM,691A,WOODLANDS DR 73,10 TO 12,93.0,Model A,2018,93 years 02 months,620000.0
2024-05-01,WOODLANDS,4 ROOM,691D,WOODLANDS DR 73,07 TO 09,93.0,Model A,2018,93 years 02 months,605000.0
2024-05-01,WOODLANDS,4 ROOM,691C,WOODLANDS DR 73,10 TO 12,93.0,Model A,2018,93 years 02 months,602000.0
2024-05-01,WOODLANDS,4 ROOM,691D,WOODLANDS DR 73,10 TO 12,93.0,Model A,2018,93 years 01 month,618000.0
2024-05-01,WOODLANDS,4 ROOM,690C,WOODLANDS DR 75,07 TO 09,90.0,Premium Apartment,2004,78 years 08 months,520000.0
2024-05-01,WOODLANDS,4 ROOM,666,WOODLANDS RING RD,01 TO 03,87.0,Model A2,2000,75 years 05 months,516000.0
2024-05-01,WOODLANDS,4 ROOM,631,WOODLANDS RING RD,07 TO 09,101.0,Model A,1998,73 years 04 months,545888.0
2024-05-01,WOODLANDS,4 ROOM,669,WOODLANDS RING RD,04 TO 06,86.0,Model A2,2000,75 years 06 months,500000.0
2024-05-01,WOODLANDS,4 ROOM,664,WOODLANDS RING RD,04 TO 06,100.0,Model A,1998,72 years 10 months,500000.0
2024-05-01,WOODLANDS,4 ROOM,785B,WOODLANDS RISE,10 TO 12,93.0,Model A,2018,93 years 03 months,580000.0
2024-05-01,WOODLANDS,4 ROOM,784C,WOODLANDS RISE,01 TO 03,93.0,Model A,2018,93 years 03 months,540000.0
2024-05-01,WOODLANDS,4 ROOM,783B,WOODLANDS RISE,01 TO 03,93.0,Model A,2018,93 years 03 months,528000.0
2024-05-01,WOODLANDS,4 ROOM,785D,WOODLANDS RISE,04 TO 06,93.0,Model A,2018,93 years 03 months,588000.0
2024-05-01,WOODLANDS,4 ROOM,784B,WOODLANDS RISE,10 TO 12,93.0,Model A,2018,93 years 03 months,575000.0
2024-05-01,WOODLANDS,4 ROOM,171,WOODLANDS ST 11,01 TO 03,91.0,New Generation,1985,60 years 08 months,468888.0
2024-05-01,WOODLANDS,4 ROOM,182B,WOODLANDS ST 13,07 TO 09,93.0,Model A,2019,94 years 07 months,612000.0
2024-05-01,WOODLANDS,4 ROOM,182B,WOODLANDS ST 13,01 TO 03,93.0,Model A,2019,94 years 07 months,560000.0
2024-05-01,WOODLANDS,4 ROOM,183A,WOODLANDS ST 13,07 TO 09,93.0,Model A,2019,94 years 06 months,605000.0
2024-05-01,WOODLANDS,4 ROOM,183B,WOODLANDS ST 13,13 TO 15,93.0,Model A,2019,94 years 06 months,625000.0
2024-05-01,WOODLANDS,4 ROOM,146,WOODLANDS ST 13,07 TO 09,93.0,New Generation,1985,59 years 11 months,475000.0
2024-05-01,WOODLANDS,4 ROOM,185B,WOODLANDS ST 13,10 TO 12,93.0,Model A,2019,94 years 06 months,643000.0
2024-05-01,WOODLANDS,4 ROOM,164,WOODLANDS ST 13,04 TO 06,91.0,New Generation,1985,60 years 02 months,460000.0
2024-05-01,WOODLANDS,4 ROOM,172,WOODLANDS ST 13,04 TO 06,93.0,New Generation,1985,60 years 06 months,435000.0
2024-05-01,WOODLANDS,4 ROOM,310,WOODLANDS ST 31,01 TO 03,103.0,Model A,1993,68 years 06 months,520000.0
2024-05-01,WOODLANDS,4 ROOM,436,WOODLANDS ST 41,04 TO 06,84.0,Simplified,1996,71 years 04 months,450000.0
2024-05-01,WOODLANDS,4 ROOM,437,WOODLANDS ST 41,10 TO 12,84.0,Simplified,1996,71 years 04 months,460000.0
2024-05-01,WOODLANDS,4 ROOM,802,WOODLANDS ST 81,07 TO 09,84.0,Simplified,1989,64 years 03 months,490000.0
2024-05-01,WOODLANDS,4 ROOM,842,WOODLANDS ST 82,04 TO 06,104.0,Model A,1994,69 years 03 months,500000.0
2024-05-01,WOODLANDS,4 ROOM,879,WOODLANDS ST 82,04 TO 06,105.0,Model A,1996,71 years 02 months,485000.0
2024-05-01,WOODLANDS,4 ROOM,853,WOODLANDS ST 83,10 TO 12,104.0,Model A,1993,68 years 04 months,532888.0
2024-05-01,WOODLANDS,4 ROOM,859,WOODLANDS ST 83,10 TO 12,106.0,Model A,1996,71 years 02 months,555000.0
2024-05-01,WOODLANDS,4 ROOM,856,WOODLANDS ST 83,01 TO 03,106.0,Model A,1996,70 years 11 months,508000.0
2024-05-01,WOODLANDS,4 ROOM,860,WOODLANDS ST 83,01 TO 03,106.0,Model A,1996,70 years 11 months,528350.0
2024-05-01,WOODLANDS,4 ROOM,853,WOODLANDS ST 83,07 TO 09,84.0,Simplified,1993,68 years 03 months,468000.0
2024-05-01,WOODLANDS,5 ROOM,5A,MARSILING DR,07 TO 09,110.0,Improved,2002,77 years,530000.0
2024-05-01,WOODLANDS,5 ROOM,36,MARSILING DR,07 TO 09,121.0,Standard,1978,53 years,518888.0
2024-05-01,WOODLANDS,5 ROOM,10,MARSILING DR,19 TO 21,126.0,Standard,1976,50 years 11 months,605000.0
2024-05-01,WOODLANDS,5 ROOM,37,MARSILING DR,01 TO 03,121.0,Standard,1978,53 years,515000.0
2024-05-01,WOODLANDS,5 ROOM,136,MARSILING RD,01 TO 03,134.0,Model A,1995,70 years,630000.0
2024-05-01,WOODLANDS,5 ROOM,613,WOODLANDS AVE 4,07 TO 09,122.0,Improved,1998,73 years 04 months,625000.0
2024-05-01,WOODLANDS,5 ROOM,693A,WOODLANDS AVE 6,07 TO 09,113.0,Improved,2018,93 years 05 months,710000.0
2024-05-01,WOODLANDS,5 ROOM,763,WOODLANDS AVE 6,10 TO 12,121.0,Improved,1998,73 years,620000.0
2024-05-01,WOODLANDS,5 ROOM,720,WOODLANDS AVE 6,07 TO 09,120.0,Improved,1997,72 years 01 month,626000.0
2024-05-01,WOODLANDS,5 ROOM,751,WOODLANDS CIRCLE,07 TO 09,122.0,Improved,1998,72 years 09 months,618000.0
2024-05-01,WOODLANDS,5 ROOM,782A,WOODLANDS CRES,10 TO 12,112.0,Improved,2015,90 years 02 months,625000.0
2024-05-01,WOODLANDS,5 ROOM,534,WOODLANDS DR 14,07 TO 09,124.0,Premium Apartment,1999,74 years 04 months,640000.0
2024-05-01,WOODLANDS,5 ROOM,521,WOODLANDS DR 14,07 TO 09,124.0,Premium Apartment,2000,75 years 03 months,665000.0
2024-05-01,WOODLANDS,5 ROOM,514,WOODLANDS DR 14,07 TO 09,128.0,Premium Apartment,1999,73 years 10 months,739800.0
2024-05-01,WOODLANDS,5 ROOM,580,WOODLANDS DR 16,04 TO 06,110.0,Improved,2001,76 years,570000.0
2024-05-01,WOODLANDS,5 ROOM,576,WOODLANDS DR 16,01 TO 03,110.0,Improved,2000,75 years 08 months,550000.0
2024-05-01,WOODLANDS,5 ROOM,587,WOODLANDS DR 16,07 TO 09,111.0,Improved,2001,76 years 02 months,600000.0
2024-05-01,WOODLANDS,5 ROOM,541,WOODLANDS DR 16,04 TO 06,121.0,Improved,2000,75 years,650000.0
2024-05-01,WOODLANDS,5 ROOM,551,WOODLANDS DR 44,10 TO 12,115.0,Improved,2000,74 years 10 months,650000.0
2024-05-01,WOODLANDS,5 ROOM,549,WOODLANDS DR 44,04 TO 06,115.0,Improved,2000,75 years,600000.0
2024-05-01,WOODLANDS,5 ROOM,897B,WOODLANDS DR 50,10 TO 12,118.0,Improved,1997,72 years 03 months,636000.0
2024-05-01,WOODLANDS,5 ROOM,892A,WOODLANDS DR 50,07 TO 09,118.0,Improved,1996,71 years 07 months,658000.0
2024-05-01,WOODLANDS,5 ROOM,890A,WOODLANDS DR 50,04 TO 06,113.0,Improved,2017,92 years 03 months,710000.0
2024-05-01,WOODLANDS,5 ROOM,786F,WOODLANDS DR 60,04 TO 06,121.0,Improved,1997,72 years 02 months,643000.0
2024-05-01,WOODLANDS,5 ROOM,684C,WOODLANDS DR 62,04 TO 06,121.0,Premium Apartment,2000,74 years 10 months,680000.0
2024-05-01,WOODLANDS,5 ROOM,682B,WOODLANDS DR 62,07 TO 09,120.0,Premium Apartment,2000,74 years 10 months,660000.0
2024-05-01,WOODLANDS,5 ROOM,671,WOODLANDS DR 71,07 TO 09,111.0,Improved,2000,75 years 07 months,625000.0
2024-05-01,WOODLANDS,5 ROOM,686C,WOODLANDS DR 73,10 TO 12,114.0,Premium Apartment,2003,77 years 10 months,610888.0
2024-05-01,WOODLANDS,5 ROOM,687B,WOODLANDS DR 75,04 TO 06,115.0,Premium Apartment,2003,77 years 10 months,562000.0
2024-05-01,WOODLANDS,5 ROOM,689C,WOODLANDS DR 75,04 TO 06,110.0,Premium Apartment,2004,78 years 10 months,536000.0
2024-05-01,WOODLANDS,5 ROOM,690A,WOODLANDS DR 75,01 TO 03,110.0,Premium Apartment,2004,78 years 09 months,545000.0
2024-05-01,WOODLANDS,5 ROOM,630,WOODLANDS RING RD,01 TO 03,124.0,Improved,1998,73 years 05 months,575000.0
2024-05-01,WOODLANDS,5 ROOM,628B,WOODLANDS RING RD,04 TO 06,122.0,Improved,1998,73 years 06 months,610000.0
2024-05-01,WOODLANDS,5 ROOM,629,WOODLANDS RING RD,07 TO 09,122.0,Improved,1998,73 years 04 months,613000.0
2024-05-01,WOODLANDS,5 ROOM,173,WOODLANDS ST 13,01 TO 03,121.0,Improved,1989,63 years 11 months,550888.0
2024-05-01,WOODLANDS,5 ROOM,184A,WOODLANDS ST 13,25 TO 27,113.0,Improved,2019,94 years 07 months,808000.0
2024-05-01,WOODLANDS,5 ROOM,184A,WOODLANDS ST 13,04 TO 06,113.0,Improved,2019,94 years 06 months,720000.0
2024-05-01,WOODLANDS,5 ROOM,183B,WOODLANDS ST 13,16 TO 18,113.0,Improved,2019,94 years 06 months,826000.0
2024-05-01,WOODLANDS,5 ROOM,183A,WOODLANDS ST 13,01 TO 03,113.0,Improved,2019,94 years 05 months,680000.0
2024-05-01,WOODLANDS,5 ROOM,425,WOODLANDS ST 41,01 TO 03,121.0,Improved,1997,71 years 11 months,575000.0
2024-05-01,WOODLANDS,5 ROOM,413,WOODLANDS ST 41,01 TO 03,121.0,Improved,1996,70 years 09 months,580000.0
2024-05-01,WOODLANDS,5 ROOM,820,WOODLANDS ST 82,01 TO 03,136.0,Model A,1995,69 years 11 months,670000.0
2024-05-01,WOODLANDS,5 ROOM,881,WOODLANDS ST 82,04 TO 06,125.0,Improved,1996,71 years 03 months,590000.0
2024-05-01,WOODLANDS,5 ROOM,880,WOODLANDS ST 82,10 TO 12,125.0,Improved,1996,71 years 05 months,630000.0
2024-05-01,WOODLANDS,5 ROOM,857,WOODLANDS ST 83,01 TO 03,126.0,Improved,1996,70 years 11 months,630000.0
2024-05-01,WOODLANDS,5 ROOM,863,WOODLANDS ST 83,04 TO 06,129.0,Improved,1996,70 years 11 months,656000.0
2024-05-01,WOODLANDS,EXECUTIVE,138,MARSILING RD,07 TO 09,174.0,Apartment,1995,70 years,860000.0
2024-05-01,WOODLANDS,EXECUTIVE,142,MARSILING RD,04 TO 06,173.0,Apartment,1995,70 years,900000.0
2024-05-01,WOODLANDS,EXECUTIVE,116,MARSILING RISE,04 TO 06,170.0,Apartment,1995,69 years 11 months,920000.0
2024-05-01,WOODLANDS,EXECUTIVE,118,MARSILING RISE,10 TO 12,173.0,Apartment,1995,69 years 10 months,965000.0
2024-05-01,WOODLANDS,EXECUTIVE,360,WOODLANDS AVE 5,10 TO 12,143.0,Apartment,1996,71 years 06 months,850000.0
2024-05-01,WOODLANDS,EXECUTIVE,359,WOODLANDS AVE 5,07 TO 09,144.0,Apartment,1996,71 years 06 months,850000.0
2024-05-01,WOODLANDS,EXECUTIVE,358,WOODLANDS AVE 5,01 TO 03,147.0,Apartment,1996,71 years 03 months,775000.0
2024-05-01,WOODLANDS,EXECUTIVE,788,WOODLANDS AVE 6,10 TO 12,141.0,Maisonette,1997,72 years 05 months,855000.0
2024-05-01,WOODLANDS,EXECUTIVE,789,WOODLANDS AVE 6,01 TO 03,143.0,Apartment,1997,72 years 05 months,770888.0
2024-05-01,WOODLANDS,EXECUTIVE,583,WOODLANDS DR 16,07 TO 09,131.0,Apartment,2001,76 years 01 month,755000.0
2024-05-01,WOODLANDS,EXECUTIVE,589,WOODLANDS DR 16,04 TO 06,131.0,Apartment,2001,76 years,765000.0
2024-05-01,WOODLANDS,EXECUTIVE,798,WOODLANDS DR 72,07 TO 09,140.0,Apartment,1997,72 years 07 months,778000.0
2024-05-01,WOODLANDS,EXECUTIVE,635,WOODLANDS RING RD,04 TO 06,141.0,Apartment,1999,74 years 05 months,840000.0
2024-05-01,WOODLANDS,EXECUTIVE,805,WOODLANDS ST 81,10 TO 12,147.0,Apartment,1994,68 years 09 months,860000.0
2024-05-01,WOODLANDS,EXECUTIVE,820,WOODLANDS ST 82,01 TO 03,177.0,Apartment,1995,69 years 11 months,982000.0
2024-05-01,WOODLANDS,EXECUTIVE,817,WOODLANDS ST 82,04 TO 06,144.0,Apartment,1988,63 years 05 months,750000.0
2024-05-01,WOODLANDS,EXECUTIVE,865,WOODLANDS ST 83,04 TO 06,146.0,Apartment,1996,70 years 11 months,745000.0
2024-05-01,WOODLANDS,EXECUTIVE,829,WOODLANDS ST 83,01 TO 03,146.0,Maisonette,1989,64 years,785000.0
2024-05-01,WOODLANDS,EXECUTIVE,865,WOODLANDS ST 83,07 TO 09,145.0,Apartment,1996,70 years 10 months,800888.0
2024-05-01,YISHUN,2 ROOM,438,YISHUN AVE 11,04 TO 06,40.0,Model A,2000,75 years 05 months,293000.0
2024-05-01,YISHUN,2 ROOM,424A,YISHUN AVE 11,13 TO 15,47.0,Model A,2015,90 years 07 months,350000.0
2024-05-01,YISHUN,2 ROOM,675D,YISHUN AVE 4,04 TO 06,47.0,Model A,2018,93 years 07 months,325000.0
2024-05-01,YISHUN,2 ROOM,462C,YISHUN AVE 6,01 TO 03,38.0,Model A,2019,94 years 04 months,312000.0
2024-05-01,YISHUN,2 ROOM,462B,YISHUN AVE 6,04 TO 06,38.0,Model A,2019,94 years 04 months,318000.0
2024-05-01,YISHUN,2 ROOM,462D,YISHUN AVE 6,13 TO 15,38.0,Model A,2019,94 years 04 months,325000.0
2024-05-01,YISHUN,2 ROOM,469B,YISHUN ST 43,01 TO 03,47.0,Model A,2019,94 years 07 months,315000.0
2024-05-01,YISHUN,3 ROOM,446,YISHUN AVE 11,07 TO 09,67.0,Model A,2012,87 years 03 months,445000.0
2024-05-01,YISHUN,3 ROOM,459,YISHUN AVE 11,10 TO 12,67.0,Model A,2013,88 years 04 months,442000.0
2024-05-01,YISHUN,3 ROOM,459,YISHUN AVE 11,07 TO 09,67.0,Model A,2013,88 years 04 months,471500.0
2024-05-01,YISHUN,3 ROOM,778,YISHUN AVE 2,04 TO 06,74.0,Model A,1989,63 years 09 months,410000.0
2024-05-01,YISHUN,3 ROOM,742,YISHUN AVE 5,01 TO 03,67.0,New Generation,1985,60 years 08 months,400000.0
2024-05-01,YISHUN,3 ROOM,702,YISHUN AVE 5,01 TO 03,67.0,New Generation,1984,59 years 03 months,390000.0
2024-05-01,YISHUN,3 ROOM,734,YISHUN AVE 5,07 TO 09,67.0,New Generation,1985,59 years 10 months,400000.0
2024-05-01,YISHUN,3 ROOM,742,YISHUN AVE 5,10 TO 12,67.0,New Generation,1985,60 years 08 months,440000.0
2024-05-01,YISHUN,3 ROOM,740,YISHUN AVE 5,07 TO 09,67.0,New Generation,1985,59 years 11 months,402000.0
2024-05-01,YISHUN,3 ROOM,101,YISHUN AVE 5,01 TO 03,68.0,New Generation,1978,53 years 02 months,355000.0
2024-05-01,YISHUN,3 ROOM,709,YISHUN AVE 5,10 TO 12,68.0,New Generation,1984,59 years,375000.0
2024-05-01,YISHUN,3 ROOM,703,YISHUN AVE 5,04 TO 06,68.0,New Generation,1984,58 years 09 months,388000.0
2024-05-01,YISHUN,3 ROOM,703,YISHUN AVE 5,10 TO 12,68.0,New Generation,1984,58 years 08 months,405000.0
2024-05-01,YISHUN,3 ROOM,284,YISHUN AVE 6,01 TO 03,74.0,Model A,1987,62 years 04 months,383000.0
2024-05-01,YISHUN,3 ROOM,462C,YISHUN AVE 6,07 TO 09,68.0,Model A,2019,94 years 04 months,468000.0
2024-05-01,YISHUN,3 ROOM,397,YISHUN AVE 6,10 TO 12,73.0,Model A,1989,63 years 10 months,405000.0
2024-05-01,YISHUN,3 ROOM,402,YISHUN RING RD,01 TO 03,74.0,Model A,1989,63 years 10 months,390000.0
2024-05-01,YISHUN,3 ROOM,849,YISHUN RING RD,04 TO 06,60.0,Model A,1999,74 years 03 months,425000.0
2024-05-01,YISHUN,3 ROOM,124,YISHUN ST 11,10 TO 12,67.0,New Generation,1985,60 years 04 months,405888.0
2024-05-01,YISHUN,3 ROOM,147,YISHUN ST 11,07 TO 09,67.0,New Generation,1985,60 years 05 months,407000.0
2024-05-01,YISHUN,3 ROOM,130,YISHUN ST 11,04 TO 06,74.0,Model A,1985,59 years 10 months,389000.0
2024-05-01,YISHUN,3 ROOM,160,YISHUN ST 11,10 TO 12,67.0,New Generation,1985,60 years 04 months,448000.0
2024-05-01,YISHUN,3 ROOM,129,YISHUN ST 11,04 TO 06,67.0,New Generation,1984,59 years 07 months,391000.0
2024-05-01,YISHUN,3 ROOM,214,YISHUN ST 21,07 TO 09,67.0,New Generation,1985,59 years 09 months,406000.0
2024-05-01,YISHUN,3 ROOM,210,YISHUN ST 21,10 TO 12,67.0,New Generation,1985,60 years 05 months,435000.0
2024-05-01,YISHUN,3 ROOM,215,YISHUN ST 21,01 TO 03,73.0,New Generation,1985,59 years 09 months,410000.0
2024-05-01,YISHUN,3 ROOM,217,YISHUN ST 21,01 TO 03,68.0,New Generation,1985,60 years 05 months,380000.0
2024-05-01,YISHUN,3 ROOM,223,YISHUN ST 21,04 TO 06,67.0,New Generation,1986,60 years 08 months,400000.0
2024-05-01,YISHUN,3 ROOM,268,YISHUN ST 22,04 TO 06,64.0,Simplified,1985,60 years 09 months,370008.0
2024-05-01,YISHUN,3 ROOM,266,YISHUN ST 22,04 TO 06,74.0,Model A,1987,61 years 11 months,390500.0
2024-05-01,YISHUN,3 ROOM,273,YISHUN ST 22,10 TO 12,74.0,Model A,1986,61 years 03 months,398000.0
2024-05-01,YISHUN,3 ROOM,334D,YISHUN ST 31,13 TO 15,67.0,Model A,2015,90 years 07 months,450000.0
2024-05-01,YISHUN,3 ROOM,468A,YISHUN ST 43,10 TO 12,67.0,Model A,2019,94 years 07 months,468000.0
2024-05-01,YISHUN,3 ROOM,511C,YISHUN ST 51,01 TO 03,68.0,Model A,2017,92 years 04 months,429500.0
2024-05-01,YISHUN,3 ROOM,513C,YISHUN ST 51,07 TO 09,68.0,Model A,2018,92 years 11 months,460000.0
2024-05-01,YISHUN,3 ROOM,641,YISHUN ST 61,10 TO 12,64.0,Simplified,1992,67 years 02 months,390000.0
2024-05-01,YISHUN,3 ROOM,630,YISHUN ST 61,10 TO 12,73.0,Model A,1988,63 years,435000.0
2024-05-01,YISHUN,3 ROOM,717,YISHUN ST 71,01 TO 03,64.0,Simplified,1987,62 years 07 months,370000.0
2024-05-01,YISHUN,3 ROOM,714,YISHUN ST 71,07 TO 09,64.0,Simplified,1988,62 years 11 months,380000.0
2024-05-01,YISHUN,3 ROOM,714,YISHUN ST 71,04 TO 06,64.0,Simplified,1988,62 years 11 months,382000.0
2024-05-01,YISHUN,3 ROOM,735,YISHUN ST 72,10 TO 12,67.0,New Generation,1985,59 years 10 months,390000.0
2024-05-01,YISHUN,3 ROOM,735,YISHUN ST 72,04 TO 06,67.0,New Generation,1985,59 years 10 months,390000.0
2024-05-01,YISHUN,4 ROOM,431D,YISHUN AVE 1,13 TO 15,92.0,Model A,2015,90 years 05 months,550000.0
2024-05-01,YISHUN,4 ROOM,458,YISHUN AVE 11,01 TO 03,93.0,Model A,2013,88 years 04 months,540000.0
2024-05-01,YISHUN,4 ROOM,445,YISHUN AVE 11,04 TO 06,92.0,Model A,2012,87 years 03 months,578000.0
2024-05-01,YISHUN,4 ROOM,347B,YISHUN AVE 11,07 TO 09,92.0,DBSS,2013,88 years 06 months,738000.0
2024-05-01,YISHUN,4 ROOM,348A,YISHUN AVE 11,07 TO 09,92.0,DBSS,2013,88 years 06 months,723888.0
2024-05-01,YISHUN,4 ROOM,347B,YISHUN AVE 11,10 TO 12,92.0,DBSS,2013,88 years 06 months,765000.0
2024-05-01,YISHUN,4 ROOM,348A,YISHUN AVE 11,07 TO 09,92.0,DBSS,2013,88 years 06 months,758000.0
2024-05-01,YISHUN,4 ROOM,425,YISHUN AVE 11,01 TO 03,104.0,Model A,1988,63 years 04 months,470000.0
2024-05-01,YISHUN,4 ROOM,426A,YISHUN AVE 11,07 TO 09,92.0,Model A,2015,89 years 11 months,565000.0
2024-05-01,YISHUN,4 ROOM,348D,YISHUN AVE 11,07 TO 09,92.0,DBSS,2013,88 years 05 months,725000.0
2024-05-01,YISHUN,4 ROOM,458,YISHUN AVE 11,10 TO 12,93.0,Model A,2013,88 years 04 months,535000.0
2024-05-01,YISHUN,4 ROOM,426B,YISHUN AVE 11,13 TO 15,92.0,Model A,2015,89 years 11 months,560000.0
2024-05-01,YISHUN,4 ROOM,445,YISHUN AVE 11,07 TO 09,96.0,Model A,2012,87 years 02 months,595000.0
2024-05-01,YISHUN,4 ROOM,348D,YISHUN AVE 11,04 TO 06,92.0,DBSS,2013,88 years 05 months,668000.0
2024-05-01,YISHUN,4 ROOM,663,YISHUN AVE 4,01 TO 03,83.0,Simplified,1987,62 years 06 months,452000.0
2024-05-01,YISHUN,4 ROOM,507A,YISHUN AVE 4,04 TO 06,93.0,Model A,2018,93 years 01 month,540000.0
2024-05-01,YISHUN,4 ROOM,860,YISHUN AVE 4,01 TO 03,104.0,Model A,1988,63 years 04 months,525000.0
2024-05-01,YISHUN,4 ROOM,673B,YISHUN AVE 4,04 TO 06,93.0,Model A,2018,93 years 07 months,580000.0
2024-05-01,YISHUN,4 ROOM,674B,YISHUN AVE 4,07 TO 09,93.0,Model A,2018,93 years 07 months,580000.0
2024-05-01,YISHUN,4 ROOM,863,YISHUN AVE 4,04 TO 06,104.0,Model A,1988,63 years 03 months,540000.0
2024-05-01,YISHUN,4 ROOM,860,YISHUN AVE 4,01 TO 03,104.0,Model A,1988,63 years 04 months,500000.0
2024-05-01,YISHUN,4 ROOM,675C,YISHUN AVE 4,01 TO 03,93.0,Model A,2018,93 years 06 months,540000.0
2024-05-01,YISHUN,4 ROOM,709,YISHUN AVE 5,07 TO 09,93.0,New Generation,1984,59 years,465000.0
2024-05-01,YISHUN,4 ROOM,743,YISHUN AVE 5,04 TO 06,93.0,New Generation,1984,59 years 02 months,522000.0
2024-05-01,YISHUN,4 ROOM,462B,YISHUN AVE 6,07 TO 09,93.0,Model A,2019,94 years 04 months,565000.0
2024-05-01,YISHUN,4 ROOM,408,YISHUN AVE 6,07 TO 09,84.0,Simplified,1988,63 years 03 months,438000.0
2024-05-01,YISHUN,4 ROOM,462C,YISHUN AVE 6,13 TO 15,93.0,Model A,2019,94 years 04 months,625000.0
2024-05-01,YISHUN,4 ROOM,404,YISHUN AVE 6,04 TO 06,84.0,Simplified,1988,63 years 05 months,455000.0
2024-05-01,YISHUN,4 ROOM,404,YISHUN AVE 6,01 TO 03,84.0,Simplified,1988,63 years 05 months,448000.0
2024-05-01,YISHUN,4 ROOM,171,YISHUN AVE 7,07 TO 09,103.0,Model A,1988,63 years 05 months,505000.0
2024-05-01,YISHUN,4 ROOM,315B,YISHUN AVE 9,04 TO 06,92.0,Model A,2015,90 years 06 months,570000.0
2024-05-01,YISHUN,4 ROOM,315C,YISHUN AVE 9,13 TO 15,92.0,Model A,2015,90 years 06 months,588000.0
2024-05-01,YISHUN,4 ROOM,302,YISHUN CTRL,10 TO 12,104.0,Model A,1988,62 years 11 months,538000.0
2024-05-01,YISHUN,4 ROOM,320,YISHUN CTRL,01 TO 03,105.0,Model A,1988,62 years 10 months,515000.0
2024-05-01,YISHUN,4 ROOM,930,YISHUN CTRL 1,04 TO 06,104.0,Model A,1993,67 years 10 months,638000.0
2024-05-01,YISHUN,4 ROOM,329,YISHUN RING RD,07 TO 09,84.0,Simplified,1988,62 years 09 months,460000.0
2024-05-01,YISHUN,4 ROOM,794,YISHUN RING RD,13 TO 15,84.0,Simplified,1987,61 years 10 months,500888.0
2024-05-01,YISHUN,4 ROOM,244,YISHUN RING RD,07 TO 09,84.0,Simplified,1985,60 years,450000.0
2024-05-01,YISHUN,4 ROOM,139,YISHUN RING RD,04 TO 06,98.0,New Generation,1984,59 years 05 months,510000.0
2024-05-01,YISHUN,4 ROOM,676B,YISHUN RING RD,13 TO 15,93.0,Model A,2018,93 years 06 months,625000.0
2024-05-01,YISHUN,4 ROOM,136,YISHUN RING RD,04 TO 06,93.0,New Generation,1984,59 years 05 months,503000.0
2024-05-01,YISHUN,4 ROOM,242,YISHUN RING RD,10 TO 12,91.0,New Generation,1986,60 years 08 months,528888.0
2024-05-01,YISHUN,4 ROOM,241,YISHUN RING RD,04 TO 06,96.0,New Generation,1986,61 years 07 months,480000.0
2024-05-01,YISHUN,4 ROOM,395,YISHUN RING RD,07 TO 09,104.0,Model A,1988,63 years 04 months,484000.0
2024-05-01,YISHUN,4 ROOM,130,YISHUN ST 11,10 TO 12,104.0,Model A,1985,59 years 09 months,535000.0
2024-05-01,YISHUN,4 ROOM,296,YISHUN ST 20,07 TO 09,91.0,Model A,2000,75 years 07 months,550000.0
2024-05-01,YISHUN,4 ROOM,217,YISHUN ST 21,07 TO 09,93.0,New Generation,1985,60 years 05 months,530000.0
2024-05-01,YISHUN,4 ROOM,224,YISHUN ST 21,07 TO 09,95.0,New Generation,1985,60 years 04 months,492000.0
2024-05-01,YISHUN,4 ROOM,213,YISHUN ST 21,10 TO 12,98.0,New Generation,1985,59 years 09 months,516000.0
2024-05-01,YISHUN,4 ROOM,269,YISHUN ST 22,01 TO 03,104.0,Model A,1988,63 years 01 month,495000.0
2024-05-01,YISHUN,4 ROOM,275,YISHUN ST 22,10 TO 12,84.0,Simplified,1986,60 years 10 months,445000.0
2024-05-01,YISHUN,4 ROOM,270,YISHUN ST 22,07 TO 09,104.0,Model A,1987,62 years 08 months,510000.0
2024-05-01,YISHUN,4 ROOM,334B,YISHUN ST 31,07 TO 09,92.0,Model A,2015,90 years 07 months,580000.0
2024-05-01,YISHUN,4 ROOM,336B,YISHUN ST 31,01 TO 03,92.0,Model A,2015,90 years 07 months,535000.0
2024-05-01,YISHUN,4 ROOM,455,YISHUN ST 41,07 TO 09,93.0,Model A,2013,88 years 04 months,568000.0
2024-05-01,YISHUN,4 ROOM,453,YISHUN ST 41,10 TO 12,93.0,Model A,2013,88 years 04 months,570000.0
2024-05-01,YISHUN,4 ROOM,469A,YISHUN ST 43,04 TO 06,93.0,Model A,2019,94 years 07 months,555000.0
2024-05-01,YISHUN,4 ROOM,513B,YISHUN ST 51,10 TO 12,93.0,Model A,2018,92 years 10 months,590000.0
2024-05-01,YISHUN,4 ROOM,603,YISHUN ST 61,07 TO 09,83.0,Simplified,1987,61 years 10 months,471000.0
2024-05-01,YISHUN,4 ROOM,628,YISHUN ST 61,10 TO 12,105.0,Model A,1988,62 years 11 months,555000.0
2024-05-01,YISHUN,4 ROOM,626,YISHUN ST 61,04 TO 06,85.0,Simplified,1987,62 years 01 month,481000.0
2024-05-01,YISHUN,4 ROOM,726,YISHUN ST 71,10 TO 12,84.0,Simplified,1985,60 years 07 months,460000.0
2024-05-01,YISHUN,4 ROOM,727,YISHUN ST 71,07 TO 09,104.0,Model A,1985,60 years 07 months,518000.0
2024-05-01,YISHUN,4 ROOM,727,YISHUN ST 71,10 TO 12,84.0,Simplified,1985,60 years 07 months,456000.0
2024-05-01,YISHUN,4 ROOM,715,YISHUN ST 71,07 TO 09,84.0,Simplified,1987,62 years 02 months,465000.0
2024-05-01,YISHUN,4 ROOM,751,YISHUN ST 72,07 TO 09,91.0,New Generation,1984,59 years,520000.0
2024-05-01,YISHUN,4 ROOM,752,YISHUN ST 72,04 TO 06,91.0,New Generation,1984,58 years 11 months,530100.0
2024-05-01,YISHUN,4 ROOM,832,YISHUN ST 81,01 TO 03,104.0,Model A,1988,63 years,548000.0
2024-05-01,YISHUN,4 ROOM,873,YISHUN ST 81,04 TO 06,104.0,Model A,1988,63 years,560000.0
2024-05-01,YISHUN,4 ROOM,879,YISHUN ST 81,10 TO 12,84.0,Simplified,1987,62 years 06 months,480000.0
2024-05-01,YISHUN,4 ROOM,838,YISHUN ST 81,04 TO 06,104.0,Model A,1987,62 years 05 months,580000.0
2024-05-01,YISHUN,5 ROOM,419,YISHUN AVE 11,07 TO 09,122.0,Improved,1993,67 years 10 months,638000.0
2024-05-01,YISHUN,5 ROOM,657,YISHUN AVE 4,04 TO 06,121.0,Improved,1987,62 years 07 months,635000.0
2024-05-01,YISHUN,5 ROOM,665,YISHUN AVE 4,01 TO 03,134.0,Model A,1992,67 years 02 months,708888.0
2024-05-01,YISHUN,5 ROOM,673B,YISHUN AVE 4,10 TO 12,112.0,Improved,2018,93 years 06 months,740000.0
2024-05-01,YISHUN,5 ROOM,317A,YISHUN AVE 9,01 TO 03,112.0,Improved,2015,90 years 05 months,650000.0
2024-05-01,YISHUN,5 ROOM,305,YISHUN CTRL,04 TO 06,122.0,Improved,1988,62 years 11 months,635000.0
2024-05-01,YISHUN,5 ROOM,167,YISHUN RING RD,01 TO 03,121.0,Improved,1987,62 years 09 months,560000.0
2024-05-01,YISHUN,5 ROOM,676C,YISHUN RING RD,10 TO 12,113.0,Improved,2018,93 years 06 months,742500.0
2024-05-01,YISHUN,5 ROOM,795,YISHUN RING RD,07 TO 09,129.0,Improved,1987,61 years 10 months,780000.0
2024-05-01,YISHUN,5 ROOM,166,YISHUN RING RD,04 TO 06,121.0,Improved,1987,62 years 08 months,608000.0
2024-05-01,YISHUN,5 ROOM,310,YISHUN RING RD,07 TO 09,135.0,Model A,1995,69 years 10 months,735000.0
2024-05-01,YISHUN,5 ROOM,804,YISHUN RING RD,01 TO 03,122.0,Improved,1987,61 years 10 months,650000.0
2024-05-01,YISHUN,5 ROOM,298,YISHUN ST 20,10 TO 12,112.0,Improved,2000,75 years 08 months,625000.0
2024-05-01,YISHUN,5 ROOM,299,YISHUN ST 20,13 TO 15,112.0,Improved,2000,75 years 07 months,620000.0
2024-05-01,YISHUN,5 ROOM,297,YISHUN ST 20,13 TO 15,112.0,Improved,2000,75 years 06 months,650000.0
2024-05-01,YISHUN,5 ROOM,298,YISHUN ST 20,01 TO 03,113.0,Improved,2000,75 years 07 months,590000.0
2024-05-01,YISHUN,5 ROOM,502C,YISHUN ST 51,07 TO 09,112.0,Improved,2018,92 years 09 months,721800.0
2024-05-01,YISHUN,5 ROOM,504D,YISHUN ST 51,01 TO 03,113.0,Improved,2016,90 years 11 months,610000.0
2024-05-01,YISHUN,5 ROOM,513D,YISHUN ST 51,04 TO 06,113.0,Improved,2018,92 years 10 months,720000.0
2024-05-01,YISHUN,5 ROOM,513D,YISHUN ST 51,04 TO 06,120.0,3Gen,2018,92 years 10 months,660000.0
2024-05-01,YISHUN,5 ROOM,871,YISHUN ST 81,04 TO 06,122.0,Improved,1988,62 years 10 months,760000.0
2024-05-01,YISHUN,EXECUTIVE,351,YISHUN AVE 11,04 TO 06,154.0,Maisonette,1988,63 years 04 months,850000.0
2024-05-01,YISHUN,EXECUTIVE,791,YISHUN AVE 2,04 TO 06,146.0,Apartment,1987,62 years 05 months,815000.0
2024-05-01,YISHUN,EXECUTIVE,325,YISHUN CTRL,04 TO 06,146.0,Maisonette,1988,63 years 06 months,880000.0
2024-05-01,YISHUN,EXECUTIVE,360,YISHUN RING RD,04 TO 06,145.0,Apartment,1988,63 years 03 months,735000.0
2024-05-01,YISHUN,EXECUTIVE,355A,YISHUN RING RD,01 TO 03,146.0,Maisonette,1988,63 years 02 months,815888.0
2024-05-01,YISHUN,EXECUTIVE,292,YISHUN ST 22,01 TO 03,169.0,Apartment,1992,67 years 02 months,1032000.0
2024-05-01,YISHUN,EXECUTIVE,643,YISHUN ST 61,10 TO 12,142.0,Apartment,1987,62 years 05 months,800000.0
2024-05-01,YISHUN,EXECUTIVE,834,YISHUN ST 81,04 TO 06,154.0,Maisonette,1988,62 years 09 months,948000.0
2024-06-01,ANG MO KIO,2 ROOM,323,ANG MO KIO AVE 3,10 TO 12,44.0,Improved,1977,52 years 01 month,300000.0
2024-06-01,ANG MO KIO,2 ROOM,314,ANG MO KIO AVE 3,04 TO 06,44.0,Improved,1978,52 years 08 months,288000.0
2024-06-01,ANG MO KIO,2 ROOM,174,ANG MO KIO AVE 4,01 TO 03,45.0,Improved,1986,60 years 08 months,306000.0
2024-06-01,ANG MO KIO,2 ROOM,172,ANG MO KIO AVE 4,01 TO 03,45.0,Improved,1986,60 years 08 months,315000.0
2024-06-01,ANG MO KIO,2 ROOM,170,ANG MO KIO AVE 4,07 TO 09,45.0,Improved,1986,60 years 08 months,328000.0
2024-06-01,ANG MO KIO,2 ROOM,170,ANG MO KIO AVE 4,04 TO 06,45.0,Improved,1986,60 years 09 months,310000.0
2024-06-01,ANG MO KIO,3 ROOM,333,ANG MO KIO AVE 1,04 TO 06,68.0,New Generation,1981,55 years 08 months,390000.0
2024-06-01,ANG MO KIO,3 ROOM,319,ANG MO KIO AVE 1,07 TO 09,73.0,New Generation,1977,52 years,412000.0
2024-06-01,ANG MO KIO,3 ROOM,333,ANG MO KIO AVE 1,04 TO 06,68.0,New Generation,1981,55 years 08 months,400000.0
2024-06-01,ANG MO KIO,3 ROOM,225,ANG MO KIO AVE 1,07 TO 09,82.0,New Generation,1978,52 years 08 months,495000.0
2024-06-01,ANG MO KIO,3 ROOM,208,ANG MO KIO AVE 1,10 TO 12,73.0,New Generation,1976,51 years 02 months,427000.0
2024-06-01,ANG MO KIO,3 ROOM,549,ANG MO KIO AVE 10,13 TO 15,68.0,New Generation,1981,55 years 08 months,385000.0
2024-06-01,ANG MO KIO,3 ROOM,540,ANG MO KIO AVE 10,07 TO 09,68.0,New Generation,1981,55 years 08 months,388000.0
2024-06-01,ANG MO KIO,3 ROOM,577,ANG MO KIO AVE 10,07 TO 09,82.0,New Generation,1980,54 years 08 months,460000.0
2024-06-01,ANG MO KIO,3 ROOM,434,ANG MO KIO AVE 10,04 TO 06,67.0,New Generation,1979,53 years 08 months,340000.0
2024-06-01,ANG MO KIO,3 ROOM,576,ANG MO KIO AVE 10,04 TO 06,67.0,New Generation,1980,54 years 08 months,412000.0
2024-06-01,ANG MO KIO,3 ROOM,542,ANG MO KIO AVE 10,07 TO 09,68.0,New Generation,1981,55 years 08 months,422000.0
2024-06-01,ANG MO KIO,3 ROOM,541,ANG MO KIO AVE 10,04 TO 06,68.0,New Generation,1981,55 years 08 months,410000.0
2024-06-01,ANG MO KIO,3 ROOM,456,ANG MO KIO AVE 10,10 TO 12,75.0,New Generation,1980,54 years 08 months,402000.0
2024-06-01,ANG MO KIO,3 ROOM,442,ANG MO KIO AVE 10,10 TO 12,67.0,New Generation,1979,54 years 03 months,432888.0
2024-06-01,ANG MO KIO,3 ROOM,463,ANG MO KIO AVE 10,10 TO 12,68.0,New Generation,1980,54 years 09 months,380000.0
2024-06-01,ANG MO KIO,3 ROOM,433,ANG MO KIO AVE 10,10 TO 12,67.0,New Generation,1979,53 years 08 months,415000.0
2024-06-01,ANG MO KIO,3 ROOM,561,ANG MO KIO AVE 10,10 TO 12,68.0,New Generation,1980,54 years 08 months,375000.0
2024-06-01,ANG MO KIO,3 ROOM,444,ANG MO KIO AVE 10,07 TO 09,67.0,New Generation,1979,54 years 03 months,382000.0
2024-06-01,ANG MO KIO,3 ROOM,404,ANG MO KIO AVE 10,07 TO 09,67.0,New Generation,1979,54 years,383000.0
2024-06-01,ANG MO KIO,3 ROOM,534,ANG MO KIO AVE 10,10 TO 12,68.0,New Generation,1980,54 years 09 months,393888.0
2024-06-01,ANG MO KIO,3 ROOM,471,ANG MO KIO AVE 10,01 TO 03,67.0,New Generation,1979,54 years 02 months,370000.0
2024-06-01,ANG MO KIO,3 ROOM,329,ANG MO KIO AVE 3,10 TO 12,73.0,New Generation,1978,52 years 08 months,470000.0
2024-06-01,ANG MO KIO,3 ROOM,345,ANG MO KIO AVE 3,04 TO 06,73.0,New Generation,1978,52 years 11 months,460000.0
2024-06-01,ANG MO KIO,3 ROOM,201,ANG MO KIO AVE 3,01 TO 03,67.0,New Generation,1977,51 years 11 months,378000.0
2024-06-01,ANG MO KIO,3 ROOM,212,ANG MO KIO AVE 3,07 TO 09,67.0,New Generation,1977,51 years 11 months,383000.0
2024-06-01,ANG MO KIO,3 ROOM,302,ANG MO KIO AVE 3,10 TO 12,73.0,New Generation,1978,52 years 10 months,431000.0
2024-06-01,ANG MO KIO,3 ROOM,118,ANG MO KIO AVE 4,07 TO 09,74.0,New Generation,1978,53 years 01 month,405000.0
2024-06-01,ANG MO KIO,3 ROOM,112,ANG MO KIO AVE 4,10 TO 12,74.0,New Generation,1978,52 years 08 months,430000.0
2024-06-01,ANG MO KIO,3 ROOM,178,ANG MO KIO AVE 4,07 TO 09,68.0,New Generation,1981,55 years 11 months,400000.0
2024-06-01,ANG MO KIO,3 ROOM,163,ANG MO KIO AVE 4,04 TO 06,69.0,New Generation,1980,55 years 05 months,388000.0
2024-06-01,ANG MO KIO,3 ROOM,109,ANG MO KIO AVE 4,04 TO 06,82.0,New Generation,1978,53 years 03 months,490000.0
2024-06-01,ANG MO KIO,3 ROOM,170,ANG MO KIO AVE 4,04 TO 06,61.0,Improved,1986,60 years 08 months,380000.0
2024-06-01,ANG MO KIO,3 ROOM,172,ANG MO KIO AVE 4,04 TO 06,60.0,Improved,1986,60 years 08 months,380000.0
2024-06-01,ANG MO KIO,3 ROOM,643,ANG MO KIO AVE 5,10 TO 12,75.0,New Generation,1980,55 years 06 months,450000.0
2024-06-01,ANG MO KIO,3 ROOM,502,ANG MO KIO AVE 5,04 TO 06,68.0,New Generation,1981,55 years 08 months,410000.0
2024-06-01,ANG MO KIO,3 ROOM,503,ANG MO KIO AVE 5,04 TO 06,68.0,New Generation,1981,55 years 08 months,380000.0
2024-06-01,ANG MO KIO,3 ROOM,180,ANG MO KIO AVE 5,04 TO 06,82.0,New Generation,1981,55 years 11 months,448000.0
2024-06-01,ANG MO KIO,3 ROOM,524,ANG MO KIO AVE 5,04 TO 06,68.0,New Generation,1980,55 years 03 months,418000.0
2024-06-01,ANG MO KIO,3 ROOM,180,ANG MO KIO AVE 5,07 TO 09,68.0,New Generation,1981,55 years 11 months,385000.0
2024-06-01,ANG MO KIO,3 ROOM,639,ANG MO KIO AVE 6,04 TO 06,68.0,New Generation,1980,55 years 04 months,380000.0
2024-06-01,ANG MO KIO,3 ROOM,509,ANG MO KIO AVE 8,01 TO 03,81.0,New Generation,1980,55 years 01 month,465000.0
2024-06-01,ANG MO KIO,3 ROOM,504,ANG MO KIO AVE 8,04 TO 06,68.0,New Generation,1980,55 years 03 months,368000.0
2024-06-01,ANG MO KIO,3 ROOM,709,ANG MO KIO AVE 8,04 TO 06,82.0,New Generation,1980,55 years 02 months,525000.0
2024-06-01,ANG MO KIO,3 ROOM,504,ANG MO KIO AVE 8,04 TO 06,82.0,New Generation,1980,55 years 03 months,490008.0
2024-06-01,ANG MO KIO,3 ROOM,505,ANG MO KIO AVE 8,07 TO 09,68.0,New Generation,1980,55 years 02 months,385000.0
2024-06-01,ANG MO KIO,3 ROOM,591A,ANG MO KIO ST 51,28 TO 30,68.0,Model A,2019,93 years 09 months,780000.0
2024-06-01,ANG MO KIO,3 ROOM,590A,ANG MO KIO ST 51,13 TO 15,68.0,Model A,2019,93 years 09 months,720000.0
2024-06-01,ANG MO KIO,3 ROOM,650,ANG MO KIO ST 61,07 TO 09,67.0,Model A,2015,90 years 07 months,595000.0
2024-06-01,ANG MO KIO,4 ROOM,332,ANG MO KIO AVE 1,10 TO 12,93.0,New Generation,1981,55 years 08 months,525000.0
2024-06-01,ANG MO KIO,4 ROOM,310B,ANG MO KIO AVE 1,19 TO 21,87.0,Model A,2012,87 years 03 months,845000.0
2024-06-01,ANG MO KIO,4 ROOM,415,ANG MO KIO AVE 10,04 TO 06,92.0,New Generation,1979,54 years 03 months,510000.0
2024-06-01,ANG MO KIO,4 ROOM,462,ANG MO KIO AVE 10,10 TO 12,92.0,New Generation,1980,54 years 09 months,510000.0
2024-06-01,ANG MO KIO,4 ROOM,421,ANG MO KIO AVE 10,04 TO 06,99.0,New Generation,1979,54 years 03 months,490000.0
2024-06-01,ANG MO KIO,4 ROOM,461,ANG MO KIO AVE 10,10 TO 12,92.0,New Generation,1980,54 years 09 months,590000.0
2024-06-01,ANG MO KIO,4 ROOM,325,ANG MO KIO AVE 3,10 TO 12,98.0,New Generation,1978,53 years 04 months,628000.0
2024-06-01,ANG MO KIO,4 ROOM,573,ANG MO KIO AVE 3,07 TO 09,92.0,New Generation,1979,54 years,561000.0
2024-06-01,ANG MO KIO,4 ROOM,573,ANG MO KIO AVE 3,07 TO 09,92.0,New Generation,1979,54 years,535000.0
2024-06-01,ANG MO KIO,4 ROOM,329,ANG MO KIO AVE 3,04 TO 06,98.0,New Generation,1978,52 years 08 months,620888.0
2024-06-01,ANG MO KIO,4 ROOM,112,ANG MO KIO AVE 4,04 TO 06,99.0,New Generation,1978,52 years 08 months,526888.0
2024-06-01,ANG MO KIO,4 ROOM,107,ANG MO KIO AVE 4,04 TO 06,99.0,New Generation,1978,52 years 11 months,588888.0
2024-06-01,ANG MO KIO,4 ROOM,173,ANG MO KIO AVE 4,01 TO 03,91.0,New Generation,1982,56 years 08 months,492888.0
2024-06-01,ANG MO KIO,4 ROOM,610,ANG MO KIO AVE 4,04 TO 06,95.0,New Generation,1980,55 years 06 months,512000.0
2024-06-01,ANG MO KIO,4 ROOM,624,ANG MO KIO AVE 4,01 TO 03,93.0,New Generation,1980,55 years 04 months,480000.0
2024-06-01,ANG MO KIO,4 ROOM,179,ANG MO KIO AVE 5,07 TO 09,91.0,New Generation,1981,55 years 11 months,498888.0
2024-06-01,ANG MO KIO,4 ROOM,643,ANG MO KIO AVE 5,04 TO 06,100.0,New Generation,1980,55 years 06 months,558888.0
2024-06-01,ANG MO KIO,4 ROOM,639,ANG MO KIO AVE 6,10 TO 12,92.0,New Generation,1980,55 years 04 months,558000.0
2024-06-01,ANG MO KIO,4 ROOM,700A,ANG MO KIO AVE 6,04 TO 06,90.0,Model A,2003,78 years 04 months,720000.0
2024-06-01,ANG MO KIO,4 ROOM,638,ANG MO KIO AVE 6,07 TO 09,91.0,New Generation,1980,55 years 02 months,540000.0
2024-06-01,ANG MO KIO,4 ROOM,505,ANG MO KIO AVE 8,10 TO 12,93.0,New Generation,1980,55 years 03 months,555000.0
2024-06-01,ANG MO KIO,4 ROOM,260A,ANG MO KIO ST 21,25 TO 27,93.0,Model A,2018,93 years 01 month,981000.0
2024-06-01,ANG MO KIO,4 ROOM,455C,ANG MO KIO ST 44,25 TO 27,93.0,Model A,2018,92 years 10 months,975000.0
2024-06-01,ANG MO KIO,4 ROOM,455B,ANG MO KIO ST 44,04 TO 06,93.0,Model A,2018,92 years 10 months,858000.0
2024-06-01,ANG MO KIO,4 ROOM,455A,ANG MO KIO ST 44,04 TO 06,93.0,Model A,2018,92 years 10 months,790000.0
2024-06-01,ANG MO KIO,4 ROOM,591A,ANG MO KIO ST 51,19 TO 21,93.0,Model A,2019,93 years 09 months,1000000.0
2024-06-01,ANG MO KIO,4 ROOM,591A,ANG MO KIO ST 51,31 TO 33,93.0,Model A,2019,93 years 09 months,1038888.0
2024-06-01,ANG MO KIO,4 ROOM,591A,ANG MO KIO ST 51,04 TO 06,93.0,Model A,2019,93 years 09 months,878000.0
2024-06-01,ANG MO KIO,4 ROOM,591A,ANG MO KIO ST 51,16 TO 18,93.0,Model A,2019,93 years 09 months,985000.0
2024-06-01,ANG MO KIO,4 ROOM,596C,ANG MO KIO ST 52,07 TO 09,91.0,Model A,2002,77 years 07 months,775000.0
2024-06-01,ANG MO KIO,5 ROOM,222,ANG MO KIO AVE 1,10 TO 12,126.0,Improved,1993,67 years 11 months,808000.0
2024-06-01,ANG MO KIO,5 ROOM,441,ANG MO KIO AVE 10,07 TO 09,134.0,Adjoined flat,1979,53 years 08 months,1260000.0
2024-06-01,ANG MO KIO,5 ROOM,401,ANG MO KIO AVE 10,22 TO 24,119.0,Improved,1979,54 years,710000.0
2024-06-01,ANG MO KIO,5 ROOM,401,ANG MO KIO AVE 10,16 TO 18,119.0,Improved,1979,54 years,773000.0
2024-06-01,ANG MO KIO,5 ROOM,312,ANG MO KIO AVE 3,04 TO 06,123.0,Improved,1978,52 years 08 months,745000.0
2024-06-01,ANG MO KIO,5 ROOM,430,ANG MO KIO AVE 3,10 TO 12,119.0,Improved,1979,53 years 08 months,750000.0
2024-06-01,ANG MO KIO,5 ROOM,430,ANG MO KIO AVE 3,16 TO 18,119.0,Improved,1979,53 years 08 months,832888.0
2024-06-01,ANG MO KIO,5 ROOM,609,ANG MO KIO AVE 4,07 TO 09,134.0,Model A,1993,67 years 11 months,850000.0
2024-06-01,ANG MO KIO,5 ROOM,648,ANG MO KIO AVE 5,10 TO 12,121.0,Improved,1980,55 years 06 months,730000.0
2024-06-01,ANG MO KIO,5 ROOM,700A,ANG MO KIO AVE 6,04 TO 06,110.0,Improved,2003,78 years 04 months,1015000.0
2024-06-01,ANG MO KIO,5 ROOM,714,ANG MO KIO AVE 6,04 TO 06,119.0,Improved,1980,55 years 01 month,720000.0
2024-06-01,ANG MO KIO,5 ROOM,260B,ANG MO KIO ST 21,10 TO 12,113.0,Improved,2018,93 years 01 month,1160000.0
2024-06-01,ANG MO KIO,5 ROOM,455B,ANG MO KIO ST 44,01 TO 03,113.0,Improved,2018,92 years 10 months,1006000.0
2024-06-01,ANG MO KIO,5 ROOM,588C,ANG MO KIO ST 52,10 TO 12,112.0,DBSS,2011,86 years 03 months,1070000.0
2024-06-01,BEDOK,2 ROOM,534,BEDOK NTH ST 3,04 TO 06,45.0,Improved,1986,60 years 09 months,322000.0
2024-06-01,BEDOK,2 ROOM,620,BEDOK RESERVOIR RD,07 TO 09,45.0,Improved,1986,61 years 03 months,308000.0
2024-06-01,BEDOK,2 ROOM,620,BEDOK RESERVOIR RD,01 TO 03,45.0,Improved,1986,61 years 03 months,290000.0
2024-06-01,BEDOK,3 ROOM,220A,BEDOK CTRL,10 TO 12,69.0,Model A,2010,85 years,663000.0
2024-06-01,BEDOK,3 ROOM,550,BEDOK NTH AVE 1,04 TO 06,82.0,New Generation,1980,55 years 01 month,437500.0
2024-06-01,BEDOK,3 ROOM,549,BEDOK NTH AVE 1,07 TO 09,82.0,New Generation,1984,59 years 05 months,466000.0
2024-06-01,BEDOK,3 ROOM,418,BEDOK NTH AVE 2,04 TO 06,67.0,New Generation,1978,53 years 06 months,428000.0
2024-06-01,BEDOK,3 ROOM,515,BEDOK NTH AVE 2,01 TO 03,67.0,New Generation,1979,54 years 02 months,375000.0
2024-06-01,BEDOK,3 ROOM,100,BEDOK NTH AVE 4,04 TO 06,67.0,New Generation,1978,53 years 06 months,398000.0
2024-06-01,BEDOK,3 ROOM,74,BEDOK NTH RD,07 TO 09,59.0,Improved,1978,52 years 08 months,360000.0
2024-06-01,BEDOK,3 ROOM,108,BEDOK NTH RD,10 TO 12,67.0,New Generation,1977,52 years 02 months,427000.0
2024-06-01,BEDOK,3 ROOM,74,BEDOK NTH RD,07 TO 09,59.0,Improved,1978,52 years 08 months,410000.0
2024-06-01,BEDOK,3 ROOM,74,BEDOK NTH RD,10 TO 12,59.0,Improved,1978,52 years 08 months,372000.0
2024-06-01,BEDOK,3 ROOM,214,BEDOK NTH ST 1,04 TO 06,68.0,New Generation,1980,54 years 09 months,460000.0
2024-06-01,BEDOK,3 ROOM,213,BEDOK NTH ST 1,01 TO 03,68.0,New Generation,1980,54 years 09 months,419000.0
2024-06-01,BEDOK,3 ROOM,122,BEDOK NTH ST 2,07 TO 09,67.0,New Generation,1978,52 years 10 months,391000.0
2024-06-01,BEDOK,3 ROOM,135,BEDOK NTH ST 2,07 TO 09,67.0,New Generation,1978,53 years,390000.0
2024-06-01,BEDOK,3 ROOM,530,BEDOK NTH ST 3,10 TO 12,68.0,New Generation,1979,54 years 03 months,369000.0
2024-06-01,BEDOK,3 ROOM,533,BEDOK NTH ST 3,10 TO 12,68.0,New Generation,1980,54 years 08 months,370000.0
2024-06-01,BEDOK,3 ROOM,534,BEDOK NTH ST 3,04 TO 06,69.0,Improved,1986,60 years 09 months,390000.0
2024-06-01,BEDOK,3 ROOM,504,BEDOK NTH ST 3,10 TO 12,59.0,Improved,1978,52 years 11 months,365000.0
2024-06-01,BEDOK,3 ROOM,533,BEDOK NTH ST 3,10 TO 12,68.0,New Generation,1980,54 years 08 months,392000.0
2024-06-01,BEDOK,3 ROOM,534,BEDOK NTH ST 3,07 TO 09,60.0,Improved,1986,60 years 09 months,355000.0
2024-06-01,BEDOK,3 ROOM,537,BEDOK NTH ST 3,01 TO 03,68.0,New Generation,1980,54 years 08 months,400000.0
2024-06-01,BEDOK,3 ROOM,554,BEDOK NTH ST 3,04 TO 06,68.0,New Generation,1980,55 years 01 month,390000.0
2024-06-01,BEDOK,3 ROOM,510,BEDOK NTH ST 3,01 TO 03,67.0,New Generation,1979,54 years 04 months,395000.0
2024-06-01,BEDOK,3 ROOM,542,BEDOK NTH ST 3,10 TO 12,67.0,New Generation,1985,60 years 04 months,405000.0
2024-06-01,BEDOK,3 ROOM,533,BEDOK NTH ST 3,13 TO 15,68.0,New Generation,1980,54 years 08 months,400000.0
2024-06-01,BEDOK,3 ROOM,88,BEDOK NTH ST 4,01 TO 03,67.0,New Generation,1978,52 years 11 months,390000.0
2024-06-01,BEDOK,3 ROOM,188C,BEDOK NTH ST 4,16 TO 18,68.0,Model A,2020,94 years 08 months,580000.0
2024-06-01,BEDOK,3 ROOM,84,BEDOK NTH ST 4,01 TO 03,67.0,New Generation,1978,52 years 11 months,385000.0
2024-06-01,BEDOK,3 ROOM,188C,BEDOK NTH ST 4,04 TO 06,68.0,Model A,2020,94 years 08 months,570000.0
2024-06-01,BEDOK,3 ROOM,713,BEDOK RESERVOIR RD,01 TO 03,82.0,New Generation,1981,56 years 02 months,438000.0
2024-06-01,BEDOK,3 ROOM,606,BEDOK RESERVOIR RD,07 TO 09,81.0,New Generation,1982,57 years,462000.0
2024-06-01,BEDOK,3 ROOM,107,BEDOK RESERVOIR RD,04 TO 06,67.0,New Generation,1985,60 years 03 months,398000.0
2024-06-01,BEDOK,3 ROOM,103,BEDOK RESERVOIR RD,07 TO 09,70.0,New Generation,1985,60 years 01 month,415000.0
2024-06-01,BEDOK,3 ROOM,742,BEDOK RESERVOIR RD,01 TO 03,67.0,New Generation,1986,61 years 02 months,422500.0
2024-06-01,BEDOK,3 ROOM,117,BEDOK RESERVOIR RD,04 TO 06,67.0,New Generation,1985,60 years 02 months,410288.0
2024-06-01,BEDOK,3 ROOM,628,BEDOK RESERVOIR RD,04 TO 06,67.0,New Generation,1983,57 years 08 months,405000.0
2024-06-01,BEDOK,3 ROOM,1,BEDOK STH AVE 1,07 TO 09,59.0,Improved,1976,50 years 08 months,355000.0
2024-06-01,BEDOK,3 ROOM,33,BEDOK STH AVE 2,04 TO 06,73.0,New Generation,1978,52 years 10 months,390000.0
2024-06-01,BEDOK,3 ROOM,69,BEDOK STH AVE 3,01 TO 03,67.0,New Generation,1978,52 years 09 months,368000.0
2024-06-01,BEDOK,3 ROOM,71,BEDOK STH RD,04 TO 06,67.0,New Generation,1978,52 years 08 months,412000.0
2024-06-01,BEDOK,3 ROOM,32,CHAI CHEE AVE,10 TO 12,65.0,Improved,1974,48 years 08 months,390000.0
2024-06-01,BEDOK,3 ROOM,37,CHAI CHEE AVE,07 TO 09,66.0,Improved,1983,58 years,390000.0
2024-06-01,BEDOK,3 ROOM,55,CHAI CHEE DR,07 TO 09,75.0,Model A,1984,58 years 11 months,408000.0
2024-06-01,BEDOK,3 ROOM,55,CHAI CHEE DR,10 TO 12,76.0,Model A,1984,58 years 11 months,410000.0
2024-06-01,BEDOK,3 ROOM,55,CHAI CHEE DR,07 TO 09,76.0,Model A,1984,58 years 11 months,425000.0
2024-06-01,BEDOK,3 ROOM,55,CHAI CHEE DR,04 TO 06,74.0,Model A,1984,58 years 11 months,380000.0
2024-06-01,BEDOK,3 ROOM,19,CHAI CHEE RD,04 TO 06,75.0,Improved,1972,47 years 03 months,380000.0
2024-06-01,BEDOK,3 ROOM,19,CHAI CHEE RD,10 TO 12,65.0,Improved,1972,47 years 02 months,358000.0
2024-06-01,BEDOK,3 ROOM,807C,CHAI CHEE RD,10 TO 12,68.0,Model A,2016,91 years 06 months,580000.0
2024-06-01,BEDOK,3 ROOM,28,NEW UPP CHANGI RD,13 TO 15,65.0,Improved,1977,52 years,421000.0
2024-06-01,BEDOK,3 ROOM,57,NEW UPP CHANGI RD,07 TO 09,68.0,Improved,1985,60 years 05 months,410000.0
2024-06-01,BEDOK,3 ROOM,29,NEW UPP CHANGI RD,13 TO 15,65.0,Improved,1977,52 years,380000.0
2024-06-01,BEDOK,4 ROOM,219B,BEDOK CTRL,13 TO 15,87.0,Model A,2010,85 years,880000.0
2024-06-01,BEDOK,4 ROOM,404,BEDOK NTH AVE 3,07 TO 09,92.0,New Generation,1980,54 years 11 months,555000.0
2024-06-01,BEDOK,4 ROOM,185,BEDOK NTH RD,19 TO 21,92.0,Model A,2005,80 years 07 months,732000.0
2024-06-01,BEDOK,4 ROOM,181,BEDOK NTH RD,04 TO 06,92.0,Model A,2006,80 years 08 months,685000.0
2024-06-01,BEDOK,4 ROOM,185,BEDOK NTH RD,01 TO 03,92.0,Model A,2005,80 years 07 months,645000.0
2024-06-01,BEDOK,4 ROOM,188D,BEDOK NTH ST 4,04 TO 06,93.0,Model A,2020,94 years 09 months,740000.0
2024-06-01,BEDOK,4 ROOM,188A,BEDOK NTH ST 4,13 TO 15,93.0,Model A,2018,93 years 07 months,815000.0
2024-06-01,BEDOK,4 ROOM,188D,BEDOK NTH ST 4,16 TO 18,93.0,Model A,2020,94 years 08 months,860000.0
2024-06-01,BEDOK,4 ROOM,186A,BEDOK NTH ST 4,07 TO 09,93.0,Model A,2018,93 years 07 months,740000.0
2024-06-01,BEDOK,4 ROOM,186B,BEDOK NTH ST 4,16 TO 18,93.0,Model A,2018,93 years 07 months,860000.0
2024-06-01,BEDOK,4 ROOM,747C,BEDOK RESERVOIR CRES,13 TO 15,87.0,DBSS,2014,89 years 03 months,840000.0
2024-06-01,BEDOK,4 ROOM,149,BEDOK RESERVOIR RD,04 TO 06,104.0,Model A,1987,62 years,590000.0
2024-06-01,BEDOK,4 ROOM,613B,BEDOK RESERVOIR RD,04 TO 06,102.0,Model A,1998,72 years 09 months,645000.0
2024-06-01,BEDOK,4 ROOM,122,BEDOK RESERVOIR RD,04 TO 06,103.0,Model A,1987,62 years 01 month,581000.0
2024-06-01,BEDOK,4 ROOM,622,BEDOK RESERVOIR RD,01 TO 03,91.0,New Generation,1981,55 years 10 months,482888.0
2024-06-01,BEDOK,4 ROOM,120,BEDOK RESERVOIR RD,07 TO 09,91.0,New Generation,1985,60 years 03 months,570000.0
2024-06-01,BEDOK,4 ROOM,37,BEDOK STH AVE 2,16 TO 18,84.0,Improved,1977,52 years 04 months,478000.0
2024-06-01,BEDOK,4 ROOM,37,BEDOK STH AVE 2,04 TO 06,84.0,Improved,1977,52 years 04 months,438888.0
2024-06-01,BEDOK,4 ROOM,35,BEDOK STH AVE 2,07 TO 09,90.0,Improved,1977,52 years 04 months,500000.0
2024-06-01,BEDOK,4 ROOM,163,BEDOK STH RD,01 TO 03,83.0,Simplified,1985,60 years,503000.0
2024-06-01,BEDOK,4 ROOM,15,BEDOK STH RD,04 TO 06,88.0,Improved,1976,50 years 08 months,496000.0
2024-06-01,BEDOK,4 ROOM,43,BEDOK STH RD,01 TO 03,84.0,Improved,1977,52 years 04 months,420000.0
2024-06-01,BEDOK,4 ROOM,42,BEDOK STH RD,13 TO 15,84.0,Improved,1977,52 years 04 months,450000.0
2024-06-01,BEDOK,4 ROOM,35,CHAI CHEE AVE,07 TO 09,82.0,Improved,1975,49 years 08 months,435000.0
2024-06-01,BEDOK,4 ROOM,59,CHAI CHEE RD,10 TO 12,104.0,Model A,1984,58 years 08 months,548888.0
2024-06-01,BEDOK,4 ROOM,672,JLN DAMAI,01 TO 03,107.0,Model A,1996,71 years 02 months,670000.0
2024-06-01,BEDOK,4 ROOM,672,JLN DAMAI,01 TO 03,108.0,Model A,1996,71 years 02 months,628000.0
2024-06-01,BEDOK,4 ROOM,657,JLN TENAGA,04 TO 06,107.0,Model A,1996,71 years 02 months,708000.0
2024-06-01,BEDOK,4 ROOM,64,NEW UPP CHANGI RD,07 TO 09,92.0,New Generation,1978,53 years,500000.0
2024-06-01,BEDOK,4 ROOM,51,NEW UPP CHANGI RD,04 TO 06,84.0,Improved,1977,52 years 04 months,480000.0
2024-06-01,BEDOK,4 ROOM,51,NEW UPP CHANGI RD,04 TO 06,84.0,Improved,1977,52 years 03 months,460000.0
2024-06-01,BEDOK,5 ROOM,415,BEDOK NTH AVE 2,07 TO 09,119.0,Improved,1978,53 years 06 months,600000.0
2024-06-01,BEDOK,5 ROOM,181,BEDOK NTH RD,04 TO 06,110.0,Improved,2006,80 years 08 months,830000.0
2024-06-01,BEDOK,5 ROOM,604,BEDOK RESERVOIR RD,10 TO 12,121.0,Improved,1982,57 years,623888.0
2024-06-01,BEDOK,5 ROOM,602,BEDOK RESERVOIR RD,07 TO 09,121.0,Improved,1982,57 years 01 month,629000.0
2024-06-01,BEDOK,5 ROOM,767,BEDOK RESERVOIR VIEW,10 TO 12,115.0,Premium Apartment,2000,75 years 07 months,802888.0
2024-06-01,BEDOK,5 ROOM,769,BEDOK RESERVOIR VIEW,04 TO 06,115.0,Premium Apartment,2000,75 years 07 months,775000.0
2024-06-01,BEDOK,5 ROOM,766,BEDOK RESERVOIR VIEW,13 TO 15,115.0,Premium Apartment,2000,75 years 07 months,830000.0
2024-06-01,BEDOK,5 ROOM,1,BEDOK STH AVE 1,10 TO 12,136.0,Adjoined flat,1976,50 years 08 months,800000.0
2024-06-01,BEDOK,5 ROOM,20,BEDOK STH RD,16 TO 18,114.0,Standard,1976,50 years 08 months,780000.0
2024-06-01,BEDOK,5 ROOM,20,BEDOK STH RD,04 TO 06,117.0,Standard,1976,50 years 08 months,675000.0
2024-06-01,BEDOK,5 ROOM,34,CHAI CHEE AVE,22 TO 24,119.0,Standard,1975,49 years 08 months,745000.0
2024-06-01,BEDOK,5 ROOM,33,CHAI CHEE AVE,22 TO 24,117.0,Standard,1975,49 years 08 months,768000.0
2024-06-01,BEDOK,5 ROOM,27,CHAI CHEE RD,01 TO 03,122.0,Improved,1993,68 years,730000.0
2024-06-01,BEDOK,5 ROOM,1,CHAI CHEE RD,04 TO 06,133.0,Model A,1983,58 years 03 months,653000.0
2024-06-01,BEDOK,5 ROOM,55,NEW UPP CHANGI RD,22 TO 24,115.0,Standard,1977,52 years 02 months,808000.0
2024-06-01,BEDOK,5 ROOM,54,NEW UPP CHANGI RD,01 TO 03,118.0,Standard,1977,52 years 02 months,640000.0
2024-06-01,BEDOK,5 ROOM,61,NEW UPP CHANGI RD,04 TO 06,118.0,Standard,1977,52 years 02 months,678000.0
2024-06-01,BEDOK,EXECUTIVE,634,BEDOK RESERVOIR RD,10 TO 12,144.0,Apartment,1993,67 years 11 months,985000.0
2024-06-01,BEDOK,EXECUTIVE,145,BEDOK RESERVOIR RD,10 TO 12,143.0,Maisonette,1987,61 years 09 months,1010000.0
2024-06-01,BEDOK,EXECUTIVE,10E,BEDOK STH AVE 2,01 TO 03,143.0,Apartment,1993,68 years,910000.0
2024-06-01,BISHAN,3 ROOM,116,BISHAN ST 12,01 TO 03,64.0,Simplified,1985,60 years 06 months,468000.0
2024-06-01,BISHAN,3 ROOM,132,BISHAN ST 12,01 TO 03,64.0,Simplified,1987,61 years 08 months,505000.0
2024-06-01,BISHAN,4 ROOM,146,BISHAN ST 11,04 TO 06,103.0,Model A,1987,62 years 03 months,678888.0
2024-06-01,BISHAN,4 ROOM,114,BISHAN ST 12,10 TO 12,105.0,Model A,1986,60 years 08 months,813000.0
2024-06-01,BISHAN,4 ROOM,114,BISHAN ST 12,01 TO 03,84.0,Simplified,1986,60 years 08 months,668000.0
2024-06-01,BISHAN,4 ROOM,131,BISHAN ST 12,13 TO 15,104.0,Model A,1986,60 years 08 months,790000.0
2024-06-01,BISHAN,4 ROOM,197,BISHAN ST 13,07 TO 09,103.0,Model A,1987,61 years 08 months,858899.0
2024-06-01,BISHAN,4 ROOM,256,BISHAN ST 22,07 TO 09,112.0,Model A,1992,67 years 03 months,830000.0
2024-06-01,BISHAN,4 ROOM,259,BISHAN ST 22,13 TO 15,104.0,Model A,1992,67 years 03 months,758000.0
2024-06-01,BISHAN,4 ROOM,232,BISHAN ST 22,07 TO 09,103.0,Model A,1992,66 years 11 months,790000.0
2024-06-01,BISHAN,4 ROOM,236,BISHAN ST 22,07 TO 09,103.0,Model A,1992,66 years 11 months,775000.0
2024-06-01,BISHAN,4 ROOM,224,BISHAN ST 23,16 TO 18,102.0,Model A,1992,67 years 03 months,780000.0
2024-06-01,BISHAN,4 ROOM,215,BISHAN ST 23,16 TO 18,106.0,Model A,1992,66 years 11 months,810000.0
2024-06-01,BISHAN,4 ROOM,291,BISHAN ST 24,10 TO 12,102.0,Premium Apartment,1998,73 years 01 month,830000.0
2024-06-01,BISHAN,4 ROOM,290,BISHAN ST 24,07 TO 09,102.0,Premium Apartment,1998,73 years 01 month,855888.0
2024-06-01,BISHAN,4 ROOM,309,SHUNFU RD,04 TO 06,92.0,New Generation,1984,59 years 06 months,660000.0
2024-06-01,BISHAN,4 ROOM,313,SHUNFU RD,07 TO 09,91.0,New Generation,1985,60 years 01 month,700000.0
2024-06-01,BISHAN,5 ROOM,161,BISHAN ST 13,04 TO 06,131.0,Improved,1988,63 years 02 months,951000.0
2024-06-01,BISHAN,5 ROOM,167,BISHAN ST 13,07 TO 09,122.0,Improved,1988,63 years 04 months,980888.0
2024-06-01,BISHAN,5 ROOM,164,BISHAN ST 13,01 TO 03,121.0,Improved,1988,63 years 02 months,855000.0
2024-06-01,BISHAN,5 ROOM,190,BISHAN ST 13,10 TO 12,121.0,Improved,1987,61 years 08 months,1000000.0
2024-06-01,BISHAN,5 ROOM,194,BISHAN ST 13,16 TO 18,121.0,Improved,1987,62 years,1050000.0
2024-06-01,BISHAN,5 ROOM,173,BISHAN ST 13,04 TO 06,121.0,Improved,1987,61 years 11 months,930000.0
2024-06-01,BISHAN,5 ROOM,293,BISHAN ST 22,19 TO 21,123.0,Premium Apartment,1998,73 years 01 month,1038888.0
2024-06-01,BISHAN,5 ROOM,275A,BISHAN ST 24,28 TO 30,120.0,DBSS,2011,86 years 03 months,1538000.0
2024-06-01,BISHAN,5 ROOM,273B,BISHAN ST 24,04 TO 06,120.0,DBSS,2011,86 years 03 months,1336000.0
2024-06-01,BISHAN,5 ROOM,291,BISHAN ST 24,07 TO 09,121.0,Premium Apartment,1998,73 years 01 month,981000.0
2024-06-01,BISHAN,5 ROOM,312,SHUNFU RD,04 TO 06,121.0,Improved,1985,60 years 01 month,930000.0
2024-06-01,BISHAN,5 ROOM,442,SIN MING AVE,16 TO 18,120.0,Improved,1990,64 years 08 months,990000.0
2024-06-01,BISHAN,EXECUTIVE,261,BISHAN ST 22,07 TO 09,149.0,Maisonette,1992,67 years 03 months,1300000.0
2024-06-01,BISHAN,EXECUTIVE,219,BISHAN ST 23,04 TO 06,149.0,Maisonette,1992,66 years 11 months,1228000.0
2024-06-01,BISHAN,EXECUTIVE,447,BRIGHT HILL DR,22 TO 24,174.0,Maisonette,1990,64 years 08 months,1480000.0
2024-06-01,BUKIT BATOK,2 ROOM,436A,BT BATOK WEST AVE 5,04 TO 06,47.0,Model A,2020,94 years 09 months,338000.0
2024-06-01,BUKIT BATOK,2 ROOM,450D,BT BATOK WEST AVE 6,16 TO 18,38.0,Model A,2019,93 years 10 months,348000.0
2024-06-01,BUKIT BATOK,2 ROOM,438A,BT BATOK WEST AVE 8,07 TO 09,47.0,Model A,2020,94 years 09 months,350000.0
2024-06-01,BUKIT BATOK,2 ROOM,438A,BT BATOK WEST AVE 8,13 TO 15,47.0,Model A,2020,94 years 09 months,360000.0
2024-06-01,BUKIT BATOK,2 ROOM,441A,BT BATOK WEST AVE 8,13 TO 15,37.0,Model A,2019,93 years 10 months,380000.0
2024-06-01,BUKIT BATOK,2 ROOM,460A,BT BATOK WEST AVE 9,04 TO 06,48.0,2-room,2020,95 years,355000.0
2024-06-01,BUKIT BATOK,2 ROOM,460B,BT BATOK WEST AVE 9,07 TO 09,48.0,2-room,2020,95 years,355000.0
2024-06-01,BUKIT BATOK,2 ROOM,460B,BT BATOK WEST AVE 9,16 TO 18,48.0,2-room,2020,95 years,370000.0
2024-06-01,BUKIT BATOK,2 ROOM,460B,BT BATOK WEST AVE 9,04 TO 06,48.0,2-room,2020,95 years,365000.0
2024-06-01,BUKIT BATOK,2 ROOM,448B,BT BATOK WEST AVE 9,10 TO 12,47.0,Model A,2019,93 years 10 months,360000.0
2024-06-01,BUKIT BATOK,2 ROOM,460D,BT BATOK WEST AVE 9,13 TO 15,48.0,2-room,2020,95 years,373000.0
2024-06-01,BUKIT BATOK,3 ROOM,230,BT BATOK EAST AVE 3,01 TO 03,69.0,New Generation,1985,60 years 05 months,397000.0
2024-06-01,BUKIT BATOK,3 ROOM,271,BT BATOK EAST AVE 4,04 TO 06,64.0,Simplified,1986,61 years 04 months,364000.0
2024-06-01,BUKIT BATOK,3 ROOM,271,BT BATOK EAST AVE 4,04 TO 06,64.0,Simplified,1986,61 years 05 months,363000.0
2024-06-01,BUKIT BATOK,3 ROOM,261,BT BATOK EAST AVE 4,01 TO 03,69.0,New Generation,1985,60 years,350000.0
2024-06-01,BUKIT BATOK,3 ROOM,260,BT BATOK EAST AVE 4,07 TO 09,73.0,Model A,1985,60 years 01 month,375000.0
2024-06-01,BUKIT BATOK,3 ROOM,248,BT BATOK EAST AVE 5,07 TO 09,73.0,Model A,1985,60 years 02 months,390000.0
2024-06-01,BUKIT BATOK,3 ROOM,239,BT BATOK EAST AVE 5,10 TO 12,67.0,New Generation,1985,59 years 09 months,400000.0
2024-06-01,BUKIT BATOK,3 ROOM,292A,BT BATOK EAST AVE 6,22 TO 24,68.0,Model A,2019,93 years 08 months,530000.0
2024-06-01,BUKIT BATOK,3 ROOM,293D,BT BATOK ST 21,01 TO 03,68.0,Model A,2019,93 years 08 months,460000.0
2024-06-01,BUKIT BATOK,3 ROOM,293D,BT BATOK ST 21,25 TO 27,68.0,Model A,2019,93 years 08 months,530000.0
2024-06-01,BUKIT BATOK,3 ROOM,212,BT BATOK ST 21,10 TO 12,67.0,New Generation,1985,60 years 03 months,401888.0
2024-06-01,BUKIT BATOK,3 ROOM,364,BT BATOK ST 31,07 TO 09,68.0,New Generation,1987,62 years 03 months,388000.0
2024-06-01,BUKIT BATOK,3 ROOM,377,BT BATOK ST 31,25 TO 27,67.0,Model A,2019,93 years 11 months,583888.0
2024-06-01,BUKIT BATOK,3 ROOM,363,BT BATOK ST 31,10 TO 12,68.0,New Generation,1987,62 years 05 months,390000.0
2024-06-01,BUKIT BATOK,3 ROOM,341,BT BATOK ST 34,07 TO 09,73.0,Model A,1986,60 years 11 months,403000.0
2024-06-01,BUKIT BATOK,3 ROOM,341,BT BATOK ST 34,04 TO 06,73.0,Model A,1986,60 years 11 months,392000.0
2024-06-01,BUKIT BATOK,3 ROOM,534,BT BATOK ST 51,01 TO 03,60.0,Improved,1987,62 years 01 month,360000.0
2024-06-01,BUKIT BATOK,3 ROOM,506,BT BATOK ST 52,01 TO 03,60.0,Improved,1987,62 years 02 months,335000.0
2024-06-01,BUKIT BATOK,3 ROOM,507,BT BATOK ST 52,10 TO 12,60.0,Improved,1987,62 years,370000.0
2024-06-01,BUKIT BATOK,3 ROOM,536,BT BATOK ST 52,04 TO 06,73.0,Model A,1986,61 years 03 months,410000.0
2024-06-01,BUKIT BATOK,3 ROOM,414,BT BATOK WEST AVE 4,07 TO 09,73.0,Model A,1987,62 years 04 months,386000.0
2024-06-01,BUKIT BATOK,3 ROOM,414,BT BATOK WEST AVE 4,07 TO 09,73.0,Model A,1987,62 years 04 months,393000.0
2024-06-01,BUKIT BATOK,3 ROOM,451A,BT BATOK WEST AVE 6,10 TO 12,67.0,Model A,2019,93 years 10 months,473000.0
2024-06-01,BUKIT BATOK,3 ROOM,146,BT BATOK WEST AVE 6,10 TO 12,82.0,New Generation,1984,59 years 03 months,420000.0
2024-06-01,BUKIT BATOK,3 ROOM,134,BT BATOK WEST AVE 6,04 TO 06,68.0,New Generation,1984,59 years 06 months,365000.0
2024-06-01,BUKIT BATOK,3 ROOM,109,BT BATOK WEST AVE 6,07 TO 09,59.0,Improved,1985,59 years 08 months,370000.0
2024-06-01,BUKIT BATOK,3 ROOM,109,BT BATOK WEST AVE 6,07 TO 09,59.0,Improved,1985,59 years 08 months,345000.0
2024-06-01,BUKIT BATOK,3 ROOM,438C,BT BATOK WEST AVE 8,04 TO 06,68.0,Model A,2020,94 years 10 months,460000.0
2024-06-01,BUKIT BATOK,3 ROOM,441A,BT BATOK WEST AVE 8,10 TO 12,67.0,Model A,2019,93 years 10 months,470000.0
2024-06-01,BUKIT BATOK,3 ROOM,441A,BT BATOK WEST AVE 8,10 TO 12,67.0,Model A,2019,93 years 10 months,450000.0
2024-06-01,BUKIT BATOK,3 ROOM,177,BT BATOK WEST AVE 8,10 TO 12,73.0,Model A,1985,59 years 08 months,410000.0
2024-06-01,BUKIT BATOK,3 ROOM,177,BT BATOK WEST AVE 8,01 TO 03,73.0,Model A,1985,59 years 08 months,388888.0
2024-06-01,BUKIT BATOK,3 ROOM,460A,BT BATOK WEST AVE 9,10 TO 12,68.0,Model A,2020,95 years,485000.0
2024-06-01,BUKIT BATOK,3 ROOM,448C,BT BATOK WEST AVE 9,04 TO 06,68.0,Model A,2019,93 years 10 months,430000.0
2024-06-01,BUKIT BATOK,3 ROOM,460A,BT BATOK WEST AVE 9,04 TO 06,68.0,Model A,2020,95 years,475000.0
2024-06-01,BUKIT BATOK,3 ROOM,460A,BT BATOK WEST AVE 9,10 TO 12,68.0,Model A,2020,95 years,472000.0
2024-06-01,BUKIT BATOK,4 ROOM,226,BT BATOK CTRL,04 TO 06,93.0,New Generation,1984,59 years 07 months,500000.0
2024-06-01,BUKIT BATOK,4 ROOM,290D,BT BATOK EAST AVE 3,16 TO 18,102.0,Model A,1998,72 years 09 months,595000.0
2024-06-01,BUKIT BATOK,4 ROOM,268,BT BATOK EAST AVE 4,07 TO 09,104.0,Model A,1985,60 years 03 months,500000.0
2024-06-01,BUKIT BATOK,4 ROOM,268,BT BATOK EAST AVE 4,04 TO 06,84.0,Simplified,1985,60 years 03 months,465000.0
2024-06-01,BUKIT BATOK,4 ROOM,238,BT BATOK EAST AVE 5,04 TO 06,91.0,New Generation,1986,61 years 06 months,445000.0
2024-06-01,BUKIT BATOK,4 ROOM,292A,BT BATOK EAST AVE 6,13 TO 15,93.0,Model A,2019,93 years 08 months,690000.0
2024-06-01,BUKIT BATOK,4 ROOM,292A,BT BATOK EAST AVE 6,04 TO 06,93.0,Model A,2019,93 years 08 months,620000.0
2024-06-01,BUKIT BATOK,4 ROOM,293D,BT BATOK ST 21,01 TO 03,93.0,Model A,2019,93 years 08 months,593000.0
2024-06-01,BUKIT BATOK,4 ROOM,293D,BT BATOK ST 21,19 TO 21,93.0,Model A,2019,93 years 08 months,750000.0
2024-06-01,BUKIT BATOK,4 ROOM,213,BT BATOK ST 21,10 TO 12,93.0,New Generation,1984,59 years 07 months,510000.0
2024-06-01,BUKIT BATOK,4 ROOM,293D,BT BATOK ST 21,28 TO 30,93.0,Model A,2019,93 years 08 months,775000.0
2024-06-01,BUKIT BATOK,4 ROOM,296C,BT BATOK ST 22,16 TO 18,92.0,Premium Apartment,2018,92 years 10 months,720000.0
2024-06-01,BUKIT BATOK,4 ROOM,296A,BT BATOK ST 22,13 TO 15,92.0,Premium Apartment,2018,92 years 10 months,748000.0
2024-06-01,BUKIT BATOK,4 ROOM,290E,BT BATOK ST 24,07 TO 09,102.0,Model A,1997,72 years 07 months,615000.0
2024-06-01,BUKIT BATOK,4 ROOM,363,BT BATOK ST 31,10 TO 12,94.0,New Generation,1987,62 years 06 months,560888.0
2024-06-01,BUKIT BATOK,4 ROOM,359,BT BATOK ST 31,04 TO 06,84.0,Simplified,1988,63 years 01 month,450000.0
2024-06-01,BUKIT BATOK,4 ROOM,358,BT BATOK ST 31,07 TO 09,84.0,Simplified,1986,61 years 06 months,488000.0
2024-06-01,BUKIT BATOK,4 ROOM,348,BT BATOK ST 34,01 TO 03,84.0,Simplified,1987,61 years 09 months,430000.0
2024-06-01,BUKIT BATOK,4 ROOM,349,BT BATOK ST 34,04 TO 06,104.0,Model A,1987,61 years 09 months,520000.0
2024-06-01,BUKIT BATOK,4 ROOM,345,BT BATOK ST 34,07 TO 09,103.0,Model A,1987,61 years 10 months,538000.0
2024-06-01,BUKIT BATOK,4 ROOM,436A,BT BATOK WEST AVE 5,13 TO 15,93.0,Model A,2020,94 years 09 months,620000.0
2024-06-01,BUKIT BATOK,4 ROOM,437A,BT BATOK WEST AVE 5,13 TO 15,93.0,Model A,2020,94 years 09 months,625000.0
2024-06-01,BUKIT BATOK,4 ROOM,385,BT BATOK WEST AVE 5,25 TO 27,90.0,Model A,2005,79 years 08 months,575000.0
2024-06-01,BUKIT BATOK,4 ROOM,435C,BT BATOK WEST AVE 5,04 TO 06,93.0,Model A,2020,94 years 09 months,590000.0
2024-06-01,BUKIT BATOK,4 ROOM,383,BT BATOK WEST AVE 5,13 TO 15,90.0,Model A,2005,79 years 09 months,565000.0
2024-06-01,BUKIT BATOK,4 ROOM,386,BT BATOK WEST AVE 5,07 TO 09,90.0,Model A,2004,79 years 07 months,612000.0
2024-06-01,BUKIT BATOK,4 ROOM,395,BT BATOK WEST AVE 5,16 TO 18,90.0,Model A,2004,79 years 04 months,570000.0
2024-06-01,BUKIT BATOK,4 ROOM,435C,BT BATOK WEST AVE 5,10 TO 12,93.0,Model A,2020,94 years 09 months,630000.0
2024-06-01,BUKIT BATOK,4 ROOM,451B,BT BATOK WEST AVE 6,01 TO 03,93.0,Model A,2019,93 years 10 months,550000.0
2024-06-01,BUKIT BATOK,4 ROOM,450B,BT BATOK WEST AVE 6,07 TO 09,93.0,Model A,2019,93 years 10 months,615000.0
2024-06-01,BUKIT BATOK,4 ROOM,453B,BT BATOK WEST AVE 6,19 TO 21,93.0,Model A,2019,93 years 10 months,678000.0
2024-06-01,BUKIT BATOK,4 ROOM,187,BT BATOK WEST AVE 6,10 TO 12,105.0,Model A,1989,63 years 08 months,620000.0
2024-06-01,BUKIT BATOK,4 ROOM,439A,BT BATOK WEST AVE 8,01 TO 03,93.0,Model A,2020,94 years 10 months,562000.0
2024-06-01,BUKIT BATOK,4 ROOM,438A,BT BATOK WEST AVE 8,04 TO 06,93.0,Model A,2020,94 years 10 months,615000.0
2024-06-01,BUKIT BATOK,4 ROOM,439A,BT BATOK WEST AVE 8,07 TO 09,93.0,Model A,2020,94 years 10 months,640999.0
2024-06-01,BUKIT BATOK,4 ROOM,168,BT BATOK WEST AVE 8,04 TO 06,103.0,Model A,1984,59 years 07 months,528000.0
2024-06-01,BUKIT BATOK,4 ROOM,441C,BT BATOK WEST AVE 8,10 TO 12,92.0,Model A,2019,93 years 10 months,648000.0
2024-06-01,BUKIT BATOK,4 ROOM,440C,BT BATOK WEST AVE 8,07 TO 09,92.0,Model A,2019,93 years 10 months,636000.0
2024-06-01,BUKIT BATOK,4 ROOM,172,BT BATOK WEST AVE 8,13 TO 15,103.0,Model A,1985,60 years,520000.0
2024-06-01,BUKIT BATOK,4 ROOM,439C,BT BATOK WEST AVE 8,07 TO 09,93.0,Model A,2020,94 years 09 months,645000.0
2024-06-01,BUKIT BATOK,4 ROOM,461D,BT BATOK WEST AVE 8,10 TO 12,93.0,Model A,2019,94 years 04 months,630000.0
2024-06-01,BUKIT BATOK,4 ROOM,439B,BT BATOK WEST AVE 8,01 TO 03,93.0,Model A,2020,94 years 09 months,593000.0
2024-06-01,BUKIT BATOK,4 ROOM,461B,BT BATOK WEST AVE 8,07 TO 09,93.0,Model A,2019,94 years 04 months,650000.0
2024-06-01,BUKIT BATOK,4 ROOM,440B,BT BATOK WEST AVE 8,01 TO 03,92.0,Model A,2019,93 years 10 months,578000.0
2024-06-01,BUKIT BATOK,4 ROOM,441C,BT BATOK WEST AVE 8,10 TO 12,92.0,Model A,2019,93 years 10 months,640000.0
2024-06-01,BUKIT BATOK,4 ROOM,439B,BT BATOK WEST AVE 8,01 TO 03,93.0,Model A,2020,94 years 09 months,580000.0
2024-06-01,BUKIT BATOK,4 ROOM,439A,BT BATOK WEST AVE 8,07 TO 09,93.0,Model A,2020,94 years 09 months,635000.0
2024-06-01,BUKIT BATOK,4 ROOM,178,BT BATOK WEST AVE 8,10 TO 12,103.0,Model A,1984,59 years 07 months,540000.0
2024-06-01,BUKIT BATOK,4 ROOM,439A,BT BATOK WEST AVE 8,04 TO 06,93.0,Model A,2020,94 years 09 months,593000.0
2024-06-01,BUKIT BATOK,4 ROOM,443C,BT BATOK WEST AVE 8,07 TO 09,92.0,Model A,2019,93 years 10 months,600000.0
2024-06-01,BUKIT BATOK,4 ROOM,461A,BT BATOK WEST AVE 8,01 TO 03,93.0,Model A,2019,94 years 04 months,560000.0
2024-06-01,BUKIT BATOK,4 ROOM,442A,BT BATOK WEST AVE 8,13 TO 15,92.0,Model A,2019,93 years 10 months,645000.0
2024-06-01,BUKIT BATOK,4 ROOM,440B,BT BATOK WEST AVE 8,07 TO 09,92.0,Model A,2019,93 years 10 months,580000.0
2024-06-01,BUKIT BATOK,4 ROOM,445A,BT BATOK WEST AVE 8,10 TO 12,92.0,Model A,2019,93 years 08 months,645000.0
2024-06-01,BUKIT BATOK,4 ROOM,439A,BT BATOK WEST AVE 8,07 TO 09,93.0,Model A,2020,94 years 09 months,640000.0
2024-06-01,BUKIT BATOK,4 ROOM,460D,BT BATOK WEST AVE 9,04 TO 06,93.0,Model A,2020,95 years,635000.0
2024-06-01,BUKIT BATOK,4 ROOM,449A,BT BATOK WEST AVE 9,13 TO 15,93.0,Model A,2019,93 years 10 months,659000.0
2024-06-01,BUKIT BATOK,4 ROOM,460D,BT BATOK WEST AVE 9,10 TO 12,93.0,Model A,2020,95 years,608000.0
2024-06-01,BUKIT BATOK,4 ROOM,449B,BT BATOK WEST AVE 9,04 TO 06,93.0,Model A,2019,93 years 10 months,605000.0
2024-06-01,BUKIT BATOK,4 ROOM,460A,BT BATOK WEST AVE 9,04 TO 06,93.0,Model A,2020,95 years,613000.0
2024-06-01,BUKIT BATOK,4 ROOM,460C,BT BATOK WEST AVE 9,13 TO 15,93.0,Model A,2020,95 years,648000.0
2024-06-01,BUKIT BATOK,4 ROOM,460C,BT BATOK WEST AVE 9,07 TO 09,93.0,Model A,2020,95 years,645000.0
2024-06-01,BUKIT BATOK,4 ROOM,449B,BT BATOK WEST AVE 9,10 TO 12,93.0,Model A,2019,93 years 10 months,650000.0
2024-06-01,BUKIT BATOK,4 ROOM,460C,BT BATOK WEST AVE 9,07 TO 09,93.0,Model A,2020,95 years,640000.0
2024-06-01,BUKIT BATOK,4 ROOM,449A,BT BATOK WEST AVE 9,07 TO 09,93.0,Model A,2019,93 years 10 months,615000.0
2024-06-01,BUKIT BATOK,5 ROOM,625,BT BATOK CTRL,04 TO 06,119.0,Improved,1997,72 years 01 month,750000.0
2024-06-01,BUKIT BATOK,5 ROOM,296C,BT BATOK ST 22,28 TO 30,115.0,Premium Apartment,2018,92 years 10 months,950000.0
2024-06-01,BUKIT BATOK,5 ROOM,291D,BT BATOK ST 24,10 TO 12,121.0,Improved,1998,72 years 09 months,668888.0
2024-06-01,BUKIT BATOK,5 ROOM,290F,BT BATOK ST 24,07 TO 09,121.0,Improved,1997,72 years 06 months,690000.0
2024-06-01,BUKIT BATOK,5 ROOM,435C,BT BATOK WEST AVE 5,10 TO 12,113.0,Improved,2020,94 years 09 months,668000.0
2024-06-01,BUKIT BATOK,5 ROOM,383,BT BATOK WEST AVE 5,07 TO 09,115.0,Improved,2005,79 years 09 months,710000.0
2024-06-01,BUKIT BATOK,5 ROOM,389,BT BATOK WEST AVE 5,13 TO 15,110.0,Improved,2005,79 years 08 months,660000.0
2024-06-01,BUKIT BATOK,5 ROOM,385,BT BATOK WEST AVE 5,28 TO 30,115.0,Improved,2005,79 years 08 months,720000.0
2024-06-01,BUKIT BATOK,5 ROOM,451B,BT BATOK WEST AVE 6,16 TO 18,113.0,Improved,2019,93 years 10 months,808000.0
2024-06-01,BUKIT BATOK,5 ROOM,450C,BT BATOK WEST AVE 6,07 TO 09,113.0,Improved,2019,93 years 10 months,790000.0
2024-06-01,BUKIT BATOK,5 ROOM,194A,BT BATOK WEST AVE 6,16 TO 18,112.0,Premium Apartment,2017,92 years 02 months,880000.0
2024-06-01,BUKIT BATOK,5 ROOM,461D,BT BATOK WEST AVE 8,10 TO 12,114.0,Improved,2019,94 years 04 months,800000.0
2024-06-01,BUKIT BATOK,5 ROOM,440C,BT BATOK WEST AVE 8,01 TO 03,112.0,Improved,2019,93 years 10 months,688000.0
2024-06-01,BUKIT BATOK,5 ROOM,439B,BT BATOK WEST AVE 8,10 TO 12,113.0,Improved,2020,94 years 10 months,810000.0
2024-06-01,BUKIT BATOK,5 ROOM,440D,BT BATOK WEST AVE 8,01 TO 03,112.0,Improved,2019,93 years 10 months,630000.0
2024-06-01,BUKIT BATOK,5 ROOM,461B,BT BATOK WEST AVE 8,10 TO 12,114.0,Improved,2019,94 years 04 months,805000.0
2024-06-01,BUKIT BATOK,5 ROOM,442C,BT BATOK WEST AVE 8,04 TO 06,112.0,Improved,2019,93 years 10 months,710000.0
2024-06-01,BUKIT BATOK,5 ROOM,442A,BT BATOK WEST AVE 8,01 TO 03,112.0,Improved,2019,93 years 10 months,665000.0
2024-06-01,BUKIT BATOK,5 ROOM,439B,BT BATOK WEST AVE 8,07 TO 09,113.0,Improved,2020,94 years 09 months,785000.0
2024-06-01,BUKIT BATOK,5 ROOM,443A,BT BATOK WEST AVE 8,07 TO 09,112.0,Improved,2019,93 years 10 months,775000.0
2024-06-01,BUKIT BATOK,5 ROOM,446A,BT BATOK WEST AVE 8,01 TO 03,112.0,Improved,2019,93 years 08 months,685000.0
2024-06-01,BUKIT BATOK,5 ROOM,442C,BT BATOK WEST AVE 8,07 TO 09,112.0,Improved,2019,93 years 10 months,740000.0
2024-06-01,BUKIT BATOK,5 ROOM,171,BT BATOK WEST AVE 8,10 TO 12,134.0,Model A,1985,59 years 11 months,700000.0
2024-06-01,BUKIT BATOK,EXECUTIVE,125,BT BATOK CTRL,10 TO 12,150.0,Maisonette,1985,60 years 02 months,920000.0
2024-06-01,BUKIT BATOK,EXECUTIVE,142,BT BATOK ST 11,04 TO 06,155.0,Maisonette,1984,59 years 07 months,868000.0
2024-06-01,BUKIT BATOK,EXECUTIVE,290B,BT BATOK ST 24,16 TO 18,141.0,Apartment,1997,72 years 06 months,935000.0
2024-06-01,BUKIT BATOK,EXECUTIVE,535,BT BATOK ST 52,04 TO 06,152.0,Maisonette,1987,61 years 08 months,835000.0
2024-06-01,BUKIT MERAH,2 ROOM,50,HAVELOCK RD,07 TO 09,45.0,Standard,1973,47 years 10 months,290000.0
2024-06-01,BUKIT MERAH,2 ROOM,48,LOWER DELTA RD,07 TO 09,43.0,Standard,1970,44 years 10 months,250000.0
2024-06-01,BUKIT MERAH,2 ROOM,45,TELOK BLANGAH DR,07 TO 09,45.0,Improved,1976,50 years 08 months,312000.0
2024-06-01,BUKIT MERAH,3 ROOM,128,BT MERAH VIEW,16 TO 18,65.0,Improved,1973,48 years 02 months,368000.0
2024-06-01,BUKIT MERAH,3 ROOM,6,EVERTON PK,04 TO 06,72.0,New Generation,1980,55 years 06 months,515000.0
2024-06-01,BUKIT MERAH,3 ROOM,55,HAVELOCK RD,28 TO 30,69.0,Model A,2013,87 years 11 months,775000.0
2024-06-01,BUKIT MERAH,3 ROOM,105,HENDERSON CRES,10 TO 12,65.0,Improved,1975,49 years 08 months,370000.0
2024-06-01,BUKIT MERAH,3 ROOM,96A,HENDERSON RD,10 TO 12,68.0,Model A,2019,94 years,728000.0
2024-06-01,BUKIT MERAH,3 ROOM,95A,HENDERSON RD,19 TO 21,68.0,Model A,2019,93 years 11 months,740000.0
2024-06-01,BUKIT MERAH,3 ROOM,8,JLN BT HO SWEE,01 TO 03,56.0,Standard,1971,46 years 02 months,302000.0
2024-06-01,BUKIT MERAH,3 ROOM,141,JLN BT MERAH,01 TO 03,67.0,New Generation,1979,53 years 08 months,378888.0
2024-06-01,BUKIT MERAH,3 ROOM,1,JLN BT MERAH,10 TO 12,64.0,Improved,1983,57 years 11 months,434888.0
2024-06-01,BUKIT MERAH,3 ROOM,146,JLN BT MERAH,13 TO 15,67.0,New Generation,1981,56 years 05 months,450000.0
2024-06-01,BUKIT MERAH,3 ROOM,142,JLN BT MERAH,13 TO 15,82.0,New Generation,1979,53 years 08 months,508888.0
2024-06-01,BUKIT MERAH,3 ROOM,20,JLN KLINIK,10 TO 12,59.0,Standard,1971,45 years 08 months,370000.0
2024-06-01,BUKIT MERAH,3 ROOM,26B,JLN MEMBINA,13 TO 15,60.0,Model A,2009,83 years 08 months,690000.0
2024-06-01,BUKIT MERAH,3 ROOM,26D,JLN MEMBINA,22 TO 24,60.0,Model A,2009,83 years 08 months,688000.0
2024-06-01,BUKIT MERAH,3 ROOM,37,JLN RUMAH TINGGI,04 TO 06,53.0,Standard,1969,44 years 02 months,290000.0
2024-06-01,BUKIT MERAH,3 ROOM,21,LIM LIAK ST,04 TO 06,88.0,Standard,1973,47 years 08 months,718000.0
2024-06-01,BUKIT MERAH,3 ROOM,16,TAMAN HO SWEE,01 TO 03,54.0,Standard,1970,44 years 08 months,348888.0
2024-06-01,BUKIT MERAH,3 ROOM,13,TELOK BLANGAH CRES,04 TO 06,65.0,Improved,1975,50 years 08 months,392888.0
2024-06-01,BUKIT MERAH,3 ROOM,65,TELOK BLANGAH DR,07 TO 09,82.0,New Generation,1978,53 years 02 months,490000.0
2024-06-01,BUKIT MERAH,3 ROOM,65,TELOK BLANGAH DR,07 TO 09,67.0,New Generation,1978,53 years 02 months,410000.0
2024-06-01,BUKIT MERAH,3 ROOM,64,TELOK BLANGAH DR,04 TO 06,67.0,New Generation,1978,53 years 02 months,445000.0
2024-06-01,BUKIT MERAH,3 ROOM,54,TELOK BLANGAH DR,01 TO 03,88.0,New Generation,1978,52 years 08 months,470000.0
2024-06-01,BUKIT MERAH,3 ROOM,31,TELOK BLANGAH RISE,07 TO 09,59.0,Improved,1976,51 years,328000.0
2024-06-01,BUKIT MERAH,3 ROOM,42,TELOK BLANGAH RISE,07 TO 09,59.0,Improved,1976,50 years 11 months,318000.0
2024-06-01,BUKIT MERAH,3 ROOM,91A,TELOK BLANGAH ST 31,13 TO 15,68.0,Model A,2018,93 years 07 months,708000.0
2024-06-01,BUKIT MERAH,3 ROOM,91A,TELOK BLANGAH ST 31,07 TO 09,68.0,Model A,2018,93 years 07 months,700000.0
2024-06-01,BUKIT MERAH,3 ROOM,80C,TELOK BLANGAH ST 31,19 TO 21,68.0,Premium Apartment,2013,88 years 03 months,745000.0
2024-06-01,BUKIT MERAH,3 ROOM,92B,TELOK BLANGAH ST 31,19 TO 21,68.0,Model A,2018,93 years 07 months,728000.0
2024-06-01,BUKIT MERAH,3 ROOM,20,TIONG BAHRU RD,01 TO 03,75.0,Standard,1973,47 years 08 months,720000.0
2024-06-01,BUKIT MERAH,4 ROOM,114,BT PURMEI RD,10 TO 12,103.0,Model A,1985,59 years 10 months,708888.0
2024-06-01,BUKIT MERAH,4 ROOM,17,CANTONMENT CL,13 TO 15,90.0,Model A,2003,77 years 08 months,918000.0
2024-06-01,BUKIT MERAH,4 ROOM,13,CANTONMENT CL,25 TO 27,75.0,Model A,2003,77 years 08 months,900000.0
2024-06-01,BUKIT MERAH,4 ROOM,13,CANTONMENT CL,10 TO 12,90.0,Model A,2003,77 years 07 months,960000.0
2024-06-01,BUKIT MERAH,4 ROOM,109B,DEPOT RD,22 TO 24,100.0,Model A,2006,80 years 09 months,785000.0
2024-06-01,BUKIT MERAH,4 ROOM,111A,DEPOT RD,04 TO 06,100.0,Model A,2006,80 years 09 months,752000.0
2024-06-01,BUKIT MERAH,4 ROOM,105A,DEPOT RD,07 TO 09,92.0,Model A,2017,92 years 06 months,838000.0
2024-06-01,BUKIT MERAH,4 ROOM,110A,DEPOT RD,16 TO 18,92.0,Model A,2017,92 years 06 months,858000.0
2024-06-01,BUKIT MERAH,4 ROOM,53,HAVELOCK RD,04 TO 06,94.0,Model A,2013,88 years,835000.0
2024-06-01,BUKIT MERAH,4 ROOM,95C,HENDERSON RD,31 TO 33,93.0,Model A,2019,94 years,1000000.0
2024-06-01,BUKIT MERAH,4 ROOM,96B,HENDERSON RD,01 TO 03,83.0,Model A,2019,94 years,813000.0
2024-06-01,BUKIT MERAH,4 ROOM,95C,HENDERSON RD,43 TO 45,93.0,Model A,2019,93 years 11 months,1200000.0
2024-06-01,BUKIT MERAH,4 ROOM,26C,JLN MEMBINA,04 TO 06,90.0,Model A,2009,83 years 08 months,875000.0
2024-06-01,BUKIT MERAH,4 ROOM,118A,JLN MEMBINA,13 TO 15,92.0,Model A,2003,77 years 08 months,920000.0
2024-06-01,BUKIT MERAH,4 ROOM,25B,JLN MEMBINA,25 TO 27,90.0,Model A,2009,83 years 08 months,885000.0
2024-06-01,BUKIT MERAH,4 ROOM,20,JLN MEMBINA,19 TO 21,90.0,Model A,2003,78 years 04 months,800000.0
2024-06-01,BUKIT MERAH,4 ROOM,22,JLN MEMBINA,01 TO 03,90.0,Model A,2003,78 years 03 months,920000.0
2024-06-01,BUKIT MERAH,4 ROOM,26C,JLN MEMBINA,13 TO 15,85.0,Model A,2009,83 years 08 months,970000.0
2024-06-01,BUKIT MERAH,4 ROOM,121,KIM TIAN PL,13 TO 15,100.0,Model A,2001,75 years 09 months,948000.0
2024-06-01,BUKIT MERAH,4 ROOM,121A,KIM TIAN PL,19 TO 21,100.0,Model A,2001,75 years 09 months,970500.0
2024-06-01,BUKIT MERAH,4 ROOM,127D,KIM TIAN RD,37 TO 39,88.0,Model A,2013,87 years 09 months,1050000.0
2024-06-01,BUKIT MERAH,4 ROOM,123,KIM TIAN RD,01 TO 03,106.0,Model A,1995,70 years 03 months,845000.0
2024-06-01,BUKIT MERAH,4 ROOM,119C,KIM TIAN RD,13 TO 15,92.0,Model A,2003,78 years 01 month,910000.0
2024-06-01,BUKIT MERAH,4 ROOM,131C,KIM TIAN RD,19 TO 21,86.0,Model A,2002,76 years 07 months,850000.0
2024-06-01,BUKIT MERAH,4 ROOM,119B,KIM TIAN RD,01 TO 03,92.0,Model A,2002,77 years 07 months,860000.0
2024-06-01,BUKIT MERAH,4 ROOM,53,LENGKOK BAHRU,01 TO 03,84.0,Simplified,1986,61 years 05 months,575000.0
2024-06-01,BUKIT MERAH,4 ROOM,75A,REDHILL RD,07 TO 09,100.0,Model A,2005,80 years 07 months,950000.0
2024-06-01,BUKIT MERAH,4 ROOM,23,TELOK BLANGAH CRES,13 TO 15,82.0,Improved,1975,50 years,485000.0
2024-06-01,BUKIT MERAH,4 ROOM,57,TELOK BLANGAH HTS,01 TO 03,91.0,New Generation,1976,51 years 04 months,535000.0
2024-06-01,BUKIT MERAH,4 ROOM,56,TELOK BLANGAH HTS,07 TO 09,91.0,New Generation,1976,51 years 04 months,565000.0
2024-06-01,BUKIT MERAH,4 ROOM,70A,TELOK BLANGAH HTS,19 TO 21,93.0,Model A,2017,92 years,970000.0
2024-06-01,BUKIT MERAH,4 ROOM,56,TELOK BLANGAH HTS,01 TO 03,91.0,New Generation,1976,51 years 04 months,560000.0
2024-06-01,BUKIT MERAH,4 ROOM,40,TELOK BLANGAH RISE,07 TO 09,82.0,Improved,1976,50 years 11 months,478000.0
2024-06-01,BUKIT MERAH,4 ROOM,80A,TELOK BLANGAH ST 31,16 TO 18,95.0,Premium Apartment,2013,88 years 03 months,980000.0
2024-06-01,BUKIT MERAH,4 ROOM,91A,TELOK BLANGAH ST 31,19 TO 21,93.0,Model A,2018,93 years 07 months,930000.0
2024-06-01,BUKIT MERAH,4 ROOM,90A,TELOK BLANGAH ST 31,16 TO 18,93.0,Model A,2018,93 years 07 months,958000.0
2024-06-01,BUKIT MERAH,4 ROOM,93A,TELOK BLANGAH ST 31,01 TO 03,93.0,Model A,2018,93 years 07 months,800000.0
2024-06-01,BUKIT MERAH,4 ROOM,90A,TELOK BLANGAH ST 31,16 TO 18,93.0,Model A,2018,93 years 07 months,935000.0
2024-06-01,BUKIT MERAH,4 ROOM,93A,TELOK BLANGAH ST 31,16 TO 18,93.0,Model A,2018,93 years 07 months,930000.0
2024-06-01,BUKIT MERAH,4 ROOM,93B,TELOK BLANGAH ST 31,04 TO 06,93.0,Model A,2018,93 years 07 months,865000.0
2024-06-01,BUKIT MERAH,4 ROOM,34,TELOK BLANGAH WAY,04 TO 06,82.0,Improved,1976,50 years 11 months,495888.0
2024-06-01,BUKIT MERAH,5 ROOM,9B,BOON TIONG RD,34 TO 36,112.0,Improved,2016,90 years 08 months,1588000.0
2024-06-01,BUKIT MERAH,5 ROOM,12,CANTONMENT CL,10 TO 12,110.0,Improved,2003,77 years 08 months,1038000.0
2024-06-01,BUKIT MERAH,5 ROOM,1,DELTA AVE,22 TO 24,119.0,Improved,1983,58 years 01 month,1026000.0
2024-06-01,BUKIT MERAH,5 ROOM,111B,DEPOT RD,19 TO 21,116.0,Improved,2006,80 years 09 months,910000.0
2024-06-01,BUKIT MERAH,5 ROOM,94,HAVELOCK RD,19 TO 21,118.0,Improved,1983,58 years 03 months,1088000.0
2024-06-01,BUKIT MERAH,5 ROOM,96A,HENDERSON RD,46 TO 48,113.0,Improved,2019,94 years,1588000.0
2024-06-01,BUKIT MERAH,5 ROOM,95C,HENDERSON RD,40 TO 42,113.0,Improved,2019,94 years,1500000.0
2024-06-01,BUKIT MERAH,5 ROOM,139,JLN BT MERAH,07 TO 09,121.0,Improved,1997,71 years 08 months,836000.0
2024-06-01,BUKIT MERAH,5 ROOM,77A,REDHILL RD,22 TO 24,115.0,Improved,2005,80 years 06 months,1160000.0
2024-06-01,BUKIT MERAH,5 ROOM,110,SPOTTISWOODE PK RD,16 TO 18,121.0,Standard,1979,54 years 05 months,905000.0
2024-06-01,BUKIT MERAH,5 ROOM,49,TELOK BLANGAH DR,13 TO 15,123.0,Standard,1976,51 years 06 months,890000.0
2024-06-01,BUKIT MERAH,5 ROOM,85,TELOK BLANGAH HTS,25 TO 27,110.0,Improved,2003,77 years 10 months,1015000.0
2024-06-01,BUKIT PANJANG,3 ROOM,113,PENDING RD,10 TO 12,73.0,Model A,1988,62 years 10 months,425000.0
2024-06-01,BUKIT PANJANG,3 ROOM,116,PENDING RD,07 TO 09,73.0,Model A,1987,62 years 04 months,395000.0
2024-06-01,BUKIT PANJANG,3 ROOM,118,PENDING RD,04 TO 06,73.0,Model A,1988,63 years,420000.0
2024-06-01,BUKIT PANJANG,3 ROOM,123,PENDING RD,01 TO 03,73.0,Model A,1988,63 years 05 months,395000.0
2024-06-01,BUKIT PANJANG,3 ROOM,143,PETIR RD,10 TO 12,73.0,Model A,1988,63 years 06 months,410000.0
2024-06-01,BUKIT PANJANG,3 ROOM,455,SEGAR RD,01 TO 03,68.0,Premium Apartment,2012,87 years 06 months,415000.0
2024-06-01,BUKIT PANJANG,4 ROOM,272,BANGKIT RD,10 TO 12,104.0,Model A,1988,63 years 07 months,540000.0
2024-06-01,BUKIT PANJANG,4 ROOM,251,BANGKIT RD,10 TO 12,103.0,Model A,1988,63 years 07 months,520000.0
2024-06-01,BUKIT PANJANG,4 ROOM,545,BT PANJANG RING RD,19 TO 21,100.0,Model A,1999,74 years 02 months,635888.0
2024-06-01,BUKIT PANJANG,4 ROOM,432,BT PANJANG RING RD,07 TO 09,104.0,Model A,1989,64 years 01 month,490000.0
2024-06-01,BUKIT PANJANG,4 ROOM,613,BT PANJANG RING RD,04 TO 06,90.0,Model A,2002,77 years,485000.0
2024-06-01,BUKIT PANJANG,4 ROOM,132,CASHEW RD,04 TO 06,103.0,Model A,1988,63 years 07 months,495000.0
2024-06-01,BUKIT PANJANG,4 ROOM,404,FAJAR RD,13 TO 15,104.0,Model A,1988,63 years 05 months,500000.0
2024-06-01,BUKIT PANJANG,4 ROOM,407,FAJAR RD,01 TO 03,84.0,Simplified,1989,63 years 08 months,430000.0
2024-06-01,BUKIT PANJANG,4 ROOM,148,GANGSA RD,10 TO 12,103.0,Model A,1988,63 years 06 months,588000.0
2024-06-01,BUKIT PANJANG,4 ROOM,172,GANGSA RD,10 TO 12,101.0,Model A,1997,72 years 07 months,706688.0
2024-06-01,BUKIT PANJANG,4 ROOM,524,JELAPANG RD,04 TO 06,104.0,Model A,1998,73 years 01 month,530000.0
2024-06-01,BUKIT PANJANG,4 ROOM,181,JELEBU RD,13 TO 15,93.0,Premium Apartment,2003,78 years,745000.0
2024-06-01,BUKIT PANJANG,4 ROOM,225,PENDING RD,04 TO 06,84.0,Simplified,1987,62 years,460000.0
2024-06-01,BUKIT PANJANG,4 ROOM,137,PETIR RD,04 TO 06,103.0,Model A,1989,64 years 02 months,530000.0
2024-06-01,BUKIT PANJANG,4 ROOM,167,PETIR RD,10 TO 12,101.0,Model A,1998,73 years 03 months,717000.0
2024-06-01,BUKIT PANJANG,4 ROOM,412,SAUJANA RD,04 TO 06,104.0,Model A,1988,63 years 06 months,510000.0
2024-06-01,BUKIT PANJANG,4 ROOM,474,SEGAR RD,13 TO 15,91.0,Premium Apartment,2003,77 years 08 months,500000.0
2024-06-01,BUKIT PANJANG,4 ROOM,485,SEGAR RD,10 TO 12,92.0,Model A,2014,89 years 07 months,572000.0
2024-06-01,BUKIT PANJANG,4 ROOM,627,SENJA RD,10 TO 12,93.0,Premium Apartment,2004,79 years 05 months,555000.0
2024-06-01,BUKIT PANJANG,4 ROOM,616,SENJA RD,10 TO 12,85.0,Model A2,2002,76 years 11 months,495000.0
2024-06-01,BUKIT PANJANG,4 ROOM,605,SENJA RD,16 TO 18,99.0,Model A,1999,74 years,738000.0
2024-06-01,BUKIT PANJANG,4 ROOM,635A,SENJA RD,13 TO 15,93.0,Model A,2015,90 years 05 months,585000.0
2024-06-01,BUKIT PANJANG,4 ROOM,633C,SENJA RD,07 TO 09,93.0,Model A,2013,88 years 07 months,587000.0
2024-06-01,BUKIT PANJANG,4 ROOM,633B,SENJA RD,13 TO 15,93.0,Model A,2013,88 years 07 months,620000.0
2024-06-01,BUKIT PANJANG,4 ROOM,602,SENJA RD,04 TO 06,91.0,Model A2,1999,73 years 10 months,590000.0
2024-06-01,BUKIT PANJANG,4 ROOM,633B,SENJA RD,19 TO 21,93.0,Model A,2013,88 years 07 months,643000.0
2024-06-01,BUKIT PANJANG,5 ROOM,537,BT PANJANG RING RD,04 TO 06,122.0,Improved,1999,74 years 01 month,731888.0
2024-06-01,BUKIT PANJANG,5 ROOM,613,BT PANJANG RING RD,10 TO 12,110.0,Improved,2002,77 years,610000.0
2024-06-01,BUKIT PANJANG,5 ROOM,615,BT PANJANG RING RD,07 TO 09,111.0,Improved,2002,77 years,688000.0
2024-06-01,BUKIT PANJANG,5 ROOM,545,BT PANJANG RING RD,22 TO 24,120.0,Improved,1999,74 years 02 months,900000.0
2024-06-01,BUKIT PANJANG,5 ROOM,615,BT PANJANG RING RD,04 TO 06,110.0,Improved,2002,77 years,585000.0
2024-06-01,BUKIT PANJANG,5 ROOM,448,BT PANJANG RING RD,01 TO 03,120.0,Improved,1997,72 years 01 month,565000.0
2024-06-01,BUKIT PANJANG,5 ROOM,423,FAJAR RD,13 TO 15,122.0,Improved,1989,63 years 08 months,645000.0
2024-06-01,BUKIT PANJANG,5 ROOM,437,FAJAR RD,10 TO 12,117.0,Improved,1997,72 years 03 months,638000.0
2024-06-01,BUKIT PANJANG,5 ROOM,442D,FAJAR RD,13 TO 15,113.0,Improved,2016,91 years 07 months,735000.0
2024-06-01,BUKIT PANJANG,5 ROOM,402,FAJAR RD,07 TO 09,122.0,Improved,1988,63 years 06 months,645000.0
2024-06-01,BUKIT PANJANG,5 ROOM,153,GANGSA RD,13 TO 15,121.0,Improved,1998,73 years 05 months,760000.0
2024-06-01,BUKIT PANJANG,5 ROOM,504,JELAPANG RD,13 TO 15,123.0,Improved,1998,72 years 08 months,665000.0
2024-06-01,BUKIT PANJANG,5 ROOM,502,JELAPANG RD,10 TO 12,121.0,Improved,1998,72 years 09 months,649000.0
2024-06-01,BUKIT PANJANG,5 ROOM,176,LOMPANG RD,19 TO 21,121.0,Improved,1997,72 years 05 months,833000.0
2024-06-01,BUKIT PANJANG,5 ROOM,176,LOMPANG RD,10 TO 12,121.0,Improved,1997,72 years 05 months,868000.0
2024-06-01,BUKIT PANJANG,5 ROOM,120,PENDING RD,01 TO 03,120.0,Improved,1988,62 years 09 months,620000.0
2024-06-01,BUKIT PANJANG,5 ROOM,168,PETIR RD,13 TO 15,120.0,Improved,1998,73 years 03 months,863000.0
2024-06-01,BUKIT PANJANG,5 ROOM,474,SEGAR RD,04 TO 06,110.0,Premium Apartment,2003,77 years 08 months,561588.0
2024-06-01,BUKIT PANJANG,5 ROOM,471,SEGAR RD,13 TO 15,110.0,Premium Apartment,2002,76 years 11 months,600000.0
2024-06-01,BUKIT PANJANG,5 ROOM,467,SEGAR RD,07 TO 09,110.0,Premium Apartment,2002,76 years 11 months,650000.0
2024-06-01,BUKIT PANJANG,5 ROOM,630,SENJA RD,28 TO 30,110.0,Premium Apartment,2004,79 years 05 months,683000.0
2024-06-01,BUKIT PANJANG,5 ROOM,635B,SENJA RD,25 TO 27,112.0,Improved,2015,90 years 05 months,785000.0
2024-06-01,BUKIT PANJANG,EXECUTIVE,133,CASHEW RD,04 TO 06,150.0,Maisonette,1988,63 years 07 months,863000.0
2024-06-01,BUKIT PANJANG,EXECUTIVE,422,FAJAR RD,04 TO 06,146.0,Maisonette,1988,63 years 07 months,830000.0
2024-06-01,BUKIT PANJANG,EXECUTIVE,422,FAJAR RD,10 TO 12,146.0,Maisonette,1988,63 years 07 months,810000.0
2024-06-01,BUKIT PANJANG,EXECUTIVE,607,SENJA RD,13 TO 15,130.0,Apartment,2001,76 years 07 months,888000.0
2024-06-01,BUKIT TIMAH,4 ROOM,2,QUEEN'S RD,07 TO 09,89.0,Improved,1974,48 years 11 months,680000.0
2024-06-01,BUKIT TIMAH,4 ROOM,3,QUEEN'S RD,04 TO 06,91.0,Improved,1974,49 years,530000.0
2024-06-01,BUKIT TIMAH,4 ROOM,5,TOH YI DR,10 TO 12,104.0,Model A,1989,64 years 01 month,900000.0
2024-06-01,BUKIT TIMAH,5 ROOM,12,TOH YI DR,10 TO 12,128.0,Improved,1989,64 years,1222800.0
2024-06-01,BUKIT TIMAH,5 ROOM,5,TOH YI DR,04 TO 06,128.0,Improved,1989,64 years 01 month,1085000.0
2024-06-01,CENTRAL AREA,2 ROOM,32,NEW MKT RD,04 TO 06,52.0,Standard,1983,57 years 11 months,388000.0
2024-06-01,CENTRAL AREA,3 ROOM,668,CHANDER RD,10 TO 12,87.0,Model A,1984,59 years 05 months,530000.0
2024-06-01,CENTRAL AREA,3 ROOM,4,SAGO LANE,16 TO 18,57.0,Improved,1974,49 years 02 months,420000.0
2024-06-01,CENTRAL AREA,3 ROOM,335A,SMITH ST,16 TO 18,60.0,Improved,1984,58 years 10 months,520000.0
2024-06-01,CENTRAL AREA,3 ROOM,5,TG PAGAR PLAZA,10 TO 12,59.0,Improved,1977,51 years 09 months,535000.0
2024-06-01,CENTRAL AREA,3 ROOM,3,TG PAGAR PLAZA,16 TO 18,59.0,Improved,1977,51 years 09 months,498888.0
2024-06-01,CENTRAL AREA,3 ROOM,532,UPP CROSS ST,10 TO 12,68.0,Improved,1980,55 years 03 months,625000.0
2024-06-01,CENTRAL AREA,3 ROOM,535,UPP CROSS ST,07 TO 09,60.0,Improved,1980,55 years 03 months,470000.0
2024-06-01,CENTRAL AREA,4 ROOM,1G,CANTONMENT RD,43 TO 45,94.0,Type S1,2011,85 years 08 months,1365000.0
2024-06-01,CENTRAL AREA,4 ROOM,1A,CANTONMENT RD,37 TO 39,95.0,Type S1,2011,85 years 08 months,1329000.0
2024-06-01,CENTRAL AREA,4 ROOM,1A,CANTONMENT RD,16 TO 18,95.0,Type S1,2011,85 years 08 months,1300000.0
2024-06-01,CENTRAL AREA,4 ROOM,53,CHIN SWEE RD,10 TO 12,77.0,Improved,1974,49 years 02 months,520000.0
2024-06-01,CENTRAL AREA,4 ROOM,26,JLN BERSEH,13 TO 15,87.0,Improved,1979,54 years 01 month,635000.0
2024-06-01,CENTRAL AREA,4 ROOM,672B,KLANG LANE,04 TO 06,85.0,Model A,2002,77 years 02 months,645000.0
2024-06-01,CENTRAL AREA,4 ROOM,671B,KLANG LANE,01 TO 03,75.0,Model A,2003,77 years 09 months,590000.0
2024-06-01,CENTRAL AREA,4 ROOM,634,VEERASAMY RD,10 TO 12,111.0,Model A,1985,60 years 04 months,760000.0
2024-06-01,CENTRAL AREA,4 ROOM,262,WATERLOO ST,16 TO 18,82.0,Improved,1978,53 years 04 months,660000.0
2024-06-01,CENTRAL AREA,5 ROOM,672A,KLANG LANE,04 TO 06,105.0,Improved,2002,77 years 02 months,807000.0
2024-06-01,CENTRAL AREA,5 ROOM,639,ROWELL RD,22 TO 24,139.0,Model A,1983,58 years 05 months,980000.0
2024-06-01,CHOA CHU KANG,2 ROOM,809B,CHOA CHU KANG AVE 1,04 TO 06,47.0,Model A,2017,91 years 11 months,320000.0
2024-06-01,CHOA CHU KANG,3 ROOM,801A,KEAT HONG CL,01 TO 03,67.0,Model A,2018,92 years 09 months,432000.0
2024-06-01,CHOA CHU KANG,3 ROOM,3,TECK WHYE AVE,10 TO 12,74.0,Model A,1984,59 years 03 months,388000.0
2024-06-01,CHOA CHU KANG,3 ROOM,4,TECK WHYE AVE,04 TO 06,74.0,Model A,1984,59 years 02 months,385000.0
2024-06-01,CHOA CHU KANG,4 ROOM,808A,CHOA CHU KANG AVE 1,04 TO 06,92.0,Model A,2017,91 years 11 months,528000.0
2024-06-01,CHOA CHU KANG,4 ROOM,808D,CHOA CHU KANG AVE 1,13 TO 15,92.0,Model A,2017,91 years 11 months,571000.0
2024-06-01,CHOA CHU KANG,4 ROOM,808C,CHOA CHU KANG AVE 1,16 TO 18,92.0,Model A,2017,91 years 11 months,590000.0
2024-06-01,CHOA CHU KANG,4 ROOM,808C,CHOA CHU KANG AVE 1,13 TO 15,92.0,Model A,2017,91 years 10 months,575000.0
2024-06-01,CHOA CHU KANG,4 ROOM,808B,CHOA CHU KANG AVE 1,13 TO 15,92.0,Model A,2017,91 years 11 months,580000.0
2024-06-01,CHOA CHU KANG,4 ROOM,131,CHOA CHU KANG AVE 1,04 TO 06,104.0,Model A,1993,67 years 11 months,535000.0
2024-06-01,CHOA CHU KANG,4 ROOM,818B,CHOA CHU KANG AVE 1,10 TO 12,92.0,Model A,2017,92 years 04 months,578000.0
2024-06-01,CHOA CHU KANG,4 ROOM,297,CHOA CHU KANG AVE 2,13 TO 15,101.0,Premium Apartment,1999,74 years 02 months,481000.0
2024-06-01,CHOA CHU KANG,4 ROOM,297D,CHOA CHU KANG AVE 2,10 TO 12,102.0,Premium Apartment,1999,74 years 02 months,508000.0
2024-06-01,CHOA CHU KANG,4 ROOM,296,CHOA CHU KANG AVE 2,16 TO 18,101.0,Premium Apartment,1999,74 years 02 months,532533.0
2024-06-01,CHOA CHU KANG,4 ROOM,283,CHOA CHU KANG AVE 3,13 TO 15,104.0,Model A,1992,67 years 02 months,560000.0
2024-06-01,CHOA CHU KANG,4 ROOM,405,CHOA CHU KANG AVE 3,07 TO 09,106.0,Model A,1993,68 years 01 month,530000.0
2024-06-01,CHOA CHU KANG,4 ROOM,409,CHOA CHU KANG AVE 3,04 TO 06,106.0,Model A,1992,67 years 02 months,470000.0
2024-06-01,CHOA CHU KANG,4 ROOM,284,CHOA CHU KANG AVE 3,04 TO 06,110.0,Model A,1990,65 years 02 months,568888.0
2024-06-01,CHOA CHU KANG,4 ROOM,409,CHOA CHU KANG AVE 3,07 TO 09,104.0,Model A,1992,67 years 02 months,500000.0
2024-06-01,CHOA CHU KANG,4 ROOM,434,CHOA CHU KANG AVE 4,07 TO 09,106.0,Model A,1993,68 years 01 month,540000.0
2024-06-01,CHOA CHU KANG,4 ROOM,456,CHOA CHU KANG AVE 4,10 TO 12,105.0,Premium Apartment,2000,74 years 11 months,510000.0
2024-06-01,CHOA CHU KANG,4 ROOM,483,CHOA CHU KANG AVE 5,04 TO 06,101.0,Model A,1999,73 years 11 months,480000.0
2024-06-01,CHOA CHU KANG,4 ROOM,487B,CHOA CHU KANG AVE 5,10 TO 12,93.0,Model A,2016,91 years 01 month,590000.0
2024-06-01,CHOA CHU KANG,4 ROOM,487B,CHOA CHU KANG AVE 5,10 TO 12,93.0,Model A,2016,91 years 01 month,560000.0
2024-06-01,CHOA CHU KANG,4 ROOM,484D,CHOA CHU KANG AVE 5,04 TO 06,101.0,Model A,1999,73 years 11 months,400000.0
2024-06-01,CHOA CHU KANG,4 ROOM,484D,CHOA CHU KANG AVE 5,04 TO 06,101.0,Model A,1999,73 years 11 months,490000.0
2024-06-01,CHOA CHU KANG,4 ROOM,476A,CHOA CHU KANG AVE 5,13 TO 15,92.0,Model A,2013,88 years 02 months,560000.0
2024-06-01,CHOA CHU KANG,4 ROOM,484A,CHOA CHU KANG AVE 5,13 TO 15,90.0,Model A2,1999,73 years 11 months,485000.0
2024-06-01,CHOA CHU KANG,4 ROOM,484A,CHOA CHU KANG AVE 5,10 TO 12,91.0,Model A2,1999,73 years 10 months,500000.0
2024-06-01,CHOA CHU KANG,4 ROOM,487B,CHOA CHU KANG AVE 5,01 TO 03,93.0,Model A,2016,91 years,498000.0
2024-06-01,CHOA CHU KANG,4 ROOM,811A,CHOA CHU KANG AVE 7,01 TO 03,93.0,Model A,2017,92 years 05 months,570000.0
2024-06-01,CHOA CHU KANG,4 ROOM,682,CHOA CHU KANG CRES,01 TO 03,105.0,Premium Apartment,1999,74 years 05 months,510000.0
2024-06-01,CHOA CHU KANG,4 ROOM,658,CHOA CHU KANG CRES,01 TO 03,103.0,Premium Apartment,1999,73 years 11 months,488000.0
2024-06-01,CHOA CHU KANG,4 ROOM,673A,CHOA CHU KANG CRES,01 TO 03,103.0,Premium Apartment,1999,74 years 07 months,490000.0
2024-06-01,CHOA CHU KANG,4 ROOM,673,CHOA CHU KANG CRES,10 TO 12,104.0,Premium Apartment,1999,74 years 05 months,520000.0
2024-06-01,CHOA CHU KANG,4 ROOM,681,CHOA CHU KANG CRES,10 TO 12,106.0,Premium Apartment,1999,74 years 05 months,537588.0
2024-06-01,CHOA CHU KANG,4 ROOM,659,CHOA CHU KANG CRES,07 TO 09,103.0,Premium Apartment,1999,73 years 11 months,520000.0
2024-06-01,CHOA CHU KANG,4 ROOM,657,CHOA CHU KANG CRES,10 TO 12,100.0,Premium Apartment,1999,73 years 11 months,551000.0
2024-06-01,CHOA CHU KANG,4 ROOM,660,CHOA CHU KANG CRES,16 TO 18,104.0,Premium Apartment,1999,73 years 11 months,540888.0
2024-06-01,CHOA CHU KANG,4 ROOM,672,CHOA CHU KANG CRES,04 TO 06,100.0,Premium Apartment,2000,74 years 09 months,498000.0
2024-06-01,CHOA CHU KANG,4 ROOM,686C,CHOA CHU KANG CRES,07 TO 09,85.0,Model A2,2002,77 years 05 months,475000.0
2024-06-01,CHOA CHU KANG,4 ROOM,686C,CHOA CHU KANG CRES,04 TO 06,85.0,Model A2,2002,77 years 05 months,475000.0
2024-06-01,CHOA CHU KANG,4 ROOM,217,CHOA CHU KANG CTRL,04 TO 06,105.0,Model A,1990,65 years 02 months,553000.0
2024-06-01,CHOA CHU KANG,4 ROOM,234,CHOA CHU KANG CTRL,01 TO 03,104.0,Model A,1989,63 years 11 months,505000.0
2024-06-01,CHOA CHU KANG,4 ROOM,228,CHOA CHU KANG CTRL,07 TO 09,104.0,Model A,1989,64 years,530000.0
2024-06-01,CHOA CHU KANG,4 ROOM,217,CHOA CHU KANG CTRL,01 TO 03,105.0,Model A,1990,65 years 02 months,505000.0
2024-06-01,CHOA CHU KANG,4 ROOM,687B,CHOA CHU KANG DR,04 TO 06,90.0,Model A,2002,77 years 01 month,485000.0
2024-06-01,CHOA CHU KANG,4 ROOM,687A,CHOA CHU KANG DR,19 TO 21,90.0,Model A,2002,77 years 01 month,488000.0
2024-06-01,CHOA CHU KANG,4 ROOM,634,CHOA CHU KANG NTH 6,04 TO 06,113.0,Premium Apartment,1998,72 years 08 months,550000.0
2024-06-01,CHOA CHU KANG,4 ROOM,635,CHOA CHU KANG NTH 6,07 TO 09,113.0,Premium Apartment,1998,72 years 08 months,600000.0
2024-06-01,CHOA CHU KANG,4 ROOM,572,CHOA CHU KANG ST 52,01 TO 03,92.0,Model A,2015,89 years 08 months,530000.0
2024-06-01,CHOA CHU KANG,4 ROOM,570,CHOA CHU KANG ST 52,10 TO 12,92.0,Model A,2015,89 years 08 months,560000.0
2024-06-01,CHOA CHU KANG,4 ROOM,570,CHOA CHU KANG ST 52,04 TO 06,92.0,Model A,2015,89 years 08 months,523000.0
2024-06-01,CHOA CHU KANG,4 ROOM,607,CHOA CHU KANG ST 62,01 TO 03,108.0,Model A,1996,70 years 11 months,519000.0
2024-06-01,CHOA CHU KANG,4 ROOM,154,JLN TECK WHYE,16 TO 18,101.0,Model A,1997,72 years 07 months,638000.0
2024-06-01,CHOA CHU KANG,4 ROOM,805A,KEAT HONG CL,07 TO 09,93.0,Model A,2017,92 years,540000.0
2024-06-01,CHOA CHU KANG,4 ROOM,805C,KEAT HONG CL,13 TO 15,93.0,Model A,2017,92 years,578000.0
2024-06-01,CHOA CHU KANG,4 ROOM,802C,KEAT HONG CL,04 TO 06,92.0,Model A,2018,92 years 09 months,530000.0
2024-06-01,CHOA CHU KANG,4 ROOM,804B,KEAT HONG CL,10 TO 12,93.0,Model A,2017,92 years,565000.0
2024-06-01,CHOA CHU KANG,4 ROOM,802B,KEAT HONG CL,01 TO 03,92.0,Model A,2018,92 years 09 months,545000.0
2024-06-01,CHOA CHU KANG,4 ROOM,115,TECK WHYE LANE,04 TO 06,103.0,Model A,1989,64 years,480000.0
2024-06-01,CHOA CHU KANG,4 ROOM,116,TECK WHYE LANE,04 TO 06,103.0,Model A,1988,63 years 07 months,526000.0
2024-06-01,CHOA CHU KANG,4 ROOM,121,TECK WHYE LANE,10 TO 12,104.0,Model A,1989,64 years,488000.0
2024-06-01,CHOA CHU KANG,5 ROOM,808B,CHOA CHU KANG AVE 1,10 TO 12,112.0,Improved,2017,91 years 11 months,665000.0
2024-06-01,CHOA CHU KANG,5 ROOM,807C,CHOA CHU KANG AVE 1,07 TO 09,112.0,Improved,2017,91 years 11 months,680000.0
2024-06-01,CHOA CHU KANG,5 ROOM,807C,CHOA CHU KANG AVE 1,01 TO 03,112.0,Improved,2017,91 years 11 months,605000.0
2024-06-01,CHOA CHU KANG,5 ROOM,808D,CHOA CHU KANG AVE 1,13 TO 15,112.0,Improved,2017,91 years 11 months,678000.0
2024-06-01,CHOA CHU KANG,5 ROOM,296C,CHOA CHU KANG AVE 2,01 TO 03,120.0,Premium Apartment,1999,74 years 02 months,568000.0
2024-06-01,CHOA CHU KANG,5 ROOM,454,CHOA CHU KANG AVE 4,10 TO 12,123.0,Premium Apartment,2000,74 years 11 months,600000.0
2024-06-01,CHOA CHU KANG,5 ROOM,462,CHOA CHU KANG AVE 4,13 TO 15,123.0,Premium Apartment,2000,74 years 10 months,575000.0
2024-06-01,CHOA CHU KANG,5 ROOM,422,CHOA CHU KANG AVE 4,01 TO 03,122.0,Improved,1992,67 years 01 month,590000.0
2024-06-01,CHOA CHU KANG,5 ROOM,484B,CHOA CHU KANG AVE 5,04 TO 06,116.0,Improved,1999,73 years 11 months,550000.0
2024-06-01,CHOA CHU KANG,5 ROOM,487B,CHOA CHU KANG AVE 5,04 TO 06,113.0,Improved,2016,91 years 01 month,610000.0
2024-06-01,CHOA CHU KANG,5 ROOM,484D,CHOA CHU KANG AVE 5,16 TO 18,116.0,Improved,1999,73 years 11 months,601000.0
2024-06-01,CHOA CHU KANG,5 ROOM,487C,CHOA CHU KANG AVE 5,10 TO 12,113.0,Improved,2016,91 years 01 month,672000.0
2024-06-01,CHOA CHU KANG,5 ROOM,812C,CHOA CHU KANG AVE 7,16 TO 18,113.0,Improved,2017,92 years 06 months,686500.0
2024-06-01,CHOA CHU KANG,5 ROOM,815B,CHOA CHU KANG AVE 7,16 TO 18,113.0,Improved,2017,91 years 10 months,760888.0
2024-06-01,CHOA CHU KANG,5 ROOM,690C,CHOA CHU KANG CRES,04 TO 06,110.0,Improved,2003,78 years 01 month,530000.0
2024-06-01,CHOA CHU KANG,5 ROOM,692A,CHOA CHU KANG CRES,01 TO 03,110.0,Improved,2003,77 years 09 months,500000.0
2024-06-01,CHOA CHU KANG,5 ROOM,684B,CHOA CHU KANG CRES,04 TO 06,111.0,Improved,2002,77 years 05 months,545000.0
2024-06-01,CHOA CHU KANG,5 ROOM,685B,CHOA CHU KANG CRES,13 TO 15,110.0,Improved,2002,77 years 04 months,542000.0
2024-06-01,CHOA CHU KANG,5 ROOM,205,CHOA CHU KANG CTRL,04 TO 06,122.0,Improved,1989,63 years 11 months,600000.0
2024-06-01,CHOA CHU KANG,5 ROOM,766,CHOA CHU KANG NTH 5,07 TO 09,121.0,Improved,1996,71 years 03 months,612888.0
2024-06-01,CHOA CHU KANG,5 ROOM,790,CHOA CHU KANG NTH 6,13 TO 15,131.0,Model A,1996,71 years 07 months,745000.0
2024-06-01,CHOA CHU KANG,5 ROOM,515,CHOA CHU KANG ST 51,13 TO 15,126.0,Improved,1995,70 years 04 months,690000.0
2024-06-01,CHOA CHU KANG,5 ROOM,504,CHOA CHU KANG ST 51,07 TO 09,126.0,Improved,1995,69 years 09 months,700000.0
2024-06-01,CHOA CHU KANG,5 ROOM,503,CHOA CHU KANG ST 51,04 TO 06,127.0,Improved,1995,69 years 09 months,595000.0
2024-06-01,CHOA CHU KANG,5 ROOM,514,CHOA CHU KANG ST 51,04 TO 06,123.0,Improved,1995,70 years 04 months,580000.0
2024-06-01,CHOA CHU KANG,5 ROOM,155,JLN TECK WHYE,10 TO 12,120.0,Improved,1997,72 years 07 months,640000.0
2024-06-01,CHOA CHU KANG,5 ROOM,155,JLN TECK WHYE,07 TO 09,120.0,Improved,1997,72 years 07 months,650000.0
2024-06-01,CHOA CHU KANG,5 ROOM,801B,KEAT HONG CL,04 TO 06,113.0,Improved,2018,92 years 09 months,620000.0
2024-06-01,CHOA CHU KANG,5 ROOM,801B,KEAT HONG CL,13 TO 15,113.0,Improved,2018,92 years 09 months,720000.0
2024-06-01,CHOA CHU KANG,5 ROOM,801A,KEAT HONG CL,10 TO 12,113.0,Improved,2018,92 years 09 months,663888.0
2024-06-01,CHOA CHU KANG,5 ROOM,805C,KEAT HONG CL,10 TO 12,113.0,Improved,2017,92 years 01 month,626000.0
2024-06-01,CHOA CHU KANG,5 ROOM,805D,KEAT HONG CL,13 TO 15,113.0,Improved,2017,92 years,663000.0
2024-06-01,CHOA CHU KANG,5 ROOM,802A,KEAT HONG CL,01 TO 03,113.0,Improved,2018,92 years 09 months,617000.0
2024-06-01,CHOA CHU KANG,5 ROOM,817B,KEAT HONG LINK,01 TO 03,112.0,Improved,2017,92 years 04 months,640000.0
2024-06-01,CHOA CHU KANG,5 ROOM,817C,KEAT HONG LINK,07 TO 09,112.0,Improved,2017,92 years 04 months,708000.0
2024-06-01,CHOA CHU KANG,5 ROOM,817C,KEAT HONG LINK,10 TO 12,112.0,Improved,2017,92 years 04 months,720000.0
2024-06-01,CHOA CHU KANG,EXECUTIVE,204,CHOA CHU KANG AVE 1,01 TO 03,146.0,Maisonette,1989,64 years 03 months,773000.0
2024-06-01,CHOA CHU KANG,EXECUTIVE,287,CHOA CHU KANG AVE 2,04 TO 06,149.0,Maisonette,1990,65 years 03 months,800000.0
2024-06-01,CHOA CHU KANG,EXECUTIVE,419,CHOA CHU KANG AVE 4,10 TO 12,150.0,Apartment,1993,68 years,818000.0
2024-06-01,CHOA CHU KANG,EXECUTIVE,674A,CHOA CHU KANG CRES,10 TO 12,141.0,Premium Apartment,1999,74 years 05 months,726000.0
2024-06-01,CHOA CHU KANG,EXECUTIVE,663,CHOA CHU KANG CRES,16 TO 18,141.0,Apartment,1999,74 years 01 month,720000.0
2024-06-01,CHOA CHU KANG,EXECUTIVE,342,CHOA CHU KANG LOOP,07 TO 09,142.0,Apartment,1993,67 years 11 months,907888.0
2024-06-01,CHOA CHU KANG,EXECUTIVE,342,CHOA CHU KANG LOOP,10 TO 12,143.0,Apartment,1993,68 years,865000.0
2024-06-01,CHOA CHU KANG,EXECUTIVE,764,CHOA CHU KANG NTH 5,10 TO 12,144.0,Maisonette,1996,71 years 03 months,850888.0
2024-06-01,CHOA CHU KANG,EXECUTIVE,757,CHOA CHU KANG NTH 5,10 TO 12,147.0,Apartment,1995,70 years 03 months,828000.0
2024-06-01,CHOA CHU KANG,EXECUTIVE,557,CHOA CHU KANG NTH 6,01 TO 03,147.0,Apartment,1996,70 years 09 months,757000.0
2024-06-01,CHOA CHU KANG,EXECUTIVE,558,CHOA CHU KANG NTH 6,01 TO 03,147.0,Apartment,1996,70 years 09 months,738000.0
2024-06-01,CHOA CHU KANG,EXECUTIVE,528,CHOA CHU KANG ST 51,10 TO 12,148.0,Apartment,1995,69 years 11 months,755000.0
2024-06-01,CHOA CHU KANG,EXECUTIVE,164,JLN TECK WHYE,16 TO 18,141.0,Apartment,1998,72 years 11 months,760000.0
2024-06-01,CHOA CHU KANG,EXECUTIVE,107,TECK WHYE LANE,04 TO 06,146.0,Maisonette,1989,63 years 09 months,830000.0
2024-06-01,CLEMENTI,2 ROOM,423,CLEMENTI AVE 1,22 TO 24,49.0,Model A,2013,88 years 04 months,475000.0
2024-06-01,CLEMENTI,3 ROOM,417,CLEMENTI AVE 1,04 TO 06,73.0,Model A,2013,88 years 04 months,595000.0
2024-06-01,CLEMENTI,3 ROOM,329,CLEMENTI AVE 2,01 TO 03,67.0,New Generation,1978,53 years 02 months,408000.0
2024-06-01,CLEMENTI,3 ROOM,329,CLEMENTI AVE 2,01 TO 03,67.0,New Generation,1978,53 years 02 months,420000.0
2024-06-01,CLEMENTI,3 ROOM,362,CLEMENTI AVE 2,04 TO 06,67.0,New Generation,1978,52 years 08 months,408888.0
2024-06-01,CLEMENTI,3 ROOM,430,CLEMENTI AVE 3,07 TO 09,67.0,New Generation,1979,54 years 05 months,399888.0
2024-06-01,CLEMENTI,3 ROOM,442,CLEMENTI AVE 3,01 TO 03,68.0,New Generation,1980,54 years 11 months,375000.0
2024-06-01,CLEMENTI,3 ROOM,449,CLEMENTI AVE 3,04 TO 06,68.0,New Generation,1980,55 years 01 month,448888.0
2024-06-01,CLEMENTI,3 ROOM,307,CLEMENTI AVE 4,07 TO 09,67.0,New Generation,1979,54 years 06 months,400000.0
2024-06-01,CLEMENTI,3 ROOM,303,CLEMENTI AVE 4,01 TO 03,67.0,New Generation,1979,53 years 10 months,357000.0
2024-06-01,CLEMENTI,3 ROOM,312A,CLEMENTI AVE 4,40 TO 42,69.0,Model A,2017,92 years 03 months,740000.0
2024-06-01,CLEMENTI,3 ROOM,376,CLEMENTI AVE 4,01 TO 03,67.0,New Generation,1980,55 years 05 months,390000.0
2024-06-01,CLEMENTI,3 ROOM,306,CLEMENTI AVE 4,07 TO 09,67.0,New Generation,1979,53 years 11 months,405000.0
2024-06-01,CLEMENTI,3 ROOM,371,CLEMENTI AVE 4,10 TO 12,68.0,New Generation,1981,56 years 04 months,400000.0
2024-06-01,CLEMENTI,3 ROOM,379,CLEMENTI AVE 5,07 TO 09,67.0,New Generation,1980,55 years 04 months,405000.0
2024-06-01,CLEMENTI,3 ROOM,346,CLEMENTI AVE 5,10 TO 12,82.0,New Generation,1979,53 years 10 months,450000.0
2024-06-01,CLEMENTI,3 ROOM,611,CLEMENTI WEST ST 1,07 TO 09,74.0,Model A,1983,58 years 05 months,395000.0
2024-06-01,CLEMENTI,3 ROOM,608,CLEMENTI WEST ST 1,01 TO 03,67.0,New Generation,1979,54 years 06 months,350000.0
2024-06-01,CLEMENTI,3 ROOM,602,CLEMENTI WEST ST 1,10 TO 12,67.0,New Generation,1979,54 years 05 months,368000.0
2024-06-01,CLEMENTI,3 ROOM,602,CLEMENTI WEST ST 1,07 TO 09,67.0,New Generation,1979,54 years 05 months,373000.0
2024-06-01,CLEMENTI,3 ROOM,728,CLEMENTI WEST ST 2,04 TO 06,82.0,New Generation,1980,55 years 03 months,448000.0
2024-06-01,CLEMENTI,3 ROOM,710,CLEMENTI WEST ST 2,04 TO 06,68.0,New Generation,1984,58 years 11 months,365000.0
2024-06-01,CLEMENTI,3 ROOM,703,WEST COAST RD,10 TO 12,67.0,New Generation,1980,55 years 04 months,355000.0
2024-06-01,CLEMENTI,3 ROOM,702,WEST COAST RD,04 TO 06,67.0,New Generation,1980,55 years 04 months,355000.0
2024-06-01,CLEMENTI,3 ROOM,702,WEST COAST RD,04 TO 06,67.0,New Generation,1980,55 years 03 months,388000.0
2024-06-01,CLEMENTI,4 ROOM,412,C'WEALTH AVE WEST,07 TO 09,98.0,New Generation,1978,52 years 10 months,550000.0
2024-06-01,CLEMENTI,4 ROOM,424,CLEMENTI AVE 1,07 TO 09,100.0,Model A,2013,88 years 04 months,882880.0
2024-06-01,CLEMENTI,4 ROOM,421,CLEMENTI AVE 1,01 TO 03,92.0,Model A,2013,88 years 04 months,755000.0
2024-06-01,CLEMENTI,4 ROOM,358,CLEMENTI AVE 2,10 TO 12,92.0,New Generation,1978,52 years 08 months,608888.0
2024-06-01,CLEMENTI,4 ROOM,359,CLEMENTI AVE 2,01 TO 03,92.0,New Generation,1978,52 years 08 months,570000.0
2024-06-01,CLEMENTI,4 ROOM,349,CLEMENTI AVE 2,04 TO 06,92.0,New Generation,1978,53 years 04 months,550000.0
2024-06-01,CLEMENTI,4 ROOM,333,CLEMENTI AVE 2,07 TO 09,92.0,New Generation,1978,53 years 03 months,645000.0
2024-06-01,CLEMENTI,4 ROOM,455,CLEMENTI AVE 3,04 TO 06,90.0,Model A,2002,77 years 08 months,750000.0
2024-06-01,CLEMENTI,4 ROOM,441B,CLEMENTI AVE 3,19 TO 21,91.0,Model A,2012,87 years 02 months,1060000.0
2024-06-01,CLEMENTI,4 ROOM,312A,CLEMENTI AVE 4,34 TO 36,93.0,Model A,2017,92 years 03 months,1158000.0
2024-06-01,CLEMENTI,4 ROOM,312B,CLEMENTI AVE 4,34 TO 36,93.0,Model A,2017,92 years 03 months,1000000.0
2024-06-01,CLEMENTI,4 ROOM,306,CLEMENTI AVE 4,10 TO 12,92.0,New Generation,1979,53 years 11 months,580000.0
2024-06-01,CLEMENTI,4 ROOM,311A,CLEMENTI AVE 4,10 TO 12,80.0,DBSS,2014,89 years 07 months,950000.0
2024-06-01,CLEMENTI,4 ROOM,312A,CLEMENTI AVE 4,10 TO 12,93.0,Model A,2017,92 years 03 months,988000.0
2024-06-01,CLEMENTI,4 ROOM,316,CLEMENTI AVE 4,01 TO 03,91.0,New Generation,1979,54 years 02 months,550000.0
2024-06-01,CLEMENTI,4 ROOM,347,CLEMENTI AVE 5,04 TO 06,92.0,New Generation,1979,53 years 08 months,529888.0
2024-06-01,CLEMENTI,4 ROOM,609,CLEMENTI WEST ST 1,04 TO 06,92.0,New Generation,1979,54 years 06 months,502000.0
2024-06-01,CLEMENTI,4 ROOM,716,CLEMENTI WEST ST 2,01 TO 03,91.0,New Generation,1981,56 years 04 months,470000.0
2024-06-01,CLEMENTI,4 ROOM,710,CLEMENTI WEST ST 2,04 TO 06,93.0,New Generation,1984,58 years 11 months,480000.0
2024-06-01,CLEMENTI,4 ROOM,512,WEST COAST DR,10 TO 12,92.0,New Generation,1978,52 years 08 months,505000.0
2024-06-01,CLEMENTI,5 ROOM,440C,CLEMENTI AVE 3,04 TO 06,112.0,Improved,2018,93 years 03 months,1300000.0
2024-06-01,CLEMENTI,5 ROOM,311C,CLEMENTI AVE 4,34 TO 36,105.0,DBSS,2014,89 years 07 months,1275000.0
2024-06-01,CLEMENTI,5 ROOM,312A,CLEMENTI AVE 4,19 TO 21,113.0,Improved,2017,92 years 03 months,1223000.0
2024-06-01,CLEMENTI,EXECUTIVE,201,CLEMENTI AVE 6,07 TO 09,149.0,Apartment,1985,60 years,965000.0
2024-06-01,CLEMENTI,EXECUTIVE,111,CLEMENTI ST 13,10 TO 12,147.0,Maisonette,1985,59 years 08 months,1110000.0
2024-06-01,GEYLANG,2 ROOM,109,ALJUNIED CRES,10 TO 12,45.0,Improved,1986,60 years 08 months,325000.0
2024-06-01,GEYLANG,2 ROOM,68,CIRCUIT RD,01 TO 03,42.0,Standard,1969,43 years 08 months,295000.0
2024-06-01,GEYLANG,2 ROOM,45,CIRCUIT RD,01 TO 03,40.0,Standard,1971,45 years 08 months,315000.0
2024-06-01,GEYLANG,3 ROOM,95,ALJUNIED CRES,07 TO 09,65.0,Improved,1975,50 years 03 months,410000.0
2024-06-01,GEYLANG,3 ROOM,112,ALJUNIED CRES,10 TO 12,67.0,New Generation,1980,55 years 03 months,438000.0
2024-06-01,GEYLANG,3 ROOM,106,ALJUNIED CRES,07 TO 09,67.0,New Generation,1979,53 years 08 months,420000.0
2024-06-01,GEYLANG,3 ROOM,102,ALJUNIED CRES,01 TO 03,67.0,New Generation,1978,52 years 08 months,370000.0
2024-06-01,GEYLANG,3 ROOM,30,BALAM RD,10 TO 12,67.0,Standard,1973,48 years 02 months,347000.0
2024-06-01,GEYLANG,3 ROOM,32,CASSIA CRES,13 TO 15,68.0,New Generation,1981,56 years 02 months,478000.0
2024-06-01,GEYLANG,3 ROOM,83B,CIRCUIT RD,19 TO 21,68.0,Model A,2020,95 years,738000.0
2024-06-01,GEYLANG,3 ROOM,61,CIRCUIT RD,04 TO 06,61.0,Standard,1969,43 years 09 months,330000.0
2024-06-01,GEYLANG,3 ROOM,83B,CIRCUIT RD,10 TO 12,68.0,Model A,2020,95 years,730000.0
2024-06-01,GEYLANG,3 ROOM,64,CIRCUIT RD,04 TO 06,59.0,Standard,1967,41 years 08 months,310000.0
2024-06-01,GEYLANG,3 ROOM,34,CIRCUIT RD,04 TO 06,60.0,Standard,1967,41 years 08 months,328888.0
2024-06-01,GEYLANG,3 ROOM,45,CIRCUIT RD,04 TO 06,52.0,Standard,1971,45 years 08 months,306888.0
2024-06-01,GEYLANG,3 ROOM,82B,CIRCUIT RD,16 TO 18,68.0,Model A,2020,95 years,750000.0
2024-06-01,GEYLANG,3 ROOM,35,EUNOS CRES,04 TO 06,60.0,Model A,2006,81 years 06 months,670000.0
2024-06-01,GEYLANG,3 ROOM,18,EUNOS CRES,04 TO 06,70.0,Improved,1977,52 years 01 month,383000.0
2024-06-01,GEYLANG,3 ROOM,18,EUNOS CRES,04 TO 06,59.0,Improved,1977,52 years,318000.0
2024-06-01,GEYLANG,3 ROOM,416,EUNOS RD 5,01 TO 03,74.0,Model A,1984,59 years 06 months,495000.0
2024-06-01,GEYLANG,3 ROOM,3,HAIG RD,10 TO 12,65.0,Improved,1976,51 years 02 months,400000.0
2024-06-01,GEYLANG,3 ROOM,1,HAIG RD,04 TO 06,59.0,Improved,1982,57 years 06 months,363888.0
2024-06-01,GEYLANG,3 ROOM,93,JLN DUA,10 TO 12,62.0,Standard,1969,43 years 08 months,355000.0
2024-06-01,GEYLANG,3 ROOM,93,PAYA LEBAR WAY,04 TO 06,58.0,Improved,1972,47 years 04 months,300000.0
2024-06-01,GEYLANG,3 ROOM,12,PINE CL,04 TO 06,68.0,New Generation,1981,56 years 02 months,468000.0
2024-06-01,GEYLANG,3 ROOM,45,SIMS DR,04 TO 06,65.0,Improved,1977,51 years 11 months,372000.0
2024-06-01,GEYLANG,3 ROOM,52,SIMS PL,13 TO 15,76.0,Improved,1977,51 years 09 months,398888.0
2024-06-01,GEYLANG,3 ROOM,316,UBI AVE 1,04 TO 06,64.0,Simplified,1985,60 years 04 months,400000.0
2024-06-01,GEYLANG,3 ROOM,304,UBI AVE 1,04 TO 06,64.0,Simplified,2000,75 years,438888.0
2024-06-01,GEYLANG,3 ROOM,301,UBI AVE 1,01 TO 03,63.0,Simplified,2000,75 years,410000.0
2024-06-01,GEYLANG,4 ROOM,82A,CIRCUIT RD,13 TO 15,93.0,Model A,2020,95 years,1006888.0
2024-06-01,GEYLANG,4 ROOM,82A,CIRCUIT RD,13 TO 15,93.0,Model A,2020,95 years,1007000.0
2024-06-01,GEYLANG,4 ROOM,83B,CIRCUIT RD,10 TO 12,93.0,Model A,2020,95 years,966000.0
2024-06-01,GEYLANG,4 ROOM,83A,CIRCUIT RD,16 TO 18,96.0,Model A,2020,95 years,985000.0
2024-06-01,GEYLANG,4 ROOM,82B,CIRCUIT RD,16 TO 18,93.0,Model A,2020,95 years,1000000.0
2024-06-01,GEYLANG,4 ROOM,83B,CIRCUIT RD,16 TO 18,96.0,Model A,2020,95 years,1008888.0
2024-06-01,GEYLANG,4 ROOM,82B,CIRCUIT RD,04 TO 06,93.0,Model A,2020,95 years,935000.0
2024-06-01,GEYLANG,4 ROOM,83B,CIRCUIT RD,16 TO 18,96.0,Model A,2020,95 years,1050000.0
2024-06-01,GEYLANG,4 ROOM,82B,CIRCUIT RD,13 TO 15,93.0,Model A,2020,95 years,1080000.0
2024-06-01,GEYLANG,4 ROOM,82A,CIRCUIT RD,16 TO 18,93.0,Model A,2020,95 years,998000.0
2024-06-01,GEYLANG,4 ROOM,83B,CIRCUIT RD,13 TO 15,93.0,Model A,2020,95 years,1000000.0
2024-06-01,GEYLANG,4 ROOM,82B,CIRCUIT RD,04 TO 06,93.0,Model A,2020,94 years 11 months,960000.0
2024-06-01,GEYLANG,4 ROOM,34,EUNOS CRES,07 TO 09,90.0,Model A,2006,81 years 06 months,860000.0
2024-06-01,GEYLANG,4 ROOM,134,GEYLANG EAST AVE 1,01 TO 03,84.0,Simplified,1986,61 years 06 months,558000.0
2024-06-01,GEYLANG,4 ROOM,8,HAIG RD,01 TO 03,92.0,New Generation,1976,51 years 02 months,570000.0
2024-06-01,GEYLANG,4 ROOM,49,JLN TIGA,07 TO 09,93.0,Model A,2005,79 years 11 months,885000.0
2024-06-01,GEYLANG,4 ROOM,121,PAYA LEBAR WAY,04 TO 06,91.0,New Generation,1980,55 years 03 months,535000.0
2024-06-01,GEYLANG,4 ROOM,121,PAYA LEBAR WAY,01 TO 03,93.0,New Generation,1980,55 years 03 months,510000.0
2024-06-01,GEYLANG,4 ROOM,1,PINE CL,13 TO 15,95.0,Model A,2000,75 years 01 month,896800.0
2024-06-01,GEYLANG,4 ROOM,54,PIPIT RD,01 TO 03,91.0,New Generation,1985,59 years 10 months,558888.0
2024-06-01,GEYLANG,4 ROOM,336,UBI AVE 1,07 TO 09,83.0,Simplified,1986,60 years 10 months,485000.0
2024-06-01,GEYLANG,4 ROOM,323,UBI AVE 1,01 TO 03,90.0,Simplified,1985,60 years 01 month,502000.0
2024-06-01,GEYLANG,4 ROOM,346,UBI AVE 1,01 TO 03,84.0,Simplified,1986,60 years 09 months,520000.0
2024-06-01,GEYLANG,5 ROOM,56,CASSIA CRES,07 TO 09,120.0,Improved,1998,72 years 09 months,1038000.0
2024-06-01,GEYLANG,5 ROOM,23,HAIG RD,04 TO 06,118.0,Improved,1981,56 years 02 months,795000.0
2024-06-01,GEYLANG,5 ROOM,47,JLN TIGA,19 TO 21,110.0,Improved,2005,79 years 11 months,1098888.0
2024-06-01,GEYLANG,5 ROOM,5,PINE CL,19 TO 21,111.0,Improved,2000,75 years 01 month,1068888.0
2024-06-01,GEYLANG,5 ROOM,51,SIMS DR,01 TO 03,117.0,Standard,1977,51 years 09 months,695000.0
2024-06-01,GEYLANG,EXECUTIVE,130,GEYLANG EAST AVE 1,13 TO 15,146.0,Maisonette,1987,62 years,1068888.0
2024-06-01,GEYLANG,EXECUTIVE,53,PIPIT RD,10 TO 12,146.0,Maisonette,1986,61 years 05 months,990000.0
2024-06-01,HOUGANG,2 ROOM,998B,BUANGKOK CRES,07 TO 09,47.0,2-room,2019,94 years 07 months,355000.0
2024-06-01,HOUGANG,2 ROOM,991B,BUANGKOK LINK,04 TO 06,47.0,Model A,2019,94 years 01 month,320000.0
2024-06-01,HOUGANG,2 ROOM,992B,BUANGKOK LINK,07 TO 09,38.0,Model A,2019,94 years 01 month,345000.0
2024-06-01,HOUGANG,3 ROOM,995C,BUANGKOK CRES,10 TO 12,68.0,Model A,2019,94 years 04 months,510000.0
2024-06-01,HOUGANG,3 ROOM,995C,BUANGKOK CRES,16 TO 18,68.0,Model A,2019,94 years 04 months,500000.0
2024-06-01,HOUGANG,3 ROOM,995A,BUANGKOK CRES,13 TO 15,68.0,Model A,2019,94 years 04 months,490000.0
2024-06-01,HOUGANG,3 ROOM,995B,BUANGKOK CRES,13 TO 15,68.0,Model A,2019,94 years 04 months,518000.0
2024-06-01,HOUGANG,3 ROOM,992B,BUANGKOK LINK,07 TO 09,68.0,Model A,2019,94 years 01 month,490000.0
2024-06-01,HOUGANG,3 ROOM,113,HOUGANG AVE 1,07 TO 09,66.0,New Generation,1982,56 years 08 months,368000.0
2024-06-01,HOUGANG,3 ROOM,109,HOUGANG AVE 1,04 TO 06,67.0,New Generation,1983,57 years 10 months,365000.0
2024-06-01,HOUGANG,3 ROOM,2,HOUGANG AVE 3,01 TO 03,59.0,Improved,1975,50 years 02 months,328000.0
2024-06-01,HOUGANG,3 ROOM,252,HOUGANG AVE 3,07 TO 09,71.0,New Generation,1985,59 years 07 months,448000.0
2024-06-01,HOUGANG,3 ROOM,667,HOUGANG AVE 4,01 TO 03,74.0,Model A,1987,62 years 01 month,432000.0
2024-06-01,HOUGANG,3 ROOM,328,HOUGANG AVE 5,04 TO 06,67.0,New Generation,1983,58 years 02 months,438000.0
2024-06-01,HOUGANG,3 ROOM,523,HOUGANG AVE 6,04 TO 06,74.0,Model A,1986,61 years 05 months,445000.0
2024-06-01,HOUGANG,3 ROOM,520,HOUGANG AVE 6,01 TO 03,70.0,Simplified,1987,61 years 10 months,439000.0
2024-06-01,HOUGANG,3 ROOM,316,HOUGANG AVE 7,01 TO 03,68.0,Improved,1993,67 years 11 months,405000.0
2024-06-01,HOUGANG,3 ROOM,678,HOUGANG AVE 8,07 TO 09,64.0,Simplified,1988,63 years 06 months,388000.0
2024-06-01,HOUGANG,3 ROOM,645,HOUGANG AVE 8,07 TO 09,60.0,Improved,1987,61 years 08 months,385000.0
2024-06-01,HOUGANG,3 ROOM,619,HOUGANG AVE 8,04 TO 06,60.0,Improved,1985,60 years 04 months,375000.0
2024-06-01,HOUGANG,3 ROOM,154,HOUGANG ST 11,07 TO 09,67.0,New Generation,1984,59 years 07 months,433000.0
2024-06-01,HOUGANG,3 ROOM,244,HOUGANG ST 22,07 TO 09,67.0,New Generation,1984,59 years 04 months,406888.0
2024-06-01,HOUGANG,3 ROOM,696,HOUGANG ST 61,07 TO 09,74.0,Model A,1987,62 years 05 months,450000.0
2024-06-01,HOUGANG,3 ROOM,688,HOUGANG ST 61,01 TO 03,74.0,Model A,1987,61 years 10 months,420000.0
2024-06-01,HOUGANG,3 ROOM,473C,UPP SERANGOON CRES,10 TO 12,68.0,Model A,2017,92 years 01 month,498000.0
2024-06-01,HOUGANG,3 ROOM,476A,UPP SERANGOON VIEW,07 TO 09,68.0,Premium Apartment,2016,90 years 10 months,508999.0
2024-06-01,HOUGANG,4 ROOM,998B,BUANGKOK CRES,13 TO 15,94.0,Model A,2019,94 years 07 months,665000.0
2024-06-01,HOUGANG,4 ROOM,996C,BUANGKOK CRES,13 TO 15,93.0,Model A,2019,94 years 04 months,655000.0
2024-06-01,HOUGANG,4 ROOM,997A,BUANGKOK CRES,10 TO 12,93.0,Model A,2018,93 years 06 months,625000.0
2024-06-01,HOUGANG,4 ROOM,980C,BUANGKOK CRES,10 TO 12,85.0,Model A2,2003,78 years,580000.0
2024-06-01,HOUGANG,4 ROOM,997A,BUANGKOK CRES,10 TO 12,93.0,Model A,2018,93 years 05 months,635000.0
2024-06-01,HOUGANG,4 ROOM,999B,BUANGKOK CRES,07 TO 09,93.0,Model A,2019,94 years 07 months,645000.0
2024-06-01,HOUGANG,4 ROOM,996A,BUANGKOK CRES,13 TO 15,92.0,Model A,2019,94 years 04 months,640000.0
2024-06-01,HOUGANG,4 ROOM,996C,BUANGKOK CRES,10 TO 12,92.0,Model A,2019,94 years 04 months,650000.0
2024-06-01,HOUGANG,4 ROOM,996C,BUANGKOK CRES,13 TO 15,92.0,Model A,2019,94 years 04 months,645000.0
2024-06-01,HOUGANG,4 ROOM,997C,BUANGKOK CRES,13 TO 15,93.0,Model A,2018,93 years 06 months,630000.0
2024-06-01,HOUGANG,4 ROOM,996C,BUANGKOK CRES,04 TO 06,92.0,Model A,2019,94 years 04 months,585000.0
2024-06-01,HOUGANG,4 ROOM,997C,BUANGKOK CRES,04 TO 06,93.0,Model A,2018,93 years 06 months,588000.0
2024-06-01,HOUGANG,4 ROOM,988C,BUANGKOK GREEN,07 TO 09,93.0,Model A,2015,89 years 09 months,625000.0
2024-06-01,HOUGANG,4 ROOM,987A,BUANGKOK GREEN,16 TO 18,93.0,Model A,2015,89 years 09 months,635000.0
2024-06-01,HOUGANG,4 ROOM,988A,BUANGKOK GREEN,10 TO 12,93.0,Model A,2015,89 years 09 months,595000.0
2024-06-01,HOUGANG,4 ROOM,987A,BUANGKOK GREEN,07 TO 09,93.0,Model A,2015,89 years 09 months,605000.0
2024-06-01,HOUGANG,4 ROOM,991B,BUANGKOK LINK,13 TO 15,93.0,Model A,2019,94 years 01 month,653888.0
2024-06-01,HOUGANG,4 ROOM,992A,BUANGKOK LINK,10 TO 12,93.0,Model A,2019,94 years 01 month,633000.0
2024-06-01,HOUGANG,4 ROOM,991A,BUANGKOK LINK,04 TO 06,93.0,Model A,2019,94 years 01 month,610000.0
2024-06-01,HOUGANG,4 ROOM,984A,BUANGKOK LINK,04 TO 06,85.0,Model A2,2004,78 years 10 months,511888.0
2024-06-01,HOUGANG,4 ROOM,992B,BUANGKOK LINK,10 TO 12,93.0,Model A,2019,94 years 01 month,658000.0
2024-06-01,HOUGANG,4 ROOM,123,HOUGANG AVE 1,04 TO 06,91.0,New Generation,1981,56 years 04 months,480000.0
2024-06-01,HOUGANG,4 ROOM,172,HOUGANG AVE 1,10 TO 12,101.0,Model A,1997,72 years 08 months,605000.0
2024-06-01,HOUGANG,4 ROOM,232,HOUGANG AVE 1,07 TO 09,111.0,Model A,1984,59 years 06 months,668000.0
2024-06-01,HOUGANG,4 ROOM,165,HOUGANG AVE 1,01 TO 03,92.0,Model A2,1997,72 years 06 months,520000.0
2024-06-01,HOUGANG,4 ROOM,232,HOUGANG AVE 1,07 TO 09,104.0,Model A,1984,59 years 06 months,600000.0
2024-06-01,HOUGANG,4 ROOM,448,HOUGANG AVE 10,07 TO 09,113.0,Model A,1990,64 years 11 months,680000.0
2024-06-01,HOUGANG,4 ROOM,412,HOUGANG AVE 10,01 TO 03,98.0,New Generation,1985,60 years 03 months,540000.0
2024-06-01,HOUGANG,4 ROOM,456,HOUGANG AVE 10,01 TO 03,104.0,Model A,1992,67 years 04 months,548000.0
2024-06-01,HOUGANG,4 ROOM,708,HOUGANG AVE 2,04 TO 06,95.0,New Generation,1985,60 years 03 months,530000.0
2024-06-01,HOUGANG,4 ROOM,601,HOUGANG AVE 4,04 TO 06,103.0,Model A,1986,61 years 01 month,590000.0
2024-06-01,HOUGANG,4 ROOM,682,HOUGANG AVE 4,04 TO 06,85.0,Simplified,1989,64 years 02 months,515000.0
2024-06-01,HOUGANG,4 ROOM,301,HOUGANG AVE 5,10 TO 12,105.0,Model A,1983,58 years 03 months,570000.0
2024-06-01,HOUGANG,4 ROOM,307,HOUGANG AVE 5,07 TO 09,93.0,New Generation,1983,57 years 08 months,545000.0
2024-06-01,HOUGANG,4 ROOM,363,HOUGANG AVE 5,04 TO 06,104.0,Model A,1992,67 years 04 months,620000.0
2024-06-01,HOUGANG,4 ROOM,532,HOUGANG AVE 6,01 TO 03,109.0,Model A,1987,62 years 07 months,500000.0
2024-06-01,HOUGANG,4 ROOM,525,HOUGANG AVE 6,01 TO 03,83.0,Simplified,1987,62 years 07 months,490000.0
2024-06-01,HOUGANG,4 ROOM,340,HOUGANG AVE 7,01 TO 03,93.0,New Generation,1985,59 years 10 months,505000.0
2024-06-01,HOUGANG,4 ROOM,544,HOUGANG AVE 8,04 TO 06,107.0,Model A,1992,67 years 05 months,600000.0
2024-06-01,HOUGANG,4 ROOM,680,HOUGANG AVE 8,01 TO 03,84.0,Simplified,1987,61 years 08 months,450000.0
2024-06-01,HOUGANG,4 ROOM,671,HOUGANG AVE 8,04 TO 06,103.0,Model A,1987,62 years 06 months,550000.0
2024-06-01,HOUGANG,4 ROOM,444,HOUGANG AVE 8,07 TO 09,105.0,Model A,1991,66 years 03 months,638000.0
2024-06-01,HOUGANG,4 ROOM,636,HOUGANG AVE 8,10 TO 12,84.0,Simplified,1987,62 years 07 months,500000.0
2024-06-01,HOUGANG,4 ROOM,954,HOUGANG AVE 9,04 TO 06,101.0,Model A,1999,73 years 11 months,541888.0
2024-06-01,HOUGANG,4 ROOM,963,HOUGANG AVE 9,01 TO 03,100.0,Model A,1999,74 years 03 months,560000.0
2024-06-01,HOUGANG,4 ROOM,832,HOUGANG CTRL,07 TO 09,110.0,Model A,1992,67 years 04 months,618000.0
2024-06-01,HOUGANG,4 ROOM,240,HOUGANG ST 22,01 TO 03,105.0,Model A,1984,59 years 05 months,568888.0
2024-06-01,HOUGANG,4 ROOM,370,HOUGANG ST 31,04 TO 06,101.0,Model A,1999,74 years 06 months,605000.0
2024-06-01,HOUGANG,4 ROOM,373,HOUGANG ST 31,16 TO 18,100.0,Model A,2000,74 years 08 months,670000.0
2024-06-01,HOUGANG,4 ROOM,373,HOUGANG ST 31,07 TO 09,101.0,Model A,2000,74 years 08 months,635000.0
2024-06-01,HOUGANG,4 ROOM,575,HOUGANG ST 51,13 TO 15,100.0,Model A,1997,71 years 09 months,600000.0
2024-06-01,HOUGANG,4 ROOM,566,HOUGANG ST 51,04 TO 06,104.0,Model A,1992,67 years 04 months,558000.0
2024-06-01,HOUGANG,4 ROOM,534,HOUGANG ST 52,04 TO 06,103.0,Model A,1992,67 years 05 months,560000.0
2024-06-01,HOUGANG,4 ROOM,697,HOUGANG ST 61,10 TO 12,89.0,Simplified,1987,62 years,550000.0
2024-06-01,HOUGANG,4 ROOM,689,HOUGANG ST 61,04 TO 06,103.0,Model A,1987,62 years 03 months,548000.0
2024-06-01,HOUGANG,4 ROOM,925,HOUGANG ST 91,13 TO 15,100.0,Model A,1998,73 years 04 months,614000.0
2024-06-01,HOUGANG,4 ROOM,976,HOUGANG ST 91,01 TO 03,101.0,Model A,1999,74 years 06 months,528000.0
2024-06-01,HOUGANG,4 ROOM,133,LOR AH SOO,07 TO 09,106.0,Model A,1985,59 years 10 months,560000.0
2024-06-01,HOUGANG,4 ROOM,137,LOR AH SOO,04 TO 06,106.0,Model A,1985,59 years 10 months,525000.0
2024-06-01,HOUGANG,4 ROOM,364B,UPP SERANGOON RD,04 TO 06,92.0,Model A,2018,92 years 09 months,750000.0
2024-06-01,HOUGANG,4 ROOM,464,UPP SERANGOON RD,01 TO 03,104.0,Model A,1992,67 years 04 months,560000.0
2024-06-01,HOUGANG,5 ROOM,997C,BUANGKOK CRES,10 TO 12,113.0,Improved,2018,93 years 05 months,743000.0
2024-06-01,HOUGANG,5 ROOM,169,HOUGANG AVE 1,13 TO 15,122.0,Improved,1997,72 years 07 months,780000.0
2024-06-01,HOUGANG,5 ROOM,171,HOUGANG AVE 1,01 TO 03,120.0,Improved,1998,72 years 08 months,630000.0
2024-06-01,HOUGANG,5 ROOM,513,HOUGANG AVE 10,10 TO 12,121.0,Improved,1986,61 years 04 months,750000.0
2024-06-01,HOUGANG,5 ROOM,310,HOUGANG AVE 5,04 TO 06,123.0,Improved,1984,58 years 09 months,650000.0
2024-06-01,HOUGANG,5 ROOM,310,HOUGANG AVE 5,10 TO 12,126.0,Improved,1984,58 years 10 months,650000.0
2024-06-01,HOUGANG,5 ROOM,306,HOUGANG AVE 5,10 TO 12,131.0,Model A,1983,57 years 10 months,740000.0
2024-06-01,HOUGANG,5 ROOM,532,HOUGANG AVE 6,10 TO 12,121.0,Improved,1987,62 years 06 months,762000.0
2024-06-01,HOUGANG,5 ROOM,325,HOUGANG AVE 7,04 TO 06,121.0,Improved,1983,57 years 11 months,678000.0
2024-06-01,HOUGANG,5 ROOM,504,HOUGANG AVE 8,04 TO 06,121.0,Improved,1987,62 years 03 months,660000.0
2024-06-01,HOUGANG,5 ROOM,641,HOUGANG AVE 8,01 TO 03,120.0,Improved,1987,62 years 04 months,656000.0
2024-06-01,HOUGANG,5 ROOM,955,HOUGANG AVE 9,01 TO 03,115.0,Improved,1999,73 years 10 months,638000.0
2024-06-01,HOUGANG,5 ROOM,962,HOUGANG AVE 9,04 TO 06,116.0,Improved,1999,74 years 03 months,590000.0
2024-06-01,HOUGANG,5 ROOM,955,HOUGANG AVE 9,13 TO 15,115.0,Improved,1999,73 years 10 months,682000.0
2024-06-01,HOUGANG,5 ROOM,923,HOUGANG AVE 9,07 TO 09,120.0,Improved,1998,72 years 09 months,748888.0
2024-06-01,HOUGANG,5 ROOM,955,HOUGANG AVE 9,13 TO 15,116.0,Improved,1999,73 years 10 months,688888.0
2024-06-01,HOUGANG,5 ROOM,837,HOUGANG CTRL,07 TO 09,116.0,Improved,1997,72 years,838000.0
2024-06-01,HOUGANG,5 ROOM,231,HOUGANG ST 21,10 TO 12,142.0,Model A-Maisonette,1984,59 years 04 months,1088000.0
2024-06-01,HOUGANG,5 ROOM,373,HOUGANG ST 31,13 TO 15,121.0,Improved,2000,74 years 08 months,851888.0
2024-06-01,HOUGANG,5 ROOM,553,HOUGANG ST 51,04 TO 06,121.0,Improved,1989,64 years 04 months,633888.0
2024-06-01,HOUGANG,5 ROOM,699,HOUGANG ST 52,04 TO 06,120.0,Improved,1999,73 years 09 months,730000.0
2024-06-01,HOUGANG,5 ROOM,927,HOUGANG ST 91,10 TO 12,120.0,Improved,1998,73 years 07 months,756000.0
2024-06-01,HOUGANG,5 ROOM,473A,UPP SERANGOON CRES,07 TO 09,113.0,Improved,2017,92 years 01 month,790888.0
2024-06-01,HOUGANG,5 ROOM,473D,UPP SERANGOON CRES,04 TO 06,113.0,Improved,2017,92 years 01 month,753500.0
2024-06-01,HOUGANG,5 ROOM,475C,UPP SERANGOON CRES,16 TO 18,112.0,DBSS,2014,89 years 06 months,980000.0
2024-06-01,HOUGANG,5 ROOM,470C,UPP SERANGOON CRES,13 TO 15,112.0,Improved,2015,90 years,828000.0
2024-06-01,HOUGANG,5 ROOM,473A,UPP SERANGOON CRES,04 TO 06,113.0,Improved,2017,92 years 01 month,780000.0
2024-06-01,HOUGANG,5 ROOM,476B,UPP SERANGOON VIEW,10 TO 12,115.0,Premium Apartment,2016,90 years 10 months,880000.0
2024-06-01,HOUGANG,EXECUTIVE,124,HOUGANG AVE 1,10 TO 12,161.0,Adjoined flat,1981,56 years 05 months,950000.0
2024-06-01,HOUGANG,EXECUTIVE,578,HOUGANG AVE 4,04 TO 06,139.0,Apartment,1997,72 years 05 months,850000.0
2024-06-01,HOUGANG,EXECUTIVE,358,HOUGANG AVE 5,10 TO 12,146.0,Apartment,1992,67 years 04 months,970000.0
2024-06-01,HOUGANG,EXECUTIVE,533,HOUGANG AVE 6,01 TO 03,145.0,Maisonette,1988,62 years 11 months,880000.0
2024-06-01,HOUGANG,EXECUTIVE,522,HOUGANG AVE 6,07 TO 09,145.0,Maisonette,1987,62 years 03 months,990000.0
2024-06-01,HOUGANG,EXECUTIVE,357,HOUGANG AVE 7,07 TO 09,152.0,Maisonette,1985,59 years 10 months,845000.0
2024-06-01,HOUGANG,EXECUTIVE,357,HOUGANG AVE 7,04 TO 06,148.0,Maisonette,1985,59 years 10 months,960000.0
2024-06-01,HOUGANG,EXECUTIVE,850,HOUGANG CTRL,01 TO 03,139.0,Apartment,1997,71 years 10 months,1071888.0
2024-06-01,HOUGANG,EXECUTIVE,237,HOUGANG ST 21,07 TO 09,148.0,Maisonette,1984,59 years 02 months,980000.0
2024-06-01,HOUGANG,EXECUTIVE,562,HOUGANG ST 51,04 TO 06,148.0,Maisonette,1992,67 years 04 months,920000.0
2024-06-01,HOUGANG,EXECUTIVE,698C,HOUGANG ST 52,04 TO 06,141.0,Apartment,1999,73 years 09 months,860000.0
2024-06-01,HOUGANG,EXECUTIVE,698C,HOUGANG ST 52,13 TO 15,140.0,Apartment,1999,73 years 09 months,893000.0
2024-06-01,HOUGANG,EXECUTIVE,940,HOUGANG ST 92,13 TO 15,142.0,Apartment,1998,72 years 09 months,970000.0
2024-06-01,HOUGANG,EXECUTIVE,145,LOR AH SOO,01 TO 03,148.0,Maisonette,1984,59 years 04 months,895000.0
2024-06-01,HOUGANG,EXECUTIVE,145,LOR AH SOO,10 TO 12,148.0,Maisonette,1984,59 years 04 months,900000.0
2024-06-01,HOUGANG,EXECUTIVE,128,LOR AH SOO,10 TO 12,142.0,Apartment,1984,59 years 02 months,925000.0
2024-06-01,HOUGANG,EXECUTIVE,144,LOR AH SOO,01 TO 03,146.0,Maisonette,1984,59 years 05 months,873888.0
2024-06-01,HOUGANG,EXECUTIVE,128,LOR AH SOO,01 TO 03,142.0,Apartment,1984,59 years 02 months,908000.0
2024-06-01,JURONG EAST,3 ROOM,240A,JURONG EAST AVE 1,07 TO 09,68.0,Model A,2020,95 years,530000.0
2024-06-01,JURONG EAST,3 ROOM,339,JURONG EAST AVE 1,10 TO 12,74.0,Model A,1983,58 years 01 month,400000.0
2024-06-01,JURONG EAST,3 ROOM,101,JURONG EAST ST 13,10 TO 12,68.0,New Generation,1983,57 years 11 months,410000.0
2024-06-01,JURONG EAST,3 ROOM,231,JURONG EAST ST 21,04 TO 06,67.0,New Generation,1981,56 years 01 month,370000.0
2024-06-01,JURONG EAST,3 ROOM,229,JURONG EAST ST 21,01 TO 03,67.0,New Generation,1981,56 years 01 month,398000.0
2024-06-01,JURONG EAST,3 ROOM,264,JURONG EAST ST 24,07 TO 09,68.0,New Generation,1983,58 years,370000.0
2024-06-01,JURONG EAST,3 ROOM,245,JURONG EAST ST 24,10 TO 12,67.0,New Generation,1982,57 years 03 months,400000.0
2024-06-01,JURONG EAST,3 ROOM,248,JURONG EAST ST 24,07 TO 09,67.0,New Generation,1983,57 years 11 months,376854.0
2024-06-01,JURONG EAST,3 ROOM,247,JURONG EAST ST 24,07 TO 09,68.0,New Generation,1983,58 years 01 month,385000.0
2024-06-01,JURONG EAST,3 ROOM,257,JURONG EAST ST 24,10 TO 12,68.0,New Generation,1983,57 years 08 months,368000.0
2024-06-01,JURONG EAST,3 ROOM,304,JURONG EAST ST 32,07 TO 09,67.0,New Generation,1983,58 years 04 months,389000.0
2024-06-01,JURONG EAST,3 ROOM,313,JURONG EAST ST 32,07 TO 09,74.0,Model A,1984,58 years 11 months,450000.0
2024-06-01,JURONG EAST,3 ROOM,371,JURONG EAST ST 32,01 TO 03,64.0,Model A,2014,88 years 09 months,432000.0
2024-06-01,JURONG EAST,4 ROOM,108,JURONG EAST ST 13,01 TO 03,92.0,New Generation,1982,57 years 05 months,475000.0
2024-06-01,JURONG EAST,4 ROOM,218,JURONG EAST ST 21,04 TO 06,91.0,New Generation,1984,59 years 06 months,485000.0
2024-06-01,JURONG EAST,4 ROOM,224,JURONG EAST ST 21,10 TO 12,91.0,New Generation,1984,59 years 05 months,495000.0
2024-06-01,JURONG EAST,4 ROOM,319,JURONG EAST ST 31,04 TO 06,104.0,Model A,1984,59 years 02 months,495000.0
2024-06-01,JURONG EAST,4 ROOM,65,TEBAN GDNS RD,16 TO 18,90.0,Model A,2003,78 years 01 month,495000.0
2024-06-01,JURONG EAST,4 ROOM,54,TEBAN GDNS RD,01 TO 03,88.0,Simplified,1986,61 years 04 months,440000.0
2024-06-01,JURONG EAST,4 ROOM,48,TEBAN GDNS RD,04 TO 06,98.0,New Generation,1985,60 years 06 months,455000.0
2024-06-01,JURONG EAST,4 ROOM,41,TEBAN GDNS RD,01 TO 03,99.0,New Generation,1981,56 years 02 months,420000.0
2024-06-01,JURONG EAST,4 ROOM,30,TEBAN GDNS RD,04 TO 06,99.0,New Generation,1981,56 years 02 months,430000.0
2024-06-01,JURONG EAST,4 ROOM,23,TEBAN GDNS RD,04 TO 06,87.0,Model A,2013,88 years 04 months,495000.0
2024-06-01,JURONG EAST,4 ROOM,282,TOH GUAN RD,13 TO 15,90.0,Model A2,1998,73 years 06 months,558000.0
2024-06-01,JURONG EAST,4 ROOM,274,TOH GUAN RD,01 TO 03,102.0,Model A,1999,73 years 08 months,480000.0
2024-06-01,JURONG EAST,4 ROOM,266,TOH GUAN RD,04 TO 06,101.0,Model A,1998,73 years 05 months,618500.0
2024-06-01,JURONG EAST,5 ROOM,106,JURONG EAST ST 13,10 TO 12,120.0,Improved,1982,57 years 05 months,682000.0
2024-06-01,JURONG EAST,5 ROOM,103,JURONG EAST ST 13,01 TO 03,120.0,Improved,1982,57 years 06 months,623888.0
2024-06-01,JURONG EAST,5 ROOM,219A,JURONG EAST ST 21,19 TO 21,118.0,Improved,1985,60 years,750000.0
2024-06-01,JURONG EAST,5 ROOM,238,JURONG EAST ST 21,04 TO 06,120.0,Improved,1982,57 years 04 months,608000.0
2024-06-01,JURONG EAST,5 ROOM,239,JURONG EAST ST 21,01 TO 03,120.0,Improved,1982,57 years 06 months,620000.0
2024-06-01,JURONG EAST,5 ROOM,238,JURONG EAST ST 21,13 TO 15,120.0,Improved,1982,57 years 04 months,645000.0
2024-06-01,JURONG EAST,5 ROOM,260,JURONG EAST ST 24,01 TO 03,121.0,Improved,1983,57 years 09 months,655000.0
2024-06-01,JURONG EAST,5 ROOM,317,JURONG EAST ST 31,04 TO 06,135.0,Model A,1984,59 years,658000.0
2024-06-01,JURONG EAST,5 ROOM,314,JURONG EAST ST 32,07 TO 09,132.0,Model A,1984,59 years 02 months,632000.0
2024-06-01,JURONG EAST,5 ROOM,407,PANDAN GDNS,01 TO 03,104.0,Standard,1979,53 years 11 months,468000.0
2024-06-01,JURONG EAST,EXECUTIVE,336,JURONG EAST AVE 1,01 TO 03,149.0,Maisonette,1985,60 years 03 months,770000.0
2024-06-01,JURONG EAST,EXECUTIVE,336,JURONG EAST AVE 1,01 TO 03,149.0,Maisonette,1985,60 years 03 months,722000.0
2024-06-01,JURONG EAST,EXECUTIVE,322A,JURONG EAST ST 31,04 TO 06,149.0,Maisonette,1985,60 years,800000.0
2024-06-01,JURONG WEST,2 ROOM,150A,CORPORATION DR,10 TO 12,38.0,Model A,2019,94 years,330000.0
2024-06-01,JURONG WEST,2 ROOM,112,HO CHING RD,04 TO 06,57.0,Improved,1970,45 years 04 months,270000.0
2024-06-01,JURONG WEST,3 ROOM,185,BOON LAY AVE,22 TO 24,59.0,Improved,1975,50 years 05 months,305000.0
2024-06-01,JURONG WEST,3 ROOM,185,BOON LAY AVE,07 TO 09,59.0,Improved,1975,50 years 05 months,282000.0
2024-06-01,JURONG WEST,3 ROOM,186,BOON LAY AVE,04 TO 06,59.0,Improved,1975,50 years 05 months,288000.0
2024-06-01,JURONG WEST,3 ROOM,175,BOON LAY DR,01 TO 03,59.0,Improved,1978,53 years 02 months,295000.0
2024-06-01,JURONG WEST,3 ROOM,174,BOON LAY DR,10 TO 12,59.0,Improved,1978,53 years 02 months,308800.0
2024-06-01,JURONG WEST,3 ROOM,215,BOON LAY PL,07 TO 09,75.0,Improved,1974,49 years 05 months,345000.0
2024-06-01,JURONG WEST,3 ROOM,208,BOON LAY PL,19 TO 21,65.0,Improved,1976,51 years 06 months,330000.0
2024-06-01,JURONG WEST,3 ROOM,210,BOON LAY PL,07 TO 09,65.0,Improved,1977,52 years 04 months,310000.0
2024-06-01,JURONG WEST,3 ROOM,208,BOON LAY PL,01 TO 03,65.0,Improved,1976,51 years 06 months,305000.0
2024-06-01,JURONG WEST,3 ROOM,208,BOON LAY PL,04 TO 06,74.0,Improved,1976,51 years 06 months,368000.0
2024-06-01,JURONG WEST,3 ROOM,150A,CORPORATION DR,16 TO 18,68.0,Model A,2019,94 years,470000.0
2024-06-01,JURONG WEST,3 ROOM,140B,CORPORATION DR,13 TO 15,68.0,Model A,2019,94 years 01 month,480000.0
2024-06-01,JURONG WEST,3 ROOM,120,HO CHING RD,04 TO 06,67.0,Improved,1972,46 years 08 months,340000.0
2024-06-01,JURONG WEST,3 ROOM,490,JURONG WEST AVE 1,10 TO 12,73.0,Model A,1984,59 years 02 months,380000.0
2024-06-01,JURONG WEST,3 ROOM,698A,JURONG WEST CTRL 3,13 TO 15,68.0,Model A,2017,92 years 05 months,530000.0
2024-06-01,JURONG WEST,3 ROOM,463,JURONG WEST ST 41,07 TO 09,67.0,New Generation,1985,60 years 01 month,380000.0
2024-06-01,JURONG WEST,3 ROOM,457,JURONG WEST ST 41,10 TO 12,73.0,Model A,1984,58 years 11 months,398000.0
2024-06-01,JURONG WEST,3 ROOM,422,JURONG WEST ST 42,04 TO 06,64.0,Simplified,1985,60 years,374000.0
2024-06-01,JURONG WEST,3 ROOM,501,JURONG WEST ST 51,01 TO 03,74.0,Model A,1986,60 years 11 months,377500.0
2024-06-01,JURONG WEST,3 ROOM,511,JURONG WEST ST 52,16 TO 18,74.0,Model A,1984,58 years 10 months,441000.0
2024-06-01,JURONG WEST,3 ROOM,528,JURONG WEST ST 52,01 TO 03,67.0,New Generation,1983,58 years,360000.0
2024-06-01,JURONG WEST,3 ROOM,506,JURONG WEST ST 52,01 TO 03,88.0,Model A,1986,60 years 10 months,435000.0
2024-06-01,JURONG WEST,3 ROOM,534,JURONG WEST ST 52,10 TO 12,82.0,New Generation,1982,57 years,440000.0
2024-06-01,JURONG WEST,3 ROOM,516,JURONG WEST ST 52,10 TO 12,74.0,Model A,1984,59 years 03 months,415000.0
2024-06-01,JURONG WEST,3 ROOM,535,JURONG WEST ST 52,10 TO 12,71.0,New Generation,1983,58 years 01 month,385000.0
2024-06-01,JURONG WEST,3 ROOM,339D,KANG CHING RD,19 TO 21,67.0,Model A,2012,86 years 10 months,470000.0
2024-06-01,JURONG WEST,4 ROOM,216B,BOON LAY AVE,04 TO 06,94.0,Model A,2018,93 years 02 months,588500.0
2024-06-01,JURONG WEST,4 ROOM,183C,BOON LAY AVE,04 TO 06,92.0,Model A,2015,89 years 08 months,535000.0
2024-06-01,JURONG WEST,4 ROOM,217B,BOON LAY AVE,04 TO 06,94.0,Model A,2018,93 years 02 months,603000.0
2024-06-01,JURONG WEST,4 ROOM,197B,BOON LAY DR,07 TO 09,93.0,Model A,2015,89 years 11 months,650000.0
2024-06-01,JURONG WEST,4 ROOM,265,BOON LAY DR,13 TO 15,113.0,Model A,1995,70 years 01 month,542000.0
2024-06-01,JURONG WEST,4 ROOM,140B,CORPORATION DR,01 TO 03,93.0,Model A,2019,94 years 01 month,590000.0
2024-06-01,JURONG WEST,4 ROOM,140B,CORPORATION DR,16 TO 18,93.0,Model A,2019,94 years 01 month,638000.0
2024-06-01,JURONG WEST,4 ROOM,489,JURONG WEST AVE 1,07 TO 09,103.0,Model A,1984,59 years 03 months,490000.0
2024-06-01,JURONG WEST,4 ROOM,273A,JURONG WEST AVE 3,04 TO 06,90.0,Model A,2001,76 years 07 months,463000.0
2024-06-01,JURONG WEST,4 ROOM,273D,JURONG WEST AVE 3,04 TO 06,88.0,Model A2,2001,76 years 06 months,461000.0
2024-06-01,JURONG WEST,4 ROOM,692,JURONG WEST CTRL 1,01 TO 03,102.0,Premium Apartment,1998,72 years 10 months,555000.0
2024-06-01,JURONG WEST,4 ROOM,696,JURONG WEST CTRL 1,07 TO 09,102.0,Premium Apartment,1998,72 years 10 months,610000.0
2024-06-01,JURONG WEST,4 ROOM,271B,JURONG WEST ST 24,01 TO 03,95.0,Premium Apartment,2003,78 years 05 months,468000.0
2024-06-01,JURONG WEST,4 ROOM,276D,JURONG WEST ST 25,13 TO 15,90.0,Model A,2002,76 years 10 months,465000.0
2024-06-01,JURONG WEST,4 ROOM,478,JURONG WEST ST 41,01 TO 03,91.0,New Generation,1985,59 years 10 months,460000.0
2024-06-01,JURONG WEST,4 ROOM,466,JURONG WEST ST 41,10 TO 12,92.0,New Generation,1985,59 years 08 months,475000.0
2024-06-01,JURONG WEST,4 ROOM,478,JURONG WEST ST 41,01 TO 03,92.0,New Generation,1985,59 years 10 months,458000.0
2024-06-01,JURONG WEST,4 ROOM,463,JURONG WEST ST 41,04 TO 06,93.0,New Generation,1985,60 years 01 month,480000.0
2024-06-01,JURONG WEST,4 ROOM,459,JURONG WEST ST 41,07 TO 09,103.0,Model A,1984,59 years 02 months,490000.0
2024-06-01,JURONG WEST,4 ROOM,415,JURONG WEST ST 42,04 TO 06,108.0,Model A,1985,59 years 10 months,462000.0
2024-06-01,JURONG WEST,4 ROOM,403,JURONG WEST ST 42,01 TO 03,106.0,Model A,1984,59 years 01 month,468000.0
2024-06-01,JURONG WEST,4 ROOM,521,JURONG WEST ST 52,07 TO 09,94.0,New Generation,1982,57 years 08 months,465000.0
2024-06-01,JURONG WEST,4 ROOM,518,JURONG WEST ST 52,01 TO 03,107.0,Model A,1984,59 years 06 months,510000.0
2024-06-01,JURONG WEST,4 ROOM,531,JURONG WEST ST 52,01 TO 03,99.0,New Generation,1983,58 years 03 months,472800.0
2024-06-01,PUNGGOL,3 ROOM,256C,SUMANG WALK,13 TO 15,68.0,Model A,2016,91 years 08 months,495000.0
2024-06-01,JURONG WEST,4 ROOM,655A,JURONG WEST ST 61,07 TO 09,87.0,Model A2,2002,77 years 05 months,500000.0
2024-06-01,JURONG WEST,4 ROOM,647,JURONG WEST ST 61,01 TO 03,101.0,Model A,1998,73 years 03 months,500000.0
2024-06-01,JURONG WEST,4 ROOM,646,JURONG WEST ST 61,10 TO 12,100.0,Model A,1998,73 years 03 months,535000.0
2024-06-01,JURONG WEST,4 ROOM,623,JURONG WEST ST 61,10 TO 12,91.0,Model A,2001,75 years 09 months,530000.0
2024-06-01,JURONG WEST,4 ROOM,649A,JURONG WEST ST 61,13 TO 15,91.0,Model A,2000,75 years 05 months,543000.0
2024-06-01,JURONG WEST,4 ROOM,684C,JURONG WEST ST 64,01 TO 03,94.0,Premium Apartment,2000,75 years 03 months,480888.0
2024-06-01,JURONG WEST,4 ROOM,683C,JURONG WEST ST 64,01 TO 03,94.0,Premium Apartment,2000,75 years 05 months,483000.0
2024-06-01,JURONG WEST,4 ROOM,663D,JURONG WEST ST 65,10 TO 12,90.0,Model A,2000,75 years 02 months,525888.0
2024-06-01,JURONG WEST,4 ROOM,621,JURONG WEST ST 65,07 TO 09,85.0,Model A2,2000,75 years 06 months,495000.0
2024-06-01,JURONG WEST,4 ROOM,667D,JURONG WEST ST 65,07 TO 09,90.0,Model A,2000,75 years 01 month,545000.0
2024-06-01,JURONG WEST,4 ROOM,635,JURONG WEST ST 65,04 TO 06,91.0,Model A,2001,76 years 06 months,490000.0
2024-06-01,JURONG WEST,4 ROOM,743,JURONG WEST ST 73,07 TO 09,104.0,Model A,1992,67 years 03 months,500000.0
2024-06-01,JURONG WEST,4 ROOM,735,JURONG WEST ST 75,10 TO 12,105.0,Model A,1995,70 years 03 months,520888.0
2024-06-01,JURONG WEST,4 ROOM,820,JURONG WEST ST 81,04 TO 06,107.0,Model A,1993,68 years 06 months,450000.0
2024-06-01,JURONG WEST,4 ROOM,850,JURONG WEST ST 81,01 TO 03,108.0,Model A,1996,70 years 10 months,438000.0
2024-06-01,JURONG WEST,4 ROOM,914,JURONG WEST ST 91,04 TO 06,103.0,Model A,1988,63 years 02 months,488000.0
2024-06-01,JURONG WEST,4 ROOM,940,JURONG WEST ST 91,07 TO 09,104.0,Model A,1989,64 years,470000.0
2024-06-01,JURONG WEST,4 ROOM,950,JURONG WEST ST 91,01 TO 03,105.0,Model A,1989,64 years,415000.0
2024-06-01,JURONG WEST,4 ROOM,928,JURONG WEST ST 92,07 TO 09,103.0,Model A,1988,63 years 05 months,471000.0
2024-06-01,JURONG WEST,4 ROOM,961,JURONG WEST ST 92,07 TO 09,104.0,Model A,1989,64 years 04 months,490000.0
2024-06-01,JURONG WEST,4 ROOM,989D,JURONG WEST ST 93,10 TO 12,93.0,Premium Apartment,2008,83 years 03 months,545000.0
2024-06-01,JURONG WEST,4 ROOM,988A,JURONG WEST ST 93,07 TO 09,94.0,Premium Apartment,2008,83 years 03 months,543888.0
2024-06-01,JURONG WEST,4 ROOM,987B,JURONG WEST ST 93,16 TO 18,93.0,Premium Apartment,2008,83 years 03 months,553888.0
2024-06-01,JURONG WEST,4 ROOM,987C,JURONG WEST ST 93,16 TO 18,93.0,Premium Apartment,2006,81 years,560000.0
2024-06-01,JURONG WEST,4 ROOM,348,KANG CHING RD,04 TO 06,102.0,Model A,1997,72 years,550000.0
2024-06-01,JURONG WEST,4 ROOM,338B,KANG CHING RD,10 TO 12,89.0,Model A,2012,86 years 10 months,568000.0
2024-06-01,JURONG WEST,4 ROOM,338A,TAH CHING RD,01 TO 03,94.0,Model A,2010,84 years 11 months,535000.0
2024-06-01,JURONG WEST,4 ROOM,138C,YUAN CHING RD,01 TO 03,89.0,DBSS,2014,89 years 04 months,618000.0
2024-06-01,JURONG WEST,4 ROOM,165A,YUNG KUANG RD,19 TO 21,93.0,Model A,2018,93 years 05 months,580000.0
2024-06-01,JURONG WEST,4 ROOM,166B,YUNG KUANG RD,01 TO 03,93.0,Model A,2018,93 years 05 months,525000.0
2024-06-01,JURONG WEST,4 ROOM,177,YUNG SHENG RD,01 TO 03,96.0,Model A,2001,76 years,480000.0
2024-06-01,JURONG WEST,5 ROOM,183A,BOON LAY AVE,01 TO 03,112.0,Improved,2015,89 years 08 months,630000.0
2024-06-01,JURONG WEST,5 ROOM,202,BOON LAY DR,16 TO 18,111.0,Standard,1976,51 years 01 month,502888.0
2024-06-01,JURONG WEST,5 ROOM,204,BOON LAY DR,10 TO 12,120.0,Standard,1976,51 years 01 month,548000.0
2024-06-01,JURONG WEST,5 ROOM,273B,JURONG WEST AVE 3,01 TO 03,111.0,Improved,2001,76 years 07 months,520000.0
2024-06-01,JURONG WEST,5 ROOM,682A,JURONG WEST CTRL 1,13 TO 15,115.0,Premium Apartment,2000,75 years 01 month,665000.0
2024-06-01,JURONG WEST,5 ROOM,683B,JURONG WEST CTRL 1,13 TO 15,111.0,Premium Apartment,2000,75 years 05 months,630000.0
2024-06-01,JURONG WEST,5 ROOM,690,JURONG WEST CTRL 1,13 TO 15,119.0,Premium Apartment,1998,73 years,665000.0
2024-06-01,JURONG WEST,5 ROOM,695,JURONG WEST CTRL 1,10 TO 12,126.0,Premium Apartment,1998,72 years 10 months,720000.0
2024-06-01,JURONG WEST,5 ROOM,272D,JURONG WEST ST 24,10 TO 12,112.0,Premium Apartment,2003,78 years 05 months,570000.0
2024-06-01,JURONG WEST,5 ROOM,276D,JURONG WEST ST 25,10 TO 12,111.0,Improved,2002,76 years 11 months,523000.0
2024-06-01,JURONG WEST,5 ROOM,461,JURONG WEST ST 41,04 TO 06,121.0,Improved,1985,59 years 09 months,570000.0
2024-06-01,JURONG WEST,5 ROOM,402,JURONG WEST ST 42,01 TO 03,134.0,Model A,1984,59 years 04 months,548000.0
2024-06-01,JURONG WEST,5 ROOM,622,JURONG WEST ST 61,13 TO 15,110.0,Improved,2001,75 years 09 months,615000.0
2024-06-01,JURONG WEST,5 ROOM,653A,JURONG WEST ST 61,07 TO 09,110.0,Improved,2002,77 years 05 months,590000.0
2024-06-01,JURONG WEST,5 ROOM,648C,JURONG WEST ST 61,13 TO 15,110.0,Improved,2001,75 years 11 months,608000.0
2024-06-01,JURONG WEST,5 ROOM,623,JURONG WEST ST 61,04 TO 06,112.0,Improved,2001,75 years 09 months,550000.0
2024-06-01,JURONG WEST,5 ROOM,637,JURONG WEST ST 61,13 TO 15,110.0,Improved,2004,78 years 11 months,625000.0
2024-06-01,JURONG WEST,5 ROOM,613,JURONG WEST ST 62,04 TO 06,113.0,Premium Apartment,2001,75 years 08 months,598000.0
2024-06-01,JURONG WEST,5 ROOM,664A,JURONG WEST ST 64,13 TO 15,110.0,Improved,2000,75 years 02 months,633000.0
2024-06-01,JURONG WEST,5 ROOM,664C,JURONG WEST ST 64,13 TO 15,110.0,Improved,2000,75 years 03 months,713000.0
2024-06-01,JURONG WEST,5 ROOM,664B,JURONG WEST ST 64,04 TO 06,110.0,Improved,2000,75 years 03 months,638000.0
2024-06-01,JURONG WEST,5 ROOM,660B,JURONG WEST ST 64,04 TO 06,110.0,Improved,2001,76 years 03 months,625000.0
2024-06-01,JURONG WEST,5 ROOM,661D,JURONG WEST ST 64,01 TO 03,110.0,Improved,2001,76 years 03 months,600888.0
2024-06-01,JURONG WEST,5 ROOM,664A,JURONG WEST ST 64,10 TO 12,110.0,Improved,2000,75 years 02 months,635000.0
2024-06-01,JURONG WEST,5 ROOM,607,JURONG WEST ST 65,10 TO 12,115.0,Premium Apartment,2001,75 years 11 months,595000.0
2024-06-01,JURONG WEST,5 ROOM,632,JURONG WEST ST 65,07 TO 09,110.0,Improved,2001,76 years 06 months,572888.0
2024-06-01,JURONG WEST,5 ROOM,658B,JURONG WEST ST 65,01 TO 03,110.0,Improved,2001,76 years,560000.0
2024-06-01,JURONG WEST,5 ROOM,713,JURONG WEST ST 71,04 TO 06,122.0,Improved,1990,65 years 06 months,525000.0
2024-06-01,JURONG WEST,5 ROOM,735,JURONG WEST ST 75,10 TO 12,137.0,Model A,1995,70 years 03 months,585000.0
2024-06-01,JURONG WEST,5 ROOM,851,JURONG WEST ST 81,13 TO 15,129.0,Improved,1996,70 years 11 months,600000.0
2024-06-01,JURONG WEST,5 ROOM,813,JURONG WEST ST 81,07 TO 09,121.0,Improved,1990,64 years 09 months,532888.0
2024-06-01,JURONG WEST,5 ROOM,907,JURONG WEST ST 91,10 TO 12,122.0,Improved,1988,63 years 06 months,518000.0
2024-06-01,JURONG WEST,5 ROOM,907,JURONG WEST ST 91,10 TO 12,122.0,Improved,1988,63 years 06 months,540000.0
2024-06-01,JURONG WEST,5 ROOM,921,JURONG WEST ST 92,01 TO 03,122.0,Improved,1988,63 years 08 months,502000.0
2024-06-01,JURONG WEST,5 ROOM,989C,JURONG WEST ST 93,04 TO 06,114.0,Premium Apartment,2008,83 years 03 months,605000.0
2024-06-01,JURONG WEST,5 ROOM,988B,JURONG WEST ST 93,13 TO 15,110.0,Premium Apartment,2008,83 years 03 months,605000.0
2024-06-01,JURONG WEST,5 ROOM,138C,YUAN CHING RD,13 TO 15,108.0,DBSS,2014,89 years 04 months,920000.0
2024-06-01,JURONG WEST,5 ROOM,166A,YUNG KUANG RD,04 TO 06,113.0,Improved,2018,93 years 05 months,680000.0
2024-06-01,JURONG WEST,5 ROOM,166B,YUNG KUANG RD,07 TO 09,113.0,Improved,2018,93 years 05 months,710000.0
2024-06-01,JURONG WEST,5 ROOM,158,YUNG LOH RD,04 TO 06,125.0,Improved,1996,70 years 09 months,600000.0
2024-06-01,JURONG WEST,5 ROOM,183,YUNG SHENG RD,13 TO 15,116.0,Improved,2001,75 years 11 months,592000.0
2024-06-01,JURONG WEST,EXECUTIVE,686A,JURONG WEST CTRL 1,16 TO 18,133.0,Premium Apartment,2000,75 years 05 months,870000.0
2024-06-01,JURONG WEST,EXECUTIVE,687,JURONG WEST CTRL 1,07 TO 09,139.0,Premium Apartment,1998,73 years,800000.0
2024-06-01,JURONG WEST,EXECUTIVE,471,JURONG WEST ST 41,10 TO 12,149.0,Maisonette,1985,59 years 09 months,980000.0
2024-06-01,JURONG WEST,EXECUTIVE,548,JURONG WEST ST 42,10 TO 12,148.0,Maisonette,1985,59 years 11 months,738000.0
2024-06-01,JURONG WEST,EXECUTIVE,669D,JURONG WEST ST 64,07 TO 09,130.0,Apartment,2000,75 years 02 months,723000.0
2024-06-01,JURONG WEST,EXECUTIVE,665A,JURONG WEST ST 64,13 TO 15,130.0,Apartment,2000,74 years 11 months,802588.0
2024-06-01,JURONG WEST,EXECUTIVE,665B,JURONG WEST ST 64,04 TO 06,130.0,Apartment,2000,74 years 11 months,760000.0
2024-06-01,JURONG WEST,EXECUTIVE,669B,JURONG WEST ST 64,01 TO 03,130.0,Apartment,2000,75 years 02 months,652000.0
2024-06-01,JURONG WEST,EXECUTIVE,906,JURONG WEST ST 91,04 TO 06,145.0,Maisonette,1989,63 years 08 months,692000.0
2024-06-01,KALLANG/WHAMPOA,2 ROOM,7,ST. GEORGE'S LANE,10 TO 12,45.0,Improved,1986,61 years,338888.0
2024-06-01,KALLANG/WHAMPOA,3 ROOM,3,BEACH RD,04 TO 06,68.0,Improved,1979,54 years 04 months,440000.0
2024-06-01,KALLANG/WHAMPOA,3 ROOM,10B,BENDEMEER RD,34 TO 36,68.0,Model A,2017,92 years 07 months,790000.0
2024-06-01,KALLANG/WHAMPOA,3 ROOM,24,BENDEMEER RD,07 TO 09,68.0,Improved,1972,46 years 08 months,400000.0
2024-06-01,KALLANG/WHAMPOA,3 ROOM,49,DORSET RD,07 TO 09,68.0,New Generation,1979,54 years 01 month,492000.0
2024-06-01,KALLANG/WHAMPOA,3 ROOM,49,DORSET RD,13 TO 15,68.0,New Generation,1979,54 years 01 month,480000.0
2024-06-01,KALLANG/WHAMPOA,3 ROOM,50,DORSET RD,01 TO 03,68.0,New Generation,1979,54 years 01 month,415000.0
2024-06-01,KALLANG/WHAMPOA,3 ROOM,12,FARRER PK RD,22 TO 24,62.0,Model A,2004,79 years 01 month,610000.0
2024-06-01,KALLANG/WHAMPOA,3 ROOM,801,FRENCH RD,04 TO 06,59.0,Improved,1979,53 years 09 months,370000.0
2024-06-01,KALLANG/WHAMPOA,3 ROOM,68,GEYLANG BAHRU,16 TO 18,65.0,Improved,1974,49 years 02 months,395888.0
2024-06-01,KALLANG/WHAMPOA,3 ROOM,72,GEYLANG BAHRU,07 TO 09,59.0,Improved,1974,48 years 10 months,365000.0
2024-06-01,KALLANG/WHAMPOA,3 ROOM,93,GEYLANG BAHRU,10 TO 12,68.0,New Generation,1979,53 years 07 months,452000.0
2024-06-01,KALLANG/WHAMPOA,3 ROOM,27,JLN BAHAGIA,07 TO 09,56.0,Standard,1970,45 years 01 month,280000.0
2024-06-01,KALLANG/WHAMPOA,3 ROOM,33,JLN BAHAGIA,07 TO 09,56.0,Standard,1970,45 years 01 month,315000.0
2024-06-01,KALLANG/WHAMPOA,3 ROOM,35,JLN BAHAGIA,10 TO 12,56.0,Standard,1971,45 years 08 months,315000.0
2024-06-01,KALLANG/WHAMPOA,3 ROOM,117B,JLN TENTERAM,07 TO 09,67.0,Model A,2017,92 years 06 months,560000.0
2024-06-01,KALLANG/WHAMPOA,3 ROOM,117B,JLN TENTERAM,25 TO 27,67.0,Model A,2017,92 years 07 months,610000.0
2024-06-01,KALLANG/WHAMPOA,3 ROOM,117A,JLN TENTERAM,16 TO 18,67.0,Model A,2017,92 years 06 months,602000.0
2024-06-01,KALLANG/WHAMPOA,3 ROOM,116A,JLN TENTERAM,04 TO 06,67.0,Model A,2017,92 years 06 months,565000.0
2024-06-01,KALLANG/WHAMPOA,3 ROOM,65,KALLANG BAHRU,13 TO 15,65.0,Improved,1981,55 years 08 months,438000.0
2024-06-01,KALLANG/WHAMPOA,3 ROOM,1,KG KAYU RD,07 TO 09,62.0,Standard,1984,59 years 05 months,425000.0
2024-06-01,KALLANG/WHAMPOA,3 ROOM,804,KING GEORGE'S AVE,07 TO 09,68.0,Improved,1981,56 years 03 months,479000.0
2024-06-01,KALLANG/WHAMPOA,3 ROOM,112,MCNAIR RD,07 TO 09,64.0,Simplified,1987,61 years 11 months,530000.0
2024-06-01,KALLANG/WHAMPOA,3 ROOM,26A,ST. GEORGE'S LANE,22 TO 24,68.0,Model A,2020,95 years,812000.0
2024-06-01,KALLANG/WHAMPOA,3 ROOM,25A,ST. GEORGE'S LANE,07 TO 09,68.0,Model A,2020,95 years,793000.0
2024-06-01,KALLANG/WHAMPOA,3 ROOM,25A,ST. GEORGE'S LANE,25 TO 27,68.0,Model A,2020,95 years,800000.0
2024-06-01,KALLANG/WHAMPOA,3 ROOM,5,ST. GEORGE'S LANE,10 TO 12,68.0,New Generation,1981,56 years 01 month,465000.0
2024-06-01,KALLANG/WHAMPOA,3 ROOM,3,ST. GEORGE'S RD,07 TO 09,59.0,Improved,1976,51 years,350000.0
2024-06-01,KALLANG/WHAMPOA,3 ROOM,12,UPP BOON KENG RD,10 TO 12,66.0,Improved,1980,55 years 05 months,472888.0
2024-06-01,KALLANG/WHAMPOA,3 ROOM,85,WHAMPOA DR,01 TO 03,65.0,Improved,1974,48 years 08 months,345000.0
2024-06-01,KALLANG/WHAMPOA,3 ROOM,74,WHAMPOA DR,10 TO 12,66.0,Improved,1981,56 years 01 month,340000.0
2024-06-01,KALLANG/WHAMPOA,3 ROOM,75,WHAMPOA DR,01 TO 03,65.0,Improved,1974,48 years 08 months,335000.0
2024-06-01,KALLANG/WHAMPOA,3 ROOM,34,WHAMPOA WEST,07 TO 09,68.0,Improved,1972,46 years 07 months,380000.0
2024-06-01,KALLANG/WHAMPOA,4 ROOM,17,BEACH RD,07 TO 09,77.0,Improved,1975,49 years 08 months,530000.0
2024-06-01,KALLANG/WHAMPOA,4 ROOM,10B,BENDEMEER RD,10 TO 12,93.0,Model A,2017,92 years 07 months,1035000.0
2024-06-01,KALLANG/WHAMPOA,4 ROOM,10B,BENDEMEER RD,28 TO 30,93.0,Model A,2017,92 years 07 months,1125000.0
2024-06-01,KALLANG/WHAMPOA,4 ROOM,10B,BENDEMEER RD,10 TO 12,93.0,Model A,2017,92 years 07 months,953000.0
2024-06-01,KALLANG/WHAMPOA,4 ROOM,5,BOON KENG RD,04 TO 06,108.0,Model A,1996,71 years 04 months,850000.0
2024-06-01,KALLANG/WHAMPOA,4 ROOM,22,BOON KENG RD,01 TO 03,89.0,Improved,1974,48 years 08 months,568000.0
2024-06-01,KALLANG/WHAMPOA,4 ROOM,11,FARRER PK RD,04 TO 06,90.0,Model A,2004,79 years 01 month,850000.0
2024-06-01,KALLANG/WHAMPOA,4 ROOM,97,GEYLANG BAHRU,07 TO 09,92.0,New Generation,1979,53 years 08 months,575000.0
2024-06-01,KALLANG/WHAMPOA,4 ROOM,60,GEYLANG BAHRU,07 TO 09,101.0,Model A,1999,73 years 08 months,785000.0
2024-06-01,KALLANG/WHAMPOA,4 ROOM,104,JLN RAJAH,04 TO 06,103.0,Model A,1984,58 years 08 months,665000.0
2024-06-01,KALLANG/WHAMPOA,4 ROOM,116B,JLN TENTERAM,31 TO 33,93.0,Model A,2017,92 years 06 months,868000.0
2024-06-01,KALLANG/WHAMPOA,4 ROOM,117B,JLN TENTERAM,22 TO 24,93.0,Model A,2017,92 years 06 months,845000.0
2024-06-01,KALLANG/WHAMPOA,4 ROOM,116B,JLN TENTERAM,04 TO 06,93.0,Model A,2017,92 years 06 months,710000.0
2024-06-01,KALLANG/WHAMPOA,4 ROOM,113A,MCNAIR RD,19 TO 21,93.0,Premium Apartment,2017,92 years 07 months,1058000.0
2024-06-01,KALLANG/WHAMPOA,4 ROOM,113B,MCNAIR RD,16 TO 18,93.0,Premium Apartment,2017,92 years 07 months,960000.0
2024-06-01,KALLANG/WHAMPOA,4 ROOM,109,MCNAIR RD,01 TO 03,104.0,Model A,1987,62 years 04 months,615000.0
2024-06-01,KALLANG/WHAMPOA,4 ROOM,113C,MCNAIR RD,04 TO 06,93.0,Premium Apartment,2017,92 years 07 months,955000.0
2024-06-01,KALLANG/WHAMPOA,4 ROOM,113A,MCNAIR RD,31 TO 33,93.0,Premium Apartment,2017,92 years 07 months,1118000.0
2024-06-01,KALLANG/WHAMPOA,4 ROOM,108C,MCNAIR RD,07 TO 09,86.0,Model A,2005,79 years 08 months,866000.0
2024-06-01,KALLANG/WHAMPOA,4 ROOM,113A,MCNAIR RD,04 TO 06,93.0,Premium Apartment,2017,92 years 07 months,968000.0
2024-06-01,KALLANG/WHAMPOA,4 ROOM,121,MCNAIR RD,01 TO 03,103.0,Model A,1987,62 years 01 month,610000.0
2024-06-01,KALLANG/WHAMPOA,4 ROOM,26A,ST. GEORGE'S LANE,19 TO 21,92.0,Model A,2020,95 years,1060000.0
2024-06-01,KALLANG/WHAMPOA,4 ROOM,25A,ST. GEORGE'S LANE,19 TO 21,92.0,Model A,2020,95 years,1118000.0
2024-06-01,KALLANG/WHAMPOA,4 ROOM,26B,ST. GEORGE'S LANE,16 TO 18,92.0,Model A,2020,95 years,1060000.0
2024-06-01,KALLANG/WHAMPOA,4 ROOM,26B,ST. GEORGE'S LANE,01 TO 03,92.0,Model A,2020,95 years,941000.0
2024-06-01,KALLANG/WHAMPOA,4 ROOM,25A,ST. GEORGE'S LANE,22 TO 24,92.0,Model A,2020,95 years,1080000.0
2024-06-01,KALLANG/WHAMPOA,4 ROOM,26B,ST. GEORGE'S LANE,16 TO 18,92.0,Model A,2020,95 years,1070000.0
2024-06-01,KALLANG/WHAMPOA,4 ROOM,26A,ST. GEORGE'S LANE,22 TO 24,92.0,Model A,2020,95 years,1055000.0
2024-06-01,KALLANG/WHAMPOA,4 ROOM,26A,ST. GEORGE'S LANE,19 TO 21,92.0,Model A,2020,95 years,1080000.0
2024-06-01,KALLANG/WHAMPOA,4 ROOM,26B,ST. GEORGE'S LANE,28 TO 30,92.0,Model A,2020,95 years,1128000.0
2024-06-01,KALLANG/WHAMPOA,4 ROOM,26B,ST. GEORGE'S LANE,04 TO 06,92.0,Model A,2020,95 years,975000.0
2024-06-01,KALLANG/WHAMPOA,4 ROOM,26A,ST. GEORGE'S LANE,01 TO 03,92.0,Model A,2020,95 years,940000.0
2024-06-01,KALLANG/WHAMPOA,4 ROOM,18,ST. GEORGE'S RD,10 TO 12,92.0,New Generation,1984,59 years 07 months,618888.0
2024-06-01,KALLANG/WHAMPOA,4 ROOM,11,ST. GEORGE'S RD,04 TO 06,84.0,Simplified,1985,59 years 10 months,600000.0
2024-06-01,KALLANG/WHAMPOA,4 ROOM,683,TESSENSOHN RD,07 TO 09,103.0,Model A,1986,61 years 07 months,750000.0
2024-06-01,KALLANG/WHAMPOA,4 ROOM,104,TOWNER RD,10 TO 12,109.0,Model A,1983,58 years,810000.0
2024-06-01,KALLANG/WHAMPOA,4 ROOM,110,WHAMPOA RD,04 TO 06,102.0,Model A,1997,72 years 07 months,640000.0
2024-06-01,KALLANG/WHAMPOA,5 ROOM,7,BOON KENG RD,01 TO 03,115.0,DBSS,2011,85 years 09 months,1060000.0
2024-06-01,KALLANG/WHAMPOA,5 ROOM,9,BOON KENG RD,37 TO 39,107.0,DBSS,2011,85 years 08 months,1308000.0
2024-06-01,KALLANG/WHAMPOA,5 ROOM,461,CRAWFORD LANE,10 TO 12,122.0,Standard,1981,56 years 05 months,880000.0
2024-06-01,KALLANG/WHAMPOA,5 ROOM,48A,DORSET RD,10 TO 12,117.0,Standard,1976,51 years 02 months,752000.0
2024-06-01,KALLANG/WHAMPOA,5 ROOM,11,JLN BATU,07 TO 09,131.0,Improved,1986,60 years 08 months,866888.0
2024-06-01,KALLANG/WHAMPOA,5 ROOM,109,MCNAIR RD,04 TO 06,130.0,Improved,1987,62 years 04 months,860000.0
2024-06-01,KALLANG/WHAMPOA,5 ROOM,8B,UPP BOON KENG RD,01 TO 03,117.0,Premium Apartment,2017,92 years 02 months,1200000.0
2024-06-01,KALLANG/WHAMPOA,5 ROOM,2A,UPP BOON KENG RD,07 TO 09,110.0,Improved,2006,81 years 07 months,1008888.0
2024-06-01,KALLANG/WHAMPOA,5 ROOM,2A,UPP BOON KENG RD,16 TO 18,110.0,Improved,2006,81 years 07 months,1058000.0
2024-06-01,KALLANG/WHAMPOA,5 ROOM,110,WHAMPOA RD,04 TO 06,123.0,Improved,1997,72 years 06 months,810000.0
2024-06-01,KALLANG/WHAMPOA,EXECUTIVE,11,JLN BATU,01 TO 03,141.0,Apartment,1986,60 years 08 months,925000.0
2024-06-01,KALLANG/WHAMPOA,EXECUTIVE,106,JLN RAJAH,07 TO 09,154.0,Maisonette,1984,59 years 05 months,950000.0
2024-06-01,KALLANG/WHAMPOA,EXECUTIVE,110,MCNAIR RD,10 TO 12,140.0,Apartment,1987,62 years 07 months,1080000.0
2024-06-01,MARINE PARADE,3 ROOM,31,MARINE CRES,10 TO 12,65.0,Improved,1975,50 years,468000.0
2024-06-01,MARINE PARADE,3 ROOM,46,MARINE CRES,04 TO 06,65.0,Improved,1975,50 years 01 month,420000.0
2024-06-01,MARINE PARADE,3 ROOM,66,MARINE DR,01 TO 03,65.0,Improved,1976,50 years 10 months,390000.0
2024-06-01,MARINE PARADE,3 ROOM,6,MARINE TER,10 TO 12,65.0,Improved,1975,49 years 08 months,470000.0
2024-06-01,MARINE PARADE,3 ROOM,8,MARINE TER,07 TO 09,76.0,Improved,1975,49 years 08 months,500000.0
2024-06-01,MARINE PARADE,5 ROOM,64,MARINE DR,10 TO 12,157.0,Adjoined flat,1976,50 years 10 months,1380000.0
2024-06-01,MARINE PARADE,5 ROOM,14,MARINE TER,16 TO 18,122.0,Standard,1975,49 years 08 months,1125000.0
2024-06-01,PASIR RIS,2 ROOM,527D,PASIR RIS ST 51,10 TO 12,47.0,Model A,2015,90 years 02 months,400000.0
2024-06-01,PASIR RIS,2 ROOM,528A,PASIR RIS ST 51,10 TO 12,47.0,Model A,2015,90 years 02 months,430000.0
2024-06-01,PASIR RIS,4 ROOM,637,PASIR RIS DR 1,04 TO 06,104.0,Model A,1995,69 years 11 months,570000.0
2024-06-01,PASIR RIS,4 ROOM,530B,PASIR RIS DR 1,01 TO 03,86.0,DBSS,2015,90 years,735000.0
2024-06-01,PASIR RIS,4 ROOM,737,PASIR RIS DR 10,01 TO 03,104.0,Model A,1996,71 years 03 months,558000.0
2024-06-01,PASIR RIS,4 ROOM,452,PASIR RIS DR 6,04 TO 06,114.0,Model A,1989,64 years 03 months,685000.0
2024-06-01,PASIR RIS,4 ROOM,426,PASIR RIS DR 6,10 TO 12,84.0,Simplified,1988,63 years 05 months,538888.0
2024-06-01,PASIR RIS,4 ROOM,452,PASIR RIS DR 6,10 TO 12,105.0,Model A,1989,64 years 02 months,605000.0
2024-06-01,PASIR RIS,4 ROOM,110,PASIR RIS ST 11,04 TO 06,94.0,New Generation,1990,64 years 11 months,545000.0
2024-06-01,PASIR RIS,4 ROOM,113,PASIR RIS ST 11,07 TO 09,106.0,Model A,1990,64 years 11 months,555000.0
2024-06-01,PASIR RIS,4 ROOM,185,PASIR RIS ST 11,01 TO 03,106.0,Model A,1993,68 years 02 months,580000.0
2024-06-01,PASIR RIS,4 ROOM,254,PASIR RIS ST 21,04 TO 06,104.0,Model A,1993,68 years 07 months,555500.0
2024-06-01,PASIR RIS,4 ROOM,527A,PASIR RIS ST 51,07 TO 09,93.0,Model A,2015,90 years 02 months,725000.0
2024-06-01,PASIR RIS,4 ROOM,773,PASIR RIS ST 71,07 TO 09,107.0,Model A,1996,71 years 03 months,608000.0
2024-06-01,PASIR RIS,5 ROOM,613,ELIAS RD,01 TO 03,134.0,Model A,1996,71 years 02 months,706000.0
2024-06-01,PASIR RIS,5 ROOM,637,PASIR RIS DR 1,04 TO 06,123.0,Improved,1995,69 years 11 months,645000.0
2024-06-01,PASIR RIS,5 ROOM,530D,PASIR RIS DR 1,10 TO 12,105.0,DBSS,2015,90 years,982800.0
2024-06-01,PASIR RIS,5 ROOM,631,PASIR RIS DR 3,04 TO 06,120.0,Improved,1995,70 years 02 months,685000.0
2024-06-01,PASIR RIS,5 ROOM,461,PASIR RIS DR 4,04 TO 06,136.0,Model A,1992,67 years 06 months,718000.0
2024-06-01,PASIR RIS,5 ROOM,423,PASIR RIS DR 6,07 TO 09,131.0,Improved,1989,64 years 05 months,730000.0
2024-06-01,PASIR RIS,5 ROOM,199,PASIR RIS ST 12,04 TO 06,122.0,Improved,1993,68 years 04 months,658000.0
2024-06-01,PASIR RIS,5 ROOM,190,PASIR RIS ST 12,10 TO 12,123.0,Improved,1993,68 years 04 months,695000.0
2024-06-01,PASIR RIS,5 ROOM,105,PASIR RIS ST 12,01 TO 03,122.0,Improved,1989,63 years 08 months,678000.0
2024-06-01,PASIR RIS,5 ROOM,228,PASIR RIS ST 21,10 TO 12,127.0,Improved,1993,68 years 02 months,675000.0
2024-06-01,PASIR RIS,5 ROOM,554,PASIR RIS ST 51,10 TO 12,123.0,Improved,1992,67 years 06 months,720000.0
2024-06-01,PASIR RIS,5 ROOM,750,PASIR RIS ST 71,07 TO 09,126.0,Improved,1996,71 years 06 months,710000.0
2024-06-01,PASIR RIS,5 ROOM,753,PASIR RIS ST 71,10 TO 12,127.0,Improved,1996,71 years 06 months,744000.0
2024-06-01,PASIR RIS,5 ROOM,720,PASIR RIS ST 72,01 TO 03,127.0,Improved,1996,71 years 02 months,660000.0
2024-06-01,PASIR RIS,EXECUTIVE,602,ELIAS RD,16 TO 18,154.0,Apartment,1995,69 years 10 months,1020000.0
2024-06-01,PASIR RIS,EXECUTIVE,533,PASIR RIS DR 1,07 TO 09,145.0,Apartment,1992,67 years 07 months,940000.0
2024-06-01,PASIR RIS,EXECUTIVE,532,PASIR RIS DR 1,10 TO 12,145.0,Apartment,1992,67 years 07 months,950000.0
2024-06-01,PASIR RIS,EXECUTIVE,645,PASIR RIS DR 10,07 TO 09,149.0,Apartment,1995,70 years 04 months,928888.0
2024-06-01,PASIR RIS,EXECUTIVE,422,PASIR RIS DR 6,01 TO 03,151.0,Maisonette,1989,64 years 05 months,870000.0
2024-06-01,PASIR RIS,EXECUTIVE,135,PASIR RIS ST 11,04 TO 06,147.0,Apartment,1994,69 years 04 months,830000.0
2024-06-01,PASIR RIS,EXECUTIVE,157,PASIR RIS ST 13,04 TO 06,152.0,Apartment,1995,69 years 09 months,760888.0
2024-06-01,PASIR RIS,EXECUTIVE,206,PASIR RIS ST 21,01 TO 03,146.0,Apartment,1993,68 years 05 months,810000.0
2024-06-01,PASIR RIS,EXECUTIVE,237,PASIR RIS ST 21,13 TO 15,146.0,Apartment,1993,68 years 02 months,843000.0
2024-06-01,PASIR RIS,EXECUTIVE,204,PASIR RIS ST 21,07 TO 09,147.0,Apartment,1993,68 years 04 months,800000.0
2024-06-01,PASIR RIS,EXECUTIVE,217,PASIR RIS ST 21,01 TO 03,149.0,Apartment,1993,68 years 02 months,802000.0
2024-06-01,PASIR RIS,EXECUTIVE,239,PASIR RIS ST 21,07 TO 09,152.0,Apartment,1993,68 years 02 months,839000.0
2024-06-01,PASIR RIS,EXECUTIVE,546,PASIR RIS ST 51,07 TO 09,145.0,Apartment,1992,67 years 07 months,900000.0
2024-06-01,PASIR RIS,EXECUTIVE,504,PASIR RIS ST 52,01 TO 03,145.0,Apartment,1993,68 years 04 months,870000.0
2024-06-01,PASIR RIS,EXECUTIVE,781,PASIR RIS ST 71,13 TO 15,143.0,Apartment,1996,71 years 03 months,870000.0
2024-06-01,PASIR RIS,EXECUTIVE,715,PASIR RIS ST 72,10 TO 12,148.0,Apartment,1996,71 years 01 month,922000.0
2024-06-01,PUNGGOL,2 ROOM,672A,EDGEFIELD PLAINS,04 TO 06,44.0,Model A,2015,90 years 07 months,354000.0
2024-06-01,PUNGGOL,2 ROOM,659C,PUNGGOL EAST,19 TO 21,38.0,2-room,2018,93 years 06 months,332000.0
2024-06-01,PUNGGOL,2 ROOM,209C,PUNGGOL PL,13 TO 15,46.0,Model A,2014,89 years 07 months,375000.0
2024-06-01,PUNGGOL,2 ROOM,224C,SUMANG LANE,07 TO 09,48.0,Model A,2018,93 years 07 months,334000.0
2024-06-01,PUNGGOL,2 ROOM,233A,SUMANG LANE,07 TO 09,47.0,Model A,2018,93 years 06 months,365000.0
2024-06-01,PUNGGOL,2 ROOM,327C,SUMANG WALK,07 TO 09,37.0,Model A,2018,93 years 06 months,328000.0
2024-06-01,PUNGGOL,2 ROOM,327A,SUMANG WALK,07 TO 09,37.0,Model A,2018,93 years 06 months,329000.0
2024-06-01,PUNGGOL,3 ROOM,683A,EDGEDALE PLAINS,10 TO 12,68.0,Premium Apartment,2018,93 years 03 months,480000.0
2024-06-01,PUNGGOL,3 ROOM,601B,PUNGGOL CTRL,13 TO 15,70.0,Model A,2012,87 years 02 months,515000.0
2024-06-01,PUNGGOL,3 ROOM,601A,PUNGGOL CTRL,10 TO 12,70.0,Model A,2012,87 years 02 months,510000.0
2024-06-01,PUNGGOL,3 ROOM,622C,PUNGGOL CTRL,16 TO 18,69.0,Model A,2014,88 years 11 months,506000.0
2024-06-01,PUNGGOL,3 ROOM,664A,PUNGGOL DR,10 TO 12,65.0,Model A,2016,91 years 01 month,503000.0
2024-06-01,PUNGGOL,3 ROOM,310C,PUNGGOL WALK,10 TO 12,67.0,Premium Apartment,2016,91 years 01 month,515000.0
2024-06-01,PUNGGOL,3 ROOM,310A,PUNGGOL WALK,13 TO 15,67.0,Premium Apartment,2016,91 years 01 month,520000.0
2024-06-01,PUNGGOL,3 ROOM,266C,PUNGGOL WAY,10 TO 12,67.0,Model A,2015,90 years 01 month,520000.0
2024-06-01,PUNGGOL,3 ROOM,266B,PUNGGOL WAY,01 TO 03,67.0,Model A,2015,90 years 01 month,480000.0
2024-06-01,PUNGGOL,3 ROOM,220B,SUMANG LANE,04 TO 06,68.0,Model A,2018,93 years 07 months,465000.0
2024-06-01,PUNGGOL,3 ROOM,224C,SUMANG LANE,01 TO 03,68.0,Model A,2018,93 years 07 months,450000.0
2024-06-01,PUNGGOL,3 ROOM,325A,SUMANG WALK,13 TO 15,68.0,Premium Apartment,2020,94 years 08 months,525000.0
2024-06-01,PUNGGOL,3 ROOM,325A,SUMANG WALK,10 TO 12,68.0,Premium Apartment,2020,94 years 08 months,530000.0
2024-06-01,PUNGGOL,4 ROOM,662C,EDGEDALE PLAINS,13 TO 15,92.0,Premium Apartment,2017,92 years,635000.0
2024-06-01,PUNGGOL,4 ROOM,683C,EDGEDALE PLAINS,10 TO 12,93.0,Premium Apartment,2018,93 years 03 months,645000.0
2024-06-01,PUNGGOL,4 ROOM,682A,EDGEDALE PLAINS,16 TO 18,93.0,Premium Apartment,2018,93 years 03 months,658000.0
2024-06-01,PUNGGOL,4 ROOM,193,EDGEFIELD PLAINS,10 TO 12,90.0,Premium Apartment,2003,78 years 06 months,550888.0
2024-06-01,PUNGGOL,4 ROOM,672D,EDGEFIELD PLAINS,01 TO 03,90.0,Model A,2015,90 years 07 months,540000.0
2024-06-01,PUNGGOL,4 ROOM,671A,EDGEFIELD PLAINS,13 TO 15,90.0,Model A,2015,90 years 07 months,620000.0
2024-06-01,PUNGGOL,4 ROOM,671A,EDGEFIELD PLAINS,10 TO 12,90.0,Model A,2015,90 years 07 months,600000.0
2024-06-01,PUNGGOL,4 ROOM,668A,EDGEFIELD PLAINS,01 TO 03,93.0,Premium Apartment,2016,91 years 01 month,600000.0
2024-06-01,PUNGGOL,4 ROOM,671A,EDGEFIELD PLAINS,07 TO 09,90.0,Model A,2015,90 years 07 months,598000.0
2024-06-01,PUNGGOL,4 ROOM,111,EDGEFIELD PLAINS,13 TO 15,94.0,Premium Apartment,2003,78 years 02 months,550000.0
2024-06-01,PUNGGOL,4 ROOM,671A,EDGEFIELD PLAINS,13 TO 15,90.0,Model A,2015,90 years 07 months,620000.0
2024-06-01,PUNGGOL,4 ROOM,602C,PUNGGOL CTRL,10 TO 12,93.0,Model A,2012,87 years 02 months,618000.0
2024-06-01,PUNGGOL,4 ROOM,163B,PUNGGOL CTRL,10 TO 12,94.0,Premium Apartment,2004,79 years 02 months,575000.0
2024-06-01,PUNGGOL,4 ROOM,678C,PUNGGOL DR,04 TO 06,93.0,Premium Apartment,2016,91 years 04 months,695000.0
2024-06-01,PUNGGOL,4 ROOM,618C,PUNGGOL DR,07 TO 09,93.0,Premium Apartment,2013,88 years 04 months,635000.0
2024-06-01,PUNGGOL,4 ROOM,642C,PUNGGOL DR,01 TO 03,90.0,Premium Apartment,2005,79 years 08 months,530000.0
2024-06-01,PUNGGOL,4 ROOM,666A,PUNGGOL DR,07 TO 09,93.0,Premium Apartment,2016,90 years 09 months,670000.0
2024-06-01,PUNGGOL,4 ROOM,636A,PUNGGOL DR,04 TO 06,91.0,Premium Apartment,2007,82 years 08 months,560000.0
2024-06-01,PUNGGOL,4 ROOM,663B,PUNGGOL DR,10 TO 12,90.0,Model A,2016,91 years 01 month,625000.0
2024-06-01,PUNGGOL,4 ROOM,632A,PUNGGOL DR,10 TO 12,93.0,Premium Apartment,2007,82 years 07 months,650000.0
2024-06-01,PUNGGOL,4 ROOM,618D,PUNGGOL DR,10 TO 12,93.0,Premium Apartment,2013,88 years 04 months,670000.0
2024-06-01,PUNGGOL,4 ROOM,663C,PUNGGOL DR,13 TO 15,90.0,Model A,2016,91 years 01 month,660000.0
2024-06-01,PUNGGOL,4 ROOM,613A,PUNGGOL DR,04 TO 06,93.0,Model A,2012,87 years 07 months,590000.0
2024-06-01,PUNGGOL,4 ROOM,664A,PUNGGOL DR,16 TO 18,90.0,Model A,2016,91 years 01 month,650000.0
2024-06-01,PUNGGOL,4 ROOM,658B,PUNGGOL EAST,01 TO 03,93.0,Model A,2018,93 years 06 months,580000.0
2024-06-01,PUNGGOL,4 ROOM,267A,PUNGGOL FIELD,13 TO 15,97.0,Premium Apartment,2013,87 years 08 months,760000.0
2024-06-01,PUNGGOL,4 ROOM,259A,PUNGGOL FIELD,04 TO 06,93.0,Model A,2016,91 years 02 months,590000.0
2024-06-01,PUNGGOL,4 ROOM,169B,PUNGGOL FIELD,16 TO 18,92.0,Model A,2014,88 years 11 months,628000.0
2024-06-01,PUNGGOL,4 ROOM,269A,PUNGGOL FIELD,13 TO 15,99.0,Premium Apartment,2013,87 years 08 months,758000.0
2024-06-01,PUNGGOL,4 ROOM,268B,PUNGGOL FIELD,07 TO 09,93.0,Premium Apartment,2013,87 years 07 months,640000.0
2024-06-01,PUNGGOL,4 ROOM,274D,PUNGGOL PL,01 TO 03,93.0,Premium Apartment,2013,88 years 02 months,645000.0
2024-06-01,PUNGGOL,4 ROOM,207B,PUNGGOL PL,07 TO 09,92.0,Model A,2014,89 years 01 month,680000.0
2024-06-01,PUNGGOL,4 ROOM,274A,PUNGGOL PL,13 TO 15,93.0,Premium Apartment,2013,88 years 02 months,715888.0
2024-06-01,PUNGGOL,4 ROOM,207C,PUNGGOL PL,04 TO 06,92.0,Model A,2014,89 years 01 month,628000.0
2024-06-01,PUNGGOL,4 ROOM,306A,PUNGGOL PL,04 TO 06,93.0,Premium Apartment,2012,87 years 02 months,688000.0
2024-06-01,PUNGGOL,4 ROOM,302A,PUNGGOL PL,13 TO 15,94.0,Premium Apartment,2011,85 years 10 months,716000.0
2024-06-01,PUNGGOL,4 ROOM,289B,PUNGGOL PL,07 TO 09,95.0,Premium Apartment,2013,87 years 10 months,688888.0
2024-06-01,PUNGGOL,4 ROOM,195E,PUNGGOL RD,01 TO 03,90.0,Premium Apartment,2007,82 years 03 months,525000.0
2024-06-01,PUNGGOL,4 ROOM,604B,PUNGGOL RD,07 TO 09,93.0,Model A,2012,87 years 04 months,595000.0
2024-06-01,PUNGGOL,4 ROOM,604A,PUNGGOL RD,07 TO 09,92.0,Model A,2012,87 years 04 months,630000.0
2024-06-01,PUNGGOL,4 ROOM,603C,PUNGGOL RD,01 TO 03,92.0,Model A,2012,87 years 04 months,562000.0
2024-06-01,PUNGGOL,4 ROOM,310B,PUNGGOL WALK,01 TO 03,92.0,Premium Apartment,2016,91 years 01 month,610000.0
2024-06-01,PUNGGOL,4 ROOM,213C,PUNGGOL WALK,01 TO 03,93.0,Model A,2015,89 years 11 months,585000.0
2024-06-01,PUNGGOL,4 ROOM,212A,PUNGGOL WALK,04 TO 06,93.0,Model A,2015,89 years 11 months,600000.0
2024-06-01,PUNGGOL,4 ROOM,308A,PUNGGOL WALK,04 TO 06,92.0,Premium Apartment,2016,90 years 10 months,660000.0
2024-06-01,PUNGGOL,4 ROOM,272D,PUNGGOL WALK,10 TO 12,92.0,Premium Apartment,2014,88 years 11 months,760000.0
2024-06-01,PUNGGOL,4 ROOM,211C,PUNGGOL WALK,01 TO 03,92.0,Model A,2014,88 years 11 months,572000.0
2024-06-01,PUNGGOL,4 ROOM,271C,PUNGGOL WALK,13 TO 15,93.0,Premium Apartment,2014,88 years 11 months,735000.0
2024-06-01,PUNGGOL,4 ROOM,308A,PUNGGOL WALK,07 TO 09,92.0,Premium Apartment,2016,90 years 10 months,728888.0
2024-06-01,PUNGGOL,4 ROOM,212B,PUNGGOL WALK,01 TO 03,93.0,Model A,2015,89 years 11 months,605000.0
2024-06-01,PUNGGOL,4 ROOM,212A,PUNGGOL WALK,13 TO 15,93.0,Model A,2015,89 years 11 months,620000.0
2024-06-01,PUNGGOL,4 ROOM,211B,PUNGGOL WALK,10 TO 12,92.0,Model A,2014,88 years 11 months,656000.0
2024-06-01,PUNGGOL,4 ROOM,260A,PUNGGOL WAY,16 TO 18,93.0,Model A,2016,91 years 01 month,690000.0
2024-06-01,PUNGGOL,4 ROOM,315B,PUNGGOL WAY,01 TO 03,93.0,Premium Apartment,2017,92 years 04 months,570000.0
2024-06-01,PUNGGOL,4 ROOM,220B,SUMANG LANE,01 TO 03,93.0,Model A,2018,93 years 07 months,568000.0
2024-06-01,PUNGGOL,4 ROOM,221A,SUMANG LANE,16 TO 18,93.0,Model A,2018,93 years 07 months,642000.0
2024-06-01,PUNGGOL,4 ROOM,226B,SUMANG LANE,04 TO 06,92.0,Premium Apartment,2018,92 years 10 months,590000.0
2024-06-01,PUNGGOL,4 ROOM,227B,SUMANG LANE,07 TO 09,92.0,Premium Apartment,2018,92 years 10 months,645000.0
2024-06-01,PUNGGOL,4 ROOM,224C,SUMANG LANE,07 TO 09,93.0,Model A,2018,93 years 07 months,620888.0
2024-06-01,PUNGGOL,4 ROOM,312C,SUMANG LINK,13 TO 15,92.0,Model A,2015,90 years 01 month,738000.0
2024-06-01,PUNGGOL,4 ROOM,312B,SUMANG LINK,10 TO 12,92.0,Model A,2015,90 years 01 month,640000.0
2024-06-01,PUNGGOL,4 ROOM,323C,SUMANG WALK,10 TO 12,93.0,Premium Apartment,2020,94 years 08 months,678000.0
2024-06-01,PUNGGOL,4 ROOM,323A,SUMANG WALK,13 TO 15,93.0,Premium Apartment,2020,94 years 08 months,650000.0
2024-06-01,PUNGGOL,4 ROOM,322B,SUMANG WALK,13 TO 15,93.0,Premium Apartment,2019,93 years 10 months,645000.0
2024-06-01,PUNGGOL,4 ROOM,323B,SUMANG WALK,07 TO 09,93.0,Premium Apartment,2020,94 years 08 months,660000.0
2024-06-01,PUNGGOL,4 ROOM,256B,SUMANG WALK,16 TO 18,93.0,Model A,2016,91 years 07 months,675000.0
2024-06-01,PUNGGOL,4 ROOM,323B,SUMANG WALK,04 TO 06,93.0,Premium Apartment,2020,94 years 08 months,590000.0
2024-06-01,PUNGGOL,4 ROOM,322A,SUMANG WALK,01 TO 03,93.0,Premium Apartment,2019,93 years 10 months,595000.0
2024-06-01,PUNGGOL,4 ROOM,256C,SUMANG WALK,10 TO 12,93.0,Model A,2016,91 years 07 months,650000.0
2024-06-01,PUNGGOL,4 ROOM,322B,SUMANG WALK,10 TO 12,93.0,Premium Apartment,2019,93 years 10 months,692888.0
2024-06-01,PUNGGOL,4 ROOM,323B,SUMANG WALK,19 TO 21,93.0,Premium Apartment,2020,94 years 08 months,720000.0
2024-06-01,PUNGGOL,4 ROOM,325B,SUMANG WALK,07 TO 09,93.0,Premium Apartment,2020,94 years 08 months,700000.0
2024-06-01,PUNGGOL,4 ROOM,217A,SUMANG WALK,10 TO 12,92.0,Model A,2017,92 years 02 months,620000.0
2024-06-01,PUNGGOL,4 ROOM,322D,SUMANG WALK,04 TO 06,93.0,Premium Apartment,2019,93 years 10 months,650000.0
2024-06-01,PUNGGOL,5 ROOM,126A,EDGEDALE PLAINS,13 TO 15,110.0,Improved,2003,77 years 10 months,622000.0
2024-06-01,PUNGGOL,5 ROOM,171C,EDGEDALE PLAINS,04 TO 06,110.0,Improved,2004,78 years 10 months,588888.0
2024-06-01,PUNGGOL,5 ROOM,172A,EDGEDALE PLAINS,10 TO 12,110.0,Improved,2004,79 years 01 month,621888.0
2024-06-01,PUNGGOL,5 ROOM,109C,EDGEDALE PLAINS,07 TO 09,110.0,Improved,2003,78 years,596800.0
2024-06-01,PUNGGOL,5 ROOM,133,EDGEDALE PLAINS,07 TO 09,111.0,Premium Apartment,2003,78 years 06 months,625000.0
2024-06-01,PUNGGOL,5 ROOM,133,EDGEDALE PLAINS,07 TO 09,111.0,Premium Apartment,2003,78 years 06 months,562000.0
2024-06-01,PUNGGOL,5 ROOM,684B,EDGEDALE PLAINS,04 TO 06,113.0,Premium Apartment,2018,93 years 03 months,850000.0
2024-06-01,PUNGGOL,5 ROOM,682A,EDGEDALE PLAINS,04 TO 06,113.0,Premium Apartment,2018,93 years 03 months,710000.0
2024-06-01,PUNGGOL,5 ROOM,120A,EDGEDALE PLAINS,10 TO 12,113.0,Improved,2017,92 years,670000.0
2024-06-01,PUNGGOL,5 ROOM,172C,EDGEDALE PLAINS,10 TO 12,110.0,Improved,2004,78 years 11 months,639888.0
2024-06-01,PUNGGOL,5 ROOM,120B,EDGEDALE PLAINS,16 TO 18,112.0,Improved,2017,92 years,800000.0
2024-06-01,PUNGGOL,5 ROOM,103C,EDGEFIELD PLAINS,16 TO 18,110.0,Improved,2003,78 years,635000.0
2024-06-01,PUNGGOL,5 ROOM,182,EDGEFIELD PLAINS,10 TO 12,110.0,Premium Apartment,2003,78 years 06 months,638000.0
2024-06-01,PUNGGOL,5 ROOM,669B,EDGEFIELD PLAINS,07 TO 09,113.0,Premium Apartment,2016,91 years 01 month,800000.0
2024-06-01,PUNGGOL,5 ROOM,104A,EDGEFIELD PLAINS,04 TO 06,110.0,Improved,2003,78 years,580000.0
2024-06-01,PUNGGOL,5 ROOM,645,PUNGGOL CTRL,04 TO 06,110.0,Premium Apartment,2005,79 years 08 months,608000.0
2024-06-01,PUNGGOL,5 ROOM,161B,PUNGGOL CTRL,04 TO 06,114.0,Premium Apartment,2004,79 years,640000.0
2024-06-01,PUNGGOL,5 ROOM,161B,PUNGGOL CTRL,01 TO 03,114.0,Premium Apartment,2004,79 years,615000.0
2024-06-01,PUNGGOL,5 ROOM,651,PUNGGOL CTRL,07 TO 09,110.0,Premium Apartment,2005,79 years 08 months,690000.0
2024-06-01,PUNGGOL,5 ROOM,645,PUNGGOL CTRL,16 TO 18,110.0,Premium Apartment,2005,79 years 08 months,700000.0
2024-06-01,PUNGGOL,5 ROOM,664A,PUNGGOL DR,16 TO 18,110.0,Improved,2016,91 years 01 month,778000.0
2024-06-01,PUNGGOL,5 ROOM,659A,PUNGGOL EAST,10 TO 12,113.0,Improved,2018,93 years 06 months,750000.0
2024-06-01,PUNGGOL,5 ROOM,658B,PUNGGOL EAST,04 TO 06,113.0,Improved,2018,93 years 06 months,682000.0
2024-06-01,PUNGGOL,5 ROOM,101B,PUNGGOL FIELD,16 TO 18,110.0,Improved,2002,77 years 04 months,645000.0
2024-06-01,PUNGGOL,5 ROOM,201C,PUNGGOL FIELD,10 TO 12,110.0,Improved,2004,79 years 02 months,630000.0
2024-06-01,PUNGGOL,5 ROOM,196A,PUNGGOL FIELD,10 TO 12,110.0,Improved,2003,78 years,632000.0
2024-06-01,PUNGGOL,5 ROOM,199C,PUNGGOL FIELD,07 TO 09,110.0,Improved,2003,78 years 02 months,613000.0
2024-06-01,PUNGGOL,5 ROOM,175A,PUNGGOL FIELD,10 TO 12,110.0,Improved,2003,78 years 04 months,635000.0
2024-06-01,PUNGGOL,5 ROOM,267C,PUNGGOL FIELD,10 TO 12,113.0,Premium Apartment,2013,87 years 08 months,838000.0
2024-06-01,PUNGGOL,5 ROOM,270A,PUNGGOL FIELD,13 TO 15,116.0,Premium Apartment,2013,87 years 08 months,894888.0
2024-06-01,PUNGGOL,5 ROOM,173D,PUNGGOL FIELD,07 TO 09,110.0,Improved,2003,78 years 05 months,605000.0
2024-06-01,PUNGGOL,5 ROOM,270B,PUNGGOL FIELD,04 TO 06,116.0,Premium Apartment,2013,87 years 08 months,870000.0
2024-06-01,PUNGGOL,5 ROOM,274B,PUNGGOL PL,16 TO 18,117.0,Premium Apartment,2013,88 years 02 months,950000.0
2024-06-01,PUNGGOL,5 ROOM,271B,PUNGGOL WALK,01 TO 03,116.0,Premium Apartment,2014,88 years 11 months,850000.0
2024-06-01,PUNGGOL,5 ROOM,272C,PUNGGOL WALK,04 TO 06,116.0,Premium Apartment,2014,88 years 11 months,880888.0
2024-06-01,PUNGGOL,5 ROOM,265A,PUNGGOL WAY,10 TO 12,112.0,Improved,2015,90 years 01 month,810000.0
2024-06-01,PUNGGOL,5 ROOM,265A,PUNGGOL WAY,16 TO 18,112.0,Improved,2015,90 years 01 month,845000.0
2024-06-01,PUNGGOL,5 ROOM,316B,PUNGGOL WAY,07 TO 09,113.0,Premium Apartment,2017,92 years 04 months,850000.0
2024-06-01,PUNGGOL,5 ROOM,315A,PUNGGOL WAY,01 TO 03,113.0,Premium Apartment,2017,92 years 04 months,775888.0
2024-06-01,PUNGGOL,5 ROOM,226C,SUMANG LANE,13 TO 15,114.0,Premium Apartment,2018,92 years 10 months,778888.0
2024-06-01,PUNGGOL,5 ROOM,233C,SUMANG LANE,10 TO 12,113.0,Improved,2018,93 years 06 months,730000.0
2024-06-01,PUNGGOL,5 ROOM,231B,SUMANG LANE,04 TO 06,113.0,Improved,2018,93 years 06 months,680000.0
2024-06-01,PUNGGOL,5 ROOM,313C,SUMANG LINK,10 TO 12,112.0,Improved,2015,90 years 01 month,798000.0
2024-06-01,SENGKANG,3 ROOM,164B,RIVERVALE CRES,04 TO 06,68.0,Model A,2017,92 years,457000.0
2024-06-01,PUNGGOL,5 ROOM,323B,SUMANG WALK,04 TO 06,113.0,Premium Apartment,2020,94 years 08 months,835000.0
2024-06-01,PUNGGOL,5 ROOM,323A,SUMANG WALK,07 TO 09,113.0,Premium Apartment,2020,94 years 08 months,810000.0
2024-06-01,PUNGGOL,5 ROOM,217C,SUMANG WALK,07 TO 09,112.0,Improved,2017,92 years 02 months,715000.0
2024-06-01,PUNGGOL,5 ROOM,323A,SUMANG WALK,07 TO 09,113.0,Premium Apartment,2020,94 years 08 months,820000.0
2024-06-01,PUNGGOL,5 ROOM,323D,SUMANG WALK,04 TO 06,121.0,Premium Apartment,2020,94 years 08 months,960000.0
2024-06-01,PUNGGOL,5 ROOM,323C,SUMANG WALK,13 TO 15,113.0,Premium Apartment,2020,94 years 08 months,840000.0
2024-06-01,PUNGGOL,5 ROOM,323C,SUMANG WALK,13 TO 15,113.0,Premium Apartment,2020,94 years 08 months,850000.0
2024-06-01,PUNGGOL,EXECUTIVE,117,EDGEFIELD PLAINS,10 TO 12,130.0,Premium Apartment,2003,78 years 01 month,793000.0
2024-06-01,PUNGGOL,EXECUTIVE,188,PUNGGOL CTRL,07 TO 09,128.0,Premium Apartment,2004,78 years 11 months,760000.0
2024-06-01,QUEENSTOWN,2 ROOM,102,C'WEALTH CRES,01 TO 03,43.0,Standard,1970,45 years,275000.0
2024-06-01,QUEENSTOWN,3 ROOM,88,C'WEALTH CL,07 TO 09,58.0,Standard,1967,41 years 08 months,368000.0
2024-06-01,QUEENSTOWN,3 ROOM,82,C'WEALTH CL,01 TO 03,60.0,Standard,1967,41 years 08 months,328000.0
2024-06-01,QUEENSTOWN,3 ROOM,82,C'WEALTH CL,10 TO 12,60.0,Standard,1967,41 years 08 months,325000.0
2024-06-01,QUEENSTOWN,3 ROOM,112,C'WEALTH CRES,01 TO 03,60.0,Standard,1969,43 years 08 months,328000.0
2024-06-01,QUEENSTOWN,3 ROOM,99,C'WEALTH CRES,07 TO 09,63.0,Standard,1970,45 years 01 month,318000.0
2024-06-01,QUEENSTOWN,3 ROOM,91,C'WEALTH DR,01 TO 03,60.0,Standard,1967,41 years 08 months,335000.0
2024-06-01,QUEENSTOWN,3 ROOM,91,C'WEALTH DR,01 TO 03,60.0,Standard,1967,41 years 08 months,340888.0
2024-06-01,QUEENSTOWN,3 ROOM,21,DOVER CRES,04 TO 06,65.0,Improved,1976,51 years 02 months,365000.0
2024-06-01,QUEENSTOWN,3 ROOM,32,GHIM MOH LINK,25 TO 27,68.0,Model A,2018,93 years 02 months,738000.0
2024-06-01,QUEENSTOWN,3 ROOM,21,GHIM MOH RD,07 TO 09,65.0,Improved,1977,52 years 01 month,430888.0
2024-06-01,QUEENSTOWN,3 ROOM,2,GHIM MOH RD,07 TO 09,65.0,Improved,1976,51 years 03 months,363000.0
2024-06-01,QUEENSTOWN,3 ROOM,4,GHIM MOH RD,13 TO 15,76.0,Improved,1976,51 years 02 months,436888.0
2024-06-01,QUEENSTOWN,3 ROOM,3,GHIM MOH RD,01 TO 03,65.0,Improved,1976,51 years 02 months,350000.0
2024-06-01,QUEENSTOWN,3 ROOM,4,GHIM MOH RD,04 TO 06,76.0,Improved,1976,51 years 02 months,415000.0
2024-06-01,QUEENSTOWN,3 ROOM,2,HOLLAND AVE,19 TO 21,65.0,Improved,1974,49 years 01 month,508000.0
2024-06-01,QUEENSTOWN,3 ROOM,9,HOLLAND AVE,19 TO 21,73.0,Improved,1974,49 years,520000.0
2024-06-01,QUEENSTOWN,3 ROOM,4,HOLLAND CL,01 TO 03,73.0,Improved,1974,49 years,420000.0
2024-06-01,QUEENSTOWN,3 ROOM,47,HOLLAND DR,04 TO 06,59.0,Improved,1975,50 years 02 months,425000.0
2024-06-01,QUEENSTOWN,3 ROOM,11,HOLLAND DR,16 TO 18,65.0,Improved,1975,49 years 08 months,442000.0
2024-06-01,QUEENSTOWN,3 ROOM,13,HOLLAND DR,16 TO 18,73.0,Improved,1975,49 years 07 months,570000.0
2024-06-01,QUEENSTOWN,3 ROOM,157,MEI LING ST,01 TO 03,69.0,Improved,1970,44 years 08 months,358000.0
2024-06-01,QUEENSTOWN,3 ROOM,61B,STRATHMORE AVE,01 TO 03,69.0,Model A,2011,86 years 03 months,675000.0
2024-06-01,QUEENSTOWN,3 ROOM,89,TANGLIN HALT RD,16 TO 18,60.0,Model A,2008,83 years 03 months,670000.0
2024-06-01,QUEENSTOWN,4 ROOM,23,DOVER CRES,10 TO 12,88.0,Improved,1976,51 years 03 months,510388.0
2024-06-01,QUEENSTOWN,4 ROOM,28B,DOVER CRES,16 TO 18,95.0,Model A,2012,86 years 10 months,880000.0
2024-06-01,QUEENSTOWN,4 ROOM,27,GHIM MOH LINK,13 TO 15,87.0,Model A,2013,88 years,845000.0
2024-06-01,QUEENSTOWN,4 ROOM,32,GHIM MOH LINK,19 TO 21,93.0,Model A,2018,93 years 01 month,1070000.0
2024-06-01,QUEENSTOWN,4 ROOM,31,GHIM MOH LINK,13 TO 15,93.0,Model A,2018,93 years 01 month,980000.0
2024-06-01,QUEENSTOWN,4 ROOM,33,GHIM MOH LINK,04 TO 06,93.0,Model A,2018,93 years 01 month,945000.0
2024-06-01,QUEENSTOWN,4 ROOM,30,GHIM MOH LINK,28 TO 30,93.0,Model A,2018,93 years 01 month,995000.0
2024-06-01,QUEENSTOWN,4 ROOM,33,GHIM MOH LINK,19 TO 21,93.0,Model A,2018,93 years,1150000.0
2024-06-01,QUEENSTOWN,4 ROOM,15,GHIM MOH RD,01 TO 03,82.0,Improved,1977,51 years 08 months,553000.0
2024-06-01,QUEENSTOWN,4 ROOM,6,HOLLAND CL,01 TO 03,86.0,Improved,1974,49 years,545000.0
2024-06-01,QUEENSTOWN,4 ROOM,11,HOLLAND DR,16 TO 18,88.0,Improved,1975,49 years 08 months,630888.0
2024-06-01,QUEENSTOWN,4 ROOM,168A,QUEENSWAY,13 TO 15,84.0,Improved,1974,49 years 01 month,498000.0
2024-06-01,QUEENSTOWN,4 ROOM,83,STRATHMORE AVE,16 TO 18,102.0,Model A,1997,72 years 02 months,950000.0
2024-06-01,QUEENSTOWN,4 ROOM,61C,STRATHMORE AVE,22 TO 24,93.0,Model A,2011,86 years 03 months,930000.0
2024-06-01,QUEENSTOWN,4 ROOM,50,STRATHMORE AVE,19 TO 21,90.0,Model A,2006,81 years 04 months,928000.0
2024-06-01,QUEENSTOWN,4 ROOM,61A,STRATHMORE AVE,19 TO 21,98.0,Model A,2011,86 years 03 months,985000.0
2024-06-01,QUEENSTOWN,4 ROOM,91,TANGLIN HALT RD,22 TO 24,90.0,Model A,2008,83 years 03 months,972000.0
2024-06-01,QUEENSTOWN,5 ROOM,26,DOVER CRES,16 TO 18,123.0,Standard,1978,52 years 08 months,888000.0
2024-06-01,QUEENSTOWN,5 ROOM,82,STRATHMORE AVE,19 TO 21,124.0,Improved,1997,72 years 05 months,1260000.0
2024-06-01,QUEENSTOWN,5 ROOM,59,STRATHMORE AVE,28 TO 30,110.0,Improved,2000,75 years 05 months,1015000.0
2024-06-01,SEMBAWANG,2 ROOM,117A,CANBERRA CRES,01 TO 03,38.0,Model A,2020,95 years,335000.0
2024-06-01,SEMBAWANG,2 ROOM,117A,CANBERRA CRES,10 TO 12,47.0,Model A,2020,95 years,377000.0
2024-06-01,SEMBAWANG,2 ROOM,104B,CANBERRA ST,10 TO 12,47.0,Model A,2018,93 years 03 months,375000.0
2024-06-01,SEMBAWANG,2 ROOM,128B,CANBERRA ST,07 TO 09,47.0,Model A,2018,93 years 05 months,355000.0
2024-06-01,SEMBAWANG,2 ROOM,362B,SEMBAWANG CRES,07 TO 09,38.0,Model A,2019,94 years,327000.0
2024-06-01,SEMBAWANG,2 ROOM,366A,SEMBAWANG CRES,13 TO 15,48.0,Model A,2019,93 years 11 months,380000.0
2024-06-01,SEMBAWANG,3 ROOM,104C,CANBERRA ST,01 TO 03,67.0,Model A,2018,93 years 02 months,460000.0
2024-06-01,SEMBAWANG,3 ROOM,115D,CANBERRA WALK,01 TO 03,68.0,Model A,2018,93 years 02 months,460000.0
2024-06-01,SEMBAWANG,4 ROOM,469A,ADMIRALTY DR,07 TO 09,102.0,Premium Apartment,2001,76 years 03 months,520000.0
2024-06-01,SEMBAWANG,4 ROOM,357,ADMIRALTY DR,10 TO 12,96.0,Premium Apartment,2001,76 years 01 month,563000.0
2024-06-01,SEMBAWANG,4 ROOM,469,ADMIRALTY DR,07 TO 09,102.0,Premium Apartment,2001,76 years 03 months,520000.0
2024-06-01,SEMBAWANG,4 ROOM,469B,ADMIRALTY DR,04 TO 06,102.0,Premium Apartment,2001,76 years 03 months,578000.0
2024-06-01,SEMBAWANG,4 ROOM,405,ADMIRALTY LINK,04 TO 06,86.0,Model A2,2001,75 years 08 months,455000.0
2024-06-01,SEMBAWANG,4 ROOM,487,ADMIRALTY LINK,04 TO 06,94.0,Model A,2010,85 years 03 months,520000.0
2024-06-01,SEMBAWANG,4 ROOM,489,ADMIRALTY LINK,16 TO 18,94.0,Model A,2010,85 years 03 months,543000.0
2024-06-01,SEMBAWANG,4 ROOM,485,ADMIRALTY LINK,04 TO 06,85.0,Model A2,2003,78 years 02 months,468000.0
2024-06-01,SEMBAWANG,4 ROOM,130A,CANBERRA CRES,13 TO 15,93.0,Model A,2018,93 years 05 months,688000.0
2024-06-01,SEMBAWANG,4 ROOM,118B,CANBERRA CRES,01 TO 03,92.0,Model A,2020,95 years,690000.0
2024-06-01,SEMBAWANG,4 ROOM,107C,CANBERRA ST,13 TO 15,93.0,Model A,2018,93 years 02 months,648888.0
2024-06-01,SEMBAWANG,4 ROOM,121C,CANBERRA ST,07 TO 09,93.0,Model A,2018,92 years 08 months,625000.0
2024-06-01,SEMBAWANG,4 ROOM,107C,CANBERRA ST,07 TO 09,93.0,Model A,2018,93 years 02 months,573888.0
2024-06-01,SEMBAWANG,4 ROOM,108C,CANBERRA WALK,10 TO 12,93.0,Model A,2018,93 years,680000.0
2024-06-01,SEMBAWANG,4 ROOM,115C,CANBERRA WALK,04 TO 06,93.0,Model A,2018,93 years 02 months,639000.0
2024-06-01,SEMBAWANG,4 ROOM,108A,CANBERRA WALK,07 TO 09,93.0,Model A,2018,93 years,630000.0
2024-06-01,SEMBAWANG,4 ROOM,108C,CANBERRA WALK,13 TO 15,93.0,Model A,2018,93 years,660000.0
2024-06-01,SEMBAWANG,4 ROOM,330,SEMBAWANG CL,01 TO 03,100.0,Model A,1999,74 years 02 months,530000.0
2024-06-01,SEMBAWANG,4 ROOM,324,SEMBAWANG CL,04 TO 06,100.0,Model A,1999,73 years 11 months,512500.0
2024-06-01,SEMBAWANG,4 ROOM,339A,SEMBAWANG CL,04 TO 06,95.0,Premium Apartment,2001,76 years 01 month,555000.0
2024-06-01,SEMBAWANG,4 ROOM,365C,SEMBAWANG CRES,07 TO 09,93.0,Model A,2019,93 years 11 months,595000.0
2024-06-01,SEMBAWANG,4 ROOM,365B,SEMBAWANG CRES,04 TO 06,93.0,Model A,2019,93 years 11 months,605688.0
2024-06-01,SEMBAWANG,4 ROOM,365C,SEMBAWANG CRES,07 TO 09,93.0,Model A,2019,93 years 11 months,620000.0
2024-06-01,SEMBAWANG,4 ROOM,407,SEMBAWANG DR,04 TO 06,91.0,Model A,2001,75 years 11 months,500888.0
2024-06-01,SEMBAWANG,4 ROOM,463B,SEMBAWANG DR,01 TO 03,92.0,Model A,2015,90 years,495000.0
2024-06-01,SEMBAWANG,5 ROOM,356B,ADMIRALTY DR,13 TO 15,110.0,Premium Apartment,2001,76 years 01 month,640000.0
2024-06-01,SEMBAWANG,5 ROOM,353C,ADMIRALTY DR,13 TO 15,112.0,Improved,2002,76 years 09 months,690000.0
2024-06-01,SEMBAWANG,5 ROOM,356B,ADMIRALTY DR,10 TO 12,110.0,Premium Apartment,2001,76 years 01 month,608000.0
2024-06-01,SEMBAWANG,5 ROOM,357B,ADMIRALTY DR,10 TO 12,110.0,Premium Apartment,2001,76 years 01 month,615000.0
2024-06-01,SEMBAWANG,5 ROOM,467,ADMIRALTY DR,01 TO 03,118.0,Premium Apartment,2001,76 years 02 months,545000.0
2024-06-01,SEMBAWANG,5 ROOM,493,ADMIRALTY LINK,16 TO 18,110.0,Improved,2004,78 years 11 months,578000.0
2024-06-01,SEMBAWANG,5 ROOM,351C,CANBERRA RD,04 TO 06,110.0,Improved,2001,76 years 05 months,618000.0
2024-06-01,SEMBAWANG,5 ROOM,350B,CANBERRA RD,04 TO 06,110.0,Improved,2001,76 years 04 months,620000.0
2024-06-01,SEMBAWANG,5 ROOM,128C,CANBERRA ST,07 TO 09,113.0,Improved,2018,93 years 05 months,747000.0
2024-06-01,SEMBAWANG,5 ROOM,589B,MONTREAL DR,07 TO 09,110.0,Improved,2002,77 years 07 months,595000.0
2024-06-01,SEMBAWANG,5 ROOM,332,SEMBAWANG CL,01 TO 03,120.0,Improved,1999,74 years 02 months,610000.0
2024-06-01,SEMBAWANG,5 ROOM,340B,SEMBAWANG CL,13 TO 15,110.0,Premium Apartment,2001,76 years 01 month,650888.0
2024-06-01,SEMBAWANG,5 ROOM,501B,WELLINGTON CIRCLE,01 TO 03,110.0,Improved,2001,76 years 03 months,545000.0
2024-06-01,SEMBAWANG,EXECUTIVE,360B,ADMIRALTY DR,07 TO 09,131.0,Premium Apartment,2001,76 years 04 months,695000.0
2024-06-01,SEMBAWANG,EXECUTIVE,469,ADMIRALTY DR,10 TO 12,137.0,Premium Apartment,2001,76 years 03 months,670000.0
2024-06-01,SEMBAWANG,EXECUTIVE,468C,ADMIRALTY DR,13 TO 15,137.0,Premium Apartment,2001,76 years,692000.0
2024-06-01,SEMBAWANG,EXECUTIVE,469A,ADMIRALTY DR,13 TO 15,137.0,Premium Apartment,2001,76 years 03 months,688000.0
2024-06-01,SEMBAWANG,EXECUTIVE,467,ADMIRALTY DR,13 TO 15,142.0,Premium Apartment,2001,76 years 02 months,695000.0
2024-06-01,SEMBAWANG,EXECUTIVE,503A,CANBERRA LINK,07 TO 09,130.0,Apartment,2001,76 years 03 months,765000.0
2024-06-01,SEMBAWANG,EXECUTIVE,338,SEMBAWANG CRES,07 TO 09,139.0,Apartment,1999,74 years 02 months,705000.0
2024-06-01,SEMBAWANG,EXECUTIVE,471,SEMBAWANG DR,10 TO 12,130.0,Apartment,2000,75 years 01 month,708000.0
2024-06-01,SEMBAWANG,EXECUTIVE,506A,WELLINGTON CIRCLE,04 TO 06,130.0,Apartment,2001,76 years 07 months,690000.0
2024-06-01,SEMBAWANG,EXECUTIVE,507D,WELLINGTON CIRCLE,04 TO 06,130.0,Apartment,2001,76 years 02 months,735000.0
2024-06-01,SENGKANG,2 ROOM,351C,ANCHORVALE RD,10 TO 12,47.0,Model A,2019,94 years,375000.0
2024-06-01,SENGKANG,2 ROOM,351C,ANCHORVALE RD,10 TO 12,47.0,Model A,2019,94 years,385000.0
2024-06-01,SENGKANG,2 ROOM,351B,ANCHORVALE RD,01 TO 03,47.0,Model A,2019,94 years,375000.0
2024-06-01,SENGKANG,2 ROOM,351C,ANCHORVALE RD,07 TO 09,47.0,2-room,2019,94 years,368000.0
2024-06-01,SENGKANG,2 ROOM,447A,JLN KAYU,16 TO 18,47.0,Model A,2013,88 years 06 months,360000.0
2024-06-01,SENGKANG,2 ROOM,180D,RIVERVALE CRES,04 TO 06,47.0,Model A,2015,89 years 10 months,337000.0
2024-06-01,SENGKANG,2 ROOM,455A,SENGKANG WEST AVE,01 TO 03,48.0,2-room,2020,95 years 05 months,350000.0
2024-06-01,SENGKANG,2 ROOM,448B,SENGKANG WEST WAY,13 TO 15,46.0,Model A,2014,89 years 02 months,351000.0
2024-06-01,SENGKANG,3 ROOM,334C,ANCHORVALE CRES,13 TO 15,67.0,Premium Apartment,2015,90 years 07 months,510000.0
2024-06-01,SENGKANG,3 ROOM,351C,ANCHORVALE RD,10 TO 12,67.0,Model A,2019,94 years,510888.0
2024-06-01,SENGKANG,3 ROOM,286C,COMPASSVALE CRES,01 TO 03,68.0,Premium Apartment,2017,92 years 06 months,466000.0
2024-06-01,SENGKANG,3 ROOM,414A,FERNVALE LINK,19 TO 21,68.0,Model A,2016,90 years 08 months,521888.0
2024-06-01,SENGKANG,3 ROOM,450C,SENGKANG WEST WAY,13 TO 15,67.0,Model A,2014,89 years 02 months,505000.0
2024-06-01,SENGKANG,3 ROOM,450C,SENGKANG WEST WAY,19 TO 21,67.0,Model A,2014,89 years 02 months,498000.0
2024-06-01,SENGKANG,3 ROOM,433A,SENGKANG WEST WAY,10 TO 12,67.0,Model A,2014,89 years 05 months,515000.0
2024-06-01,SENGKANG,4 ROOM,335B,ANCHORVALE CRES,10 TO 12,92.0,Premium Apartment,2015,90 years 07 months,640888.0
2024-06-01,SENGKANG,4 ROOM,334C,ANCHORVALE CRES,07 TO 09,92.0,Premium Apartment,2015,90 years 06 months,650000.0
2024-06-01,SENGKANG,4 ROOM,332B,ANCHORVALE LINK,01 TO 03,92.0,Model A,2015,90 years 01 month,562000.0
2024-06-01,SENGKANG,4 ROOM,333C,ANCHORVALE LINK,07 TO 09,92.0,Model A,2015,90 years 01 month,650888.0
2024-06-01,SENGKANG,4 ROOM,326C,ANCHORVALE RD,10 TO 12,92.0,Premium Apartment,2015,89 years 11 months,640000.0
2024-06-01,SENGKANG,4 ROOM,327B,ANCHORVALE RD,13 TO 15,92.0,Premium Apartment,2015,89 years 11 months,625000.0
2024-06-01,SENGKANG,4 ROOM,309D,ANCHORVALE RD,10 TO 12,90.0,Premium Apartment,2002,77 years 06 months,538000.0
2024-06-01,SENGKANG,4 ROOM,327C,ANCHORVALE RD,13 TO 15,92.0,Premium Apartment,2015,89 years 11 months,642888.0
2024-06-01,SENGKANG,4 ROOM,329A,ANCHORVALE ST,10 TO 12,93.0,Model A,2015,90 years 03 months,630888.0
2024-06-01,SENGKANG,4 ROOM,331B,ANCHORVALE ST,10 TO 12,92.0,Model A,2015,90 years 03 months,620000.0
2024-06-01,SENGKANG,4 ROOM,274B,COMPASSVALE BOW,13 TO 15,92.0,Model A,2017,92 years 06 months,760000.0
2024-06-01,SENGKANG,4 ROOM,264E,COMPASSVALE BOW,13 TO 15,92.0,Premium Apartment,2008,83 years,730000.0
2024-06-01,SENGKANG,4 ROOM,274A,COMPASSVALE BOW,04 TO 06,92.0,Model A,2017,92 years 06 months,768000.0
2024-06-01,SENGKANG,4 ROOM,274A,COMPASSVALE BOW,10 TO 12,92.0,Model A,2017,92 years 06 months,785000.0
2024-06-01,SENGKANG,4 ROOM,289A,COMPASSVALE CRES,13 TO 15,93.0,Premium Apartment,2017,92 years 06 months,650000.0
2024-06-01,SENGKANG,4 ROOM,286C,COMPASSVALE CRES,04 TO 06,93.0,Premium Apartment,2017,92 years 06 months,615000.0
2024-06-01,SENGKANG,4 ROOM,289A,COMPASSVALE CRES,01 TO 03,96.0,Premium Apartment,2017,92 years 06 months,575000.0
2024-06-01,SENGKANG,4 ROOM,290C,COMPASSVALE CRES,04 TO 06,90.0,Model A,2001,76 years 07 months,515000.0
2024-06-01,SENGKANG,4 ROOM,287C,COMPASSVALE CRES,07 TO 09,93.0,Premium Apartment,2017,92 years 06 months,630000.0
2024-06-01,SENGKANG,4 ROOM,287A,COMPASSVALE CRES,10 TO 12,96.0,Premium Apartment,2017,92 years 05 months,700000.0
2024-06-01,SENGKANG,4 ROOM,286B,COMPASSVALE CRES,13 TO 15,93.0,Premium Apartment,2017,92 years 05 months,660000.0
2024-06-01,SENGKANG,4 ROOM,201A,COMPASSVALE DR,16 TO 18,90.0,Model A,2001,76 years 03 months,588000.0
2024-06-01,SENGKANG,4 ROOM,216C,COMPASSVALE DR,16 TO 18,92.0,Premium Apartment,2017,92 years,793000.0
2024-06-01,SENGKANG,4 ROOM,215A,COMPASSVALE DR,01 TO 03,92.0,Premium Apartment,2017,92 years,708888.0
2024-06-01,SENGKANG,4 ROOM,212A,COMPASSVALE DR,13 TO 15,99.0,Premium Apartment,2012,87 years 05 months,645000.0
2024-06-01,SENGKANG,4 ROOM,201A,COMPASSVALE DR,04 TO 06,90.0,Model A,2001,76 years 03 months,538000.0
2024-06-01,SENGKANG,4 ROOM,211C,COMPASSVALE LANE,10 TO 12,93.0,Model A,2013,87 years 09 months,643000.0
2024-06-01,SENGKANG,4 ROOM,208A,COMPASSVALE LANE,04 TO 06,92.0,Model A,2011,86 years 06 months,590888.0
2024-06-01,SENGKANG,4 ROOM,275D,COMPASSVALE LINK,13 TO 15,90.0,Premium Apartment,2009,84 years 01 month,778000.0
2024-06-01,SENGKANG,4 ROOM,269B,COMPASSVALE LINK,16 TO 18,91.0,Premium Apartment,2006,80 years 09 months,710000.0
2024-06-01,SENGKANG,4 ROOM,277D,COMPASSVALE LINK,07 TO 09,92.0,Premium Apartment,2009,84 years 01 month,850000.0
2024-06-01,SENGKANG,4 ROOM,269C,COMPASSVALE LINK,04 TO 06,90.0,Premium Apartment,2006,80 years 09 months,633888.0
2024-06-01,SENGKANG,4 ROOM,273C,COMPASSVALE LINK,13 TO 15,90.0,Premium Apartment,2009,84 years 03 months,790000.0
2024-06-01,SENGKANG,4 ROOM,277B,COMPASSVALE LINK,13 TO 15,90.0,Premium Apartment,2009,84 years 01 month,801888.0
2024-06-01,SENGKANG,4 ROOM,259C,COMPASSVALE RD,04 TO 06,90.0,Model A,2000,75 years 07 months,552888.0
2024-06-01,SENGKANG,4 ROOM,224A,COMPASSVALE WALK,07 TO 09,102.0,Model A,1999,73 years 09 months,545000.0
2024-06-01,SENGKANG,4 ROOM,405C,FERNVALE LANE,04 TO 06,93.0,Premium Apartment,2004,78 years 10 months,535000.0
2024-06-01,SENGKANG,4 ROOM,404A,FERNVALE LANE,22 TO 24,93.0,Premium Apartment,2004,78 years 11 months,562000.0
2024-06-01,SENGKANG,4 ROOM,440A,FERNVALE LINK,13 TO 15,92.0,Model A,2015,90 years 02 months,628888.0
2024-06-01,SENGKANG,4 ROOM,430A,FERNVALE LINK,16 TO 18,92.0,Model A,2015,90 years,599000.0
2024-06-01,SENGKANG,4 ROOM,412A,FERNVALE LINK,19 TO 21,95.0,Premium Apartment,2004,78 years 10 months,603000.0
2024-06-01,SENGKANG,4 ROOM,440B,FERNVALE LINK,22 TO 24,92.0,Model A,2015,90 years 02 months,625000.0
2024-06-01,SENGKANG,4 ROOM,418C,FERNVALE LINK,19 TO 21,94.0,Model A,2018,93 years 02 months,678000.0
2024-06-01,SENGKANG,4 ROOM,416B,FERNVALE LINK,10 TO 12,93.0,Model A,2016,90 years 08 months,590000.0
2024-06-01,SENGKANG,4 ROOM,440B,FERNVALE LINK,13 TO 15,92.0,Model A,2015,90 years 02 months,621000.0
2024-06-01,SENGKANG,4 ROOM,441D,FERNVALE RD,22 TO 24,94.0,Model A,2012,86 years 09 months,605000.0
2024-06-01,SENGKANG,4 ROOM,410B,FERNVALE RD,04 TO 06,95.0,Premium Apartment,2012,87 years 06 months,582000.0
2024-06-01,SENGKANG,4 ROOM,410B,FERNVALE RD,04 TO 06,95.0,Premium Apartment,2012,87 years 06 months,588000.0
2024-06-01,SENGKANG,4 ROOM,435A,FERNVALE RD,04 TO 06,94.0,Premium Apartment,2013,88 years 01 month,590000.0
2024-06-01,SENGKANG,4 ROOM,411A,FERNVALE RD,04 TO 06,95.0,Premium Apartment,2012,87 years 06 months,608000.0
2024-06-01,SENGKANG,4 ROOM,435B,FERNVALE RD,04 TO 06,94.0,Premium Apartment,2013,88 years 01 month,580888.0
2024-06-01,SENGKANG,4 ROOM,471B,FERNVALE ST,25 TO 27,93.0,Model A,2016,91 years 04 months,687888.0
2024-06-01,SENGKANG,4 ROOM,471B,FERNVALE ST,13 TO 15,93.0,Model A,2016,91 years 03 months,616888.0
2024-06-01,SENGKANG,4 ROOM,148,RIVERVALE CRES,01 TO 03,100.0,Model A,1999,74 years 03 months,525000.0
2024-06-01,SENGKANG,4 ROOM,178D,RIVERVALE CRES,10 TO 12,93.0,Model A,2015,89 years 10 months,555000.0
2024-06-01,SENGKANG,4 ROOM,152,RIVERVALE CRES,04 TO 06,91.0,Model A,2005,80 years 07 months,550000.0
2024-06-01,SENGKANG,4 ROOM,185C,RIVERVALE CRES,10 TO 12,85.0,Model A2,2000,75 years 07 months,500000.0
2024-06-01,SENGKANG,4 ROOM,184C,RIVERVALE CRES,13 TO 15,85.0,Model A2,2003,78 years 01 month,505000.0
2024-06-01,SENGKANG,4 ROOM,157D,RIVERVALE CRES,01 TO 03,91.0,Premium Apartment,2003,78 years 04 months,480000.0
2024-06-01,SENGKANG,4 ROOM,190B,RIVERVALE DR,04 TO 06,95.0,Model A,2000,75 years 01 month,522000.0
2024-06-01,SENGKANG,4 ROOM,124C,RIVERVALE DR,04 TO 06,91.0,Model A2,1999,74 years 02 months,510000.0
2024-06-01,SENGKANG,4 ROOM,119A,RIVERVALE DR,16 TO 18,102.0,Premium Apartment,2001,75 years 10 months,585000.0
2024-06-01,SENGKANG,4 ROOM,122D,RIVERVALE DR,07 TO 09,90.0,Model A,2000,75 years 02 months,510000.0
2024-06-01,SENGKANG,4 ROOM,140,RIVERVALE ST,10 TO 12,90.0,Model A2,1999,73 years 08 months,536888.0
2024-06-01,SENGKANG,4 ROOM,106,RIVERVALE WALK,07 TO 09,101.0,Model A,1999,73 years 09 months,560000.0
2024-06-01,SENGKANG,4 ROOM,111,RIVERVALE WALK,04 TO 06,100.0,Model A,1998,73 years 06 months,530000.0
2024-06-01,SENGKANG,4 ROOM,270A,SENGKANG CTRL,04 TO 06,93.0,Premium Apartment,2010,85 years,625000.0
2024-06-01,SENGKANG,4 ROOM,282B,SENGKANG EAST AVE,04 TO 06,92.0,Premium Apartment,2015,90 years 03 months,732000.0
2024-06-01,SENGKANG,4 ROOM,279B,SENGKANG EAST AVE,10 TO 12,92.0,Premium Apartment,2015,90 years 03 months,795000.0
2024-06-01,SENGKANG,4 ROOM,200A,SENGKANG EAST RD,07 TO 09,90.0,Model A,2001,76 years 03 months,510000.0
2024-06-01,SENGKANG,4 ROOM,324A,SENGKANG EAST WAY,07 TO 09,85.0,Model A2,2003,77 years 10 months,593000.0
2024-06-01,SENGKANG,4 ROOM,261C,SENGKANG EAST WAY,07 TO 09,85.0,Model A2,2000,75 years 05 months,590000.0
2024-06-01,SENGKANG,4 ROOM,439A,SENGKANG WEST AVE,07 TO 09,94.0,Model A,2011,85 years 09 months,605000.0
2024-06-01,SENGKANG,4 ROOM,439A,SENGKANG WEST AVE,04 TO 06,94.0,Model A,2011,85 years 09 months,588000.0
2024-06-01,SENGKANG,4 ROOM,432B,SENGKANG WEST WAY,19 TO 21,93.0,Model A,2014,89 years 05 months,612888.0
2024-06-01,SENGKANG,5 ROOM,338A,ANCHORVALE CRES,01 TO 03,113.0,Improved,2018,93 years,670000.0
2024-06-01,SENGKANG,5 ROOM,338B,ANCHORVALE CRES,07 TO 09,113.0,Improved,2018,93 years,768000.0
2024-06-01,SENGKANG,5 ROOM,335A,ANCHORVALE CRES,10 TO 12,111.0,Premium Apartment,2015,90 years 07 months,788000.0
2024-06-01,SENGKANG,5 ROOM,314C,ANCHORVALE LINK,16 TO 18,110.0,Premium Apartment,2003,78 years,650000.0
2024-06-01,SENGKANG,5 ROOM,305D,ANCHORVALE LINK,10 TO 12,110.0,Improved,2002,76 years 10 months,622888.0
2024-06-01,SENGKANG,5 ROOM,318C,ANCHORVALE LINK,07 TO 09,110.0,Premium Apartment,2003,77 years 10 months,615000.0
2024-06-01,SENGKANG,5 ROOM,333A,ANCHORVALE LINK,13 TO 15,112.0,Improved,2015,90 years 01 month,782000.0
2024-06-01,SENGKANG,5 ROOM,313B,ANCHORVALE RD,13 TO 15,110.0,Premium Apartment,2003,78 years 03 months,635000.0
2024-06-01,SENGKANG,5 ROOM,309A,ANCHORVALE RD,16 TO 18,112.0,Premium Apartment,2002,77 years 04 months,615000.0
2024-06-01,SENGKANG,5 ROOM,309A,ANCHORVALE RD,16 TO 18,111.0,Premium Apartment,2002,77 years 03 months,598000.0
2024-06-01,SENGKANG,5 ROOM,317A,ANCHORVALE RD,10 TO 12,110.0,Premium Apartment,2003,78 years 01 month,605000.0
2024-06-01,SENGKANG,5 ROOM,274A,COMPASSVALE BOW,01 TO 03,113.0,Improved,2017,92 years 06 months,780000.0
2024-06-01,SENGKANG,5 ROOM,288A,COMPASSVALE CRES,13 TO 15,113.0,Premium Apartment,2017,92 years 06 months,815000.0
2024-06-01,SENGKANG,5 ROOM,286A,COMPASSVALE CRES,13 TO 15,113.0,Premium Apartment,2017,92 years 06 months,801000.0
2024-06-01,SENGKANG,5 ROOM,295B,COMPASSVALE CRES,04 TO 06,110.0,Improved,2002,76 years 09 months,578000.0
2024-06-01,SENGKANG,5 ROOM,287A,COMPASSVALE CRES,13 TO 15,113.0,Premium Apartment,2017,92 years 06 months,800000.0
2024-06-01,SENGKANG,5 ROOM,287A,COMPASSVALE CRES,07 TO 09,113.0,Premium Apartment,2017,92 years 06 months,770000.0
2024-06-01,SENGKANG,5 ROOM,287B,COMPASSVALE CRES,13 TO 15,113.0,Premium Apartment,2017,92 years 06 months,775000.0
2024-06-01,SENGKANG,5 ROOM,288A,COMPASSVALE CRES,13 TO 15,113.0,Premium Apartment,2017,92 years 06 months,782000.0
2024-06-01,SENGKANG,5 ROOM,286A,COMPASSVALE CRES,04 TO 06,113.0,Premium Apartment,2017,92 years 05 months,770000.0
2024-06-01,SENGKANG,5 ROOM,217A,COMPASSVALE DR,10 TO 12,112.0,Premium Apartment,2017,92 years,958888.0
2024-06-01,SENGKANG,5 ROOM,217B,COMPASSVALE DR,04 TO 06,112.0,Premium Apartment,2017,92 years,873888.0
2024-06-01,SENGKANG,5 ROOM,215B,COMPASSVALE DR,10 TO 12,112.0,Premium Apartment,2017,92 years,950000.0
2024-06-01,SENGKANG,5 ROOM,204C,COMPASSVALE DR,04 TO 06,110.0,Improved,2001,75 years 08 months,638000.0
2024-06-01,SENGKANG,5 ROOM,204C,COMPASSVALE DR,01 TO 03,110.0,Improved,2001,75 years 08 months,605000.0
2024-06-01,SENGKANG,5 ROOM,201C,COMPASSVALE DR,07 TO 09,110.0,Improved,2001,76 years 02 months,680000.0
2024-06-01,SENGKANG,5 ROOM,206A,COMPASSVALE LANE,13 TO 15,122.0,Improved,1999,74 years 02 months,650000.0
2024-06-01,SENGKANG,5 ROOM,206C,COMPASSVALE LANE,13 TO 15,123.0,Improved,1999,74 years 04 months,675000.0
2024-06-01,SENGKANG,5 ROOM,268A,COMPASSVALE LINK,07 TO 09,110.0,Premium Apartment,2006,80 years 09 months,720000.0
2024-06-01,SENGKANG,5 ROOM,255,COMPASSVALE RD,10 TO 12,116.0,Improved,2000,75 years 03 months,702000.0
2024-06-01,SENGKANG,5 ROOM,254,COMPASSVALE RD,01 TO 03,115.0,Improved,2000,75 years 03 months,580000.0
2024-06-01,SENGKANG,5 ROOM,262A,COMPASSVALE ST,13 TO 15,110.0,Improved,2001,75 years 11 months,638000.0
2024-06-01,SENGKANG,5 ROOM,291A,COMPASSVALE ST,10 TO 12,110.0,Improved,2001,76 years 01 month,615000.0
2024-06-01,SENGKANG,5 ROOM,262D,COMPASSVALE ST,01 TO 03,110.0,Improved,2001,75 years 08 months,600000.0
2024-06-01,SENGKANG,5 ROOM,413A,FERNVALE LINK,16 TO 18,114.0,Premium Apartment,2004,78 years 10 months,702888.0
2024-06-01,SENGKANG,5 ROOM,468A,FERNVALE LINK,19 TO 21,113.0,Improved,2016,91 years 03 months,725000.0
2024-06-01,SENGKANG,5 ROOM,415C,FERNVALE LINK,01 TO 03,112.0,Improved,2016,90 years 08 months,720000.0
2024-06-01,SENGKANG,5 ROOM,468C,FERNVALE LINK,01 TO 03,113.0,Improved,2016,91 years 03 months,640000.0
2024-06-01,SENGKANG,5 ROOM,408A,FERNVALE RD,19 TO 21,115.0,Premium Apartment,2004,79 years 07 months,660000.0
2024-06-01,SENGKANG,5 ROOM,407B,FERNVALE RD,13 TO 15,110.0,Premium Apartment,2005,79 years 08 months,650000.0
2024-06-01,SENGKANG,5 ROOM,472A,FERNVALE ST,10 TO 12,113.0,Improved,2016,91 years 04 months,720000.0
2024-06-01,SENGKANG,5 ROOM,158C,RIVERVALE CRES,04 TO 06,111.0,Premium Apartment,2003,78 years 04 months,550000.0
2024-06-01,SENGKANG,5 ROOM,183C,RIVERVALE CRES,13 TO 15,110.0,Improved,2003,78 years,568000.0
2024-06-01,SENGKANG,5 ROOM,149,RIVERVALE CRES,01 TO 03,116.0,Improved,1999,74 years 04 months,620000.0
2024-06-01,SENGKANG,5 ROOM,191A,RIVERVALE DR,01 TO 03,115.0,Improved,2000,75 years 04 months,580000.0
2024-06-01,SENGKANG,5 ROOM,122D,RIVERVALE DR,10 TO 12,110.0,Improved,2000,75 years 02 months,605000.0
2024-06-01,SENGKANG,5 ROOM,116C,RIVERVALE DR,07 TO 09,115.0,Improved,2000,75 years 02 months,660000.0
2024-06-01,SENGKANG,5 ROOM,193,RIVERVALE DR,10 TO 12,111.0,Improved,2001,75 years 11 months,600000.0
2024-06-01,SENGKANG,5 ROOM,192C,RIVERVALE DR,16 TO 18,115.0,Improved,2000,75 years 04 months,655888.0
2024-06-01,SENGKANG,5 ROOM,101,RIVERVALE WALK,01 TO 03,120.0,Improved,1999,73 years 10 months,570000.0
2024-06-01,SENGKANG,5 ROOM,111,RIVERVALE WALK,13 TO 15,121.0,Improved,1998,73 years 06 months,680000.0
2024-06-01,SENGKANG,5 ROOM,282B,SENGKANG EAST AVE,07 TO 09,112.0,Premium Apartment,2015,90 years 03 months,880000.0
2024-06-01,SENGKANG,5 ROOM,200D,SENGKANG EAST RD,07 TO 09,110.0,Improved,2001,76 years 02 months,660000.0
2024-06-01,SENGKANG,5 ROOM,260A,SENGKANG EAST WAY,13 TO 15,110.0,Improved,2001,75 years 08 months,700888.0
2024-06-01,SENGKANG,5 ROOM,325B,SENGKANG EAST WAY,01 TO 03,110.0,Improved,2003,77 years 11 months,585000.0
2024-06-01,SENGKANG,5 ROOM,260D,SENGKANG EAST WAY,01 TO 03,110.0,Improved,2001,75 years 11 months,633000.0
2024-06-01,SENGKANG,EXECUTIVE,302C,ANCHORVALE LINK,01 TO 03,130.0,Apartment,2001,76 years 06 months,680000.0
2024-06-01,SENGKANG,EXECUTIVE,116A,RIVERVALE DR,16 TO 18,130.0,Apartment,2000,75 years 02 months,750000.0
2024-06-01,SENGKANG,EXECUTIVE,119B,RIVERVALE DR,07 TO 09,141.0,Premium Apartment,2001,75 years 10 months,871888.0
2024-06-01,SENGKANG,EXECUTIVE,189A,RIVERVALE DR,13 TO 15,131.0,Apartment,2000,75 years 03 months,739888.0
2024-06-01,SENGKANG,EXECUTIVE,189C,RIVERVALE DR,01 TO 03,130.0,Apartment,2000,75 years 02 months,715888.0
2024-06-01,SENGKANG,EXECUTIVE,136,RIVERVALE ST,10 TO 12,140.0,Apartment,1998,73 years 07 months,860000.0
2024-06-01,SENGKANG,EXECUTIVE,102,RIVERVALE WALK,01 TO 03,140.0,Maisonette,1999,73 years 10 months,868000.0
2024-06-01,SENGKANG,EXECUTIVE,103,RIVERVALE WALK,07 TO 09,140.0,Apartment,1999,73 years 10 months,860000.0
2024-06-01,SERANGOON,3 ROOM,4,LOR LEW LIAN,13 TO 15,73.0,Improved,1978,53 years,473000.0
2024-06-01,SERANGOON,3 ROOM,223,SERANGOON AVE 4,10 TO 12,67.0,New Generation,1984,59 years 07 months,440000.0
2024-06-01,SERANGOON,3 ROOM,217,SERANGOON AVE 4,10 TO 12,67.0,New Generation,1984,59 years 05 months,469000.0
2024-06-01,SERANGOON,3 ROOM,110,SERANGOON NTH AVE 1,01 TO 03,71.0,New Generation,1984,59 years 07 months,408000.0
2024-06-01,SERANGOON,4 ROOM,404,SERANGOON AVE 1,01 TO 03,105.0,Model A,1989,63 years 09 months,765000.0
2024-06-01,SERANGOON,4 ROOM,407,SERANGOON AVE 1,07 TO 09,104.0,Model A,1989,63 years 10 months,810000.0
2024-06-01,SERANGOON,4 ROOM,426,SERANGOON AVE 1,10 TO 12,105.0,Model A,1988,63 years 07 months,848000.0
2024-06-01,SERANGOON,4 ROOM,307,SERANGOON AVE 2,01 TO 03,93.0,New Generation,1985,60 years 05 months,620000.0
2024-06-01,SERANGOON,4 ROOM,335,SERANGOON AVE 3,10 TO 12,84.0,Simplified,1986,61 years,695000.0
2024-06-01,SERANGOON,4 ROOM,329,SERANGOON AVE 3,01 TO 03,84.0,Simplified,1986,61 years 02 months,525000.0
2024-06-01,SERANGOON,4 ROOM,211,SERANGOON AVE 4,07 TO 09,91.0,New Generation,1985,60 years 04 months,610000.0
2024-06-01,SERANGOON,4 ROOM,422,SERANGOON CTRL,04 TO 06,105.0,Model A,1989,63 years 10 months,800000.0
2024-06-01,SERANGOON,4 ROOM,209,SERANGOON CTRL,04 TO 06,88.0,Simplified,1985,60 years 05 months,690000.0
2024-06-01,SERANGOON,4 ROOM,419,SERANGOON CTRL,10 TO 12,95.0,New Generation,1989,64 years,790000.0
2024-06-01,SERANGOON,4 ROOM,422,SERANGOON CTRL,07 TO 09,103.0,Model A,1989,63 years 10 months,790000.0
2024-06-01,SERANGOON,4 ROOM,208,SERANGOON CTRL,01 TO 03,83.0,Simplified,1985,60 years 06 months,575000.0
2024-06-01,SERANGOON,4 ROOM,256,SERANGOON CTRL DR,04 TO 06,100.0,Model A,1999,74 years,758000.0
2024-06-01,SERANGOON,4 ROOM,109,SERANGOON NTH AVE 1,07 TO 09,91.0,New Generation,1985,60 years,527000.0
2024-06-01,SERANGOON,4 ROOM,101,SERANGOON NTH AVE 1,04 TO 06,93.0,New Generation,1985,59 years 10 months,580000.0
2024-06-01,SERANGOON,4 ROOM,103,SERANGOON NTH AVE 1,01 TO 03,91.0,New Generation,1985,60 years 04 months,476000.0
2024-06-01,SERANGOON,4 ROOM,147,SERANGOON NTH AVE 1,01 TO 03,83.0,Simplified,1988,63 years 03 months,490888.0
2024-06-01,SERANGOON,5 ROOM,425,SERANGOON AVE 1,07 TO 09,121.0,Improved,1989,64 years 01 month,976000.0
2024-06-01,SERANGOON,5 ROOM,405,SERANGOON AVE 1,01 TO 03,121.0,Improved,1989,63 years 09 months,790000.0
2024-06-01,SERANGOON,5 ROOM,331,SERANGOON AVE 3,01 TO 03,122.0,Improved,1986,61 years 01 month,847000.0
2024-06-01,SERANGOON,5 ROOM,117,SERANGOON NTH AVE 1,01 TO 03,121.0,Improved,1985,60 years 06 months,639888.0
2024-06-01,SERANGOON,5 ROOM,548,SERANGOON NTH AVE 3,13 TO 15,119.0,Improved,1998,72 years 08 months,780000.0
2024-06-01,SERANGOON,5 ROOM,552,SERANGOON NTH AVE 3,13 TO 15,120.0,Improved,1997,72 years 06 months,785000.0
2024-06-01,SERANGOON,5 ROOM,547,SERANGOON NTH AVE 3,04 TO 06,119.0,Improved,1997,72 years 07 months,685000.0
2024-06-01,SERANGOON,EXECUTIVE,322,SERANGOON AVE 3,04 TO 06,146.0,Maisonette,1986,60 years 11 months,1080000.0
2024-06-01,SERANGOON,EXECUTIVE,424,SERANGOON CTRL,01 TO 03,146.0,Maisonette,1989,63 years 11 months,1000000.0
2024-06-01,SERANGOON,EXECUTIVE,418,SERANGOON CTRL,10 TO 12,149.0,Maisonette,1989,64 years 01 month,1230000.0
2024-06-01,SERANGOON,EXECUTIVE,125,SERANGOON NTH AVE 1,07 TO 09,150.0,Maisonette,1986,60 years 09 months,902000.0
2024-06-01,TAMPINES,4 ROOM,523A,TAMPINES CTRL 7,01 TO 03,93.0,Model A,2015,90 years 03 months,720000.0
2024-06-01,SERANGOON,EXECUTIVE,125,SERANGOON NTH AVE 1,01 TO 03,150.0,Maisonette,1986,60 years 09 months,870000.0
2024-06-01,SERANGOON,EXECUTIVE,123,SERANGOON NTH AVE 1,07 TO 09,150.0,Maisonette,1985,60 years 04 months,928000.0
2024-06-01,SERANGOON,EXECUTIVE,535,SERANGOON NTH AVE 4,04 TO 06,147.0,Maisonette,1992,67 years 06 months,988000.0
2024-06-01,SERANGOON,EXECUTIVE,520,SERANGOON NTH AVE 4,04 TO 06,147.0,Maisonette,1992,67 years 06 months,938000.0
2024-06-01,SERANGOON,EXECUTIVE,516,SERANGOON NTH AVE 4,04 TO 06,146.0,Apartment,1992,67 years 05 months,941000.0
2024-06-01,TAMPINES,3 ROOM,132,SIMEI ST 1,01 TO 03,70.0,Simplified,1988,63 years 01 month,426888.0
2024-06-01,TAMPINES,3 ROOM,809,TAMPINES AVE 4,04 TO 06,73.0,Model A,1984,58 years 11 months,425000.0
2024-06-01,TAMPINES,3 ROOM,803,TAMPINES AVE 4,07 TO 09,67.0,New Generation,1984,59 years 06 months,450000.0
2024-06-01,TAMPINES,3 ROOM,909,TAMPINES AVE 4,13 TO 15,73.0,Model A,1984,58 years 11 months,465000.0
2024-06-01,TAMPINES,3 ROOM,869B,TAMPINES AVE 8,01 TO 03,67.0,Model A,2015,90 years 01 month,520000.0
2024-06-01,TAMPINES,3 ROOM,604A,TAMPINES AVE 9,01 TO 03,68.0,Model A,2020,94 years 09 months,530000.0
2024-06-01,TAMPINES,3 ROOM,604A,TAMPINES AVE 9,10 TO 12,68.0,Model A,2020,94 years 09 months,570000.0
2024-06-01,TAMPINES,3 ROOM,604A,TAMPINES AVE 9,07 TO 09,68.0,Model A,2020,94 years 09 months,558000.0
2024-06-01,TAMPINES,3 ROOM,604A,TAMPINES AVE 9,13 TO 15,68.0,Model A,2020,94 years 09 months,550000.0
2024-06-01,TAMPINES,3 ROOM,519C,TAMPINES CTRL 8,07 TO 09,62.0,DBSS,2014,89 years 01 month,620000.0
2024-06-01,TAMPINES,3 ROOM,520C,TAMPINES CTRL 8,13 TO 15,61.0,DBSS,2014,89 years 01 month,610000.0
2024-06-01,TAMPINES,3 ROOM,107,TAMPINES ST 11,07 TO 09,74.0,Model A,1984,59 years 05 months,470000.0
2024-06-01,TAMPINES,3 ROOM,109,TAMPINES ST 11,10 TO 12,74.0,Model A,1984,59 years 04 months,448888.0
2024-06-01,TAMPINES,3 ROOM,267,TAMPINES ST 21,10 TO 12,75.0,Model A,1983,58 years 02 months,445000.0
2024-06-01,TAMPINES,3 ROOM,270,TAMPINES ST 21,04 TO 06,75.0,Model A,1985,60 years 07 months,440888.0
2024-06-01,TAMPINES,3 ROOM,251,TAMPINES ST 21,10 TO 12,78.0,Model A,1985,59 years 08 months,438000.0
2024-06-01,TAMPINES,3 ROOM,297,TAMPINES ST 22,01 TO 03,73.0,Model A,1984,59 years,435000.0
2024-06-01,TAMPINES,3 ROOM,285,TAMPINES ST 22,04 TO 06,78.0,Model A,1984,59 years 02 months,468000.0
2024-06-01,TAMPINES,3 ROOM,293,TAMPINES ST 22,07 TO 09,73.0,Model A,1984,59 years,442000.0
2024-06-01,TAMPINES,3 ROOM,228,TAMPINES ST 23,04 TO 06,67.0,New Generation,1985,59 years 08 months,435000.0
2024-06-01,TAMPINES,3 ROOM,212,TAMPINES ST 23,10 TO 12,73.0,Model A,1985,59 years 11 months,445000.0
2024-06-01,TAMPINES,3 ROOM,225,TAMPINES ST 23,01 TO 03,73.0,Model A,1984,59 years 07 months,435000.0
2024-06-01,TAMPINES,3 ROOM,419,TAMPINES ST 41,04 TO 06,64.0,Simplified,1985,60 years 07 months,395000.0
2024-06-01,TAMPINES,3 ROOM,413,TAMPINES ST 41,01 TO 03,64.0,Simplified,1986,61 years 06 months,428000.0
2024-06-01,TAMPINES,3 ROOM,422,TAMPINES ST 41,01 TO 03,64.0,Simplified,1985,60 years 04 months,395000.0
2024-06-01,TAMPINES,3 ROOM,438,TAMPINES ST 43,04 TO 06,74.0,Model A,1985,60 years 08 months,435000.0
2024-06-01,TAMPINES,3 ROOM,434,TAMPINES ST 43,04 TO 06,74.0,Model A,1986,61 years 03 months,446000.0
2024-06-01,TAMPINES,3 ROOM,465,TAMPINES ST 44,04 TO 06,74.0,Model A,1987,61 years 11 months,430000.0
2024-06-01,TAMPINES,3 ROOM,605D,TAMPINES ST 61,10 TO 12,68.0,Model A,2020,94 years 09 months,535000.0
2024-06-01,TAMPINES,3 ROOM,606C,TAMPINES ST 61,04 TO 06,68.0,Model A,2020,94 years 09 months,540000.0
2024-06-01,TAMPINES,3 ROOM,606C,TAMPINES ST 61,10 TO 12,68.0,Model A,2020,94 years 09 months,585000.0
2024-06-01,TAMPINES,3 ROOM,897A,TAMPINES ST 81,10 TO 12,74.0,Model A,1988,63 years 02 months,454000.0
2024-06-01,TAMPINES,3 ROOM,814,TAMPINES ST 81,07 TO 09,73.0,Model A,1984,59 years 03 months,430000.0
2024-06-01,TAMPINES,3 ROOM,817,TAMPINES ST 81,04 TO 06,73.0,Model A,1984,59 years 04 months,440000.0
2024-06-01,TAMPINES,3 ROOM,820,TAMPINES ST 81,01 TO 03,68.0,New Generation,1984,59 years 03 months,428000.0
2024-06-01,TAMPINES,3 ROOM,830,TAMPINES ST 82,01 TO 03,70.0,Simplified,1986,60 years 09 months,405000.0
2024-06-01,TAMPINES,4 ROOM,164,SIMEI RD,07 TO 09,104.0,Model A,1989,63 years 10 months,620000.0
2024-06-01,TAMPINES,4 ROOM,164,SIMEI RD,04 TO 06,104.0,Model A,1989,63 years 10 months,592000.0
2024-06-01,TAMPINES,4 ROOM,101,SIMEI ST 1,01 TO 03,104.0,Model A,1988,63 years 04 months,600000.0
2024-06-01,TAMPINES,4 ROOM,150,SIMEI ST 1,04 TO 06,84.0,Simplified,1987,62 years 07 months,510000.0
2024-06-01,TAMPINES,4 ROOM,141,SIMEI ST 2,10 TO 12,104.0,Model A,1989,63 years 08 months,670888.0
2024-06-01,TAMPINES,4 ROOM,231,SIMEI ST 4,07 TO 09,104.0,Model A,1989,63 years 11 months,640888.0
2024-06-01,TAMPINES,4 ROOM,233,SIMEI ST 4,07 TO 09,104.0,Model A,1989,64 years 01 month,650000.0
2024-06-01,TAMPINES,4 ROOM,246,SIMEI ST 5,04 TO 06,105.0,Model A,1997,71 years 08 months,620000.0
2024-06-01,TAMPINES,4 ROOM,246,SIMEI ST 5,01 TO 03,105.0,Model A,1997,71 years 08 months,665000.0
2024-06-01,TAMPINES,4 ROOM,869B,TAMPINES AVE 8,10 TO 12,92.0,Model A,2015,90 years 01 month,688000.0
2024-06-01,TAMPINES,4 ROOM,601A,TAMPINES AVE 9,13 TO 15,92.0,Model A,2020,94 years 09 months,755000.0
2024-06-01,TAMPINES,4 ROOM,601A,TAMPINES AVE 9,13 TO 15,92.0,Model A,2020,94 years 09 months,760000.0
2024-06-01,TAMPINES,4 ROOM,485B,TAMPINES AVE 9,10 TO 12,104.0,Model A,1989,64 years,550000.0
2024-06-01,TAMPINES,4 ROOM,604A,TAMPINES AVE 9,04 TO 06,92.0,Model A,2020,94 years 09 months,710000.0
2024-06-01,TAMPINES,4 ROOM,604B,TAMPINES AVE 9,07 TO 09,92.0,Model A,2020,94 years 09 months,725000.0
2024-06-01,TAMPINES,4 ROOM,604B,TAMPINES AVE 9,10 TO 12,92.0,Model A,2020,94 years 09 months,733800.0
2024-06-01,TAMPINES,4 ROOM,496G,TAMPINES AVE 9,07 TO 09,106.0,Model A,1993,68 years 02 months,615000.0
2024-06-01,TAMPINES,4 ROOM,604B,TAMPINES AVE 9,10 TO 12,92.0,Model A,2020,94 years 08 months,770000.0
2024-06-01,TAMPINES,4 ROOM,508,TAMPINES CTRL 1,01 TO 03,114.0,Model A,1989,64 years 06 months,730000.0
2024-06-01,TAMPINES,4 ROOM,523C,TAMPINES CTRL 7,07 TO 09,93.0,Model A,2015,90 years 03 months,716888.0
2024-06-01,TAMPINES,4 ROOM,519A,TAMPINES CTRL 8,04 TO 06,83.0,DBSS,2014,89 years 01 month,768000.0
2024-06-01,TAMPINES,4 ROOM,520A,TAMPINES CTRL 8,13 TO 15,84.0,DBSS,2014,89 years 01 month,805000.0
2024-06-01,TAMPINES,4 ROOM,256,TAMPINES ST 21,07 TO 09,98.0,New Generation,1984,59 years 07 months,580000.0
2024-06-01,TAMPINES,4 ROOM,247,TAMPINES ST 21,10 TO 12,91.0,New Generation,1984,58 years 11 months,620000.0
2024-06-01,TAMPINES,4 ROOM,237,TAMPINES ST 21,10 TO 12,108.0,Model A,1984,59 years 05 months,676000.0
2024-06-01,TAMPINES,4 ROOM,266,TAMPINES ST 21,07 TO 09,103.0,Model A,1984,59 years 02 months,555000.0
2024-06-01,TAMPINES,4 ROOM,238,TAMPINES ST 21,01 TO 03,97.0,New Generation,1984,59 years 05 months,575000.0
2024-06-01,TAMPINES,4 ROOM,284,TAMPINES ST 22,10 TO 12,103.0,Model A,1984,59 years 02 months,578888.0
2024-06-01,TAMPINES,4 ROOM,287,TAMPINES ST 22,01 TO 03,103.0,Model A,1984,59 years 01 month,525000.0
2024-06-01,TAMPINES,4 ROOM,214,TAMPINES ST 23,04 TO 06,96.0,New Generation,1985,60 years 07 months,563000.0
2024-06-01,TAMPINES,4 ROOM,215,TAMPINES ST 23,01 TO 03,93.0,New Generation,1985,60 years 05 months,518000.0
2024-06-01,TAMPINES,4 ROOM,320,TAMPINES ST 33,01 TO 03,108.0,Model A,1995,70 years 05 months,545000.0
2024-06-01,TAMPINES,4 ROOM,317,TAMPINES ST 33,07 TO 09,108.0,Model A,1995,70 years 03 months,568000.0
2024-06-01,TAMPINES,4 ROOM,358,TAMPINES ST 33,07 TO 09,107.0,Model A,1996,70 years 10 months,590000.0
2024-06-01,TAMPINES,4 ROOM,316,TAMPINES ST 33,04 TO 06,108.0,Model A,1995,70 years 02 months,580000.0
2024-06-01,TAMPINES,4 ROOM,345,TAMPINES ST 33,07 TO 09,110.0,Model A,1996,71 years 01 month,575000.0
2024-06-01,TAMPINES,4 ROOM,358,TAMPINES ST 33,01 TO 03,107.0,Model A,1996,70 years 10 months,575000.0
2024-06-01,TAMPINES,4 ROOM,350,TAMPINES ST 33,07 TO 09,104.0,Model A,1996,71 years,580000.0
2024-06-01,TAMPINES,4 ROOM,418,TAMPINES ST 41,04 TO 06,105.0,Model A,1985,60 years 01 month,600000.0
2024-06-01,TAMPINES,4 ROOM,433,TAMPINES ST 43,01 TO 03,89.0,Simplified,1987,62 years 04 months,510000.0
2024-06-01,TAMPINES,4 ROOM,487B,TAMPINES ST 45,07 TO 09,106.0,Model A,1989,64 years 06 months,600000.0
2024-06-01,TAMPINES,4 ROOM,498B,TAMPINES ST 45,01 TO 03,106.0,Premium Apartment,1997,72 years 02 months,600888.0
2024-06-01,TAMPINES,4 ROOM,605B,TAMPINES ST 61,07 TO 09,92.0,Model A,2020,94 years 09 months,710000.0
2024-06-01,TAMPINES,4 ROOM,606D,TAMPINES ST 61,07 TO 09,92.0,Model A,2020,94 years 09 months,720000.0
2024-06-01,TAMPINES,4 ROOM,606B,TAMPINES ST 61,07 TO 09,92.0,Model A,2020,94 years 09 months,716888.0
2024-06-01,TAMPINES,4 ROOM,606A,TAMPINES ST 61,04 TO 06,92.0,Model A,2020,94 years 09 months,720000.0
2024-06-01,TAMPINES,4 ROOM,605B,TAMPINES ST 61,07 TO 09,92.0,Model A,2020,94 years 09 months,725000.0
2024-06-01,TAMPINES,4 ROOM,605C,TAMPINES ST 61,16 TO 18,92.0,Model A,2020,94 years 09 months,762888.0
2024-06-01,TAMPINES,4 ROOM,606B,TAMPINES ST 61,07 TO 09,92.0,Model A,2020,94 years 09 months,730000.0
2024-06-01,TAMPINES,4 ROOM,606B,TAMPINES ST 61,16 TO 18,92.0,Model A,2020,94 years 09 months,790000.0
2024-06-01,TAMPINES,4 ROOM,606D,TAMPINES ST 61,04 TO 06,92.0,Model A,2020,94 years 09 months,725000.0
2024-06-01,TAMPINES,4 ROOM,728,TAMPINES ST 71,10 TO 12,102.0,Model A,1997,72 years 04 months,625000.0
2024-06-01,TAMPINES,4 ROOM,734,TAMPINES ST 71,07 TO 09,103.0,Model A,1997,72 years 01 month,632000.0
2024-06-01,TAMPINES,4 ROOM,707,TAMPINES ST 71,10 TO 12,100.0,Model A,1997,72 years 01 month,613000.0
2024-06-01,TAMPINES,4 ROOM,888,TAMPINES ST 81,01 TO 03,104.0,Model A,1988,63 years 05 months,580000.0
2024-06-01,TAMPINES,4 ROOM,899A,TAMPINES ST 81,01 TO 03,103.0,Model A,1988,63 years 03 months,605000.0
2024-06-01,TAMPINES,4 ROOM,897A,TAMPINES ST 81,01 TO 03,104.0,Model A,1988,63 years 02 months,580000.0
2024-06-01,TAMPINES,4 ROOM,852,TAMPINES ST 82,04 TO 06,104.0,Model A,1985,60 years,585000.0
2024-06-01,TAMPINES,4 ROOM,838,TAMPINES ST 82,07 TO 09,84.0,Simplified,1985,60 years 02 months,552888.0
2024-06-01,TAMPINES,4 ROOM,868,TAMPINES ST 83,01 TO 03,104.0,Model A,1989,63 years 10 months,560000.0
2024-06-01,TAMPINES,4 ROOM,868,TAMPINES ST 83,07 TO 09,104.0,Model A,1989,63 years 10 months,596000.0
2024-06-01,TAMPINES,4 ROOM,871B,TAMPINES ST 86,10 TO 12,94.0,Model A,2017,91 years 09 months,700888.0
2024-06-01,TAMPINES,4 ROOM,916,TAMPINES ST 91,01 TO 03,111.0,Model A,1984,59 years 04 months,560000.0
2024-06-01,TAMPINES,4 ROOM,914,TAMPINES ST 91,10 TO 12,105.0,Model A,1984,59 years 04 months,615000.0
2024-06-01,TAMPINES,5 ROOM,157,SIMEI RD,04 TO 06,129.0,Improved,1989,63 years 10 months,695000.0
2024-06-01,TAMPINES,5 ROOM,160,SIMEI RD,01 TO 03,129.0,Improved,1989,64 years,687000.0
2024-06-01,TAMPINES,5 ROOM,135,SIMEI ST 1,01 TO 03,121.0,Improved,1988,63 years 01 month,650000.0
2024-06-01,TAMPINES,5 ROOM,110,SIMEI ST 1,01 TO 03,122.0,Improved,1988,63 years 01 month,720000.0
2024-06-01,TAMPINES,5 ROOM,133,SIMEI ST 1,07 TO 09,122.0,Improved,1988,63 years 03 months,735000.0
2024-06-01,TAMPINES,5 ROOM,123,SIMEI ST 1,04 TO 06,121.0,Improved,1988,63 years 06 months,750000.0
2024-06-01,TAMPINES,5 ROOM,141,SIMEI ST 2,07 TO 09,128.0,Improved,1989,63 years 08 months,726888.0
2024-06-01,TAMPINES,5 ROOM,815,TAMPINES AVE 4,04 TO 06,121.0,Improved,1985,59 years 10 months,725000.0
2024-06-01,TAMPINES,5 ROOM,601C,TAMPINES AVE 9,07 TO 09,112.0,Improved,2020,94 years 09 months,905888.0
2024-06-01,TAMPINES,5 ROOM,503,TAMPINES CTRL 1,04 TO 06,122.0,Improved,1990,64 years 10 months,768888.0
2024-06-01,TAMPINES,5 ROOM,524A,TAMPINES CTRL 7,10 TO 12,113.0,Improved,2015,90 years 03 months,935000.0
2024-06-01,TAMPINES,5 ROOM,515C,TAMPINES CTRL 7,13 TO 15,107.0,DBSS,2008,83 years 07 months,958000.0
2024-06-01,TAMPINES,5 ROOM,522B,TAMPINES CTRL 7,07 TO 09,113.0,Improved,2015,90 years 03 months,905000.0
2024-06-01,TAMPINES,5 ROOM,518B,TAMPINES CTRL 7,04 TO 06,108.0,DBSS,2008,83 years 07 months,860000.0
2024-06-01,TAMPINES,5 ROOM,162,TAMPINES ST 12,07 TO 09,133.0,Model A,1984,59 years 02 months,795000.0
2024-06-01,TAMPINES,5 ROOM,143,TAMPINES ST 12,04 TO 06,134.0,Model A,1984,59 years 01 month,730000.0
2024-06-01,TAMPINES,5 ROOM,294,TAMPINES ST 22,04 TO 06,121.0,Improved,1985,60 years 01 month,630000.0
2024-06-01,TAMPINES,5 ROOM,278,TAMPINES ST 22,04 TO 06,141.0,Model A,1985,59 years 10 months,685000.0
2024-06-01,TAMPINES,5 ROOM,229,TAMPINES ST 23,04 TO 06,121.0,Improved,1985,60 years 01 month,689500.0
2024-06-01,TAMPINES,5 ROOM,382,TAMPINES ST 32,10 TO 12,126.0,Improved,1993,68 years 04 months,768888.0
2024-06-01,TAMPINES,5 ROOM,387,TAMPINES ST 32,01 TO 03,128.0,Improved,1993,68 years 04 months,715000.0
2024-06-01,TAMPINES,5 ROOM,386,TAMPINES ST 32,01 TO 03,134.0,Model A,1993,68 years 04 months,707500.0
2024-06-01,TAMPINES,5 ROOM,323,TAMPINES ST 33,04 TO 06,127.0,Improved,1995,70 years 03 months,692000.0
2024-06-01,TAMPINES,5 ROOM,370,TAMPINES ST 34,10 TO 12,121.0,Improved,1997,71 years 08 months,718000.0
2024-06-01,TAMPINES,5 ROOM,371,TAMPINES ST 34,07 TO 09,123.0,Improved,1995,70 years 04 months,728000.0
2024-06-01,TAMPINES,5 ROOM,368,TAMPINES ST 34,04 TO 06,122.0,Improved,1997,72 years,678000.0
2024-06-01,TAMPINES,5 ROOM,372,TAMPINES ST 34,07 TO 09,127.0,Improved,1995,70 years 04 months,720000.0
2024-06-01,TAMPINES,5 ROOM,453,TAMPINES ST 42,04 TO 06,122.0,Improved,1987,62 years 06 months,652500.0
2024-06-01,TAMPINES,5 ROOM,494J,TAMPINES ST 45,10 TO 12,113.0,Improved,2018,93 years 06 months,815000.0
2024-06-01,TAMPINES,5 ROOM,489C,TAMPINES ST 45,04 TO 06,121.0,Improved,1989,64 years 01 month,670000.0
2024-06-01,TAMPINES,5 ROOM,489A,TAMPINES ST 45,07 TO 09,121.0,Improved,1989,64 years,700000.0
2024-06-01,TAMPINES,5 ROOM,491H,TAMPINES ST 45,13 TO 15,123.0,Improved,1993,68 years 02 months,712000.0
2024-06-01,TAMPINES,5 ROOM,605A,TAMPINES ST 61,04 TO 06,112.0,Improved,2020,94 years 09 months,885888.0
2024-06-01,TAMPINES,5 ROOM,606A,TAMPINES ST 61,10 TO 12,112.0,Improved,2020,94 years 09 months,915000.0
2024-06-01,TAMPINES,5 ROOM,605A,TAMPINES ST 61,07 TO 09,112.0,Improved,2020,94 years 09 months,915000.0
2024-06-01,TAMPINES,5 ROOM,606D,TAMPINES ST 61,04 TO 06,119.0,3Gen,2020,94 years 09 months,870000.0
2024-06-01,TAMPINES,5 ROOM,725,TAMPINES ST 71,04 TO 06,124.0,Improved,1997,72 years 03 months,748000.0
2024-06-01,TAMPINES,5 ROOM,723,TAMPINES ST 72,07 TO 09,119.0,Improved,1997,71 years 11 months,695000.0
2024-06-01,TAMPINES,5 ROOM,742,TAMPINES ST 72,10 TO 12,120.0,Improved,1997,72 years 05 months,758888.0
2024-06-01,TAMPINES,5 ROOM,898A,TAMPINES ST 81,01 TO 03,122.0,Improved,1988,63 years 07 months,685000.0
2024-06-01,TAMPINES,5 ROOM,842G,TAMPINES ST 82,13 TO 15,131.0,Model A,1995,70 years 03 months,915086.0
2024-06-01,TAMPINES,5 ROOM,842F,TAMPINES ST 82,04 TO 06,130.0,Model A,1995,70 years 03 months,810000.0
2024-06-01,TAMPINES,5 ROOM,856,TAMPINES ST 82,07 TO 09,122.0,Improved,1986,60 years 11 months,738000.0
2024-06-01,TAMPINES,5 ROOM,841,TAMPINES ST 83,04 TO 06,122.0,Improved,1986,61 years 01 month,674000.0
2024-06-01,TAMPINES,5 ROOM,869,TAMPINES ST 83,07 TO 09,121.0,Improved,1989,63 years 08 months,705000.0
2024-06-01,TAMPINES,5 ROOM,872,TAMPINES ST 84,07 TO 09,121.0,Improved,1988,63 years 07 months,690000.0
2024-06-01,TAMPINES,5 ROOM,871C,TAMPINES ST 86,16 TO 18,114.0,Improved,2017,91 years 09 months,855888.0
2024-06-01,TAMPINES,5 ROOM,922,TAMPINES ST 91,07 TO 09,133.0,Model A,1984,59 years 02 months,792888.0
2024-06-01,TAMPINES,EXECUTIVE,943,TAMPINES AVE 5,01 TO 03,146.0,Maisonette,1988,62 years 09 months,899999.0
2024-06-01,TAMPINES,EXECUTIVE,940,TAMPINES AVE 5,01 TO 03,146.0,Maisonette,1989,64 years,960000.0
2024-06-01,TAMPINES,EXECUTIVE,125,TAMPINES ST 11,07 TO 09,157.0,Maisonette,1985,60 years 07 months,925888.0
2024-06-01,TAMPINES,EXECUTIVE,139,TAMPINES ST 11,04 TO 06,190.0,Adjoined flat,1984,58 years 11 months,1140000.0
2024-06-01,TAMPINES,EXECUTIVE,124,TAMPINES ST 11,04 TO 06,146.0,Maisonette,1986,60 years 09 months,828000.0
2024-06-01,TAMPINES,EXECUTIVE,325,TAMPINES ST 32,04 TO 06,147.0,Maisonette,1995,70 years 07 months,860000.0
2024-06-01,TAMPINES,EXECUTIVE,311,TAMPINES ST 33,01 TO 03,142.0,Apartment,1993,68 years 02 months,845000.0
2024-06-01,TAMPINES,EXECUTIVE,430,TAMPINES ST 41,10 TO 12,143.0,Apartment,1986,60 years 10 months,845000.0
2024-06-01,TAMPINES,EXECUTIVE,495F,TAMPINES ST 43,04 TO 06,147.0,Apartment,1994,68 years 08 months,850000.0
2024-06-01,TAMPINES,EXECUTIVE,739,TAMPINES ST 72,01 TO 03,140.0,Apartment,1997,72 years 04 months,833000.0
2024-06-01,TAMPINES,EXECUTIVE,896A,TAMPINES ST 81,07 TO 09,149.0,Maisonette,1988,63 years 05 months,968000.0
2024-06-01,TOA PAYOH,2 ROOM,160,LOR 1 TOA PAYOH,04 TO 06,40.0,Improved,1972,46 years 08 months,280000.0
2024-06-01,TOA PAYOH,2 ROOM,56,LOR 4 TOA PAYOH,10 TO 12,42.0,Standard,1967,42 years 02 months,271000.0
2024-06-01,TOA PAYOH,2 ROOM,52,LOR 6 TOA PAYOH,10 TO 12,47.0,Standard,1983,58 years 01 month,293000.0
2024-06-01,TOA PAYOH,3 ROOM,9,JOO SENG RD,13 TO 15,68.0,Model A,2017,91 years 09 months,668888.0
2024-06-01,TOA PAYOH,3 ROOM,125,LOR 1 TOA PAYOH,10 TO 12,67.0,Improved,1970,44 years 08 months,380000.0
2024-06-01,TOA PAYOH,3 ROOM,111,LOR 1 TOA PAYOH,04 TO 06,66.0,Improved,1970,44 years 09 months,375000.0
2024-06-01,TOA PAYOH,3 ROOM,158,LOR 1 TOA PAYOH,10 TO 12,65.0,Improved,1972,46 years 08 months,365000.0
2024-06-01,TOA PAYOH,3 ROOM,112,LOR 1 TOA PAYOH,04 TO 06,65.0,Improved,1967,42 years 01 month,370000.0
2024-06-01,TOA PAYOH,3 ROOM,169,LOR 1 TOA PAYOH,07 TO 09,76.0,Improved,1972,47 years 02 months,420888.0
2024-06-01,TOA PAYOH,3 ROOM,157,LOR 1 TOA PAYOH,10 TO 12,67.0,Improved,1971,46 years 02 months,398888.0
2024-06-01,TOA PAYOH,3 ROOM,157,LOR 1 TOA PAYOH,04 TO 06,67.0,Improved,1971,46 years 02 months,426000.0
2024-06-01,TOA PAYOH,3 ROOM,157,LOR 1 TOA PAYOH,10 TO 12,77.0,Improved,1971,46 years 02 months,460000.0
2024-06-01,TOA PAYOH,3 ROOM,100,LOR 1 TOA PAYOH,01 TO 03,78.0,Improved,1970,44 years 08 months,385000.0
2024-06-01,TOA PAYOH,3 ROOM,109,LOR 1 TOA PAYOH,04 TO 06,66.0,Improved,1970,44 years 08 months,375000.0
2024-06-01,TOA PAYOH,3 ROOM,130A,LOR 1 TOA PAYOH,13 TO 15,68.0,Model A,2018,93 years 03 months,765000.0
2024-06-01,TOA PAYOH,3 ROOM,174,LOR 1 TOA PAYOH,07 TO 09,65.0,Improved,1972,47 years 02 months,364000.0
2024-06-01,TOA PAYOH,3 ROOM,116,LOR 2 TOA PAYOH,13 TO 15,63.0,Improved,1970,44 years 08 months,405000.0
2024-06-01,TOA PAYOH,3 ROOM,85,LOR 4 TOA PAYOH,01 TO 03,68.0,Improved,1972,46 years 08 months,382000.0
2024-06-01,TOA PAYOH,3 ROOM,53,LOR 5 TOA PAYOH,04 TO 06,68.0,Improved,1968,43 years 01 month,388000.0
2024-06-01,TOA PAYOH,3 ROOM,12,LOR 7 TOA PAYOH,04 TO 06,66.0,Improved,1970,45 years 02 months,355000.0
2024-06-01,TOA PAYOH,3 ROOM,8,LOR 7 TOA PAYOH,07 TO 09,66.0,Improved,1970,45 years 02 months,345000.0
2024-06-01,TOA PAYOH,3 ROOM,235,LOR 8 TOA PAYOH,04 TO 06,65.0,Improved,1976,51 years,335000.0
2024-06-01,TOA PAYOH,3 ROOM,231,LOR 8 TOA PAYOH,07 TO 09,65.0,Improved,1976,51 years 06 months,357000.0
2024-06-01,TOA PAYOH,3 ROOM,119,POTONG PASIR AVE 1,01 TO 03,67.0,New Generation,1984,59 years 05 months,385000.0
2024-06-01,TOA PAYOH,3 ROOM,113,POTONG PASIR AVE 1,10 TO 12,67.0,New Generation,1984,59 years 05 months,480000.0
2024-06-01,TOA PAYOH,3 ROOM,120,POTONG PASIR AVE 1,07 TO 09,67.0,New Generation,1984,59 years 05 months,458000.0
2024-06-01,TOA PAYOH,3 ROOM,184,TOA PAYOH CTRL,01 TO 03,67.0,Improved,1972,47 years 02 months,390000.0
2024-06-01,TOA PAYOH,3 ROOM,185,TOA PAYOH CTRL,01 TO 03,67.0,Improved,1972,47 years 02 months,390000.0
2024-06-01,TOA PAYOH,3 ROOM,177,TOA PAYOH CTRL,01 TO 03,67.0,Improved,1972,47 years 02 months,425000.0
2024-06-01,TOA PAYOH,3 ROOM,177,TOA PAYOH CTRL,01 TO 03,67.0,Improved,1972,47 years 02 months,390000.0
2024-06-01,TOA PAYOH,3 ROOM,263,TOA PAYOH EAST,22 TO 24,68.0,Model A,2019,94 years 07 months,720000.0
2024-06-01,TOA PAYOH,3 ROOM,25,TOA PAYOH EAST,07 TO 09,67.0,Improved,1971,45 years 08 months,360000.0
2024-06-01,TOA PAYOH,3 ROOM,262,TOA PAYOH EAST,19 TO 21,68.0,Model A,2019,94 years 07 months,738000.0
2024-06-01,TOA PAYOH,3 ROOM,263,TOA PAYOH EAST,13 TO 15,68.0,Model A,2019,94 years 07 months,740000.0
2024-06-01,TOA PAYOH,3 ROOM,263,TOA PAYOH EAST,19 TO 21,68.0,Model A,2019,94 years 07 months,736000.0
2024-06-01,TOA PAYOH,3 ROOM,25,TOA PAYOH EAST,10 TO 12,67.0,Improved,1971,45 years 08 months,350000.0
2024-06-01,TOA PAYOH,3 ROOM,263,TOA PAYOH EAST,28 TO 30,68.0,Model A,2019,94 years 07 months,760000.0
2024-06-01,TOA PAYOH,3 ROOM,263,TOA PAYOH EAST,34 TO 36,68.0,Model A,2019,94 years 07 months,748000.0
2024-06-01,TOA PAYOH,3 ROOM,203,TOA PAYOH NTH,07 TO 09,65.0,Improved,1982,56 years 08 months,363000.0
2024-06-01,TOA PAYOH,3 ROOM,5,UPP ALJUNIED LANE,01 TO 03,57.0,Standard,1968,43 years 01 month,300800.0
2024-06-01,TOA PAYOH,3 ROOM,7,UPP ALJUNIED LANE,13 TO 15,68.0,Model A,2017,91 years 09 months,666666.0
2024-06-01,TOA PAYOH,4 ROOM,17,JOO SENG RD,07 TO 09,103.0,Model A,1983,58 years 07 months,600000.0
2024-06-01,TOA PAYOH,4 ROOM,9,JOO SENG RD,04 TO 06,93.0,Model A,2017,91 years 09 months,788000.0
2024-06-01,TOA PAYOH,4 ROOM,17,JOO SENG RD,07 TO 09,103.0,Model A,1983,58 years 07 months,575000.0
2024-06-01,TOA PAYOH,4 ROOM,131B,LOR 1 TOA PAYOH,31 TO 33,93.0,Model A,2018,93 years 03 months,1200000.0
2024-06-01,TOA PAYOH,4 ROOM,141,LOR 2 TOA PAYOH,13 TO 15,85.0,Model A,2001,75 years 08 months,800000.0
2024-06-01,TOA PAYOH,4 ROOM,141,LOR 2 TOA PAYOH,07 TO 09,86.0,Model A,2001,75 years 08 months,835000.0
2024-06-01,TOA PAYOH,4 ROOM,175,LOR 2 TOA PAYOH,10 TO 12,84.0,Improved,1974,49 years 02 months,635000.0
2024-06-01,TOA PAYOH,4 ROOM,191,LOR 4 TOA PAYOH,07 TO 09,84.0,Improved,1974,49 years 02 months,580000.0
2024-06-01,TOA PAYOH,4 ROOM,191,LOR 4 TOA PAYOH,19 TO 21,84.0,Improved,1974,49 years 02 months,570000.0
2024-06-01,TOA PAYOH,4 ROOM,62,LOR 4 TOA PAYOH,07 TO 09,100.0,Model A,1999,74 years 05 months,850000.0
2024-06-01,TOA PAYOH,4 ROOM,213,LOR 8 TOA PAYOH,16 TO 18,82.0,Improved,1975,49 years 08 months,480000.0
2024-06-01,TOA PAYOH,4 ROOM,213,LOR 8 TOA PAYOH,01 TO 03,82.0,Improved,1975,49 years 08 months,450000.0
2024-06-01,TOA PAYOH,4 ROOM,219,LOR 8 TOA PAYOH,16 TO 18,82.0,Improved,1978,52 years 08 months,462000.0
2024-06-01,TOA PAYOH,4 ROOM,113,POTONG PASIR AVE 1,10 TO 12,96.0,New Generation,1984,59 years 05 months,580000.0
2024-06-01,TOA PAYOH,4 ROOM,115,POTONG PASIR AVE 1,07 TO 09,100.0,New Generation,1984,59 years 05 months,598000.0
2024-06-01,TOA PAYOH,4 ROOM,79B,TOA PAYOH CTRL,04 TO 06,91.0,Model A,2009,83 years 11 months,800000.0
2024-06-01,TOA PAYOH,4 ROOM,263,TOA PAYOH EAST,16 TO 18,93.0,Model A,2019,94 years 08 months,940000.0
2024-06-01,TOA PAYOH,4 ROOM,263,TOA PAYOH EAST,04 TO 06,93.0,Model A,2019,94 years 07 months,891888.0
2024-06-01,TOA PAYOH,4 ROOM,264,TOA PAYOH EAST,13 TO 15,93.0,Model A,2019,94 years 07 months,940000.0
2024-06-01,TOA PAYOH,4 ROOM,262,TOA PAYOH EAST,01 TO 03,93.0,Model A,2019,94 years 07 months,850000.0
2024-06-01,TOA PAYOH,4 ROOM,264,TOA PAYOH EAST,16 TO 18,93.0,Model A,2019,94 years 07 months,949000.0
2024-06-01,TOA PAYOH,4 ROOM,264,TOA PAYOH EAST,13 TO 15,93.0,Model A,2019,94 years 07 months,960000.0
2024-06-01,TOA PAYOH,4 ROOM,264,TOA PAYOH EAST,04 TO 06,93.0,Model A,2019,94 years 07 months,918000.0
2024-06-01,TOA PAYOH,4 ROOM,262,TOA PAYOH EAST,31 TO 33,93.0,Model A,2019,94 years 07 months,1025000.0
2024-06-01,TOA PAYOH,4 ROOM,261,TOA PAYOH EAST,28 TO 30,93.0,Model A,2019,94 years 07 months,1010888.0
2024-06-01,TOA PAYOH,4 ROOM,262,TOA PAYOH EAST,16 TO 18,93.0,Model A,2019,94 years 07 months,952000.0
2024-06-01,TOA PAYOH,4 ROOM,261,TOA PAYOH EAST,16 TO 18,93.0,Model A,2019,94 years 06 months,930000.0
2024-06-01,TOA PAYOH,5 ROOM,239,LOR 1 TOA PAYOH,19 TO 21,120.0,Improved,1986,61 years 04 months,886000.0
2024-06-01,TOA PAYOH,5 ROOM,139A,LOR 1A TOA PAYOH,19 TO 21,114.0,DBSS,2012,87 years,1280000.0
2024-06-01,TOA PAYOH,5 ROOM,139A,LOR 1A TOA PAYOH,31 TO 33,117.0,DBSS,2012,86 years 11 months,1540000.0
2024-06-01,TOA PAYOH,5 ROOM,138C,LOR 1A TOA PAYOH,34 TO 36,114.0,DBSS,2012,86 years 11 months,1503888.0
2024-06-01,TOA PAYOH,5 ROOM,139B,LOR 1A TOA PAYOH,19 TO 21,117.0,DBSS,2012,86 years 11 months,1420000.0
2024-06-01,TOA PAYOH,5 ROOM,141,LOR 2 TOA PAYOH,01 TO 03,116.0,Improved,2001,75 years 08 months,831888.0
2024-06-01,TOA PAYOH,5 ROOM,152,LOR 2 TOA PAYOH,10 TO 12,110.0,Improved,2006,80 years 08 months,1128888.0
2024-06-01,TOA PAYOH,5 ROOM,97,LOR 3 TOA PAYOH,07 TO 09,123.0,Improved,1993,67 years 10 months,856000.0
2024-06-01,TOA PAYOH,5 ROOM,49,LOR 5 TOA PAYOH,10 TO 12,123.0,Improved,1993,67 years 11 months,908888.0
2024-06-01,TOA PAYOH,5 ROOM,37,LOR 5 TOA PAYOH,13 TO 15,119.0,Improved,1997,72 years 03 months,950000.0
2024-06-01,TOA PAYOH,5 ROOM,35,LOR 5 TOA PAYOH,07 TO 09,119.0,Improved,1997,72 years 04 months,920000.0
2024-06-01,TOA PAYOH,5 ROOM,223,LOR 8 TOA PAYOH,07 TO 09,117.0,Standard,1976,50 years 10 months,690000.0
2024-06-01,TOA PAYOH,5 ROOM,223,LOR 8 TOA PAYOH,10 TO 12,117.0,Standard,1976,50 years 10 months,679000.0
2024-06-01,TOA PAYOH,5 ROOM,145,POTONG PASIR AVE 2,13 TO 15,153.0,Model A-Maisonette,1984,59 years 02 months,1130000.0
2024-06-01,TOA PAYOH,EXECUTIVE,20,JOO SENG RD,01 TO 03,155.0,Maisonette,1988,63 years 04 months,925000.0
2024-06-01,TOA PAYOH,EXECUTIVE,8,JOO SENG RD,16 TO 18,146.0,Apartment,1995,69 years 10 months,1000000.0
2024-06-01,WOODLANDS,2 ROOM,780F,WOODLANDS CRES,13 TO 15,47.0,Model A,2015,90 years 02 months,340000.0
2024-06-01,WOODLANDS,2 ROOM,573A,WOODLANDS DR 16,07 TO 09,37.0,2-room,2018,93 years 01 month,330000.0
2024-06-01,WOODLANDS,2 ROOM,573A,WOODLANDS DR 16,07 TO 09,37.0,Model A,2018,93 years 01 month,285000.0
2024-06-01,WOODLANDS,2 ROOM,694D,WOODLANDS DR 62,13 TO 15,47.0,Model A,2018,93 years 04 months,370888.0
2024-06-01,WOODLANDS,2 ROOM,182A,WOODLANDS ST 13,25 TO 27,47.0,Model A,2019,94 years 05 months,368000.0
2024-06-01,WOODLANDS,3 ROOM,22,MARSILING DR,01 TO 03,67.0,New Generation,1977,52 years 01 month,355000.0
2024-06-01,WOODLANDS,3 ROOM,204,MARSILING DR,04 TO 06,82.0,New Generation,1981,55 years 11 months,381500.0
2024-06-01,WOODLANDS,3 ROOM,24,MARSILING DR,07 TO 09,67.0,New Generation,1977,52 years 01 month,320000.0
2024-06-01,WOODLANDS,3 ROOM,203,MARSILING DR,07 TO 09,82.0,New Generation,1981,56 years 05 months,415000.0
2024-06-01,WOODLANDS,3 ROOM,206,MARSILING DR,01 TO 03,68.0,New Generation,1981,56 years,300000.0
2024-06-01,WOODLANDS,3 ROOM,17,MARSILING LANE,13 TO 15,65.0,Improved,1984,59 years 06 months,368000.0
2024-06-01,WOODLANDS,3 ROOM,180B,MARSILING RD,16 TO 18,67.0,Model A,2015,90 years 02 months,455000.0
2024-06-01,WOODLANDS,3 ROOM,887C,WOODLANDS DR 50,13 TO 15,67.0,Premium Apartment,2015,89 years 09 months,478000.0
2024-06-01,WOODLANDS,3 ROOM,886B,WOODLANDS DR 50,13 TO 15,67.0,Premium Apartment,2015,89 years 09 months,481000.0
2024-06-01,WOODLANDS,3 ROOM,694D,WOODLANDS DR 62,10 TO 12,68.0,Model A,2018,93 years 04 months,495000.0
2024-06-01,WOODLANDS,3 ROOM,694B,WOODLANDS DR 62,04 TO 06,68.0,Model A,2018,93 years 04 months,470000.0
2024-06-01,WOODLANDS,3 ROOM,785B,WOODLANDS RISE,13 TO 15,68.0,Model A,2018,93 years 02 months,470000.0
2024-06-01,WOODLANDS,3 ROOM,784B,WOODLANDS RISE,07 TO 09,68.0,Model A,2018,93 years 02 months,460000.0
2024-06-01,WOODLANDS,3 ROOM,185C,WOODLANDS ST 13,13 TO 15,68.0,Model A,2019,94 years 05 months,480000.0
2024-06-01,WOODLANDS,3 ROOM,145,WOODLANDS ST 13,10 TO 12,68.0,New Generation,1985,59 years 10 months,385000.0
2024-06-01,WOODLANDS,3 ROOM,302A,WOODLANDS ST 31,28 TO 30,67.0,Model A,2016,91 years 05 months,535000.0
2024-06-01,WOODLANDS,3 ROOM,317,WOODLANDS ST 31,04 TO 06,73.0,Model A,1993,67 years 11 months,406888.0
2024-06-01,WOODLANDS,4 ROOM,25,MARSILING DR,10 TO 12,91.0,New Generation,1977,52 years 01 month,430000.0
2024-06-01,WOODLANDS,4 ROOM,29,MARSILING DR,04 TO 06,97.0,New Generation,1979,54 years 05 months,427880.0
2024-06-01,WOODLANDS,4 ROOM,12B,MARSILING LANE,04 TO 06,93.0,Model A,2013,88 years 01 month,551888.0
2024-06-01,WOODLANDS,4 ROOM,351,WOODLANDS AVE 1,07 TO 09,106.0,Model A,1996,71 years 04 months,525000.0
2024-06-01,WOODLANDS,4 ROOM,677,WOODLANDS AVE 6,10 TO 12,102.0,Model A,1998,73 years 04 months,605000.0
2024-06-01,WOODLANDS,4 ROOM,729,WOODLANDS CIRCLE,04 TO 06,101.0,Model A2,1997,72 years 06 months,530000.0
2024-06-01,WOODLANDS,4 ROOM,746,WOODLANDS CIRCLE,10 TO 12,102.0,Model A,1998,72 years 08 months,550000.0
2024-06-01,WOODLANDS,4 ROOM,751,WOODLANDS CIRCLE,04 TO 06,101.0,Model A,1998,72 years 08 months,518000.0
2024-06-01,WOODLANDS,4 ROOM,741,WOODLANDS CIRCLE,04 TO 06,100.0,Model A,1997,72 years 02 months,515000.0
2024-06-01,WOODLANDS,4 ROOM,787E,WOODLANDS CRES,04 TO 06,102.0,Model A,1997,72 years 05 months,510000.0
2024-06-01,WOODLANDS,4 ROOM,774,WOODLANDS CRES,04 TO 06,91.0,Model A2,1997,72 years 04 months,460000.0
2024-06-01,WOODLANDS,4 ROOM,577,WOODLANDS DR 16,01 TO 03,91.0,Model A,2000,75 years 06 months,488000.0
2024-06-01,WOODLANDS,4 ROOM,575,WOODLANDS DR 16,04 TO 06,86.0,Model A2,2000,75 years 07 months,480000.0
2024-06-01,WOODLANDS,4 ROOM,550,WOODLANDS DR 44,07 TO 09,100.0,Model A,2000,74 years 10 months,510000.0
2024-06-01,WOODLANDS,4 ROOM,551,WOODLANDS DR 44,07 TO 09,100.0,Model A,2000,74 years 09 months,500000.0
2024-06-01,WOODLANDS,4 ROOM,550,WOODLANDS DR 44,10 TO 12,101.0,Model A,2000,74 years 09 months,530000.0
2024-06-01,WOODLANDS,4 ROOM,549,WOODLANDS DR 44,07 TO 09,100.0,Model A,2000,75 years,532000.0
2024-06-01,WOODLANDS,4 ROOM,887B,WOODLANDS DR 50,01 TO 03,92.0,Premium Apartment,2015,89 years 09 months,530000.0
2024-06-01,WOODLANDS,4 ROOM,889A,WOODLANDS DR 50,13 TO 15,93.0,Model A,2017,92 years 02 months,620000.0
2024-06-01,WOODLANDS,4 ROOM,889B,WOODLANDS DR 50,13 TO 15,93.0,Model A,2017,92 years 02 months,650000.0
2024-06-01,WOODLANDS,4 ROOM,770,WOODLANDS DR 60,10 TO 12,100.0,Model A,1997,72 years 06 months,518000.0
2024-06-01,WOODLANDS,4 ROOM,771,WOODLANDS DR 60,10 TO 12,100.0,Model A,1997,72 years 07 months,530000.0
2024-06-01,WOODLANDS,4 ROOM,683A,WOODLANDS DR 62,01 TO 03,104.0,Premium Apartment,2000,74 years 09 months,538000.0
2024-06-01,WOODLANDS,4 ROOM,682B,WOODLANDS DR 62,13 TO 15,105.0,Premium Apartment,2000,74 years 09 months,577000.0
2024-06-01,WOODLANDS,4 ROOM,716,WOODLANDS DR 70,10 TO 12,102.0,Model A,1997,72 years 01 month,580000.0
2024-06-01,WOODLANDS,4 ROOM,717,WOODLANDS DR 70,04 TO 06,100.0,Model A,1997,72 years 01 month,595000.0
2024-06-01,WOODLANDS,4 ROOM,691D,WOODLANDS DR 73,04 TO 06,93.0,Model A,2018,93 years 01 month,605000.0
2024-06-01,WOODLANDS,4 ROOM,691C,WOODLANDS DR 73,07 TO 09,93.0,Model A,2018,93 years 01 month,625000.0
2024-06-01,WOODLANDS,4 ROOM,686B,WOODLANDS DR 73,07 TO 09,94.0,Premium Apartment,2003,77 years 09 months,545000.0
2024-06-01,WOODLANDS,4 ROOM,687B,WOODLANDS DR 75,10 TO 12,94.0,Premium Apartment,2003,77 years 09 months,560000.0
2024-06-01,WOODLANDS,4 ROOM,630,WOODLANDS RING RD,04 TO 06,101.0,Model A,1998,73 years 04 months,490000.0
2024-06-01,WOODLANDS,4 ROOM,666,WOODLANDS RING RD,04 TO 06,86.0,Model A2,2000,75 years 04 months,495000.0
2024-06-01,WOODLANDS,4 ROOM,639,WOODLANDS RING RD,01 TO 03,101.0,Model A,1999,74 years 02 months,510000.0
2024-06-01,WOODLANDS,4 ROOM,649,WOODLANDS RING RD,10 TO 12,101.0,Model A,1998,73 years 01 month,575000.0
2024-06-01,WOODLANDS,4 ROOM,784C,WOODLANDS RISE,01 TO 03,93.0,Model A,2018,93 years 03 months,550000.0
2024-06-01,WOODLANDS,4 ROOM,784A,WOODLANDS RISE,10 TO 12,93.0,Model A,2018,93 years 02 months,590000.0
2024-06-01,WOODLANDS,4 ROOM,785C,WOODLANDS RISE,07 TO 09,93.0,Model A,2018,93 years 02 months,622000.0
2024-06-01,WOODLANDS,4 ROOM,184A,WOODLANDS ST 13,25 TO 27,93.0,Model A,2019,94 years 05 months,690000.0
2024-06-01,WOODLANDS,4 ROOM,183C,WOODLANDS ST 13,07 TO 09,93.0,Model A,2019,94 years 05 months,645000.0
2024-06-01,WOODLANDS,4 ROOM,150,WOODLANDS ST 13,01 TO 03,91.0,New Generation,1986,61 years 05 months,450000.0
2024-06-01,WOODLANDS,4 ROOM,102,WOODLANDS ST 13,04 TO 06,96.0,New Generation,1985,59 years 11 months,495000.0
2024-06-01,WOODLANDS,4 ROOM,185C,WOODLANDS ST 13,10 TO 12,93.0,Model A,2019,94 years 05 months,623000.0
2024-06-01,WOODLANDS,4 ROOM,185B,WOODLANDS ST 13,07 TO 09,93.0,Model A,2019,94 years 05 months,600000.0
2024-06-01,WOODLANDS,4 ROOM,108,WOODLANDS ST 13,10 TO 12,93.0,New Generation,1987,61 years 08 months,500000.0
2024-06-01,WOODLANDS,4 ROOM,403,WOODLANDS ST 41,01 TO 03,93.0,New Generation,1995,70 years 01 month,481000.0
2024-06-01,WOODLANDS,4 ROOM,436,WOODLANDS ST 41,04 TO 06,104.0,Model A,1996,71 years 03 months,518000.0
2024-06-01,WOODLANDS,4 ROOM,418,WOODLANDS ST 41,13 TO 15,106.0,Model A,1996,70 years 09 months,555000.0
2024-06-01,WOODLANDS,4 ROOM,437,WOODLANDS ST 41,01 TO 03,84.0,Simplified,1996,71 years 03 months,480000.0
2024-06-01,WOODLANDS,4 ROOM,428,WOODLANDS ST 41,01 TO 03,84.0,Simplified,1996,71 years 03 months,440000.0
2024-06-01,WOODLANDS,4 ROOM,842,WOODLANDS ST 82,10 TO 12,84.0,Simplified,1994,69 years 01 month,495000.0
2024-06-01,WOODLANDS,4 ROOM,855,WOODLANDS ST 83,07 TO 09,84.0,Simplified,1993,68 years 03 months,468888.0
2024-06-01,WOODLANDS,5 ROOM,35,MARSILING DR,10 TO 12,118.0,Standard,1977,52 years 04 months,520000.0
2024-06-01,WOODLANDS,5 ROOM,35,MARSILING DR,01 TO 03,118.0,Standard,1977,52 years 04 months,425000.0
2024-06-01,WOODLANDS,5 ROOM,123,MARSILING RISE,01 TO 03,121.0,Improved,1985,60 years 07 months,570000.0
2024-06-01,WOODLANDS,5 ROOM,129,MARSILING RISE,01 TO 03,138.0,Model A,1985,59 years 08 months,615000.0
2024-06-01,WOODLANDS,5 ROOM,363,WOODLANDS AVE 5,07 TO 09,123.0,Improved,1996,71 years 06 months,720000.0
2024-06-01,WOODLANDS,5 ROOM,365,WOODLANDS AVE 5,07 TO 09,121.0,Improved,1996,71 years 01 month,730000.0
2024-06-01,WOODLANDS,5 ROOM,724,WOODLANDS AVE 6,04 TO 06,124.0,Improved,1997,72 years 04 months,660888.0
2024-06-01,WOODLANDS,5 ROOM,749,WOODLANDS CIRCLE,04 TO 06,122.0,Improved,1998,72 years 10 months,610000.0
2024-06-01,WOODLANDS,5 ROOM,742,WOODLANDS CIRCLE,07 TO 09,122.0,Improved,1997,72 years 03 months,620888.0
2024-06-01,WOODLANDS,5 ROOM,777,WOODLANDS CRES,13 TO 15,121.0,Improved,1998,72 years 08 months,620000.0
2024-06-01,WOODLANDS,5 ROOM,535,WOODLANDS DR 14,07 TO 09,125.0,Premium Apartment,1999,74 years 03 months,640000.0
2024-06-01,WOODLANDS,5 ROOM,524,WOODLANDS DR 14,04 TO 06,127.0,Premium Apartment,2000,74 years 10 months,645000.0
2024-06-01,WOODLANDS,5 ROOM,505,WOODLANDS DR 14,07 TO 09,124.0,Improved,1999,73 years 08 months,622000.0
2024-06-01,WOODLANDS,5 ROOM,504,WOODLANDS DR 14,07 TO 09,123.0,Improved,1999,73 years 08 months,640000.0
2024-06-01,WOODLANDS,5 ROOM,501,WOODLANDS DR 14,04 TO 06,124.0,Improved,1998,73 years 07 months,625000.0
2024-06-01,WOODLANDS,5 ROOM,501,WOODLANDS DR 14,10 TO 12,124.0,Improved,1998,73 years 07 months,675000.0
2024-06-01,WOODLANDS,5 ROOM,503,WOODLANDS DR 14,07 TO 09,122.0,Improved,1998,73 years 07 months,630000.0
2024-06-01,WOODLANDS,5 ROOM,526,WOODLANDS DR 14,04 TO 06,125.0,Premium Apartment,2000,74 years 10 months,660000.0
2024-06-01,WOODLANDS,5 ROOM,524,WOODLANDS DR 14,04 TO 06,129.0,Premium Apartment,2000,74 years 10 months,640000.0
2024-06-01,WOODLANDS,5 ROOM,538,WOODLANDS DR 16,10 TO 12,120.0,Improved,2000,75 years 02 months,660000.0
2024-06-01,WOODLANDS,5 ROOM,582,WOODLANDS DR 16,10 TO 12,110.0,Improved,2001,75 years 11 months,595000.0
2024-06-01,WOODLANDS,5 ROOM,584,WOODLANDS DR 16,04 TO 06,110.0,Improved,2001,76 years 02 months,620000.0
2024-06-01,WOODLANDS,5 ROOM,580,WOODLANDS DR 16,01 TO 03,110.0,Improved,2001,75 years 11 months,580000.0
2024-06-01,WOODLANDS,5 ROOM,576,WOODLANDS DR 16,04 TO 06,110.0,Improved,2000,75 years 06 months,585000.0
2024-06-01,WOODLANDS,5 ROOM,702,WOODLANDS DR 40,04 TO 06,118.0,Improved,1996,71 years 07 months,628000.0
2024-06-01,WOODLANDS,5 ROOM,891B,WOODLANDS DR 50,07 TO 09,121.0,Improved,1996,71 years 05 months,675000.0
2024-06-01,WOODLANDS,5 ROOM,889A,WOODLANDS DR 50,13 TO 15,113.0,Improved,2017,92 years 01 month,735000.0
2024-06-01,WOODLANDS,5 ROOM,694B,WOODLANDS DR 62,04 TO 06,113.0,Improved,2018,93 years 04 months,700000.0
2024-06-01,WOODLANDS,5 ROOM,715,WOODLANDS DR 70,04 TO 06,118.0,Improved,1997,71 years 11 months,655000.0
2024-06-01,WOODLANDS,5 ROOM,691D,WOODLANDS DR 73,10 TO 12,113.0,Improved,2018,93 years 01 month,750000.0
2024-06-01,WOODLANDS,5 ROOM,688F,WOODLANDS DR 75,04 TO 06,110.0,Premium Apartment,2004,78 years 10 months,563000.0
2024-06-01,WOODLANDS,5 ROOM,687A,WOODLANDS DR 75,01 TO 03,115.0,Premium Apartment,2003,77 years 08 months,564000.0
2024-06-01,WOODLANDS,5 ROOM,633,WOODLANDS RING RD,01 TO 03,121.0,Improved,1999,74 years 05 months,595000.0
2024-06-01,WOODLANDS,5 ROOM,609,WOODLANDS RING RD,07 TO 09,122.0,Improved,1998,73 years 02 months,605000.0
2024-06-01,WOODLANDS,5 ROOM,785C,WOODLANDS RISE,13 TO 15,113.0,Improved,2018,93 years 02 months,688888.0
2024-06-01,WOODLANDS,5 ROOM,783C,WOODLANDS RISE,04 TO 06,113.0,Improved,2018,93 years 02 months,648000.0
2024-06-01,WOODLANDS,5 ROOM,182B,WOODLANDS ST 13,04 TO 06,113.0,Improved,2019,94 years 05 months,730000.0
2024-06-01,WOODLANDS,5 ROOM,183C,WOODLANDS ST 13,10 TO 12,113.0,Improved,2019,94 years 05 months,740000.0
2024-06-01,WOODLANDS,5 ROOM,184A,WOODLANDS ST 13,04 TO 06,113.0,Improved,2019,94 years 05 months,735000.0
2024-06-01,WOODLANDS,5 ROOM,182B,WOODLANDS ST 13,13 TO 15,113.0,Improved,2019,94 years 05 months,777888.0
2024-06-01,WOODLANDS,5 ROOM,184A,WOODLANDS ST 13,10 TO 12,113.0,Improved,2019,94 years 05 months,770000.0
2024-06-01,WOODLANDS,5 ROOM,321,WOODLANDS ST 32,01 TO 03,127.0,Improved,1994,68 years 08 months,618888.0
2024-06-01,WOODLANDS,5 ROOM,863,WOODLANDS ST 83,01 TO 03,129.0,Improved,1996,70 years 10 months,665000.0
2024-06-01,WOODLANDS,5 ROOM,851,WOODLANDS ST 83,04 TO 06,135.0,Model A,1996,71 years 01 month,670000.0
2024-06-01,WOODLANDS,EXECUTIVE,128,MARSILING RISE,07 TO 09,173.0,Apartment,1995,69 years 10 months,930000.0
2024-06-01,WOODLANDS,EXECUTIVE,342,WOODLANDS AVE 1,07 TO 09,177.0,Apartment,1995,70 years,940000.0
2024-06-01,WOODLANDS,EXECUTIVE,331,WOODLANDS AVE 1,04 TO 06,192.0,Apartment,1994,68 years 07 months,948000.0
2024-06-01,WOODLANDS,EXECUTIVE,360,WOODLANDS AVE 5,07 TO 09,143.0,Apartment,1996,71 years 05 months,822000.0
2024-06-01,WOODLANDS,EXECUTIVE,357,WOODLANDS AVE 5,04 TO 06,144.0,Maisonette,1996,71 years 03 months,895000.0
2024-06-01,WOODLANDS,EXECUTIVE,361,WOODLANDS AVE 5,01 TO 03,147.0,Apartment,1996,71 years 05 months,820000.0
2024-06-01,WOODLANDS,EXECUTIVE,893A,WOODLANDS DR 50,04 TO 06,145.0,Maisonette,1996,71 years 05 months,865000.0
2024-06-01,WOODLANDS,EXECUTIVE,893C,WOODLANDS DR 50,01 TO 03,144.0,Maisonette,1996,71 years 05 months,820000.0
2024-06-01,WOODLANDS,EXECUTIVE,322,WOODLANDS ST 32,04 TO 06,172.0,Apartment,1994,68 years 11 months,921000.0
2024-06-01,WOODLANDS,EXECUTIVE,403,WOODLANDS ST 41,04 TO 06,162.0,Apartment,1995,70 years 01 month,900000.0
2024-06-01,WOODLANDS,EXECUTIVE,411,WOODLANDS ST 41,01 TO 03,173.0,Apartment,1995,70 years 04 months,880000.0
2024-06-01,WOODLANDS,EXECUTIVE,419,WOODLANDS ST 41,10 TO 12,179.0,Apartment,1995,70 years 05 months,1020000.0
2024-06-01,WOODLANDS,EXECUTIVE,868,WOODLANDS ST 83,10 TO 12,144.0,Apartment,1996,70 years 10 months,800000.0
2024-06-01,WOODLANDS,EXECUTIVE,867,WOODLANDS ST 83,01 TO 03,147.0,Maisonette,1996,70 years 10 months,780000.0
2024-06-01,WOODLANDS,EXECUTIVE,867,WOODLANDS ST 83,04 TO 06,155.0,Maisonette,1996,70 years 10 months,925000.0
2024-06-01,YISHUN,2 ROOM,459,YISHUN AVE 11,04 TO 06,48.0,2-room,2013,88 years 03 months,325000.0
2024-06-01,YISHUN,2 ROOM,459,YISHUN AVE 11,04 TO 06,48.0,Model A,2013,88 years 03 months,310000.0
2024-06-01,YISHUN,2 ROOM,462D,YISHUN AVE 6,04 TO 06,38.0,Model A,2019,94 years 04 months,322888.0
2024-06-01,YISHUN,2 ROOM,462B,YISHUN AVE 6,07 TO 09,47.0,Model A,2019,94 years 03 months,338000.0
2024-06-01,YISHUN,2 ROOM,462B,YISHUN AVE 6,13 TO 15,38.0,Model A,2019,94 years 03 months,340000.0
2024-06-01,YISHUN,2 ROOM,462B,YISHUN AVE 6,13 TO 15,47.0,Model A,2019,94 years 03 months,341000.0
2024-06-01,YISHUN,2 ROOM,676A,YISHUN RING RD,10 TO 12,47.0,Model A,2018,93 years 05 months,350000.0
2024-06-01,YISHUN,2 ROOM,452,YISHUN RING RD,10 TO 12,47.0,Model A,2012,87 years 03 months,340000.0
2024-06-01,YISHUN,2 ROOM,469A,YISHUN ST 43,07 TO 09,47.0,Model A,2019,94 years 06 months,350000.0
2024-06-01,YISHUN,2 ROOM,469A,YISHUN ST 43,10 TO 12,47.0,Model A,2019,94 years 06 months,335000.0
2024-06-01,YISHUN,3 ROOM,424A,YISHUN AVE 11,04 TO 06,67.0,Model A,2015,90 years 07 months,425000.0
2024-06-01,YISHUN,3 ROOM,429A,YISHUN AVE 11,13 TO 15,67.0,Model A,2015,90 years 07 months,450000.0
2024-06-01,YISHUN,3 ROOM,442,YISHUN AVE 11,10 TO 12,67.0,Model A,2012,87 years 02 months,450000.0
2024-06-01,YISHUN,3 ROOM,424C,YISHUN AVE 11,01 TO 03,67.0,Model A,2015,90 years 07 months,420000.0
2024-06-01,YISHUN,3 ROOM,348B,YISHUN AVE 11,07 TO 09,67.0,DBSS,2013,88 years 04 months,530000.0
2024-06-01,YISHUN,3 ROOM,774,YISHUN AVE 3,04 TO 06,64.0,Simplified,1987,61 years 09 months,388000.0
2024-06-01,YISHUN,3 ROOM,671A,YISHUN AVE 4,07 TO 09,68.0,Model A,2018,92 years 08 months,470000.0
2024-06-01,YISHUN,3 ROOM,675D,YISHUN AVE 4,07 TO 09,68.0,Model A,2018,93 years 05 months,500000.0
2024-06-01,YISHUN,3 ROOM,741,YISHUN AVE 5,10 TO 12,67.0,New Generation,1985,59 years 08 months,420000.0
2024-06-01,YISHUN,3 ROOM,702,YISHUN AVE 5,01 TO 03,72.0,New Generation,1984,59 years 01 month,418000.0
2024-06-01,YISHUN,3 ROOM,739,YISHUN AVE 5,01 TO 03,67.0,New Generation,1985,60 years 02 months,400000.0
2024-06-01,YISHUN,3 ROOM,101,YISHUN AVE 5,01 TO 03,68.0,New Generation,1978,53 years 01 month,395000.0
2024-06-01,YISHUN,3 ROOM,701,YISHUN AVE 5,01 TO 03,68.0,New Generation,1984,58 years 08 months,385000.0
2024-06-01,YISHUN,3 ROOM,462B,YISHUN AVE 6,07 TO 09,68.0,Model A,2019,94 years 03 months,460000.0
2024-06-01,YISHUN,3 ROOM,462B,YISHUN AVE 6,04 TO 06,68.0,Model A,2019,94 years 03 months,445000.0
2024-06-01,YISHUN,3 ROOM,304,YISHUN CTRL,10 TO 12,74.0,Model A,1988,62 years 08 months,460000.0
2024-06-01,YISHUN,3 ROOM,321,YISHUN CTRL,01 TO 03,74.0,Model A,1988,62 years 09 months,420000.0
2024-06-01,YISHUN,3 ROOM,241,YISHUN RING RD,04 TO 06,67.0,New Generation,1986,61 years 07 months,410000.0
2024-06-01,YISHUN,3 ROOM,111,YISHUN RING RD,04 TO 06,67.0,New Generation,1982,57 years 01 month,368000.0
2024-06-01,YISHUN,3 ROOM,243,YISHUN RING RD,07 TO 09,64.0,Simplified,1985,60 years 04 months,408000.0
2024-06-01,YISHUN,3 ROOM,813A,YISHUN RING RD,10 TO 12,67.0,Model A,2018,93 years,570000.0
2024-06-01,YISHUN,3 ROOM,110,YISHUN RING RD,04 TO 06,64.0,Simplified,1986,60 years 10 months,390000.0
2024-06-01,YISHUN,3 ROOM,802,YISHUN RING RD,07 TO 09,74.0,Model A,1987,62 years 06 months,435000.0
2024-06-01,YISHUN,3 ROOM,165,YISHUN RING RD,10 TO 12,64.0,Simplified,1988,63 years 01 month,388000.0
2024-06-01,YISHUN,3 ROOM,118,YISHUN RING RD,01 TO 03,74.0,Model A,1983,58 years 01 month,385000.0
2024-06-01,YISHUN,3 ROOM,147,YISHUN ST 11,04 TO 06,67.0,New Generation,1985,60 years 04 months,370000.0
2024-06-01,YISHUN,3 ROOM,158,YISHUN ST 11,01 TO 03,66.0,New Generation,1985,60 years 07 months,370000.0
2024-06-01,YISHUN,3 ROOM,150,YISHUN ST 11,04 TO 06,67.0,New Generation,1985,59 years 10 months,415000.0
2024-06-01,YISHUN,3 ROOM,131,YISHUN ST 11,10 TO 12,74.0,Model A,1985,59 years 09 months,420000.0
2024-06-01,YISHUN,3 ROOM,127,YISHUN ST 11,04 TO 06,67.0,New Generation,1984,59 years 07 months,383888.0
2024-06-01,YISHUN,3 ROOM,130,YISHUN ST 11,04 TO 06,74.0,Model A,1985,59 years 09 months,390000.0
2024-06-01,YISHUN,3 ROOM,151,YISHUN ST 11,10 TO 12,67.0,New Generation,1985,59 years 10 months,455000.0
2024-06-01,YISHUN,3 ROOM,234,YISHUN ST 21,07 TO 09,67.0,New Generation,1985,60 years 04 months,400000.0
2024-06-01,YISHUN,3 ROOM,335A,YISHUN ST 31,01 TO 03,67.0,Model A,2015,90 years 06 months,415000.0
2024-06-01,YISHUN,3 ROOM,468A,YISHUN ST 43,07 TO 09,67.0,Model A,2019,94 years 06 months,455000.0
2024-06-01,YISHUN,3 ROOM,468A,YISHUN ST 43,04 TO 06,67.0,Model A,2019,94 years 06 months,455000.0
2024-06-01,YISHUN,3 ROOM,502A,YISHUN ST 51,07 TO 09,67.0,Model A,2018,92 years 08 months,470000.0
2024-06-01,YISHUN,3 ROOM,504B,YISHUN ST 51,07 TO 09,68.0,Model A,2016,90 years 10 months,485000.0
2024-06-01,YISHUN,3 ROOM,501A,YISHUN ST 51,07 TO 09,67.0,Model A,2018,92 years 08 months,472000.0
2024-06-01,YISHUN,3 ROOM,629,YISHUN ST 61,10 TO 12,73.0,Model A,1988,62 years 11 months,435000.0
2024-06-01,YISHUN,3 ROOM,725,YISHUN ST 71,04 TO 06,64.0,Simplified,1987,62 years 05 months,386000.0
2024-06-01,YISHUN,3 ROOM,744,YISHUN ST 72,01 TO 03,67.0,New Generation,1984,59 years 03 months,408000.0
2024-06-01,YISHUN,3 ROOM,746,YISHUN ST 72,10 TO 12,67.0,New Generation,1984,59 years 07 months,411000.0
2024-06-01,YISHUN,3 ROOM,825,YISHUN ST 81,01 TO 03,73.0,Model A,1988,63 years 05 months,430000.0
2024-06-01,YISHUN,4 ROOM,426C,YISHUN AVE 11,10 TO 12,92.0,Model A,2015,89 years 10 months,543000.0
2024-06-01,YISHUN,4 ROOM,423,YISHUN AVE 11,07 TO 09,84.0,Simplified,1988,63 years 04 months,458000.0
2024-06-01,YISHUN,4 ROOM,348A,YISHUN AVE 11,10 TO 12,92.0,DBSS,2013,88 years 05 months,778000.0
2024-06-01,YISHUN,4 ROOM,424C,YISHUN AVE 11,07 TO 09,92.0,Model A,2015,90 years 07 months,545000.0
2024-06-01,YISHUN,4 ROOM,458,YISHUN AVE 11,01 TO 03,93.0,Model A,2013,88 years 03 months,540000.0
2024-06-01,YISHUN,4 ROOM,428B,YISHUN AVE 11,07 TO 09,92.0,Model A,2015,89 years 10 months,546000.0
2024-06-01,YISHUN,4 ROOM,446,YISHUN AVE 11,01 TO 03,92.0,Model A,2012,87 years 02 months,565000.0
2024-06-01,YISHUN,4 ROOM,458,YISHUN AVE 11,07 TO 09,93.0,Model A,2013,88 years 03 months,550000.0
2024-06-01,YISHUN,4 ROOM,790,YISHUN AVE 2,07 TO 09,84.0,Simplified,1987,61 years 11 months,498000.0
2024-06-01,YISHUN,4 ROOM,770,YISHUN AVE 3,07 TO 09,84.0,Simplified,1986,61 years 04 months,472000.0
2024-06-01,YISHUN,4 ROOM,771,YISHUN AVE 3,10 TO 12,104.0,Model A,1985,60 years 05 months,530000.0
2024-06-01,YISHUN,4 ROOM,771,YISHUN AVE 3,04 TO 06,84.0,Simplified,1985,60 years 05 months,480000.0
2024-06-01,YISHUN,4 ROOM,674A,YISHUN AVE 4,07 TO 09,93.0,Model A,2018,93 years 06 months,580000.0
2024-06-01,YISHUN,4 ROOM,508A,YISHUN AVE 4,10 TO 12,93.0,Model A,2018,92 years 11 months,620000.0
2024-06-01,YISHUN,4 ROOM,660,YISHUN AVE 4,10 TO 12,84.0,Simplified,1987,62 years 03 months,480088.0
2024-06-01,YISHUN,4 ROOM,674A,YISHUN AVE 4,10 TO 12,93.0,Model A,2018,93 years 06 months,618000.0
2024-06-01,YISHUN,4 ROOM,653,YISHUN AVE 4,01 TO 03,104.0,Model A,1987,61 years 08 months,500000.0
2024-06-01,YISHUN,4 ROOM,858,YISHUN AVE 4,01 TO 03,104.0,Model A,1988,63 years 02 months,550000.0
2024-06-01,YISHUN,4 ROOM,675C,YISHUN AVE 4,10 TO 12,93.0,Model A,2018,93 years 06 months,620000.0
2024-06-01,YISHUN,4 ROOM,702,YISHUN AVE 5,01 TO 03,96.0,New Generation,1984,59 years 02 months,515000.0
2024-06-01,YISHUN,4 ROOM,462A,YISHUN AVE 6,01 TO 03,93.0,Model A,2019,94 years 04 months,525000.0
2024-06-01,YISHUN,4 ROOM,435,YISHUN AVE 6,10 TO 12,84.0,Simplified,1988,63 years 04 months,460000.0
2024-06-01,YISHUN,4 ROOM,462B,YISHUN AVE 6,01 TO 03,93.0,Model A,2019,94 years 03 months,540000.0
2024-06-01,YISHUN,4 ROOM,407,YISHUN AVE 6,04 TO 06,104.0,Model A,1988,63 years,510000.0
2024-06-01,YISHUN,4 ROOM,462A,YISHUN AVE 6,04 TO 06,93.0,Model A,2019,94 years 03 months,570888.0
2024-06-01,YISHUN,4 ROOM,173,YISHUN AVE 7,07 TO 09,84.0,Simplified,1987,62 years 05 months,445000.0
2024-06-01,YISHUN,4 ROOM,316B,YISHUN AVE 9,07 TO 09,92.0,Model A,2015,90 years 05 months,580000.0
2024-06-01,YISHUN,4 ROOM,305,YISHUN CTRL,04 TO 06,108.0,Model A,1988,62 years 10 months,525000.0
2024-06-01,YISHUN,4 ROOM,930,YISHUN CTRL 1,01 TO 03,104.0,Model A,1993,67 years 09 months,630168.0
2024-06-01,YISHUN,4 ROOM,367,YISHUN RING RD,10 TO 12,104.0,Model A,1988,63 years 03 months,515000.0
2024-06-01,YISHUN,4 ROOM,120,YISHUN RING RD,01 TO 03,84.0,Simplified,1986,60 years 10 months,460000.0
2024-06-01,YISHUN,4 ROOM,362,YISHUN RING RD,07 TO 09,105.0,Model A,1988,63 years 06 months,530000.0
2024-06-01,YISHUN,4 ROOM,255,YISHUN RING RD,07 TO 09,84.0,Simplified,1985,60 years 03 months,442888.0
2024-06-01,YISHUN,4 ROOM,677A,YISHUN RING RD,01 TO 03,93.0,Model A,2018,93 years 05 months,540000.0
2024-06-01,YISHUN,4 ROOM,677A,YISHUN RING RD,04 TO 06,93.0,Model A,2018,93 years 05 months,570000.0
2024-06-01,YISHUN,4 ROOM,807,YISHUN RING RD,04 TO 06,85.0,Simplified,1986,61 years 05 months,510000.0
2024-06-01,YISHUN,4 ROOM,677C,YISHUN RING RD,10 TO 12,93.0,Model A,2018,93 years 05 months,635000.0
2024-06-01,YISHUN,4 ROOM,125,YISHUN ST 11,04 TO 06,91.0,New Generation,1984,59 years 07 months,460000.0
2024-06-01,YISHUN,4 ROOM,216,YISHUN ST 21,10 TO 12,98.0,New Generation,1985,59 years 10 months,533000.0
2024-06-01,YISHUN,4 ROOM,205,YISHUN ST 21,10 TO 12,93.0,New Generation,1985,59 years 08 months,555000.0
2024-06-01,YISHUN,4 ROOM,260,YISHUN ST 22,07 TO 09,104.0,Model A,1985,60 years 02 months,530000.0
2024-06-01,YISHUN,4 ROOM,259,YISHUN ST 22,04 TO 06,84.0,Simplified,1986,61 years 01 month,430000.0
2024-06-01,YISHUN,4 ROOM,336C,YISHUN ST 31,13 TO 15,92.0,Model A,2015,90 years 06 months,588000.0
2024-06-01,YISHUN,4 ROOM,453,YISHUN ST 41,10 TO 12,93.0,Model A,2013,88 years 03 months,562000.0
2024-06-01,YISHUN,4 ROOM,468A,YISHUN ST 43,01 TO 03,93.0,Model A,2019,94 years 06 months,520000.0
2024-06-01,YISHUN,4 ROOM,468A,YISHUN ST 43,04 TO 06,93.0,Model A,2019,94 years 06 months,575000.0
2024-06-01,YISHUN,4 ROOM,468A,YISHUN ST 43,10 TO 12,93.0,Model A,2019,94 years 06 months,595000.0
2024-06-01,YISHUN,4 ROOM,468A,YISHUN ST 43,07 TO 09,93.0,Model A,2019,94 years 06 months,570000.0
2024-06-01,YISHUN,4 ROOM,469A,YISHUN ST 43,07 TO 09,93.0,Model A,2019,94 years 06 months,610000.0
2024-06-01,YISHUN,4 ROOM,469B,YISHUN ST 43,07 TO 09,93.0,Model A,2019,94 years 06 months,565000.0
2024-06-01,YISHUN,4 ROOM,468A,YISHUN ST 43,10 TO 12,93.0,Model A,2019,94 years 06 months,585000.0
2024-06-01,YISHUN,4 ROOM,512B,YISHUN ST 51,04 TO 06,93.0,Model A,2017,92 years 03 months,588000.0
2024-06-01,YISHUN,4 ROOM,511A,YISHUN ST 51,07 TO 09,93.0,Model A,2017,92 years 03 months,583000.0
2024-06-01,YISHUN,4 ROOM,502C,YISHUN ST 51,04 TO 06,92.0,Model A,2018,92 years 08 months,580000.0
2024-06-01,YISHUN,4 ROOM,511B,YISHUN ST 51,04 TO 06,93.0,Model A,2017,92 years 03 months,566888.0
2024-06-01,YISHUN,4 ROOM,639,YISHUN ST 61,01 TO 03,104.0,Model A,1987,62 years 03 months,520000.0
2024-06-01,YISHUN,4 ROOM,725,YISHUN ST 71,07 TO 09,89.0,Simplified,1987,62 years 05 months,490000.0
2024-06-01,YISHUN,4 ROOM,722,YISHUN ST 71,07 TO 09,84.0,Simplified,1987,62 years 04 months,450000.0
2024-06-01,YISHUN,4 ROOM,758,YISHUN ST 72,10 TO 12,84.0,Simplified,1986,61 years 07 months,528888.0
2024-06-01,YISHUN,4 ROOM,752,YISHUN ST 72,07 TO 09,92.0,New Generation,1984,59 years,530000.0
2024-06-01,YISHUN,4 ROOM,756,YISHUN ST 72,10 TO 12,104.0,Model A,1985,60 years 05 months,562000.0
2024-06-01,YISHUN,4 ROOM,759,YISHUN ST 72,01 TO 03,104.0,Model A,1985,60 years 04 months,540000.0
2024-06-01,YISHUN,4 ROOM,751,YISHUN ST 72,01 TO 03,91.0,New Generation,1984,58 years 11 months,520000.0
2024-06-01,YISHUN,4 ROOM,760,YISHUN ST 72,10 TO 12,84.0,Simplified,1987,61 years 10 months,473000.0
2024-06-01,YISHUN,4 ROOM,754,YISHUN ST 72,04 TO 06,84.0,Simplified,1985,60 years 03 months,458000.0
2024-06-01,YISHUN,4 ROOM,844,YISHUN ST 81,10 TO 12,104.0,Model A,1988,63 years 07 months,590000.0
2024-06-01,YISHUN,4 ROOM,868,YISHUN ST 81,04 TO 06,84.0,Simplified,1987,62 years 06 months,470000.0
2024-06-01,YISHUN,4 ROOM,873,YISHUN ST 81,04 TO 06,104.0,Model A,1988,62 years 11 months,560000.0
2024-06-01,YISHUN,4 ROOM,830,YISHUN ST 81,10 TO 12,103.0,Model A,1988,63 years,555000.0
2024-06-01,YISHUN,5 ROOM,785,YISHUN AVE 2,04 TO 06,121.0,Improved,1988,63 years,630000.0
2024-06-01,YISHUN,5 ROOM,509A,YISHUN AVE 4,04 TO 06,113.0,Improved,2018,92 years 11 months,700000.0
2024-06-01,YISHUN,5 ROOM,506A,YISHUN AVE 4,04 TO 06,113.0,Improved,2018,92 years 11 months,710000.0
2024-06-01,YISHUN,5 ROOM,733,YISHUN AVE 5,10 TO 12,121.0,Improved,1984,59 years 04 months,635000.0
2024-06-01,YISHUN,5 ROOM,288,YISHUN AVE 6,10 TO 12,122.0,Improved,1987,62 years 03 months,600000.0
2024-06-01,YISHUN,5 ROOM,318A,YISHUN AVE 9,13 TO 15,112.0,Improved,2015,90 years 05 months,712888.0
2024-06-01,YISHUN,5 ROOM,310,YISHUN RING RD,10 TO 12,135.0,Model A,1995,69 years 09 months,800000.0
2024-06-01,YISHUN,5 ROOM,676C,YISHUN RING RD,01 TO 03,113.0,Improved,2018,93 years 05 months,658000.0
2024-06-01,YISHUN,5 ROOM,855,YISHUN RING RD,07 TO 09,127.0,Improved,1988,63 years 07 months,700000.0
2024-06-01,YISHUN,5 ROOM,676C,YISHUN RING RD,07 TO 09,113.0,Improved,2018,93 years 05 months,760000.0
2024-06-01,YISHUN,5 ROOM,367,YISHUN RING RD,01 TO 03,122.0,Improved,1988,63 years 03 months,628000.0
2024-06-01,YISHUN,5 ROOM,799,YISHUN RING RD,10 TO 12,122.0,Improved,1987,61 years 08 months,700000.0
2024-06-01,YISHUN,5 ROOM,332,YISHUN RING RD,01 TO 03,122.0,Improved,1988,63 years 03 months,585000.0
2024-06-01,YISHUN,5 ROOM,155,YISHUN ST 11,04 TO 06,123.0,Improved,1985,59 years 10 months,628000.0
2024-06-01,YISHUN,5 ROOM,335C,YISHUN ST 31,10 TO 12,112.0,Improved,2015,90 years 06 months,700888.0
2024-06-01,YISHUN,5 ROOM,502B,YISHUN ST 51,10 TO 12,112.0,Improved,2018,92 years 08 months,738000.0
2024-06-01,YISHUN,5 ROOM,637,YISHUN ST 61,07 TO 09,121.0,Improved,1987,62 years 04 months,670000.0
2024-06-01,YISHUN,5 ROOM,647,YISHUN ST 61,04 TO 06,121.0,Improved,1987,61 years 11 months,670000.0
2024-06-01,YISHUN,5 ROOM,865,YISHUN ST 81,07 TO 09,122.0,Improved,1988,62 years 10 months,680000.0
2024-06-01,YISHUN,5 ROOM,821,YISHUN ST 81,04 TO 06,122.0,Improved,1987,62 years 07 months,625000.0
2024-06-01,YISHUN,5 ROOM,838,YISHUN ST 81,04 TO 06,122.0,Improved,1987,62 years 05 months,770000.0
2024-06-01,YISHUN,EXECUTIVE,351,YISHUN AVE 11,04 TO 06,146.0,Maisonette,1988,63 years 03 months,800000.0
2024-06-01,YISHUN,EXECUTIVE,328,YISHUN RING RD,04 TO 06,142.0,Apartment,1988,63 years 01 month,850000.0
2024-06-01,YISHUN,EXECUTIVE,360,YISHUN RING RD,07 TO 09,142.0,Apartment,1988,63 years 02 months,810000.0
2024-06-01,YISHUN,EXECUTIVE,359,YISHUN RING RD,01 TO 03,146.0,Maisonette,1988,63 years 02 months,835000.0
2024-06-01,YISHUN,EXECUTIVE,723,YISHUN ST 71,10 TO 12,146.0,Maisonette,1986,61 years,790000.0
2024-06-01,YISHUN,EXECUTIVE,826,YISHUN ST 81,10 TO 12,146.0,Maisonette,1988,62 years 08 months,1000000.0
2024-06-01,YISHUN,EXECUTIVE,826,YISHUN ST 81,04 TO 06,146.0,Maisonette,1988,62 years 08 months,1000000.0
2024-06-01,YISHUN,MULTI-GENERATION,633,YISHUN ST 61,07 TO 09,171.0,Multi Generation,1987,62 years 07 months,1028000.0
2024-07-01,ANG MO KIO,2 ROOM,174,ANG MO KIO AVE 4,01 TO 03,45.0,Improved,1986,60 years 06 months,320000.0
2024-07-01,ANG MO KIO,3 ROOM,333,ANG MO KIO AVE 1,04 TO 06,68.0,New Generation,1981,55 years 08 months,410000.0
2024-07-01,ANG MO KIO,3 ROOM,220,ANG MO KIO AVE 1,10 TO 12,67.0,New Generation,1977,52 years 01 month,390000.0
2024-07-01,ANG MO KIO,3 ROOM,320,ANG MO KIO AVE 1,04 TO 06,88.0,New Generation,1977,51 years 11 months,440000.0
2024-07-01,ANG MO KIO,3 ROOM,218,ANG MO KIO AVE 1,01 TO 03,67.0,New Generation,1976,50 years 11 months,370000.0
2024-07-01,ANG MO KIO,3 ROOM,307C,ANG MO KIO AVE 1,19 TO 21,70.0,Model A,2012,87 years 03 months,660000.0
2024-07-01,ANG MO KIO,3 ROOM,223,ANG MO KIO AVE 1,07 TO 09,67.0,New Generation,1978,52 years 07 months,405000.0
2024-07-01,ANG MO KIO,3 ROOM,320,ANG MO KIO AVE 1,04 TO 06,73.0,New Generation,1977,51 years 11 months,460000.0
2024-07-01,ANG MO KIO,3 ROOM,440,ANG MO KIO AVE 10,01 TO 03,67.0,New Generation,1979,53 years 08 months,380000.0
2024-07-01,ANG MO KIO,3 ROOM,554,ANG MO KIO AVE 10,01 TO 03,68.0,New Generation,1981,55 years 07 months,365000.0
2024-07-01,ANG MO KIO,3 ROOM,435,ANG MO KIO AVE 10,10 TO 12,67.0,New Generation,1979,53 years 07 months,380000.0
2024-07-01,ANG MO KIO,3 ROOM,417,ANG MO KIO AVE 10,10 TO 12,74.0,New Generation,1979,54 years 02 months,416000.0
2024-07-01,ANG MO KIO,3 ROOM,540,ANG MO KIO AVE 10,01 TO 03,68.0,New Generation,1981,55 years 07 months,385011.0
2024-07-01,ANG MO KIO,3 ROOM,446,ANG MO KIO AVE 10,04 TO 06,68.0,New Generation,1979,54 years 01 month,390000.0
2024-07-01,ANG MO KIO,3 ROOM,561,ANG MO KIO AVE 10,04 TO 06,68.0,New Generation,1980,54 years 07 months,385000.0
2024-07-01,ANG MO KIO,3 ROOM,447,ANG MO KIO AVE 10,01 TO 03,68.0,New Generation,1979,54 years 01 month,375000.0
2024-07-01,ANG MO KIO,3 ROOM,471,ANG MO KIO AVE 10,01 TO 03,67.0,New Generation,1979,54 years 01 month,362500.0
2024-07-01,ANG MO KIO,3 ROOM,557,ANG MO KIO AVE 10,04 TO 06,68.0,New Generation,1980,54 years 07 months,362000.0
2024-07-01,ANG MO KIO,3 ROOM,473,ANG MO KIO AVE 10,04 TO 06,67.0,New Generation,1984,59 years 01 month,390000.0
2024-07-01,ANG MO KIO,3 ROOM,449,ANG MO KIO AVE 10,04 TO 06,68.0,New Generation,1979,54 years 01 month,390000.0
2024-07-01,ANG MO KIO,3 ROOM,448,ANG MO KIO AVE 10,01 TO 03,68.0,New Generation,1979,54 years,373000.0
2024-07-01,ANG MO KIO,3 ROOM,441,ANG MO KIO AVE 10,07 TO 09,67.0,New Generation,1979,53 years 06 months,430000.0
2024-07-01,ANG MO KIO,3 ROOM,466,ANG MO KIO AVE 10,04 TO 06,67.0,New Generation,1984,59 years 02 months,388000.0
2024-07-01,ANG MO KIO,3 ROOM,536,ANG MO KIO AVE 10,10 TO 12,68.0,New Generation,1980,54 years 07 months,458000.0
2024-07-01,ANG MO KIO,3 ROOM,322,ANG MO KIO AVE 3,07 TO 09,73.0,New Generation,1977,52 years,450000.0
2024-07-01,ANG MO KIO,3 ROOM,119,ANG MO KIO AVE 3,07 TO 09,67.0,New Generation,1978,53 years 04 months,432000.0
2024-07-01,ANG MO KIO,3 ROOM,301,ANG MO KIO AVE 3,01 TO 03,73.0,New Generation,1978,52 years 10 months,407000.0
2024-07-01,ANG MO KIO,3 ROOM,422,ANG MO KIO AVE 3,01 TO 03,73.0,New Generation,1979,53 years 07 months,435000.0
2024-07-01,ANG MO KIO,3 ROOM,322,ANG MO KIO AVE 3,10 TO 12,73.0,New Generation,1977,52 years,446000.0
2024-07-01,ANG MO KIO,3 ROOM,346,ANG MO KIO AVE 3,01 TO 03,73.0,New Generation,1978,52 years 10 months,439800.0
2024-07-01,ANG MO KIO,3 ROOM,329,ANG MO KIO AVE 3,04 TO 06,73.0,New Generation,1978,52 years 07 months,440888.0
2024-07-01,ANG MO KIO,3 ROOM,322,ANG MO KIO AVE 3,04 TO 06,73.0,New Generation,1977,52 years,395000.0
2024-07-01,ANG MO KIO,3 ROOM,328,ANG MO KIO AVE 3,07 TO 09,73.0,New Generation,1978,53 years 03 months,468000.0
2024-07-01,ANG MO KIO,3 ROOM,121,ANG MO KIO AVE 3,04 TO 06,67.0,New Generation,1978,53 years 04 months,420000.0
2024-07-01,ANG MO KIO,3 ROOM,211,ANG MO KIO AVE 3,07 TO 09,67.0,New Generation,1977,51 years 10 months,398888.0
2024-07-01,ANG MO KIO,3 ROOM,127,ANG MO KIO AVE 3,07 TO 09,67.0,New Generation,1978,53 years 03 months,397000.0
2024-07-01,ANG MO KIO,3 ROOM,211,ANG MO KIO AVE 3,01 TO 03,67.0,New Generation,1977,51 years 10 months,370000.0
2024-07-01,ANG MO KIO,3 ROOM,211,ANG MO KIO AVE 3,10 TO 12,67.0,New Generation,1977,51 years 10 months,420088.0
2024-07-01,ANG MO KIO,3 ROOM,212,ANG MO KIO AVE 3,01 TO 03,67.0,New Generation,1977,51 years 10 months,365000.0
2024-07-01,ANG MO KIO,3 ROOM,587,ANG MO KIO AVE 3,04 TO 06,67.0,New Generation,1979,53 years 11 months,420000.0
2024-07-01,ANG MO KIO,3 ROOM,121,ANG MO KIO AVE 3,01 TO 03,67.0,New Generation,1978,53 years 03 months,378000.0
2024-07-01,ANG MO KIO,3 ROOM,121,ANG MO KIO AVE 3,10 TO 12,67.0,New Generation,1978,53 years 03 months,395000.0
2024-07-01,ANG MO KIO,3 ROOM,213,ANG MO KIO AVE 3,07 TO 09,67.0,New Generation,1976,50 years 10 months,380000.0
2024-07-01,ANG MO KIO,3 ROOM,301,ANG MO KIO AVE 3,07 TO 09,73.0,New Generation,1978,52 years 09 months,428888.0
2024-07-01,ANG MO KIO,3 ROOM,607,ANG MO KIO AVE 4,07 TO 09,68.0,New Generation,1980,55 years 05 months,382188.0
2024-07-01,ANG MO KIO,3 ROOM,112,ANG MO KIO AVE 4,07 TO 09,74.0,New Generation,1978,52 years 07 months,458000.0
2024-07-01,ANG MO KIO,3 ROOM,174,ANG MO KIO AVE 4,04 TO 06,60.0,Improved,1986,60 years 07 months,368888.0
2024-07-01,ANG MO KIO,3 ROOM,607,ANG MO KIO AVE 4,07 TO 09,68.0,New Generation,1980,55 years 05 months,382000.0
2024-07-01,ANG MO KIO,3 ROOM,629,ANG MO KIO AVE 4,04 TO 06,67.0,New Generation,1981,56 years 04 months,394000.0
2024-07-01,ANG MO KIO,3 ROOM,156,ANG MO KIO AVE 4,01 TO 03,68.0,New Generation,1981,55 years 11 months,370000.0
2024-07-01,ANG MO KIO,3 ROOM,632,ANG MO KIO AVE 4,04 TO 06,67.0,New Generation,1981,56 years 04 months,415000.0
2024-07-01,ANG MO KIO,3 ROOM,256,ANG MO KIO AVE 4,04 TO 06,73.0,New Generation,1977,52 years 01 month,480000.0
2024-07-01,ANG MO KIO,3 ROOM,610,ANG MO KIO AVE 4,04 TO 06,68.0,New Generation,1980,55 years 04 months,400000.0
2024-07-01,ANG MO KIO,3 ROOM,607,ANG MO KIO AVE 4,04 TO 06,68.0,New Generation,1980,55 years 04 months,428000.0
2024-07-01,ANG MO KIO,3 ROOM,538,ANG MO KIO AVE 5,04 TO 06,68.0,New Generation,1980,54 years 08 months,405000.0
2024-07-01,ANG MO KIO,3 ROOM,538,ANG MO KIO AVE 5,01 TO 03,68.0,New Generation,1980,54 years 08 months,388000.0
2024-07-01,ANG MO KIO,3 ROOM,524,ANG MO KIO AVE 5,10 TO 12,68.0,New Generation,1980,55 years 02 months,425888.0
2024-07-01,ANG MO KIO,3 ROOM,605,ANG MO KIO AVE 5,04 TO 06,82.0,New Generation,1980,55 years,438000.0
2024-07-01,ANG MO KIO,3 ROOM,181,ANG MO KIO AVE 5,04 TO 06,68.0,New Generation,1981,55 years 10 months,390000.0
2024-07-01,ANG MO KIO,3 ROOM,605,ANG MO KIO AVE 5,07 TO 09,82.0,New Generation,1980,55 years,418000.0
2024-07-01,ANG MO KIO,3 ROOM,538,ANG MO KIO AVE 5,04 TO 06,68.0,New Generation,1980,54 years 08 months,370000.0
2024-07-01,ANG MO KIO,3 ROOM,180,ANG MO KIO AVE 5,07 TO 09,68.0,New Generation,1981,55 years 10 months,410000.0
2024-07-01,BEDOK,3 ROOM,57,NEW UPP CHANGI RD,07 TO 09,60.0,Improved,1985,60 years 04 months,373000.0
2024-07-01,ANG MO KIO,3 ROOM,533,ANG MO KIO AVE 5,04 TO 06,67.0,New Generation,1980,54 years 07 months,410000.0
2024-07-01,ANG MO KIO,3 ROOM,646,ANG MO KIO AVE 6,07 TO 09,75.0,New Generation,1980,55 years 05 months,445888.0
2024-07-01,ANG MO KIO,3 ROOM,639,ANG MO KIO AVE 6,10 TO 12,68.0,New Generation,1980,55 years 03 months,403000.0
2024-07-01,ANG MO KIO,3 ROOM,512,ANG MO KIO AVE 8,01 TO 03,68.0,New Generation,1980,55 years 02 months,395000.0
2024-07-01,ANG MO KIO,3 ROOM,504,ANG MO KIO AVE 8,10 TO 12,68.0,New Generation,1980,55 years 02 months,402000.0
2024-07-01,ANG MO KIO,3 ROOM,455A,ANG MO KIO ST 44,13 TO 15,68.0,Model A,2018,92 years 09 months,630000.0
2024-07-01,ANG MO KIO,3 ROOM,455C,ANG MO KIO ST 44,13 TO 15,68.0,Model A,2018,92 years 08 months,625000.0
2024-07-01,ANG MO KIO,3 ROOM,591A,ANG MO KIO ST 51,10 TO 12,68.0,Model A,2019,93 years 08 months,720000.0
2024-07-01,ANG MO KIO,3 ROOM,650,ANG MO KIO ST 61,04 TO 06,67.0,Model A,2015,90 years 05 months,550000.0
2024-07-01,ANG MO KIO,4 ROOM,335,ANG MO KIO AVE 1,01 TO 03,91.0,New Generation,1982,56 years 08 months,528888.0
2024-07-01,ANG MO KIO,4 ROOM,333,ANG MO KIO AVE 1,01 TO 03,93.0,New Generation,1981,55 years 08 months,500000.0
2024-07-01,ANG MO KIO,4 ROOM,226,ANG MO KIO AVE 1,07 TO 09,91.0,New Generation,1978,52 years 07 months,540000.0
2024-07-01,ANG MO KIO,4 ROOM,336,ANG MO KIO AVE 1,01 TO 03,91.0,New Generation,1982,56 years 08 months,500000.0
2024-07-01,ANG MO KIO,4 ROOM,303,ANG MO KIO AVE 1,10 TO 12,97.0,New Generation,1977,51 years 09 months,620000.0
2024-07-01,ANG MO KIO,4 ROOM,226,ANG MO KIO AVE 1,10 TO 12,92.0,New Generation,1978,52 years 07 months,570000.0
2024-07-01,ANG MO KIO,4 ROOM,414,ANG MO KIO AVE 10,04 TO 06,92.0,New Generation,1979,54 years 03 months,508888.0
2024-07-01,ANG MO KIO,4 ROOM,438,ANG MO KIO AVE 10,10 TO 12,92.0,New Generation,1979,53 years 08 months,538000.0
2024-07-01,ANG MO KIO,4 ROOM,416,ANG MO KIO AVE 10,04 TO 06,99.0,New Generation,1979,54 years 02 months,528000.0
2024-07-01,ANG MO KIO,4 ROOM,577,ANG MO KIO AVE 10,07 TO 09,91.0,New Generation,1980,54 years 07 months,530000.0
2024-07-01,ANG MO KIO,4 ROOM,556,ANG MO KIO AVE 10,10 TO 12,92.0,New Generation,1980,54 years 07 months,548000.0
2024-07-01,ANG MO KIO,4 ROOM,550,ANG MO KIO AVE 10,04 TO 06,93.0,New Generation,1981,55 years 06 months,505000.0
2024-07-01,ANG MO KIO,4 ROOM,586,ANG MO KIO AVE 3,07 TO 09,91.0,New Generation,1979,54 years 01 month,480000.0
2024-07-01,ANG MO KIO,4 ROOM,234,ANG MO KIO AVE 3,07 TO 09,106.0,Model A,1993,67 years 10 months,650000.0
2024-07-01,ANG MO KIO,4 ROOM,204,ANG MO KIO AVE 3,10 TO 12,92.0,New Generation,1977,51 years 07 months,550000.0
2024-07-01,ANG MO KIO,4 ROOM,129,ANG MO KIO AVE 3,07 TO 09,98.0,New Generation,1979,53 years 06 months,565000.0
2024-07-01,ANG MO KIO,4 ROOM,429,ANG MO KIO AVE 3,10 TO 12,92.0,New Generation,1978,53 years 03 months,538000.0
2024-07-01,ANG MO KIO,4 ROOM,175,ANG MO KIO AVE 4,04 TO 06,92.0,New Generation,1981,56 years 01 month,544000.0
2024-07-01,ANG MO KIO,4 ROOM,105,ANG MO KIO AVE 4,07 TO 09,92.0,New Generation,1978,52 years 10 months,555000.0
2024-07-01,ANG MO KIO,4 ROOM,177,ANG MO KIO AVE 4,04 TO 06,91.0,New Generation,1981,55 years 09 months,505000.0
2024-07-01,ANG MO KIO,4 ROOM,533,ANG MO KIO AVE 5,04 TO 06,91.0,New Generation,1980,54 years 08 months,515000.0
2024-07-01,ANG MO KIO,4 ROOM,538,ANG MO KIO AVE 5,01 TO 03,93.0,New Generation,1980,54 years 08 months,528000.0
2024-07-01,ANG MO KIO,4 ROOM,179,ANG MO KIO AVE 5,07 TO 09,91.0,New Generation,1981,55 years 09 months,520000.0
2024-07-01,ANG MO KIO,4 ROOM,700A,ANG MO KIO AVE 6,16 TO 18,90.0,Model A,2003,78 years 03 months,808000.0
2024-07-01,ANG MO KIO,4 ROOM,634,ANG MO KIO AVE 6,01 TO 03,91.0,New Generation,1980,55 years 01 month,515000.0
2024-07-01,ANG MO KIO,4 ROOM,634,ANG MO KIO AVE 6,07 TO 09,91.0,New Generation,1980,55 years 01 month,580000.0
2024-07-01,ANG MO KIO,4 ROOM,636,ANG MO KIO AVE 6,01 TO 03,91.0,New Generation,1980,55 years 01 month,548880.0
2024-07-01,ANG MO KIO,4 ROOM,634,ANG MO KIO AVE 6,07 TO 09,91.0,New Generation,1980,55 years,555000.0
2024-07-01,ANG MO KIO,4 ROOM,260B,ANG MO KIO ST 21,16 TO 18,92.0,Model A,2018,93 years,920000.0
2024-07-01,ANG MO KIO,4 ROOM,260B,ANG MO KIO ST 21,10 TO 12,93.0,Model A,2018,93 years,930000.0
2024-07-01,ANG MO KIO,4 ROOM,315A,ANG MO KIO ST 31,01 TO 03,90.0,Model A,2006,80 years 10 months,690000.0
2024-07-01,ANG MO KIO,4 ROOM,315A,ANG MO KIO ST 31,04 TO 06,90.0,Model A,2006,80 years 10 months,718000.0
2024-07-01,ANG MO KIO,4 ROOM,352,ANG MO KIO ST 32,19 TO 21,90.0,Model A,2001,76 years 04 months,740000.0
2024-07-01,ANG MO KIO,4 ROOM,590B,ANG MO KIO ST 51,16 TO 18,93.0,Model A,2019,93 years 08 months,1000000.0
2024-07-01,ANG MO KIO,4 ROOM,591A,ANG MO KIO ST 51,07 TO 09,93.0,Model A,2019,93 years 08 months,973000.0
2024-07-01,ANG MO KIO,4 ROOM,591A,ANG MO KIO ST 51,13 TO 15,93.0,Model A,2019,93 years 07 months,995000.0
2024-07-01,ANG MO KIO,4 ROOM,590B,ANG MO KIO ST 51,13 TO 15,93.0,Model A,2019,93 years 07 months,980000.0
2024-07-01,ANG MO KIO,4 ROOM,590A,ANG MO KIO ST 51,01 TO 03,93.0,Model A,2019,93 years 07 months,880000.0
2024-07-01,ANG MO KIO,4 ROOM,588D,ANG MO KIO ST 52,28 TO 30,91.0,DBSS,2011,85 years 11 months,995888.0
2024-07-01,ANG MO KIO,5 ROOM,437,ANG MO KIO AVE 10,04 TO 06,119.0,Improved,1979,53 years 07 months,720000.0
2024-07-01,ANG MO KIO,5 ROOM,553,ANG MO KIO AVE 10,19 TO 21,119.0,Improved,1980,55 years 02 months,730000.0
2024-07-01,ANG MO KIO,5 ROOM,171,ANG MO KIO AVE 4,01 TO 03,127.0,Improved,1982,56 years 07 months,708000.0
2024-07-01,ANG MO KIO,5 ROOM,172,ANG MO KIO AVE 4,10 TO 12,140.0,Adjoined flat,1986,60 years 07 months,998888.0
2024-07-01,ANG MO KIO,5 ROOM,618,ANG MO KIO AVE 4,16 TO 18,130.0,Model A,1996,71 years,866000.0
2024-07-01,ANG MO KIO,5 ROOM,520,ANG MO KIO AVE 5,19 TO 21,118.0,Improved,1980,55 years 03 months,778000.0
2024-07-01,ANG MO KIO,5 ROOM,700A,ANG MO KIO AVE 6,07 TO 09,111.0,Improved,2003,78 years 03 months,1030000.0
2024-07-01,ANG MO KIO,5 ROOM,315A,ANG MO KIO ST 31,25 TO 27,110.0,Improved,2006,80 years 11 months,953000.0
2024-07-01,ANG MO KIO,5 ROOM,455B,ANG MO KIO ST 44,19 TO 21,113.0,Improved,2018,92 years 09 months,1168888.0
2024-07-01,ANG MO KIO,5 ROOM,455A,ANG MO KIO ST 44,31 TO 33,113.0,Improved,2018,92 years 08 months,1250000.0
2024-07-01,ANG MO KIO,5 ROOM,455B,ANG MO KIO ST 44,19 TO 21,113.0,Improved,2018,92 years 08 months,1080000.0
2024-07-01,ANG MO KIO,5 ROOM,588A,ANG MO KIO ST 52,04 TO 06,117.0,DBSS,2011,86 years 02 months,1100000.0
2024-07-01,ANG MO KIO,EXECUTIVE,616,ANG MO KIO AVE 4,01 TO 03,156.0,Maisonette,1996,70 years 11 months,1208888.0
2024-07-01,ANG MO KIO,EXECUTIVE,611,ANG MO KIO AVE 5,10 TO 12,178.0,Adjoined flat,1980,55 years,1300000.0
2024-07-01,BEDOK,2 ROOM,514,BEDOK NTH AVE 2,01 TO 03,45.0,Improved,1979,54 years 01 month,302000.0
2024-07-01,BEDOK,2 ROOM,620,BEDOK RESERVOIR RD,04 TO 06,45.0,Improved,1986,61 years 02 months,310000.0
2024-07-01,BEDOK,2 ROOM,620,BEDOK RESERVOIR RD,10 TO 12,45.0,Improved,1986,61 years 02 months,300000.0
2024-07-01,BEDOK,3 ROOM,219D,BEDOK CTRL,07 TO 09,69.0,Model A,2010,84 years 11 months,658000.0
2024-07-01,BEDOK,3 ROOM,550,BEDOK NTH AVE 1,01 TO 03,68.0,New Generation,1980,55 years,385000.0
2024-07-01,BEDOK,3 ROOM,550,BEDOK NTH AVE 1,01 TO 03,68.0,New Generation,1980,55 years,388000.0
2024-07-01,BEDOK,3 ROOM,423,BEDOK NTH AVE 1,07 TO 09,67.0,New Generation,1979,53 years 06 months,390000.0
2024-07-01,BEDOK,3 ROOM,412,BEDOK NTH AVE 2,04 TO 06,67.0,New Generation,1979,53 years 11 months,406000.0
2024-07-01,BEDOK,3 ROOM,401,BEDOK NTH AVE 3,07 TO 09,67.0,New Generation,1979,54 years,400000.0
2024-07-01,BEDOK,3 ROOM,100,BEDOK NTH AVE 4,10 TO 12,67.0,New Generation,1978,53 years 05 months,390000.0
2024-07-01,BEDOK,3 ROOM,102,BEDOK NTH AVE 4,01 TO 03,82.0,New Generation,1977,52 years,393868.0
2024-07-01,BEDOK,3 ROOM,110,BEDOK NTH RD,10 TO 12,82.0,New Generation,1977,52 years 01 month,465000.0
2024-07-01,BEDOK,3 ROOM,115,BEDOK NTH RD,07 TO 09,73.0,New Generation,1978,52 years 11 months,430000.0
2024-07-01,BEDOK,3 ROOM,116,BEDOK NTH RD,04 TO 06,88.0,New Generation,1978,52 years 11 months,488000.0
2024-07-01,BEDOK,3 ROOM,202,BEDOK NTH ST 1,10 TO 12,67.0,New Generation,1979,54 years 01 month,450000.0
2024-07-01,BEDOK,3 ROOM,419,BEDOK NTH ST 1,04 TO 06,68.0,New Generation,1979,53 years 07 months,440000.0
2024-07-01,BEDOK,3 ROOM,122,BEDOK NTH ST 2,07 TO 09,67.0,New Generation,1978,52 years 09 months,408000.0
2024-07-01,BEDOK,3 ROOM,502,BEDOK NTH ST 3,13 TO 15,59.0,Improved,1978,52 years 11 months,346000.0
2024-07-01,BEDOK,3 ROOM,525,BEDOK NTH ST 3,10 TO 12,82.0,New Generation,1979,54 years 01 month,420000.0
2024-07-01,BEDOK,3 ROOM,502,BEDOK NTH ST 3,04 TO 06,59.0,Improved,1978,52 years 10 months,340000.0
2024-07-01,BEDOK,3 ROOM,529,BEDOK NTH ST 3,10 TO 12,68.0,New Generation,1979,54 years 02 months,370000.0
2024-07-01,BEDOK,3 ROOM,525,BEDOK NTH ST 3,01 TO 03,67.0,New Generation,1979,54 years,360000.0
2024-07-01,BEDOK,3 ROOM,532,BEDOK NTH ST 3,16 TO 18,68.0,New Generation,1980,54 years 06 months,360000.0
2024-07-01,BEDOK,3 ROOM,528,BEDOK NTH ST 3,10 TO 12,68.0,New Generation,1979,54 years 02 months,390000.0
2024-07-01,BEDOK,3 ROOM,509,BEDOK NTH ST 3,01 TO 03,67.0,New Generation,1979,54 years 02 months,390000.0
2024-07-01,BEDOK,3 ROOM,84,BEDOK NTH ST 4,04 TO 06,67.0,New Generation,1978,52 years 10 months,385000.0
2024-07-01,BEDOK,3 ROOM,186B,BEDOK NTH ST 4,04 TO 06,68.0,Model A,2018,93 years 06 months,583000.0
2024-07-01,BEDOK,3 ROOM,188B,BEDOK NTH ST 4,13 TO 15,68.0,Model A,2018,93 years 06 months,619999.0
2024-07-01,BEDOK,3 ROOM,742,BEDOK RESERVOIR RD,01 TO 03,67.0,New Generation,1986,61 years 01 month,445000.0
2024-07-01,BEDOK,3 ROOM,625,BEDOK RESERVOIR RD,01 TO 03,68.0,New Generation,1981,55 years 09 months,380000.0
2024-07-01,BEDOK,3 ROOM,620,BEDOK RESERVOIR RD,01 TO 03,71.0,Improved,1986,61 years 02 months,428000.0
2024-07-01,BEDOK,3 ROOM,136,BEDOK RESERVOIR RD,01 TO 03,64.0,Simplified,1988,62 years 11 months,397000.0
2024-07-01,BEDOK,3 ROOM,107,BEDOK RESERVOIR RD,01 TO 03,67.0,New Generation,1985,60 years 03 months,415000.0
2024-07-01,BEDOK,3 ROOM,618,BEDOK RESERVOIR RD,01 TO 03,60.0,Improved,1986,60 years 09 months,418000.0
2024-07-01,BEDOK,3 ROOM,116,BEDOK RESERVOIR RD,07 TO 09,67.0,New Generation,1986,60 years 09 months,420000.0
2024-07-01,BEDOK,3 ROOM,713,BEDOK RESERVOIR RD,07 TO 09,68.0,New Generation,1981,56 years 01 month,390000.0
2024-07-01,BEDOK,3 ROOM,632,BEDOK RESERVOIR RD,01 TO 03,67.0,New Generation,1982,57 years 03 months,380000.0
2024-07-01,BEDOK,3 ROOM,116,BEDOK RESERVOIR RD,07 TO 09,67.0,New Generation,1986,60 years 08 months,408500.0
2024-07-01,BEDOK,3 ROOM,632,BEDOK RESERVOIR RD,01 TO 03,83.0,New Generation,1982,57 years 03 months,418000.0
2024-07-01,BEDOK,3 ROOM,116,BEDOK RESERVOIR RD,10 TO 12,67.0,New Generation,1986,60 years 09 months,415000.0
2024-07-01,BEDOK,3 ROOM,713,BEDOK RESERVOIR RD,01 TO 03,82.0,New Generation,1981,56 years 01 month,450000.0
2024-07-01,BEDOK,3 ROOM,2,BEDOK STH AVE 1,01 TO 03,65.0,Improved,1976,50 years 07 months,370000.0
2024-07-01,BEDOK,3 ROOM,23,BEDOK STH AVE 1,04 TO 06,73.0,New Generation,1977,51 years 11 months,428000.0
2024-07-01,BEDOK,3 ROOM,1,BEDOK STH AVE 1,07 TO 09,59.0,Improved,1976,50 years 06 months,358000.0
2024-07-01,BEDOK,3 ROOM,2,BEDOK STH AVE 1,07 TO 09,65.0,Improved,1976,50 years 06 months,371000.0
2024-07-01,BEDOK,3 ROOM,33,BEDOK STH AVE 2,13 TO 15,73.0,New Generation,1978,52 years 09 months,401000.0
2024-07-01,BEDOK,3 ROOM,33,BEDOK STH AVE 2,07 TO 09,73.0,New Generation,1978,52 years 08 months,413000.0
2024-07-01,BEDOK,3 ROOM,18,BEDOK STH RD,13 TO 15,65.0,Improved,1976,50 years 08 months,378000.0
2024-07-01,BEDOK,3 ROOM,71,BEDOK STH RD,07 TO 09,67.0,New Generation,1978,52 years 08 months,410000.0
2024-07-01,BEDOK,3 ROOM,18,BEDOK STH RD,01 TO 03,65.0,Improved,1976,50 years 07 months,330000.0
2024-07-01,BEDOK,3 ROOM,37,CHAI CHEE AVE,10 TO 12,73.0,Improved,1983,57 years 11 months,450000.0
2024-07-01,BEDOK,3 ROOM,41,CHAI CHEE ST,01 TO 03,67.0,New Generation,1985,60 years,405000.0
2024-07-01,BEDOK,3 ROOM,42,CHAI CHEE ST,07 TO 09,67.0,New Generation,1985,60 years,425000.0
2024-07-01,BEDOK,3 ROOM,41,CHAI CHEE ST,13 TO 15,67.0,New Generation,1985,60 years,400000.0
2024-07-01,BEDOK,3 ROOM,45,CHAI CHEE ST,07 TO 09,68.0,New Generation,1980,54 years 11 months,390000.0
2024-07-01,BEDOK,3 ROOM,57,NEW UPP CHANGI RD,04 TO 06,60.0,Improved,1985,60 years 04 months,385000.0
2024-07-01,BEDOK,3 ROOM,29,NEW UPP CHANGI RD,13 TO 15,65.0,Improved,1977,51 years 11 months,363000.0
2024-07-01,BEDOK,3 ROOM,208,NEW UPP CHANGI RD,04 TO 06,68.0,New Generation,1979,54 years 01 month,456888.0
2024-07-01,BEDOK,3 ROOM,30,NEW UPP CHANGI RD,13 TO 15,65.0,Improved,1977,51 years 11 months,400000.0
2024-07-01,BEDOK,4 ROOM,221A,BEDOK CTRL,16 TO 18,87.0,Model A,2010,84 years 11 months,860000.0
2024-07-01,BEDOK,4 ROOM,219A,BEDOK CTRL,16 TO 18,97.0,Model A,2010,84 years 11 months,930000.0
2024-07-01,BEDOK,4 ROOM,550,BEDOK NTH AVE 1,10 TO 12,93.0,New Generation,1980,55 years 01 month,510000.0
2024-07-01,BEDOK,4 ROOM,411,BEDOK NTH AVE 2,04 TO 06,92.0,New Generation,1980,54 years 10 months,555000.0
2024-07-01,BEDOK,4 ROOM,517,BEDOK NTH AVE 2,10 TO 12,92.0,New Generation,1979,54 years 02 months,519000.0
2024-07-01,BEDOK,4 ROOM,408,BEDOK NTH AVE 2,07 TO 09,92.0,New Generation,1980,54 years 10 months,538000.0
2024-07-01,BEDOK,4 ROOM,410,BEDOK NTH AVE 2,07 TO 09,92.0,New Generation,1980,54 years 10 months,518000.0
2024-07-01,BEDOK,4 ROOM,401,BEDOK NTH AVE 3,10 TO 12,92.0,New Generation,1979,54 years,540000.0
2024-07-01,BEDOK,4 ROOM,137,BEDOK NTH AVE 3,07 TO 09,89.0,New Generation,1979,53 years 06 months,500000.0
2024-07-01,BEDOK,4 ROOM,508,BEDOK NTH AVE 3,04 TO 06,92.0,New Generation,1978,53 years 04 months,520000.0
2024-07-01,BEDOK,4 ROOM,95,BEDOK NTH AVE 4,10 TO 12,92.0,New Generation,1979,54 years,480000.0
2024-07-01,BEDOK,4 ROOM,92,BEDOK NTH AVE 4,04 TO 06,94.0,New Generation,1979,53 years 11 months,500000.0
2024-07-01,BEDOK,4 ROOM,183,BEDOK NTH RD,10 TO 12,85.0,Model A,2005,80 years 06 months,705000.0
2024-07-01,BEDOK,4 ROOM,181,BEDOK NTH RD,01 TO 03,92.0,Model A,2006,80 years 07 months,640000.0
2024-07-01,BEDOK,4 ROOM,422,BEDOK NTH RD,04 TO 06,92.0,New Generation,1979,53 years 07 months,500000.0
2024-07-01,BEDOK,4 ROOM,78,BEDOK NTH RD,04 TO 06,92.0,New Generation,1978,53 years,493000.0
2024-07-01,BEDOK,4 ROOM,707,BEDOK NTH RD,04 TO 06,91.0,New Generation,1980,55 years 05 months,550000.0
2024-07-01,BEDOK,4 ROOM,128,BEDOK NTH ST 2,07 TO 09,92.0,New Generation,1978,52 years 11 months,540000.0
2024-07-01,BEDOK,4 ROOM,129,BEDOK NTH ST 2,10 TO 12,92.0,New Generation,1978,52 years 11 months,528888.0
2024-07-01,BEDOK,4 ROOM,126,BEDOK NTH ST 2,04 TO 06,92.0,New Generation,1978,52 years 11 months,475000.0
2024-07-01,BEDOK,4 ROOM,525,BEDOK NTH ST 3,07 TO 09,92.0,New Generation,1979,54 years 01 month,491000.0
2024-07-01,BEDOK,4 ROOM,530,BEDOK NTH ST 3,07 TO 09,92.0,New Generation,1979,54 years 02 months,530000.0
2024-07-01,BEDOK,4 ROOM,188D,BEDOK NTH ST 4,10 TO 12,93.0,Model A,2020,94 years 07 months,830000.0
2024-07-01,BEDOK,4 ROOM,186A,BEDOK NTH ST 4,01 TO 03,93.0,Model A,2018,93 years 07 months,780000.0
2024-07-01,BEDOK,4 ROOM,187A,BEDOK NTH ST 4,16 TO 18,93.0,Model A,2018,93 years 06 months,830888.0
2024-07-01,BEDOK,4 ROOM,188C,BEDOK NTH ST 4,10 TO 12,93.0,Model A,2020,94 years 07 months,840000.0
2024-07-01,BEDOK,4 ROOM,186B,BEDOK NTH ST 4,07 TO 09,93.0,Model A,2018,93 years 05 months,850000.0
2024-07-01,BEDOK,4 ROOM,747C,BEDOK RESERVOIR CRES,10 TO 12,87.0,DBSS,2014,89 years 03 months,860000.0
2024-07-01,BEDOK,4 ROOM,748B,BEDOK RESERVOIR CRES,01 TO 03,87.0,DBSS,2014,89 years 03 months,750000.0
2024-07-01,BEDOK,4 ROOM,613B,BEDOK RESERVOIR RD,04 TO 06,102.0,Model A,1998,72 years 08 months,633000.0
2024-07-01,BEDOK,4 ROOM,142,BEDOK RESERVOIR RD,04 TO 06,84.0,Simplified,1986,61 years 05 months,500000.0
2024-07-01,BEDOK,4 ROOM,140,BEDOK RESERVOIR RD,01 TO 03,84.0,Simplified,1986,61 years 03 months,510000.0
2024-07-01,BEDOK,4 ROOM,149,BEDOK RESERVOIR RD,07 TO 09,84.0,Simplified,1987,61 years 11 months,570000.0
2024-07-01,BEDOK,4 ROOM,724,BEDOK RESERVOIR RD,04 TO 06,103.0,Model A,1984,59 years 01 month,582000.0
2024-07-01,BEDOK,4 ROOM,627,BEDOK RESERVOIR RD,07 TO 09,92.0,New Generation,1981,55 years 10 months,500000.0
2024-07-01,BEDOK,4 ROOM,768,BEDOK RESERVOIR VIEW,10 TO 12,104.0,Premium Apartment,2000,75 years 06 months,770000.0
2024-07-01,BEDOK,4 ROOM,773,BEDOK RESERVOIR VIEW,13 TO 15,105.0,Premium Apartment,2000,75 years 06 months,768000.0
2024-07-01,BEDOK,4 ROOM,768,BEDOK RESERVOIR VIEW,07 TO 09,104.0,Premium Apartment,2000,75 years 06 months,680000.0
2024-07-01,BEDOK,4 ROOM,37,BEDOK STH AVE 2,01 TO 03,84.0,Improved,1977,52 years 03 months,475000.0
2024-07-01,BEDOK,4 ROOM,169,BEDOK STH AVE 3,10 TO 12,104.0,Model A,1985,59 years 09 months,694888.0
2024-07-01,BEDOK,4 ROOM,159,BEDOK STH AVE 3,07 TO 09,83.0,Simplified,1985,59 years 09 months,502000.0
2024-07-01,BEDOK,4 ROOM,169,BEDOK STH AVE 3,07 TO 09,83.0,Simplified,1985,59 years 09 months,500000.0
2024-07-01,BEDOK,4 ROOM,44,BEDOK STH RD,04 TO 06,84.0,Improved,1977,52 years 03 months,500000.0
2024-07-01,BEDOK,4 ROOM,55,CHAI CHEE DR,04 TO 06,105.0,Model A,1984,58 years 10 months,520000.0
2024-07-01,BEDOK,4 ROOM,56,CHAI CHEE DR,01 TO 03,91.0,New Generation,1983,57 years 06 months,485000.0
2024-07-01,BEDOK,4 ROOM,808C,CHAI CHEE RD,01 TO 03,93.0,Model A,2016,91 years 05 months,740000.0
2024-07-01,BEDOK,4 ROOM,808C,CHAI CHEE RD,07 TO 09,88.0,Model A,2016,91 years 05 months,740000.0
2024-07-01,BEDOK,4 ROOM,807A,CHAI CHEE RD,10 TO 12,93.0,Model A,2016,91 years 05 months,803800.0
2024-07-01,BEDOK,4 ROOM,63,NEW UPP CHANGI RD,10 TO 12,92.0,New Generation,1978,53 years,500000.0
2024-07-01,BEDOK,5 ROOM,516,BEDOK NTH AVE 2,19 TO 21,119.0,Improved,1979,54 years 02 months,710000.0
2024-07-01,BEDOK,5 ROOM,415,BEDOK NTH AVE 2,04 TO 06,119.0,Improved,1978,53 years 05 months,610000.0
2024-07-01,BEDOK,5 ROOM,506,BEDOK NTH AVE 3,10 TO 12,119.0,Improved,1978,53 years 05 months,645000.0
2024-07-01,BEDOK,5 ROOM,505,BEDOK NTH AVE 3,01 TO 03,123.0,Improved,1978,53 years 05 months,620000.0
2024-07-01,BEDOK,5 ROOM,139,BEDOK NTH AVE 3,07 TO 09,117.0,Standard,1979,53 years 07 months,626000.0
2024-07-01,BEDOK,5 ROOM,406,BEDOK NTH AVE 3,07 TO 09,118.0,Improved,1980,55 years 01 month,765000.0
2024-07-01,BEDOK,5 ROOM,99,BEDOK NTH AVE 4,13 TO 15,120.0,Standard,1978,53 years 05 months,720000.0
2024-07-01,BEDOK,5 ROOM,112,BEDOK NTH RD,07 TO 09,117.0,Standard,1978,53 years,603000.0
2024-07-01,BEDOK,5 ROOM,140,BEDOK NTH ST 2,07 TO 09,121.0,Improved,1998,73 years,845000.0
2024-07-01,BEDOK,5 ROOM,120,BEDOK NTH ST 2,04 TO 06,117.0,Standard,1978,52 years 09 months,635000.0
2024-07-01,BEDOK,5 ROOM,187A,BEDOK NTH ST 4,04 TO 06,113.0,Improved,2018,93 years 06 months,935000.0
2024-07-01,BEDOK,5 ROOM,186A,BEDOK NTH ST 4,16 TO 18,113.0,Improved,2018,93 years 06 months,972000.0
2024-07-01,BEDOK,5 ROOM,146,BEDOK RESERVOIR RD,04 TO 06,122.0,Improved,1986,61 years 06 months,660000.0
2024-07-01,BEDOK,5 ROOM,602,BEDOK RESERVOIR RD,04 TO 06,121.0,Improved,1982,56 years 11 months,613000.0
2024-07-01,BEDOK,5 ROOM,140,BEDOK RESERVOIR RD,01 TO 03,122.0,Improved,1986,61 years 03 months,650000.0
2024-07-01,BEDOK,5 ROOM,604,BEDOK RESERVOIR RD,10 TO 12,121.0,Improved,1982,57 years,665000.0
2024-07-01,BEDOK,5 ROOM,128,BEDOK RESERVOIR RD,07 TO 09,122.0,Improved,1986,61 years 04 months,738000.0
2024-07-01,BEDOK,5 ROOM,714,BEDOK RESERVOIR RD,04 TO 06,121.0,Improved,1980,55 years 04 months,600000.0
2024-07-01,BEDOK,5 ROOM,762,BEDOK RESERVOIR VIEW,07 TO 09,115.0,Premium Apartment,2000,75 years 06 months,800000.0
2024-07-01,BEDOK,5 ROOM,770,BEDOK RESERVOIR VIEW,16 TO 18,115.0,Premium Apartment,2000,75 years 06 months,825000.0
2024-07-01,BEDOK,5 ROOM,669,JLN DAMAI,04 TO 06,125.0,Improved,1996,71 years 05 months,782000.0
2024-07-01,BEDOK,5 ROOM,649,JLN TENAGA,13 TO 15,122.0,Improved,1993,67 years 11 months,845000.0
2024-07-01,BEDOK,5 ROOM,658,JLN TENAGA,04 TO 06,127.0,Improved,1996,71 years 04 months,790000.0
2024-07-01,BEDOK,5 ROOM,647,JLN TENAGA,04 TO 06,133.0,Model A,1993,67 years 11 months,827000.0
2024-07-01,BEDOK,5 ROOM,111,LENGKONG TIGA,10 TO 12,130.0,Improved,1989,63 years 08 months,987000.0
2024-07-01,BEDOK,5 ROOM,114,LENGKONG TIGA,04 TO 06,120.0,Improved,1989,63 years 08 months,820000.0
2024-07-01,BEDOK,5 ROOM,111,LENGKONG TIGA,01 TO 03,121.0,Improved,1989,63 years 08 months,850000.0
2024-07-01,BEDOK,EXECUTIVE,424,BEDOK NTH AVE 1,10 TO 12,163.0,Adjoined flat,1979,53 years 07 months,900000.0
2024-07-01,BEDOK,EXECUTIVE,635,BEDOK RESERVOIR RD,01 TO 03,144.0,Apartment,1993,67 years 11 months,950000.0
2024-07-01,BEDOK,EXECUTIVE,115,BEDOK RESERVOIR RD,01 TO 03,156.0,Maisonette,1985,60 years 04 months,880000.0
2024-07-01,BEDOK,EXECUTIVE,716,BEDOK RESERVOIR RD,16 TO 18,143.0,Apartment,1984,58 years 06 months,1088000.0
2024-07-01,BEDOK,EXECUTIVE,725,BEDOK RESERVOIR RD,07 TO 09,142.0,Apartment,1984,59 years 01 month,880000.0
2024-07-01,BEDOK,EXECUTIVE,10F,BEDOK STH AVE 2,13 TO 15,142.0,Apartment,1993,67 years 11 months,1180000.0
2024-07-01,BEDOK,EXECUTIVE,662,JLN DAMAI,13 TO 15,145.0,Apartment,1996,71 years 06 months,985000.0
2024-07-01,BISHAN,3 ROOM,148,BISHAN ST 11,04 TO 06,64.0,Simplified,1987,62 years 02 months,445000.0
2024-07-01,BISHAN,3 ROOM,115,BISHAN ST 12,04 TO 06,64.0,Simplified,1986,60 years 07 months,540000.0
2024-07-01,BISHAN,3 ROOM,115,BISHAN ST 12,07 TO 09,64.0,Simplified,1986,60 years 07 months,520000.0
2024-07-01,BISHAN,3 ROOM,195,BISHAN ST 13,10 TO 12,64.0,Simplified,1988,62 years 07 months,528888.0
2024-07-01,BISHAN,3 ROOM,193,BISHAN ST 13,01 TO 03,64.0,Simplified,1987,62 years 06 months,550000.0
2024-07-01,BISHAN,3 ROOM,176,BISHAN ST 13,01 TO 03,64.0,Simplified,1988,62 years 09 months,500000.0
2024-07-01,BISHAN,3 ROOM,308,SHUNFU RD,04 TO 06,67.0,New Generation,1984,59 years 06 months,548888.0
2024-07-01,BISHAN,3 ROOM,308,SHUNFU RD,04 TO 06,67.0,New Generation,1984,59 years 05 months,560000.0
2024-07-01,BISHAN,3 ROOM,407,SIN MING AVE,10 TO 12,64.0,Simplified,1986,61 years 02 months,528000.0
2024-07-01,BISHAN,3 ROOM,23,SIN MING RD,07 TO 09,65.0,Improved,1973,48 years 04 months,372000.0
2024-07-01,BISHAN,3 ROOM,22,SIN MING RD,01 TO 03,68.0,Improved,1973,48 years 04 months,335000.0
2024-07-01,BISHAN,4 ROOM,501,BISHAN ST 11,07 TO 09,103.0,Model A,1989,64 years 03 months,848888.0
2024-07-01,BISHAN,4 ROOM,130,BISHAN ST 12,04 TO 06,84.0,Simplified,1986,60 years 08 months,645000.0
2024-07-01,BISHAN,4 ROOM,113,BISHAN ST 12,01 TO 03,84.0,Simplified,1986,60 years 06 months,618000.0
2024-07-01,BISHAN,4 ROOM,126,BISHAN ST 12,07 TO 09,83.0,Simplified,1987,62 years 01 month,655000.0
2024-07-01,BISHAN,4 ROOM,176,BISHAN ST 13,07 TO 09,88.0,Simplified,1988,62 years 10 months,720000.0
2024-07-01,BISHAN,4 ROOM,189,BISHAN ST 13,10 TO 12,85.0,Simplified,1988,63 years,728000.0
2024-07-01,BISHAN,4 ROOM,178,BISHAN ST 13,07 TO 09,83.0,Simplified,1987,62 years 04 months,703888.0
2024-07-01,BISHAN,4 ROOM,293,BISHAN ST 22,10 TO 12,102.0,Premium Apartment,1998,73 years 01 month,818000.0
2024-07-01,BISHAN,4 ROOM,237,BISHAN ST 22,04 TO 06,114.0,Model A,1992,66 years 10 months,853888.0
2024-07-01,BISHAN,4 ROOM,254,BISHAN ST 22,04 TO 06,103.0,Model A,1992,67 years 01 month,715000.0
2024-07-01,BISHAN,4 ROOM,236,BISHAN ST 22,13 TO 15,107.0,Model A,1992,66 years 10 months,800000.0
2024-07-01,BISHAN,4 ROOM,217,BISHAN ST 23,01 TO 03,105.0,Model A,1992,66 years 10 months,680000.0
2024-07-01,BISHAN,4 ROOM,215,BISHAN ST 23,01 TO 03,105.0,Model A,1992,66 years 10 months,699000.0
2024-07-01,BISHAN,4 ROOM,266,BISHAN ST 24,01 TO 03,104.0,Model A,1992,67 years 02 months,730000.0
2024-07-01,BISHAN,4 ROOM,290,BISHAN ST 24,13 TO 15,102.0,Premium Apartment,1998,73 years,900000.0
2024-07-01,BISHAN,4 ROOM,273B,BISHAN ST 24,07 TO 09,95.0,DBSS,2011,86 years 02 months,1050000.0
2024-07-01,BISHAN,4 ROOM,269,BISHAN ST 24,04 TO 06,106.0,Model A,1992,67 years 02 months,718000.0
2024-07-01,BISHAN,4 ROOM,449,SIN MING AVE,10 TO 12,105.0,Model A,1990,64 years 09 months,820000.0
2024-07-01,BISHAN,4 ROOM,441,SIN MING AVE,07 TO 09,107.0,Model A,1990,64 years 07 months,830000.0
2024-07-01,BISHAN,4 ROOM,25,SIN MING RD,04 TO 06,88.0,Improved,1974,49 years 01 month,435000.0
2024-07-01,BISHAN,5 ROOM,103,BISHAN ST 12,19 TO 21,121.0,Improved,1986,61 years 06 months,998000.0
2024-07-01,BISHAN,5 ROOM,103,BISHAN ST 12,01 TO 03,121.0,Improved,1986,61 years 05 months,720000.0
2024-07-01,BISHAN,5 ROOM,140,BISHAN ST 12,01 TO 03,123.0,Improved,1988,63 years 02 months,810000.0
2024-07-01,BISHAN,5 ROOM,103,BISHAN ST 12,07 TO 09,121.0,Improved,1986,61 years 05 months,935000.0
2024-07-01,BISHAN,5 ROOM,141,BISHAN ST 12,10 TO 12,122.0,Improved,1988,63 years 02 months,870000.0
2024-07-01,BISHAN,5 ROOM,157,BISHAN ST 13,04 TO 06,131.0,Improved,1988,62 years 07 months,912000.0
2024-07-01,BISHAN,5 ROOM,155,BISHAN ST 13,01 TO 03,121.0,Improved,1987,62 years 05 months,818000.0
2024-07-01,BISHAN,5 ROOM,197,BISHAN ST 13,01 TO 03,121.0,Improved,1987,61 years 07 months,830000.0
2024-07-01,BISHAN,5 ROOM,170,BISHAN ST 13,04 TO 06,121.0,Improved,1987,62 years 02 months,915000.0
2024-07-01,BISHAN,5 ROOM,192,BISHAN ST 13,13 TO 15,120.0,Improved,1987,62 years 02 months,1080000.0
2024-07-01,BISHAN,5 ROOM,161,BISHAN ST 13,19 TO 21,121.0,Improved,1988,63 years 01 month,990000.0
2024-07-01,BISHAN,5 ROOM,156,BISHAN ST 13,04 TO 06,131.0,Improved,1988,63 years 03 months,990000.0
2024-07-01,BISHAN,5 ROOM,161,BISHAN ST 13,19 TO 21,131.0,Improved,1988,63 years 01 month,1086000.0
2024-07-01,BISHAN,5 ROOM,290,BISHAN ST 24,04 TO 06,121.0,Premium Apartment,1998,73 years 01 month,935100.0
2024-07-01,BISHAN,5 ROOM,275A,BISHAN ST 24,37 TO 39,120.0,DBSS,2011,86 years 03 months,1568000.0
2024-07-01,BISHAN,5 ROOM,310,SHUNFU RD,07 TO 09,121.0,Improved,1984,59 years 06 months,908000.0
2024-07-01,BISHAN,5 ROOM,444,SIN MING AVE,16 TO 18,125.0,Improved,1990,64 years 08 months,1020000.0
2024-07-01,BISHAN,5 ROOM,450,SIN MING AVE,01 TO 03,120.0,Improved,1989,64 years 06 months,938000.0
2024-07-01,BISHAN,5 ROOM,453,SIN MING AVE,04 TO 06,125.0,Improved,1990,64 years 08 months,1020000.0
2024-07-01,BISHAN,EXECUTIVE,186,BISHAN ST 13,01 TO 03,146.0,Maisonette,1987,62 years 02 months,1277000.0
2024-07-01,BISHAN,EXECUTIVE,231,BISHAN ST 23,13 TO 15,146.0,Maisonette,1992,66 years 11 months,1236000.0
2024-07-01,BUKIT BATOK,2 ROOM,435B,BT BATOK WEST AVE 5,07 TO 09,38.0,Model A,2020,94 years 08 months,338000.0
2024-07-01,BUKIT BATOK,2 ROOM,435B,BT BATOK WEST AVE 5,04 TO 06,47.0,Model A,2020,94 years 08 months,340000.0
2024-07-01,BUKIT BATOK,2 ROOM,450D,BT BATOK WEST AVE 6,10 TO 12,47.0,Model A,2019,93 years 10 months,339500.0
2024-07-01,BUKIT BATOK,2 ROOM,450D,BT BATOK WEST AVE 6,01 TO 03,47.0,Model A,2019,93 years 09 months,340000.0
2024-07-01,BUKIT BATOK,2 ROOM,451A,BT BATOK WEST AVE 6,10 TO 12,47.0,Model A,2019,93 years 08 months,365000.0
2024-07-01,BUKIT BATOK,2 ROOM,451A,BT BATOK WEST AVE 6,22 TO 24,47.0,Model A,2019,93 years 09 months,405000.0
2024-07-01,BUKIT BATOK,2 ROOM,451A,BT BATOK WEST AVE 6,07 TO 09,47.0,Model A,2019,93 years 09 months,355000.0
2024-07-01,BUKIT BATOK,2 ROOM,438B,BT BATOK WEST AVE 8,10 TO 12,47.0,Model A,2020,94 years 08 months,375000.0
2024-07-01,BUKIT BATOK,2 ROOM,438B,BT BATOK WEST AVE 8,07 TO 09,47.0,Model A,2020,94 years 08 months,361000.0
2024-07-01,BUKIT BATOK,2 ROOM,440A,BT BATOK WEST AVE 8,04 TO 06,37.0,Model A,2019,93 years 09 months,315888.0
2024-07-01,BUKIT BATOK,2 ROOM,440A,BT BATOK WEST AVE 8,01 TO 03,37.0,Model A,2019,93 years 09 months,310000.0
2024-07-01,BUKIT BATOK,2 ROOM,441A,BT BATOK WEST AVE 8,01 TO 03,37.0,2-room,2019,93 years 10 months,325000.0
2024-07-01,BUKIT BATOK,2 ROOM,438C,BT BATOK WEST AVE 8,01 TO 03,38.0,Model A,2020,94 years 08 months,320000.0
2024-07-01,BUKIT BATOK,2 ROOM,439A,BT BATOK WEST AVE 8,10 TO 12,47.0,Model A,2020,94 years 08 months,372000.0
2024-07-01,BUKIT BATOK,2 ROOM,460B,BT BATOK WEST AVE 9,01 TO 03,48.0,2-room,2020,94 years 11 months,350000.0
2024-07-01,BUKIT BATOK,2 ROOM,460D,BT BATOK WEST AVE 9,10 TO 12,48.0,2-room,2020,94 years 11 months,380000.0
2024-07-01,BUKIT BATOK,2 ROOM,460C,BT BATOK WEST AVE 9,07 TO 09,48.0,2-room,2020,94 years 11 months,345000.0
2024-07-01,BUKIT BATOK,2 ROOM,460B,BT BATOK WEST AVE 9,04 TO 06,48.0,2-room,2020,94 years 11 months,344000.0
2024-07-01,BUKIT BATOK,3 ROOM,225,BT BATOK CTRL,04 TO 06,69.0,New Generation,1985,60 years 03 months,393000.0
2024-07-01,BUKIT BATOK,3 ROOM,225,BT BATOK CTRL,01 TO 03,67.0,New Generation,1985,60 years 02 months,375000.0
2024-07-01,BUKIT BATOK,3 ROOM,260,BT BATOK EAST AVE 4,04 TO 06,73.0,Model A,1985,60 years,390000.0
2024-07-01,BUKIT BATOK,3 ROOM,263,BT BATOK EAST AVE 4,10 TO 12,73.0,Model A,1985,60 years,375000.0
2024-07-01,BUKIT BATOK,3 ROOM,233,BT BATOK EAST AVE 5,10 TO 12,67.0,New Generation,1985,59 years 11 months,378000.0
2024-07-01,BUKIT BATOK,3 ROOM,244,BT BATOK EAST AVE 5,07 TO 09,69.0,New Generation,1985,60 years 04 months,410000.0
2024-07-01,BUKIT BATOK,3 ROOM,143,BT BATOK ST 11,01 TO 03,68.0,New Generation,1984,58 years 10 months,383000.0
2024-07-01,BUKIT BATOK,3 ROOM,145,BT BATOK ST 11,04 TO 06,68.0,New Generation,1984,59 years,395000.0
2024-07-01,BUKIT BATOK,3 ROOM,162,BT BATOK ST 11,04 TO 06,74.0,Model A,1985,59 years 08 months,380000.0
2024-07-01,BUKIT BATOK,3 ROOM,212,BT BATOK ST 21,04 TO 06,69.0,New Generation,1985,60 years 03 months,380000.0
2024-07-01,BUKIT BATOK,3 ROOM,367,BT BATOK ST 31,01 TO 03,68.0,New Generation,1987,62 years 01 month,428000.0
2024-07-01,BUKIT BATOK,3 ROOM,377,BT BATOK ST 31,07 TO 09,67.0,Model A,2019,93 years 10 months,525000.0
2024-07-01,BUKIT BATOK,3 ROOM,377,BT BATOK ST 31,01 TO 03,67.0,Model A,2019,93 years 10 months,485000.0
2024-07-01,BUKIT BATOK,3 ROOM,363,BT BATOK ST 31,01 TO 03,68.0,New Generation,1987,62 years 04 months,373000.0
2024-07-01,BUKIT BATOK,3 ROOM,360,BT BATOK ST 31,10 TO 12,68.0,New Generation,1987,62 years 02 months,420000.0
2024-07-01,BUKIT BATOK,3 ROOM,323,BT BATOK ST 33,01 TO 03,64.0,Simplified,1987,62 years 04 months,375000.0
2024-07-01,BUKIT BATOK,3 ROOM,504,BT BATOK ST 52,01 TO 03,60.0,Improved,1988,62 years 09 months,348000.0
2024-07-01,BUKIT BATOK,3 ROOM,503,BT BATOK ST 52,04 TO 06,64.0,Simplified,1987,62 years 01 month,370000.0
2024-07-01,BUKIT BATOK,3 ROOM,421,BT BATOK WEST AVE 2,10 TO 12,68.0,New Generation,1988,62 years 09 months,370000.0
2024-07-01,BUKIT BATOK,3 ROOM,435B,BT BATOK WEST AVE 5,10 TO 12,68.0,Model A,2020,94 years 08 months,456000.0
2024-07-01,BUKIT BATOK,3 ROOM,451A,BT BATOK WEST AVE 6,13 TO 15,67.0,Model A,2019,93 years 10 months,480000.0
2024-07-01,BUKIT BATOK,3 ROOM,129,BT BATOK WEST AVE 6,04 TO 06,73.0,Model A,1984,59 years 04 months,395000.0
2024-07-01,BUKIT BATOK,3 ROOM,148,BT BATOK WEST AVE 6,07 TO 09,68.0,New Generation,1984,59 years 01 month,388000.0
2024-07-01,BUKIT BATOK,3 ROOM,451A,BT BATOK WEST AVE 6,22 TO 24,67.0,Model A,2019,93 years 10 months,502000.0
2024-07-01,BUKIT BATOK,3 ROOM,135,BT BATOK WEST AVE 6,13 TO 15,82.0,New Generation,1984,59 years 06 months,448000.0
2024-07-01,BUKIT BATOK,3 ROOM,178,BT BATOK WEST AVE 8,10 TO 12,73.0,Model A,1984,59 years 06 months,415000.0
2024-07-01,BUKIT BATOK,3 ROOM,440A,BT BATOK WEST AVE 8,16 TO 18,67.0,Model A,2019,93 years 09 months,488000.0
2024-07-01,BUKIT BATOK,3 ROOM,182,BT BATOK WEST AVE 8,04 TO 06,67.0,New Generation,1984,59 years 05 months,380000.0
2024-07-01,BUKIT BATOK,3 ROOM,180,BT BATOK WEST AVE 8,04 TO 06,67.0,New Generation,1984,59 years 04 months,368000.0
2024-07-01,BUKIT BATOK,3 ROOM,460A,BT BATOK WEST AVE 9,04 TO 06,68.0,Model A,2020,94 years 11 months,425000.0
2024-07-01,BUKIT BATOK,3 ROOM,460B,BT BATOK WEST AVE 9,10 TO 12,68.0,Model A,2020,94 years 11 months,470000.0
2024-07-01,BUKIT BATOK,3 ROOM,460A,BT BATOK WEST AVE 9,01 TO 03,68.0,Model A,2020,94 years 11 months,440000.0
2024-07-01,BUKIT BATOK,4 ROOM,104,BT BATOK CTRL,04 TO 06,104.0,Model A,1985,59 years 10 months,545000.0
2024-07-01,BUKIT BATOK,4 ROOM,264,BT BATOK EAST AVE 4,10 TO 12,103.0,Model A,1985,59 years 10 months,523000.0
2024-07-01,BUKIT BATOK,4 ROOM,261,BT BATOK EAST AVE 4,04 TO 06,93.0,New Generation,1985,59 years 11 months,479000.0
2024-07-01,BUKIT BATOK,4 ROOM,266,BT BATOK EAST AVE 4,10 TO 12,104.0,Model A,1985,60 years 02 months,550000.0
2024-07-01,BUKIT BATOK,4 ROOM,247,BT BATOK EAST AVE 5,04 TO 06,107.0,Model A,1985,59 years 09 months,535000.0
2024-07-01,BUKIT BATOK,4 ROOM,241,BT BATOK EAST AVE 5,01 TO 03,93.0,New Generation,1985,60 years 04 months,480000.0
2024-07-01,BUKIT BATOK,4 ROOM,235,BT BATOK EAST AVE 5,07 TO 09,91.0,New Generation,1985,60 years,491688.0
2024-07-01,BUKIT BATOK,4 ROOM,241,BT BATOK EAST AVE 5,07 TO 09,91.0,New Generation,1985,60 years 03 months,478000.0
2024-07-01,BUKIT BATOK,4 ROOM,253,BT BATOK EAST AVE 5,01 TO 03,91.0,New Generation,1985,59 years 10 months,485000.0
2024-07-01,BUKIT BATOK,4 ROOM,292B,BT BATOK EAST AVE 6,25 TO 27,93.0,Model A,2019,93 years 07 months,750000.0
2024-07-01,BUKIT BATOK,4 ROOM,292B,BT BATOK EAST AVE 6,28 TO 30,93.0,Model A,2019,93 years 07 months,780000.0
2024-07-01,BUKIT BATOK,4 ROOM,292B,BT BATOK EAST AVE 6,07 TO 09,93.0,Model A,2019,93 years 07 months,685000.0
2024-07-01,BUKIT BATOK,4 ROOM,293D,BT BATOK ST 21,04 TO 06,93.0,Model A,2019,93 years 08 months,620000.0
2024-07-01,BUKIT BATOK,4 ROOM,293A,BT BATOK ST 21,07 TO 09,93.0,Model A,2019,93 years 07 months,670000.0
2024-07-01,BUKIT BATOK,4 ROOM,206,BT BATOK ST 21,13 TO 15,104.0,Model A,1983,58 years 05 months,595800.0
2024-07-01,BUKIT BATOK,4 ROOM,293B,BT BATOK ST 21,07 TO 09,92.0,Model A,2019,93 years 08 months,645000.0
2024-07-01,BUKIT BATOK,4 ROOM,293A,BT BATOK ST 21,19 TO 21,93.0,Model A,2019,93 years 07 months,720000.0
2024-07-01,BUKIT BATOK,4 ROOM,293A,BT BATOK ST 21,04 TO 06,93.0,Model A,2019,93 years 07 months,660888.0
2024-07-01,BUKIT BATOK,4 ROOM,293A,BT BATOK ST 21,04 TO 06,93.0,Model A,2019,93 years 08 months,650000.0
2024-07-01,BUKIT BATOK,4 ROOM,211,BT BATOK ST 21,07 TO 09,104.0,Model A,1985,59 years 10 months,608888.0
2024-07-01,BUKIT BATOK,4 ROOM,293C,BT BATOK ST 21,16 TO 18,92.0,Model A,2019,93 years 07 months,730000.0
2024-07-01,BUKIT BATOK,4 ROOM,210,BT BATOK ST 21,01 TO 03,108.0,Model A,1985,59 years 11 months,570000.0
2024-07-01,BUKIT BATOK,4 ROOM,293B,BT BATOK ST 21,04 TO 06,92.0,Model A,2019,93 years 07 months,650000.0
2024-07-01,BUKIT BATOK,4 ROOM,296C,BT BATOK ST 22,28 TO 30,92.0,Premium Apartment,2018,92 years 09 months,810000.0
2024-07-01,BUKIT BATOK,4 ROOM,288C,BT BATOK ST 25,04 TO 06,92.0,Model A2,1998,73 years 03 months,525000.0
2024-07-01,BUKIT BATOK,4 ROOM,289E,BT BATOK ST 25,04 TO 06,101.0,Model A,1998,72 years 07 months,528000.0
2024-07-01,BUKIT BATOK,4 ROOM,288C,BT BATOK ST 25,07 TO 09,92.0,Model A2,1998,73 years 02 months,530000.0
2024-07-01,BUKIT BATOK,4 ROOM,358,BT BATOK ST 31,07 TO 09,104.0,Model A,1986,61 years 05 months,540000.0
2024-07-01,BUKIT BATOK,4 ROOM,306,BT BATOK ST 31,01 TO 03,85.0,Simplified,1985,59 years 09 months,453000.0
2024-07-01,BUKIT BATOK,4 ROOM,370,BT BATOK ST 31,07 TO 09,84.0,Simplified,1985,60 years 04 months,460000.0
2024-07-01,BUKIT BATOK,4 ROOM,319,BT BATOK ST 33,07 TO 09,84.0,Simplified,1986,61 years 02 months,450000.0
2024-07-01,BUKIT BATOK,4 ROOM,348,BT BATOK ST 34,10 TO 12,84.0,Simplified,1987,61 years 09 months,525888.0
2024-07-01,BUKIT BATOK,4 ROOM,338,BT BATOK ST 34,04 TO 06,104.0,Model A,1986,60 years 10 months,509888.0
2024-07-01,BUKIT BATOK,4 ROOM,337,BT BATOK ST 34,04 TO 06,84.0,Simplified,1986,61 years 04 months,470000.0
2024-07-01,BUKIT BATOK,4 ROOM,349,BT BATOK ST 34,01 TO 03,84.0,Simplified,1987,61 years 08 months,450000.0
2024-07-01,BUKIT BATOK,4 ROOM,537,BT BATOK ST 52,01 TO 03,103.0,Model A,1987,61 years 11 months,540000.0
2024-07-01,BUKIT BATOK,4 ROOM,509,BT BATOK ST 52,01 TO 03,89.0,Simplified,1987,61 years 11 months,470000.0
2024-07-01,BUKIT BATOK,4 ROOM,514,BT BATOK ST 52,04 TO 06,84.0,Simplified,1986,61 years 04 months,456000.0
2024-07-01,BUKIT BATOK,4 ROOM,417,BT BATOK WEST AVE 4,01 TO 03,103.0,Model A,1986,61 years,468000.0
2024-07-01,BUKIT BATOK,4 ROOM,409,BT BATOK WEST AVE 4,10 TO 12,94.0,New Generation,1988,62 years 10 months,495000.0
2024-07-01,BUKIT BATOK,4 ROOM,435B,BT BATOK WEST AVE 5,01 TO 03,93.0,Model A,2020,94 years 09 months,602000.0
2024-07-01,BUKIT BATOK,4 ROOM,392,BT BATOK WEST AVE 5,04 TO 06,92.0,Model A,2004,79 years 04 months,530000.0
2024-07-01,BUKIT BATOK,4 ROOM,394,BT BATOK WEST AVE 5,16 TO 18,92.0,Model A,2004,79 years 04 months,560000.0
2024-07-01,BUKIT BATOK,4 ROOM,383,BT BATOK WEST AVE 5,19 TO 21,90.0,Model A,2005,79 years 08 months,560000.0
2024-07-01,BUKIT BATOK,4 ROOM,437A,BT BATOK WEST AVE 5,10 TO 12,93.0,Model A,2020,94 years 08 months,640000.0
2024-07-01,BUKIT BATOK,4 ROOM,437A,BT BATOK WEST AVE 5,10 TO 12,93.0,Model A,2020,94 years 08 months,650000.0
2024-07-01,BUKIT BATOK,4 ROOM,386,BT BATOK WEST AVE 5,10 TO 12,92.0,Model A,2004,79 years 06 months,556000.0
2024-07-01,BUKIT BATOK,4 ROOM,435C,BT BATOK WEST AVE 5,07 TO 09,93.0,Model A,2020,94 years 08 months,620000.0
2024-07-01,BUKIT BATOK,4 ROOM,437A,BT BATOK WEST AVE 5,10 TO 12,93.0,Model A,2020,94 years 08 months,646000.0
2024-07-01,BUKIT BATOK,4 ROOM,384,BT BATOK WEST AVE 5,25 TO 27,90.0,Model A,2005,79 years 07 months,578000.0
2024-07-01,BUKIT BATOK,4 ROOM,435C,BT BATOK WEST AVE 5,10 TO 12,93.0,Model A,2020,94 years 08 months,660888.0
2024-07-01,BUKIT BATOK,4 ROOM,385,BT BATOK WEST AVE 5,25 TO 27,86.0,Model A,2005,79 years 07 months,550000.0
2024-07-01,BUKIT BATOK,4 ROOM,385,BT BATOK WEST AVE 5,10 TO 12,90.0,Model A,2005,79 years 07 months,545000.0
2024-07-01,BUKIT BATOK,4 ROOM,384,BT BATOK WEST AVE 5,07 TO 09,90.0,Model A,2005,79 years 06 months,548000.0
2024-07-01,BUKIT BATOK,4 ROOM,453A,BT BATOK WEST AVE 6,10 TO 12,93.0,Model A,2019,93 years 10 months,610000.0
2024-07-01,BUKIT BATOK,4 ROOM,453A,BT BATOK WEST AVE 6,19 TO 21,93.0,Model A,2019,93 years 09 months,640000.0
2024-07-01,BUKIT BATOK,4 ROOM,194A,BT BATOK WEST AVE 6,07 TO 09,95.0,Premium Apartment,2017,92 years 01 month,710000.0
2024-07-01,BUKIT BATOK,4 ROOM,188,BT BATOK WEST AVE 6,04 TO 06,101.0,Model A,1997,71 years 09 months,595000.0
2024-07-01,BUKIT BATOK,4 ROOM,453B,BT BATOK WEST AVE 6,22 TO 24,93.0,Model A,2019,93 years 09 months,703888.0
2024-07-01,BUKIT BATOK,4 ROOM,127,BT BATOK WEST AVE 6,07 TO 09,103.0,Model A,1985,59 years 08 months,500000.0
2024-07-01,BUKIT BATOK,4 ROOM,450C,BT BATOK WEST AVE 6,01 TO 03,93.0,Model A,2019,93 years 10 months,575000.0
2024-07-01,BUKIT BATOK,4 ROOM,451B,BT BATOK WEST AVE 6,10 TO 12,93.0,Model A,2019,93 years 09 months,650000.0
2024-07-01,BUKIT BATOK,4 ROOM,451B,BT BATOK WEST AVE 6,04 TO 06,93.0,Model A,2019,93 years 09 months,610000.0
2024-07-01,BUKIT BATOK,4 ROOM,129,BT BATOK WEST AVE 6,07 TO 09,103.0,Model A,1984,59 years 05 months,510000.0
2024-07-01,BUKIT BATOK,4 ROOM,450B,BT BATOK WEST AVE 6,10 TO 12,93.0,Model A,2019,93 years 09 months,632888.0
2024-07-01,BUKIT BATOK,4 ROOM,114,BT BATOK WEST AVE 6,01 TO 03,104.0,Model A,1984,59 years 04 months,530000.0
2024-07-01,BUKIT BATOK,4 ROOM,108,BT BATOK WEST AVE 6,07 TO 09,104.0,Model A,1985,59 years 11 months,630000.0
2024-07-01,BUKIT BATOK,4 ROOM,453B,BT BATOK WEST AVE 6,16 TO 18,93.0,Model A,2019,93 years 08 months,658888.0
2024-07-01,BUKIT BATOK,4 ROOM,453B,BT BATOK WEST AVE 6,10 TO 12,93.0,Model A,2019,93 years 08 months,659000.0
2024-07-01,BUKIT BATOK,4 ROOM,453A,BT BATOK WEST AVE 6,16 TO 18,93.0,Model A,2019,93 years 09 months,640000.0
2024-07-01,BUKIT BATOK,4 ROOM,113,BT BATOK WEST AVE 6,04 TO 06,104.0,Model A,1984,59 years,598000.0
2024-07-01,BUKIT BATOK,4 ROOM,172,BT BATOK WEST AVE 8,04 TO 06,103.0,Model A,1985,60 years,505500.0
2024-07-01,BUKIT BATOK,4 ROOM,166,BT BATOK WEST AVE 8,04 TO 06,106.0,Model A,1984,59 years 05 months,505000.0
2024-07-01,BUKIT BATOK,4 ROOM,439B,BT BATOK WEST AVE 8,13 TO 15,93.0,Model A,2020,94 years 08 months,640000.0
2024-07-01,BUKIT BATOK,4 ROOM,438B,BT BATOK WEST AVE 8,13 TO 15,93.0,Model A,2020,94 years 08 months,655000.0
2024-07-01,BUKIT BATOK,4 ROOM,438C,BT BATOK WEST AVE 8,01 TO 03,93.0,Model A,2020,94 years 08 months,565000.0
2024-07-01,BUKIT BATOK,4 ROOM,439B,BT BATOK WEST AVE 8,04 TO 06,93.0,Model A,2020,94 years 08 months,620000.0
2024-07-01,BUKIT BATOK,4 ROOM,438C,BT BATOK WEST AVE 8,07 TO 09,93.0,Model A,2020,94 years 08 months,615000.0
2024-07-01,BUKIT BATOK,4 ROOM,441B,BT BATOK WEST AVE 8,07 TO 09,92.0,Model A,2019,93 years 09 months,635000.0
2024-07-01,BUKIT BATOK,4 ROOM,440C,BT BATOK WEST AVE 8,07 TO 09,92.0,Model A,2019,93 years 09 months,615000.0
2024-07-01,BUKIT BATOK,4 ROOM,443B,BT BATOK WEST AVE 8,07 TO 09,92.0,Model A,2019,93 years 10 months,620000.0
2024-07-01,BUKIT BATOK,4 ROOM,440D,BT BATOK WEST AVE 8,01 TO 03,92.0,Model A,2019,93 years 09 months,555000.0
2024-07-01,BUKIT BATOK,4 ROOM,439A,BT BATOK WEST AVE 8,04 TO 06,93.0,Model A,2020,94 years 08 months,625000.0
2024-07-01,BUKIT BATOK,4 ROOM,445A,BT BATOK WEST AVE 8,07 TO 09,92.0,Model A,2019,93 years 07 months,650000.0
2024-07-01,BUKIT BATOK,4 ROOM,439B,BT BATOK WEST AVE 8,04 TO 06,93.0,Model A,2020,94 years 08 months,610000.0
2024-07-01,BUKIT BATOK,4 ROOM,439A,BT BATOK WEST AVE 8,13 TO 15,93.0,Model A,2020,94 years 08 months,650000.0
2024-07-01,BUKIT BATOK,4 ROOM,443B,BT BATOK WEST AVE 8,10 TO 12,92.0,Model A,2019,93 years 09 months,628888.0
2024-07-01,BUKIT BATOK,4 ROOM,165,BT BATOK WEST AVE 8,07 TO 09,104.0,Model A,1984,59 years 04 months,545000.0
2024-07-01,BUKIT BATOK,4 ROOM,182,BT BATOK WEST AVE 8,01 TO 03,93.0,New Generation,1984,59 years 06 months,463000.0
2024-07-01,BUKIT BATOK,4 ROOM,461D,BT BATOK WEST AVE 8,04 TO 06,93.0,Model A,2019,94 years 02 months,642000.0
2024-07-01,BUKIT BATOK,4 ROOM,441B,BT BATOK WEST AVE 8,07 TO 09,92.0,Model A,2019,93 years 09 months,614000.0
2024-07-01,BUKIT BATOK,4 ROOM,441B,BT BATOK WEST AVE 8,10 TO 12,92.0,Model A,2019,93 years 09 months,648888.0
2024-07-01,BUKIT BATOK,4 ROOM,461A,BT BATOK WEST AVE 8,04 TO 06,93.0,Model A,2019,94 years 03 months,603000.0
2024-07-01,BUKIT BATOK,4 ROOM,438A,BT BATOK WEST AVE 8,07 TO 09,93.0,Model A,2020,94 years 08 months,635000.0
2024-07-01,BUKIT BATOK,4 ROOM,439B,BT BATOK WEST AVE 8,04 TO 06,93.0,Model A,2020,94 years 07 months,595000.0
2024-07-01,BUKIT BATOK,4 ROOM,438B,BT BATOK WEST AVE 8,07 TO 09,93.0,Model A,2020,94 years 07 months,620000.0
2024-07-01,BUKIT BATOK,4 ROOM,460B,BT BATOK WEST AVE 9,10 TO 12,93.0,Model A,2020,94 years 11 months,658000.0
2024-07-01,BUKIT BATOK,4 ROOM,460D,BT BATOK WEST AVE 9,13 TO 15,93.0,Model A,2020,94 years 11 months,646000.0
2024-07-01,BUKIT BATOK,4 ROOM,448C,BT BATOK WEST AVE 9,04 TO 06,93.0,Model A,2019,93 years 10 months,573000.0
2024-07-01,BUKIT BATOK,4 ROOM,449B,BT BATOK WEST AVE 9,16 TO 18,93.0,Model A,2019,93 years 09 months,658888.0
2024-07-01,BUKIT BATOK,4 ROOM,460D,BT BATOK WEST AVE 9,07 TO 09,93.0,Model A,2020,94 years 11 months,655888.0
2024-07-01,BUKIT BATOK,4 ROOM,460C,BT BATOK WEST AVE 9,04 TO 06,93.0,Model A,2020,94 years 11 months,610000.0
2024-07-01,BUKIT BATOK,4 ROOM,448C,BT BATOK WEST AVE 9,04 TO 06,93.0,Model A,2019,93 years 09 months,598888.0
2024-07-01,BUKIT BATOK,4 ROOM,448C,BT BATOK WEST AVE 9,13 TO 15,93.0,Model A,2019,93 years 09 months,618000.0
2024-07-01,BUKIT BATOK,4 ROOM,460D,BT BATOK WEST AVE 9,04 TO 06,93.0,Model A,2020,94 years 11 months,580000.0
2024-07-01,BUKIT BATOK,4 ROOM,448C,BT BATOK WEST AVE 9,01 TO 03,93.0,Model A,2019,93 years 09 months,605000.0
2024-07-01,BUKIT BATOK,5 ROOM,620,BT BATOK CTRL,19 TO 21,110.0,Improved,2003,78 years 05 months,878000.0
2024-07-01,BUKIT BATOK,5 ROOM,626,BT BATOK CTRL,04 TO 06,119.0,Improved,1997,72 years 01 month,750000.0
2024-07-01,BUKIT BATOK,5 ROOM,626,BT BATOK CTRL,07 TO 09,119.0,Improved,1997,72 years 01 month,770000.0
2024-07-01,BUKIT BATOK,5 ROOM,621,BT BATOK CTRL,13 TO 15,110.0,Improved,2003,78 years 04 months,850000.0
2024-07-01,BUKIT BATOK,5 ROOM,292B,BT BATOK EAST AVE 6,25 TO 27,113.0,Improved,2019,93 years 07 months,900000.0
2024-07-01,BUKIT BATOK,5 ROOM,296A,BT BATOK ST 22,07 TO 09,115.0,Premium Apartment,2018,92 years 09 months,865888.0
2024-07-01,BUKIT BATOK,5 ROOM,288G,BT BATOK ST 25,13 TO 15,120.0,Improved,1997,72 years 05 months,780000.0
2024-07-01,BUKIT BATOK,5 ROOM,289E,BT BATOK ST 25,01 TO 03,122.0,Improved,1998,72 years 06 months,635888.0
2024-07-01,BUKIT BATOK,5 ROOM,315,BT BATOK ST 32,01 TO 03,122.0,Improved,1986,61 years 04 months,580000.0
2024-07-01,BUKIT BATOK,5 ROOM,319,BT BATOK ST 33,07 TO 09,122.0,Improved,1986,61 years 02 months,595000.0
2024-07-01,BUKIT BATOK,5 ROOM,419,BT BATOK WEST AVE 2,01 TO 03,120.0,Improved,1986,61 years 02 months,590000.0
2024-07-01,BUKIT BATOK,5 ROOM,389,BT BATOK WEST AVE 5,01 TO 03,118.0,Improved,2005,79 years 08 months,657200.0
2024-07-01,BUKIT BATOK,5 ROOM,435C,BT BATOK WEST AVE 5,13 TO 15,113.0,Improved,2020,94 years 08 months,780000.0
2024-07-01,BUKIT BATOK,5 ROOM,390,BT BATOK WEST AVE 5,04 TO 06,118.0,Improved,2004,79 years 05 months,648000.0
2024-07-01,BUKIT BATOK,5 ROOM,450C,BT BATOK WEST AVE 6,13 TO 15,113.0,Improved,2019,93 years 09 months,820000.0
2024-07-01,BUKIT BATOK,5 ROOM,451B,BT BATOK WEST AVE 6,04 TO 06,115.0,Improved,2019,93 years 09 months,760000.0
2024-07-01,BUKIT BATOK,5 ROOM,192,BT BATOK WEST AVE 6,13 TO 15,118.0,Improved,1997,71 years 10 months,760000.0
2024-07-01,BUKIT BATOK,5 ROOM,451B,BT BATOK WEST AVE 6,10 TO 12,113.0,Improved,2019,93 years 09 months,830000.0
2024-07-01,BUKIT BATOK,5 ROOM,450B,BT BATOK WEST AVE 6,07 TO 09,113.0,Improved,2019,93 years 09 months,760000.0
2024-07-01,BUKIT BATOK,5 ROOM,194A,BT BATOK WEST AVE 6,34 TO 36,115.0,Premium Apartment,2017,92 years 01 month,1000000.0
2024-07-01,BUKIT BATOK,5 ROOM,451B,BT BATOK WEST AVE 6,07 TO 09,115.0,Improved,2019,93 years 08 months,800000.0
2024-07-01,BUKIT BATOK,5 ROOM,443A,BT BATOK WEST AVE 8,01 TO 03,112.0,Improved,2019,93 years 10 months,680000.0
2024-07-01,BUKIT BATOK,5 ROOM,442C,BT BATOK WEST AVE 8,01 TO 03,112.0,Improved,2019,93 years 09 months,680000.0
2024-07-01,BUKIT BATOK,5 ROOM,439B,BT BATOK WEST AVE 8,13 TO 15,113.0,Improved,2020,94 years 08 months,800000.0
2024-07-01,BUKIT BATOK,5 ROOM,443B,BT BATOK WEST AVE 8,01 TO 03,112.0,Improved,2019,93 years 10 months,680000.0
2024-07-01,BUKIT BATOK,5 ROOM,461D,BT BATOK WEST AVE 8,13 TO 15,114.0,Improved,2019,94 years 03 months,813888.0
2024-07-01,BUKIT BATOK,5 ROOM,442B,BT BATOK WEST AVE 8,10 TO 12,112.0,Improved,2019,93 years 09 months,795000.0
2024-07-01,BUKIT BATOK,5 ROOM,439C,BT BATOK WEST AVE 8,04 TO 06,113.0,Improved,2020,94 years 08 months,770000.0
2024-07-01,BUKIT BATOK,5 ROOM,461C,BT BATOK WEST AVE 8,10 TO 12,114.0,Improved,2019,94 years 03 months,823000.0
2024-07-01,BUKIT BATOK,5 ROOM,442B,BT BATOK WEST AVE 8,07 TO 09,112.0,Improved,2019,93 years 09 months,758000.0
2024-07-01,BUKIT BATOK,5 ROOM,440D,BT BATOK WEST AVE 8,04 TO 06,112.0,Improved,2019,93 years 08 months,698888.0
2024-07-01,BUKIT BATOK,5 ROOM,441B,BT BATOK WEST AVE 8,10 TO 12,112.0,Improved,2019,93 years 09 months,828888.0
2024-07-01,BUKIT BATOK,5 ROOM,461D,BT BATOK WEST AVE 8,07 TO 09,114.0,Improved,2019,94 years 03 months,800000.0
2024-07-01,BUKIT BATOK,5 ROOM,440C,BT BATOK WEST AVE 8,07 TO 09,112.0,Improved,2019,93 years 08 months,750000.0
2024-07-01,BUKIT BATOK,5 ROOM,461A,BT BATOK WEST AVE 8,04 TO 06,121.0,3Gen,2019,94 years 02 months,790000.0
2024-07-01,BUKIT BATOK,5 ROOM,445A,BT BATOK WEST AVE 8,07 TO 09,112.0,Improved,2019,93 years 06 months,839888.0
2024-07-01,BUKIT BATOK,EXECUTIVE,120,BT BATOK CTRL,13 TO 15,148.0,Apartment,1985,59 years 10 months,950000.0
2024-07-01,BUKIT BATOK,EXECUTIVE,627,BT BATOK CTRL,07 TO 09,140.0,Maisonette,1997,72 years 03 months,960000.0
2024-07-01,BUKIT BATOK,EXECUTIVE,288A,BT BATOK ST 25,07 TO 09,144.0,Apartment,1997,72 years 06 months,1050000.0
2024-07-01,BUKIT BATOK,EXECUTIVE,330,BT BATOK ST 33,13 TO 15,146.0,Maisonette,1986,61 years 03 months,820000.0
2024-07-01,BUKIT BATOK,EXECUTIVE,526,BT BATOK ST 51,07 TO 09,146.0,Maisonette,1986,61 years 02 months,828000.0
2024-07-01,BUKIT BATOK,EXECUTIVE,535,BT BATOK ST 52,07 TO 09,146.0,Maisonette,1987,61 years 07 months,840000.0
2024-07-01,BUKIT BATOK,EXECUTIVE,542,BT BATOK ST 52,07 TO 09,152.0,Maisonette,1986,61 years 05 months,835000.0
2024-07-01,BUKIT BATOK,EXECUTIVE,524,BT BATOK ST 52,07 TO 09,152.0,Maisonette,1987,61 years 07 months,930000.0
2024-07-01,BUKIT BATOK,EXECUTIVE,406,BT BATOK WEST AVE 7,01 TO 03,145.0,Apartment,1993,67 years 10 months,800000.0
2024-07-01,BUKIT MERAH,1 ROOM,7,TELOK BLANGAH CRES,01 TO 03,31.0,Improved,1975,49 years 10 months,245000.0
2024-07-01,BUKIT MERAH,2 ROOM,127A,KIM TIAN RD,04 TO 06,47.0,Model A,2013,87 years 08 months,483000.0
2024-07-01,BUKIT MERAH,2 ROOM,12,TAMAN HO SWEE,04 TO 06,49.0,Standard,1970,44 years 07 months,315888.0
2024-07-01,BUKIT MERAH,2 ROOM,45,TELOK BLANGAH DR,07 TO 09,45.0,Improved,1976,50 years 07 months,300000.0
2024-07-01,BUKIT MERAH,2 ROOM,45,TELOK BLANGAH DR,07 TO 09,45.0,Improved,1976,50 years 07 months,330000.0
2024-07-01,BUKIT MERAH,3 ROOM,24,BEO CRES,10 TO 12,68.0,Standard,1971,46 years 01 month,435000.0
2024-07-01,BUKIT MERAH,3 ROOM,130,BT MERAH VIEW,10 TO 12,65.0,Improved,1973,48 years 02 months,415000.0
2024-07-01,BUKIT MERAH,3 ROOM,130,BT MERAH VIEW,07 TO 09,65.0,Improved,1973,48 years 01 month,420000.0
2024-07-01,BUKIT MERAH,3 ROOM,129,BT MERAH VIEW,13 TO 15,65.0,Improved,1973,48 years,413000.0
2024-07-01,BUKIT MERAH,3 ROOM,108,BT PURMEI RD,10 TO 12,75.0,Model A,1984,59 years 01 month,525000.0
2024-07-01,BUKIT MERAH,3 ROOM,12,CANTONMENT CL,01 TO 03,60.0,Model A,2003,77 years 08 months,655000.0
2024-07-01,BUKIT MERAH,3 ROOM,7,EVERTON PK,01 TO 03,86.0,New Generation,1980,55 years 04 months,610000.0
2024-07-01,BUKIT MERAH,3 ROOM,1,EVERTON PK,04 TO 06,82.0,New Generation,1980,55 years 05 months,595000.0
2024-07-01,BUKIT MERAH,3 ROOM,95B,HENDERSON RD,13 TO 15,68.0,Model A,2019,93 years 11 months,708000.0
2024-07-01,BUKIT MERAH,3 ROOM,95A,HENDERSON RD,04 TO 06,68.0,Model A,2019,94 years,685000.0
2024-07-01,BUKIT MERAH,3 ROOM,95A,HENDERSON RD,31 TO 33,68.0,Model A,2019,93 years 11 months,800000.0
2024-07-01,BUKIT MERAH,3 ROOM,95B,HENDERSON RD,22 TO 24,68.0,Model A,2019,93 years 11 months,695000.0
2024-07-01,BUKIT MERAH,3 ROOM,144,JLN BT MERAH,01 TO 03,67.0,New Generation,1981,56 years 04 months,408000.0
2024-07-01,BUKIT MERAH,3 ROOM,107,JLN BT MERAH,07 TO 09,63.0,Standard,1970,44 years 06 months,353000.0
2024-07-01,BUKIT MERAH,3 ROOM,1,JLN BT MERAH,07 TO 09,64.0,Improved,1983,57 years 09 months,375888.0
2024-07-01,BUKIT MERAH,3 ROOM,30,JLN KLINIK,10 TO 12,67.0,Standard,1969,44 years 01 month,430000.0
2024-07-01,BUKIT MERAH,3 ROOM,37,JLN RUMAH TINGGI,04 TO 06,53.0,Standard,1969,44 years 01 month,310000.0
2024-07-01,BUKIT MERAH,3 ROOM,38,KIM PONG RD,01 TO 03,88.0,Standard,1974,48 years 07 months,770000.0
2024-07-01,BUKIT MERAH,3 ROOM,130,KIM TIAN RD,01 TO 03,65.0,Improved,1976,50 years 08 months,360000.0
2024-07-01,BUKIT MERAH,3 ROOM,23,LIM LIAK ST,01 TO 03,75.0,Standard,1973,47 years 07 months,735000.0
2024-07-01,BUKIT MERAH,3 ROOM,22,TELOK BLANGAH CRES,13 TO 15,59.0,Improved,1975,50 years,350000.0
2024-07-01,BUKIT MERAH,3 ROOM,10,TELOK BLANGAH CRES,07 TO 09,72.0,Improved,1975,49 years 10 months,358000.0
2024-07-01,BUKIT MERAH,3 ROOM,6,TELOK BLANGAH CRES,01 TO 03,65.0,Improved,1975,49 years 07 months,378000.0
2024-07-01,BUKIT MERAH,3 ROOM,65,TELOK BLANGAH DR,01 TO 03,67.0,New Generation,1978,53 years 01 month,391000.0
2024-07-01,BUKIT MERAH,3 ROOM,42,TELOK BLANGAH RISE,01 TO 03,70.0,Improved,1976,51 years,378000.0
2024-07-01,BUKIT MERAH,3 ROOM,28,TELOK BLANGAH RISE,07 TO 09,70.0,Improved,1976,50 years 11 months,412000.0
2024-07-01,BUKIT MERAH,3 ROOM,38,TELOK BLANGAH RISE,04 TO 06,60.0,Improved,1976,51 years 04 months,300000.0
2024-07-01,BUKIT MERAH,3 ROOM,28,TELOK BLANGAH RISE,01 TO 03,59.0,Improved,1976,50 years 10 months,340000.0
2024-07-01,BUKIT MERAH,3 ROOM,42,TELOK BLANGAH RISE,13 TO 15,59.0,Improved,1976,50 years 09 months,375000.0
2024-07-01,BUKIT MERAH,3 ROOM,32,TELOK BLANGAH RISE,10 TO 12,70.0,Improved,1976,50 years 10 months,418000.0
2024-07-01,BUKIT MERAH,3 ROOM,93B,TELOK BLANGAH ST 31,07 TO 09,68.0,Model A,2018,93 years 06 months,682000.0
2024-07-01,BUKIT MERAH,3 ROOM,90A,TELOK BLANGAH ST 31,22 TO 24,68.0,Model A,2018,93 years 06 months,710000.0
2024-07-01,BUKIT MERAH,3 ROOM,92A,TELOK BLANGAH ST 31,10 TO 12,68.0,Model A,2018,93 years 06 months,702888.0
2024-07-01,BUKIT MERAH,3 ROOM,92B,TELOK BLANGAH ST 31,07 TO 09,68.0,Model A,2018,93 years 05 months,668000.0
2024-07-01,BUKIT MERAH,3 ROOM,20,TIONG BAHRU RD,04 TO 06,88.0,Standard,1973,47 years 07 months,800000.0
2024-07-01,BUKIT MERAH,3 ROOM,22,TIONG BAHRU RD,01 TO 03,88.0,Standard,1973,47 years 07 months,732000.0
2024-07-01,BUKIT MERAH,4 ROOM,10B,BOON TIONG RD,28 TO 30,87.0,Model A,2016,90 years 07 months,1210000.0
2024-07-01,BUKIT MERAH,4 ROOM,9B,BOON TIONG RD,10 TO 12,92.0,Model A,2016,90 years 07 months,1100000.0
2024-07-01,BUKIT MERAH,4 ROOM,4B,BOON TIONG RD,16 TO 18,100.0,Model A,2005,80 years 04 months,1030000.0
2024-07-01,BUKIT MERAH,4 ROOM,107,BT PURMEI RD,10 TO 12,97.0,New Generation,1983,57 years 07 months,612000.0
2024-07-01,BUKIT MERAH,4 ROOM,105A,DEPOT RD,07 TO 09,92.0,Model A,2017,92 years 05 months,805000.0
2024-07-01,BUKIT MERAH,4 ROOM,110A,DEPOT RD,04 TO 06,92.0,Model A,2017,92 years 05 months,780000.0
2024-07-01,BUKIT MERAH,4 ROOM,55,HAVELOCK RD,04 TO 06,94.0,Model A,2013,87 years 11 months,931000.0
2024-07-01,BUKIT MERAH,4 ROOM,56,HAVELOCK RD,16 TO 18,94.0,Model A,2013,87 years 11 months,1058000.0
2024-07-01,BUKIT MERAH,4 ROOM,56,HAVELOCK RD,01 TO 03,94.0,Model A,2013,87 years 11 months,850000.0
2024-07-01,BUKIT MERAH,4 ROOM,53,HAVELOCK RD,19 TO 21,94.0,Model A,2013,87 years 11 months,1050000.0
2024-07-01,BUKIT MERAH,4 ROOM,56,HAVELOCK RD,37 TO 39,94.0,Model A,2013,87 years 11 months,1168000.0
2024-07-01,BUKIT MERAH,4 ROOM,95B,HENDERSON RD,19 TO 21,93.0,Model A,2019,93 years 11 months,1050000.0
2024-07-01,BUKIT MERAH,4 ROOM,95C,HENDERSON RD,19 TO 21,93.0,Model A,2019,93 years 11 months,1036888.0
2024-07-01,BUKIT MERAH,4 ROOM,50,HOY FATT RD,07 TO 09,84.0,Simplified,1987,61 years 06 months,628000.0
2024-07-01,BUKIT MERAH,4 ROOM,135,JLN BT MERAH,10 TO 12,107.0,Model A,1997,71 years 07 months,740000.0
2024-07-01,BUKIT MERAH,4 ROOM,27A,JLN MEMBINA,16 TO 18,90.0,Model A,2008,83 years 06 months,875000.0
2024-07-01,BUKIT MERAH,4 ROOM,118A,JLN MEMBINA,13 TO 15,92.0,Model A,2003,77 years 07 months,850000.0
2024-07-01,BUKIT MERAH,4 ROOM,118A,JLN MEMBINA,01 TO 03,91.0,Model A,2003,77 years 08 months,828000.0
2024-07-01,BUKIT MERAH,4 ROOM,21,JLN MEMBINA,01 TO 03,90.0,Model A,2003,78 years 03 months,830000.0
2024-07-01,BUKIT MERAH,4 ROOM,27B,JLN MEMBINA,01 TO 03,90.0,Model A,2008,83 years 03 months,930000.0
2024-07-01,BUKIT MERAH,4 ROOM,26D,JLN MEMBINA,01 TO 03,90.0,Model A,2009,83 years 06 months,898000.0
2024-07-01,BUKIT MERAH,4 ROOM,27A,JLN MEMBINA,10 TO 12,85.0,Model A,2008,83 years 05 months,915000.0
2024-07-01,BUKIT MERAH,4 ROOM,120A,KIM TIAN PL,22 TO 24,100.0,Model A,2001,75 years 08 months,988000.0
2024-07-01,BUKIT MERAH,4 ROOM,126C,KIM TIAN RD,16 TO 18,93.0,Model A,2013,87 years 09 months,945000.0
2024-07-01,BUKIT MERAH,4 ROOM,129,KIM TIAN RD,01 TO 03,88.0,Improved,1976,50 years 07 months,555000.0
2024-07-01,BUKIT MERAH,4 ROOM,119C,KIM TIAN RD,10 TO 12,92.0,Model A,2003,77 years 11 months,858000.0
2024-07-01,BUKIT MERAH,4 ROOM,63B,LENGKOK BAHRU,07 TO 09,100.0,Model A,2001,76 years 05 months,883888.0
2024-07-01,BUKIT MERAH,4 ROOM,75C,REDHILL RD,10 TO 12,100.0,Model A,2007,81 years 07 months,936000.0
2024-07-01,BUKIT MERAH,4 ROOM,75C,REDHILL RD,13 TO 15,100.0,Model A,2007,81 years 07 months,950000.0
2024-07-01,BUKIT MERAH,4 ROOM,24,TELOK BLANGAH CRES,04 TO 06,82.0,Improved,1975,49 years 11 months,490000.0
2024-07-01,BUKIT MERAH,4 ROOM,17A,TELOK BLANGAH CRES,10 TO 12,99.0,Model A,2002,76 years 07 months,742000.0
2024-07-01,BUKIT MERAH,4 ROOM,51,TELOK BLANGAH DR,07 TO 09,92.0,New Generation,1978,53 years 01 month,580000.0
2024-07-01,BUKIT MERAH,4 ROOM,58,TELOK BLANGAH HTS,04 TO 06,91.0,New Generation,1976,51 years 03 months,560888.0
2024-07-01,BUKIT MERAH,4 ROOM,69,TELOK BLANGAH HTS,13 TO 15,91.0,New Generation,1978,52 years 07 months,595000.0
2024-07-01,BUKIT MERAH,4 ROOM,70A,TELOK BLANGAH HTS,07 TO 09,93.0,Model A,2017,91 years 11 months,900000.0
2024-07-01,BUKIT MERAH,4 ROOM,85,TELOK BLANGAH HTS,25 TO 27,90.0,Model A,2003,77 years 09 months,742888.0
2024-07-01,BUKIT MERAH,4 ROOM,70C,TELOK BLANGAH HTS,10 TO 12,93.0,Model A,2017,91 years 11 months,880000.0
2024-07-01,BUKIT MERAH,4 ROOM,70A,TELOK BLANGAH HTS,19 TO 21,93.0,Model A,2017,91 years 10 months,910888.0
2024-07-01,BUKIT MERAH,4 ROOM,70A,TELOK BLANGAH HTS,10 TO 12,93.0,Model A,2017,91 years 11 months,898000.0
2024-07-01,BUKIT MERAH,4 ROOM,93B,TELOK BLANGAH ST 31,16 TO 18,93.0,Model A,2018,93 years 06 months,923888.0
2024-07-01,BUKIT MERAH,4 ROOM,93B,TELOK BLANGAH ST 31,07 TO 09,93.0,Model A,2018,93 years 06 months,860000.0
2024-07-01,BUKIT MERAH,4 ROOM,90A,TELOK BLANGAH ST 31,04 TO 06,93.0,Model A,2018,93 years 06 months,900000.0
2024-07-01,BUKIT MERAH,4 ROOM,90B,TELOK BLANGAH ST 31,22 TO 24,93.0,Model A,2018,93 years 06 months,950000.0
2024-07-01,BUKIT MERAH,4 ROOM,92B,TELOK BLANGAH ST 31,19 TO 21,93.0,Model A,2018,93 years 06 months,932888.0
2024-07-01,BUKIT MERAH,4 ROOM,93A,TELOK BLANGAH ST 31,16 TO 18,93.0,Model A,2018,93 years 06 months,923000.0
2024-07-01,BUKIT MERAH,4 ROOM,93A,TELOK BLANGAH ST 31,10 TO 12,93.0,Model A,2018,93 years 06 months,928000.0
2024-07-01,BUKIT MERAH,4 ROOM,90A,TELOK BLANGAH ST 31,16 TO 18,93.0,Model A,2018,93 years 05 months,958000.0
2024-07-01,BUKIT MERAH,4 ROOM,93A,TELOK BLANGAH ST 31,04 TO 06,93.0,Model A,2018,93 years 05 months,870000.0
2024-07-01,BUKIT MERAH,4 ROOM,34,TELOK BLANGAH WAY,10 TO 12,82.0,Improved,1976,50 years 10 months,510000.0
2024-07-01,BUKIT MERAH,5 ROOM,124A,BT MERAH VIEW,01 TO 03,127.0,Improved,1996,71 years 03 months,1045000.0
2024-07-01,BUKIT MERAH,5 ROOM,114,BT PURMEI RD,13 TO 15,157.0,Model A,1985,59 years 09 months,970000.0
2024-07-01,BUKIT MERAH,5 ROOM,53,HAVELOCK RD,37 TO 39,114.0,Improved,2013,87 years 10 months,1378888.0
2024-07-01,BUKIT MERAH,5 ROOM,95C,HENDERSON RD,22 TO 24,113.0,Improved,2019,93 years 10 months,1400000.0
2024-07-01,BUKIT MERAH,5 ROOM,19,JLN MEMBINA,07 TO 09,110.0,Improved,2003,78 years 04 months,1143000.0
2024-07-01,BUKIT MERAH,5 ROOM,120A,KIM TIAN PL,04 TO 06,114.0,Improved,2001,75 years 08 months,1050000.0
2024-07-01,BUKIT MERAH,5 ROOM,119B,KIM TIAN RD,25 TO 27,110.0,Improved,2002,77 years 06 months,1100000.0
2024-07-01,BUKIT MERAH,5 ROOM,127D,KIM TIAN RD,01 TO 03,113.0,Improved,2013,87 years 07 months,1230000.0
2024-07-01,BUKIT MERAH,5 ROOM,63A,LENGKOK BAHRU,07 TO 09,115.0,Improved,2001,76 years 05 months,1038000.0
2024-07-01,BUKIT MERAH,5 ROOM,70,REDHILL CL,13 TO 15,115.0,Improved,2001,76 years 01 month,1100000.0
2024-07-01,BUKIT MERAH,5 ROOM,83,REDHILL LANE,04 TO 06,129.0,Improved,1996,71 years 04 months,1050000.0
2024-07-01,BUKIT MERAH,5 ROOM,75C,REDHILL RD,25 TO 27,115.0,Improved,2007,81 years 07 months,1148000.0
2024-07-01,BUKIT MERAH,5 ROOM,74A,REDHILL RD,07 TO 09,115.0,Improved,2005,80 years 05 months,1150000.0
2024-07-01,BUKIT MERAH,5 ROOM,74A,REDHILL RD,16 TO 18,115.0,Improved,2005,80 years 04 months,1130000.0
2024-07-01,BUKIT MERAH,5 ROOM,103,SPOTTISWOODE PK RD,01 TO 03,123.0,Standard,1979,54 years 03 months,805000.0
2024-07-01,BUKIT MERAH,5 ROOM,14,TELOK BLANGAH CRES,01 TO 03,120.0,Improved,1999,74 years 04 months,788888.0
2024-07-01,BUKIT MERAH,5 ROOM,52,TELOK BLANGAH DR,01 TO 03,118.0,Standard,1978,52 years 06 months,722000.0
2024-07-01,BUKIT PANJANG,2 ROOM,547D,SEGAR RD,01 TO 03,47.0,Model A,2015,90 years 01 month,315000.0
2024-07-01,BUKIT PANJANG,2 ROOM,547C,SEGAR RD,16 TO 18,47.0,2-room,2015,90 years 01 month,342000.0
2024-07-01,BUKIT PANJANG,2 ROOM,488,SEGAR RD,10 TO 12,47.0,Model A,2014,89 years 06 months,313000.0
2024-07-01,BUKIT PANJANG,3 ROOM,442B,FAJAR RD,10 TO 12,68.0,Model A,2016,91 years 06 months,463000.0
2024-07-01,BUKIT PANJANG,3 ROOM,443A,FAJAR RD,07 TO 09,68.0,Model A,2016,91 years 06 months,458000.0
2024-07-01,BUKIT PANJANG,3 ROOM,229,PENDING RD,10 TO 12,73.0,Model A,1988,63 years 06 months,420888.0
2024-07-01,BUKIT PANJANG,3 ROOM,119,PENDING RD,01 TO 03,64.0,Simplified,1988,63 years 05 months,365000.0
2024-07-01,BUKIT PANJANG,3 ROOM,227,PENDING RD,01 TO 03,73.0,Model A,1989,63 years 08 months,400000.0
2024-07-01,BUKIT PANJANG,3 ROOM,118,PENDING RD,01 TO 03,73.0,Model A,1988,62 years 11 months,388000.0
2024-07-01,BUKIT PANJANG,3 ROOM,123,PENDING RD,01 TO 03,73.0,Model A,1988,63 years 04 months,385000.0
2024-07-01,BUKIT PANJANG,3 ROOM,219,PETIR RD,04 TO 06,73.0,Model A,1988,62 years 09 months,405000.0
2024-07-01,BUKIT PANJANG,3 ROOM,550A,SEGAR RD,10 TO 12,67.0,Model A,2015,90 years 06 months,470000.0
2024-07-01,BUKIT PANJANG,3 ROOM,486,SEGAR RD,10 TO 12,67.0,Model A,2014,89 years 06 months,453000.0
2024-07-01,BUKIT PANJANG,3 ROOM,547C,SEGAR RD,07 TO 09,67.0,Model A,2015,90 years 02 months,470888.0
2024-07-01,BUKIT PANJANG,3 ROOM,456,SEGAR RD,13 TO 15,68.0,Premium Apartment,2012,87 years 05 months,476800.0
2024-07-01,BUKIT PANJANG,3 ROOM,633D,SENJA RD,16 TO 18,67.0,Model A,2013,88 years 06 months,490000.0
2024-07-01,BUKIT PANJANG,4 ROOM,249,BANGKIT RD,04 TO 06,103.0,Model A,1989,63 years 07 months,485000.0
2024-07-01,BUKIT PANJANG,4 ROOM,273,BANGKIT RD,07 TO 09,104.0,Model A,1988,63 years 05 months,505000.0
2024-07-01,BUKIT PANJANG,4 ROOM,619,BT PANJANG RING RD,01 TO 03,90.0,Model A,2001,76 years 04 months,488000.0
2024-07-01,BUKIT PANJANG,4 ROOM,619,BT PANJANG RING RD,01 TO 03,90.0,Model A,2001,76 years 04 months,483000.0
2024-07-01,BUKIT PANJANG,4 ROOM,435,BT PANJANG RING RD,10 TO 12,84.0,Simplified,1988,63 years 06 months,475500.0
2024-07-01,BUKIT PANJANG,4 ROOM,242,BT PANJANG RING RD,04 TO 06,104.0,Model A,1988,63 years 06 months,500000.0
2024-07-01,BUKIT PANJANG,4 ROOM,240,BT PANJANG RING RD,10 TO 12,84.0,Simplified,1988,62 years 11 months,450000.0
2024-07-01,BUKIT PANJANG,4 ROOM,613,BT PANJANG RING RD,07 TO 09,90.0,Model A,2002,76 years 10 months,523000.0
2024-07-01,BUKIT PANJANG,4 ROOM,131,CASHEW RD,04 TO 06,103.0,Model A,1988,62 years 10 months,530000.0
2024-07-01,BUKIT PANJANG,4 ROOM,407,FAJAR RD,10 TO 12,104.0,Model A,1989,63 years 07 months,510000.0
2024-07-01,BUKIT PANJANG,4 ROOM,170,GANGSA RD,07 TO 09,101.0,Model A,1997,72 years 06 months,670000.0
2024-07-01,BUKIT PANJANG,4 ROOM,511,JELAPANG RD,10 TO 12,101.0,Model A,1998,72 years 11 months,535000.0
2024-07-01,BUKIT PANJANG,4 ROOM,508,JELAPANG RD,07 TO 09,90.0,Model A2,1998,73 years,485000.0
2024-07-01,BUKIT PANJANG,4 ROOM,508,JELAPANG RD,13 TO 15,94.0,Model A2,1998,72 years 11 months,510000.0
2024-07-01,BUKIT PANJANG,4 ROOM,514,JELAPANG RD,07 TO 09,102.0,Model A,1998,73 years 02 months,550000.0
2024-07-01,BUKIT PANJANG,4 ROOM,534,JELAPANG RD,01 TO 03,101.0,Model A,1999,73 years 11 months,505000.0
2024-07-01,BUKIT PANJANG,4 ROOM,509,JELAPANG RD,10 TO 12,93.0,Model A2,1998,72 years 10 months,500000.0
2024-07-01,BUKIT PANJANG,4 ROOM,512,JELAPANG RD,04 TO 06,100.0,Model A,1998,72 years 11 months,547000.0
2024-07-01,BUKIT PANJANG,4 ROOM,536,JELAPANG RD,13 TO 15,101.0,Model A,1999,73 years 10 months,530000.0
2024-07-01,BUKIT PANJANG,4 ROOM,176,LOMPANG RD,16 TO 18,101.0,Model A,1997,72 years 04 months,770000.0
2024-07-01,BUKIT PANJANG,4 ROOM,220,PETIR RD,10 TO 12,103.0,Model A,1989,63 years 08 months,526000.0
2024-07-01,BUKIT PANJANG,4 ROOM,168,PETIR RD,07 TO 09,102.0,Model A,1998,73 years 02 months,729000.0
2024-07-01,BUKIT PANJANG,4 ROOM,478,SEGAR RD,13 TO 15,92.0,Premium Apartment,2003,77 years 07 months,539000.0
2024-07-01,BUKIT PANJANG,4 ROOM,546A,SEGAR RD,07 TO 09,92.0,Model A,2015,90 years 01 month,588000.0
2024-07-01,BUKIT PANJANG,4 ROOM,482,SEGAR RD,04 TO 06,91.0,Premium Apartment,2002,77 years 05 months,460000.0
2024-07-01,BUKIT PANJANG,4 ROOM,458,SEGAR RD,07 TO 09,93.0,Premium Apartment,2012,87 years 05 months,565000.0
2024-07-01,BUKIT PANJANG,4 ROOM,483,SEGAR RD,04 TO 06,91.0,Premium Apartment,2002,77 years 03 months,493000.0
2024-07-01,BUKIT PANJANG,4 ROOM,546B,SEGAR RD,10 TO 12,92.0,Model A,2015,90 years,593888.0
2024-07-01,BUKIT PANJANG,4 ROOM,477,SEGAR RD,04 TO 06,92.0,Premium Apartment,2003,77 years 06 months,505000.0
2024-07-01,BUKIT PANJANG,4 ROOM,487,SEGAR RD,13 TO 15,93.0,Model A,2014,89 years 05 months,588000.0
2024-07-01,BUKIT PANJANG,4 ROOM,487,SEGAR RD,01 TO 03,93.0,Model A,2014,89 years 06 months,525000.0
2024-07-01,BUKIT PANJANG,4 ROOM,633D,SENJA RD,04 TO 06,93.0,Model A,2013,88 years 07 months,555000.0
2024-07-01,BUKIT PANJANG,4 ROOM,626,SENJA RD,28 TO 30,90.0,Premium Apartment,2005,79 years 09 months,590000.0
2024-07-01,BUKIT PANJANG,4 ROOM,629,SENJA RD,04 TO 06,90.0,Premium Apartment,2004,79 years 05 months,521000.0
2024-07-01,BUKIT PANJANG,4 ROOM,612,SENJA RD,01 TO 03,90.0,Model A,2002,76 years 10 months,468000.0
2024-07-01,BUKIT PANJANG,4 ROOM,633B,SENJA RD,10 TO 12,93.0,Model A,2013,88 years 06 months,610000.0
2024-07-01,BUKIT PANJANG,4 ROOM,605,SENJA RD,01 TO 03,99.0,Model A,1999,73 years 11 months,700000.0
2024-07-01,BUKIT PANJANG,5 ROOM,272,BANGKIT RD,10 TO 12,122.0,Improved,1988,63 years 06 months,610000.0
2024-07-01,BUKIT PANJANG,5 ROOM,613,BT PANJANG RING RD,04 TO 06,110.0,Improved,2002,76 years 11 months,662000.0
2024-07-01,BUKIT PANJANG,5 ROOM,241,BT PANJANG RING RD,04 TO 06,122.0,Improved,1988,63 years 01 month,610000.0
2024-07-01,BUKIT PANJANG,5 ROOM,241,BT PANJANG RING RD,07 TO 09,122.0,Improved,1988,63 years 02 months,688000.0
2024-07-01,BUKIT PANJANG,5 ROOM,244,BT PANJANG RING RD,01 TO 03,122.0,Improved,1988,63 years 05 months,599000.0
2024-07-01,BUKIT PANJANG,5 ROOM,438,FAJAR RD,04 TO 06,121.0,Improved,1989,64 years 05 months,605000.0
2024-07-01,BUKIT PANJANG,5 ROOM,443B,FAJAR RD,07 TO 09,113.0,Improved,2016,91 years 06 months,718000.0
2024-07-01,BUKIT PANJANG,5 ROOM,442,FAJAR RD,04 TO 06,117.0,Improved,1997,72 years 05 months,580000.0
2024-07-01,BUKIT PANJANG,5 ROOM,418,FAJAR RD,01 TO 03,123.0,Improved,1989,63 years 08 months,613000.0
2024-07-01,BUKIT PANJANG,5 ROOM,442C,FAJAR RD,04 TO 06,113.0,Improved,2016,91 years 05 months,716000.0
2024-07-01,BUKIT PANJANG,5 ROOM,437,FAJAR RD,10 TO 12,117.0,Improved,1997,72 years 02 months,640000.0
2024-07-01,BUKIT PANJANG,5 ROOM,438,FAJAR RD,07 TO 09,121.0,Improved,1989,64 years 04 months,618000.0
2024-07-01,BUKIT PANJANG,5 ROOM,442,FAJAR RD,07 TO 09,118.0,Improved,1997,72 years 05 months,608000.0
2024-07-01,BUKIT PANJANG,5 ROOM,153,GANGSA RD,04 TO 06,121.0,Improved,1998,73 years 05 months,686000.0
2024-07-01,BUKIT PANJANG,5 ROOM,152,GANGSA RD,10 TO 12,121.0,Improved,1998,73 years 05 months,730000.0
2024-07-01,BUKIT PANJANG,5 ROOM,506,JELAPANG RD,13 TO 15,120.0,Improved,1998,72 years 10 months,645000.0
2024-07-01,BUKIT PANJANG,5 ROOM,502,JELAPANG RD,04 TO 06,122.0,Improved,1998,72 years 08 months,640000.0
2024-07-01,BUKIT PANJANG,5 ROOM,502,JELAPANG RD,01 TO 03,124.0,Improved,1998,72 years 07 months,641000.0
2024-07-01,BUKIT PANJANG,5 ROOM,179,LOMPANG RD,04 TO 06,110.0,Improved,2001,76 years 06 months,688000.0
2024-07-01,BUKIT PANJANG,5 ROOM,202,PETIR RD,01 TO 03,132.0,Improved,1988,63 years 03 months,608000.0
2024-07-01,BUKIT PANJANG,5 ROOM,168,PETIR RD,13 TO 15,120.0,Improved,1998,73 years 02 months,838000.0
2024-07-01,BUKIT PANJANG,5 ROOM,466,SEGAR RD,10 TO 12,110.0,Premium Apartment,2002,76 years 11 months,540000.0
2024-07-01,BUKIT PANJANG,5 ROOM,549A,SEGAR RD,13 TO 15,113.0,Improved,2015,90 years 06 months,702000.0
2024-07-01,BUKIT PANJANG,5 ROOM,606,SENJA RD,13 TO 15,121.0,Improved,1999,73 years 10 months,820000.0
2024-07-01,BUKIT PANJANG,5 ROOM,612,SENJA RD,04 TO 06,110.0,Improved,2002,76 years 10 months,605000.0
2024-07-01,BUKIT PANJANG,5 ROOM,614,SENJA RD,01 TO 03,110.0,Improved,2002,76 years 09 months,568000.0
2024-07-01,BUKIT PANJANG,5 ROOM,605,SENJA RD,10 TO 12,121.0,Improved,1999,73 years 11 months,793000.0
2024-07-01,BUKIT PANJANG,5 ROOM,629,SENJA RD,22 TO 24,110.0,Premium Apartment,2004,79 years 04 months,652000.0
2024-07-01,BUKIT PANJANG,EXECUTIVE,617,BT PANJANG RING RD,19 TO 21,131.0,Apartment,2001,76 years 04 months,840000.0
2024-07-01,BUKIT PANJANG,EXECUTIVE,133A,CASHEW RD,01 TO 03,145.0,Maisonette,1989,63 years 10 months,879000.0
2024-07-01,BUKIT PANJANG,EXECUTIVE,532,JELAPANG RD,10 TO 12,142.0,Apartment,1999,73 years 08 months,928000.0
2024-07-01,BUKIT PANJANG,EXECUTIVE,474,SEGAR RD,04 TO 06,128.0,Premium Apartment,2003,77 years 06 months,650000.0
2024-07-01,BUKIT PANJANG,EXECUTIVE,651,SENJA LINK,10 TO 12,130.0,Premium Apartment,2001,76 years 04 months,800000.0
2024-07-01,BUKIT PANJANG,EXECUTIVE,654,SENJA RD,07 TO 09,130.0,Premium Apartment,2001,76 years 04 months,810000.0
2024-07-01,BUKIT PANJANG,EXECUTIVE,607,SENJA RD,19 TO 21,131.0,Apartment,2001,76 years 06 months,868888.0
2024-07-01,BUKIT TIMAH,3 ROOM,8,EMPRESS RD,01 TO 03,76.0,Improved,1976,50 years 10 months,485000.0
2024-07-01,BUKIT TIMAH,3 ROOM,4,QUEEN'S RD,07 TO 09,73.0,Improved,1974,48 years 10 months,475000.0
2024-07-01,BUKIT TIMAH,4 ROOM,6,FARRER RD,10 TO 12,91.0,Improved,1974,48 years 10 months,650000.0
2024-07-01,BUKIT TIMAH,4 ROOM,2,QUEEN'S RD,01 TO 03,89.0,Improved,1974,48 years 10 months,638888.0
2024-07-01,BUKIT TIMAH,5 ROOM,1,QUEEN'S RD,10 TO 12,120.0,Standard,1974,48 years 10 months,970000.0
2024-07-01,BUKIT TIMAH,EXECUTIVE,2,TOH YI DR,04 TO 06,146.0,Maisonette,1988,63 years 02 months,1280000.0
2024-07-01,BUKIT TIMAH,EXECUTIVE,3,TOH YI DR,04 TO 06,150.0,Maisonette,1988,63 years 02 months,1240000.0
2024-07-01,BUKIT TIMAH,EXECUTIVE,6,TOH YI DR,01 TO 03,146.0,Maisonette,1989,64 years 01 month,1190000.0
2024-07-01,CENTRAL AREA,3 ROOM,271,QUEEN ST,07 TO 09,60.0,Improved,1979,53 years 09 months,555888.0
2024-07-01,CENTRAL AREA,3 ROOM,10,SELEGIE RD,01 TO 03,56.0,Standard,1974,48 years 07 months,360000.0
2024-07-01,CENTRAL AREA,3 ROOM,9,SELEGIE RD,07 TO 09,56.0,Standard,1974,48 years 07 months,388000.0
2024-07-01,CENTRAL AREA,3 ROOM,9,SELEGIE RD,10 TO 12,58.0,Standard,1974,48 years 08 months,435000.0
2024-07-01,CENTRAL AREA,3 ROOM,3,TG PAGAR PLAZA,22 TO 24,59.0,Improved,1977,51 years 08 months,510000.0
2024-07-01,CENTRAL AREA,3 ROOM,2,TG PAGAR PLAZA,13 TO 15,59.0,Improved,1977,51 years 08 months,508000.0
2024-07-01,CENTRAL AREA,3 ROOM,1,TG PAGAR PLAZA,22 TO 24,59.0,Improved,1977,51 years 07 months,590000.0
2024-07-01,CENTRAL AREA,3 ROOM,2,TG PAGAR PLAZA,16 TO 18,59.0,Improved,1977,51 years 07 months,425000.0
2024-07-01,CENTRAL AREA,3 ROOM,34,UPP CROSS ST,13 TO 15,65.0,Improved,1975,49 years 11 months,480000.0
2024-07-01,CENTRAL AREA,4 ROOM,662,BUFFALO RD,10 TO 12,91.0,Improved,1982,56 years 11 months,578000.0
2024-07-01,CENTRAL AREA,4 ROOM,662,BUFFALO RD,13 TO 15,91.0,Improved,1982,56 years 10 months,602000.0
2024-07-01,CENTRAL AREA,4 ROOM,1E,CANTONMENT RD,28 TO 30,97.0,Type S1,2011,85 years 07 months,1250000.0
2024-07-01,CENTRAL AREA,4 ROOM,1E,CANTONMENT RD,37 TO 39,95.0,Type S1,2011,85 years 07 months,1400000.0
2024-07-01,CENTRAL AREA,4 ROOM,1E,CANTONMENT RD,04 TO 06,94.0,Type S1,2011,85 years 06 months,1150000.0
2024-07-01,CENTRAL AREA,4 ROOM,26,JLN BERSEH,07 TO 09,87.0,Improved,1979,53 years 11 months,600000.0
2024-07-01,CENTRAL AREA,4 ROOM,671A,KLANG LANE,16 TO 18,85.0,Model A,2003,77 years 08 months,680000.0
2024-07-01,CENTRAL AREA,4 ROOM,334,KRETA AYER RD,10 TO 12,83.0,Improved,1981,55 years 09 months,698000.0
2024-07-01,CENTRAL AREA,4 ROOM,334,KRETA AYER RD,07 TO 09,83.0,Improved,1981,55 years 09 months,768000.0
2024-07-01,CENTRAL AREA,4 ROOM,7,TG PAGAR PLAZA,04 TO 06,83.0,Improved,1980,54 years 11 months,780000.0
2024-07-01,CENTRAL AREA,5 ROOM,34,UPP CROSS ST,13 TO 15,130.0,Adjoined flat,1975,49 years 11 months,850000.0
2024-07-01,CHOA CHU KANG,3 ROOM,807A,CHOA CHU KANG AVE 1,10 TO 12,67.0,Model A,2017,91 years 09 months,477000.0
2024-07-01,CHOA CHU KANG,3 ROOM,476A,CHOA CHU KANG AVE 5,10 TO 12,67.0,Model A,2013,88 years 01 month,455000.0
2024-07-01,CHOA CHU KANG,3 ROOM,802A,KEAT HONG CL,04 TO 06,67.0,Model A,2018,92 years 08 months,460000.0
2024-07-01,CHOA CHU KANG,3 ROOM,1,TECK WHYE AVE,10 TO 12,74.0,Model A,1984,59 years 04 months,392000.0
2024-07-01,CHOA CHU KANG,3 ROOM,166A,TECK WHYE CRES,22 TO 24,68.0,Model A,2015,89 years 08 months,486000.0
2024-07-01,CHOA CHU KANG,3 ROOM,166A,TECK WHYE CRES,19 TO 21,68.0,Model A,2015,89 years 07 months,441800.0
2024-07-01,CHOA CHU KANG,3 ROOM,105,TECK WHYE LANE,07 TO 09,73.0,Model A,1989,64 years 03 months,400000.0
2024-07-01,CHOA CHU KANG,4 ROOM,202,CHOA CHU KANG AVE 1,04 TO 06,115.0,Model A,1989,64 years 06 months,550000.0
2024-07-01,CHOA CHU KANG,4 ROOM,818B,CHOA CHU KANG AVE 1,16 TO 18,92.0,Model A,2017,92 years 03 months,615000.0
2024-07-01,CHOA CHU KANG,4 ROOM,808C,CHOA CHU KANG AVE 1,10 TO 12,92.0,Model A,2017,91 years 10 months,612888.0
2024-07-01,CHOA CHU KANG,4 ROOM,809A,CHOA CHU KANG AVE 1,04 TO 06,92.0,Model A,2017,91 years 10 months,550000.0
2024-07-01,CHOA CHU KANG,4 ROOM,294,CHOA CHU KANG AVE 2,04 TO 06,103.0,Model A,1990,64 years 11 months,530000.0
2024-07-01,CHOA CHU KANG,4 ROOM,297D,CHOA CHU KANG AVE 2,07 TO 09,102.0,Premium Apartment,1999,74 years,492000.0
2024-07-01,CHOA CHU KANG,4 ROOM,248,CHOA CHU KANG AVE 2,10 TO 12,104.0,Model A,1993,67 years 11 months,530000.0
2024-07-01,CHOA CHU KANG,4 ROOM,280,CHOA CHU KANG AVE 3,04 TO 06,112.0,Model A,1992,67 years 01 month,545000.0
2024-07-01,CHOA CHU KANG,4 ROOM,293,CHOA CHU KANG AVE 3,01 TO 03,112.0,Model A,1993,68 years,540000.0
2024-07-01,CHOA CHU KANG,4 ROOM,290,CHOA CHU KANG AVE 3,10 TO 12,106.0,Model A,1993,68 years,545000.0
2024-07-01,CHOA CHU KANG,4 ROOM,423,CHOA CHU KANG AVE 4,10 TO 12,104.0,Model A,1992,67 years 01 month,540000.0
2024-07-01,CHOA CHU KANG,4 ROOM,443,CHOA CHU KANG AVE 4,13 TO 15,101.0,Model A2,1997,71 years 10 months,520000.0
2024-07-01,CHOA CHU KANG,4 ROOM,449,CHOA CHU KANG AVE 4,10 TO 12,104.0,Premium Apartment,2000,74 years 08 months,515000.0
2024-07-01,CHOA CHU KANG,4 ROOM,433,CHOA CHU KANG AVE 4,10 TO 12,107.0,Model A,1993,67 years 11 months,538000.0
2024-07-01,CHOA CHU KANG,4 ROOM,307,CHOA CHU KANG AVE 4,10 TO 12,106.0,Model A,1993,68 years,565000.0
2024-07-01,CHOA CHU KANG,4 ROOM,421,CHOA CHU KANG AVE 4,01 TO 03,104.0,Model A,1992,66 years 11 months,525000.0
2024-07-01,CHOA CHU KANG,4 ROOM,427,CHOA CHU KANG AVE 4,01 TO 03,104.0,Model A,1992,67 years 01 month,497000.0
2024-07-01,CHOA CHU KANG,4 ROOM,447,CHOA CHU KANG AVE 4,10 TO 12,100.0,Model A,1997,72 years,505000.0
2024-07-01,CHOA CHU KANG,4 ROOM,463,CHOA CHU KANG AVE 4,04 TO 06,104.0,Premium Apartment,2000,74 years 09 months,501000.0
2024-07-01,CHOA CHU KANG,4 ROOM,441,CHOA CHU KANG AVE 4,10 TO 12,106.0,Model A,1993,68 years,521000.0
2024-07-01,CHOA CHU KANG,4 ROOM,460,CHOA CHU KANG AVE 4,16 TO 18,103.0,Premium Apartment,2000,74 years 10 months,492000.0
2024-07-01,CHOA CHU KANG,4 ROOM,476B,CHOA CHU KANG AVE 5,04 TO 06,92.0,Model A,2013,88 years 02 months,520000.0
2024-07-01,CHOA CHU KANG,4 ROOM,488A,CHOA CHU KANG AVE 5,01 TO 03,93.0,Model A,2016,91 years 01 month,510000.0
2024-07-01,CHOA CHU KANG,4 ROOM,487A,CHOA CHU KANG AVE 5,04 TO 06,93.0,Model A,2016,91 years,528000.0
2024-07-01,CHOA CHU KANG,4 ROOM,484D,CHOA CHU KANG AVE 5,13 TO 15,100.0,Model A,1999,73 years 10 months,540000.0
2024-07-01,CHOA CHU KANG,4 ROOM,815B,CHOA CHU KANG AVE 7,19 TO 21,93.0,Model A,2017,91 years 10 months,648000.0
2024-07-01,CHOA CHU KANG,4 ROOM,815C,CHOA CHU KANG AVE 7,01 TO 03,93.0,Model A,2017,91 years 09 months,537500.0
2024-07-01,CHOA CHU KANG,4 ROOM,810B,CHOA CHU KANG AVE 7,07 TO 09,93.0,Model A,2017,92 years 05 months,600000.0
2024-07-01,CHOA CHU KANG,4 ROOM,659,CHOA CHU KANG CRES,04 TO 06,104.0,Premium Apartment,1999,73 years 10 months,520000.0
2024-07-01,CHOA CHU KANG,4 ROOM,669,CHOA CHU KANG CRES,01 TO 03,103.0,Premium Apartment,1999,74 years 04 months,488000.0
2024-07-01,CHOA CHU KANG,4 ROOM,683C,CHOA CHU KANG CRES,10 TO 12,90.0,Model A,2002,77 years 02 months,505000.0
2024-07-01,CHOA CHU KANG,4 ROOM,686C,CHOA CHU KANG CRES,07 TO 09,85.0,Model A2,2002,77 years 04 months,480000.0
2024-07-01,CHOA CHU KANG,4 ROOM,685A,CHOA CHU KANG CRES,01 TO 03,91.0,Model A,2002,77 years 03 months,486000.0
2024-07-01,CHOA CHU KANG,4 ROOM,670A,CHOA CHU KANG CRES,10 TO 12,104.0,Premium Apartment,1999,74 years 06 months,500000.0
2024-07-01,CHOA CHU KANG,4 ROOM,684C,CHOA CHU KANG CRES,07 TO 09,90.0,Model A,2002,77 years 04 months,495000.0
2024-07-01,CHOA CHU KANG,4 ROOM,685A,CHOA CHU KANG CRES,13 TO 15,90.0,Model A,2002,77 years 03 months,490000.0
2024-07-01,CHOA CHU KANG,4 ROOM,219,CHOA CHU KANG CTRL,01 TO 03,105.0,Model A,1990,64 years 08 months,520000.0
2024-07-01,CHOA CHU KANG,4 ROOM,210,CHOA CHU KANG CTRL,01 TO 03,112.0,Model A,1990,64 years 08 months,565000.0
2024-07-01,CHOA CHU KANG,4 ROOM,225,CHOA CHU KANG CTRL,01 TO 03,104.0,Model A,1993,67 years 11 months,495000.0
2024-07-01,CHOA CHU KANG,4 ROOM,355,CHOA CHU KANG CTRL,10 TO 12,104.0,Model A,1993,67 years 11 months,590000.0
2024-07-01,CHOA CHU KANG,4 ROOM,353,CHOA CHU KANG CTRL,04 TO 06,104.0,Model A,1993,67 years 11 months,550000.0
2024-07-01,CHOA CHU KANG,4 ROOM,355,CHOA CHU KANG CTRL,10 TO 12,104.0,Model A,1993,67 years 11 months,600000.0
2024-07-01,CHOA CHU KANG,4 ROOM,220,CHOA CHU KANG CTRL,01 TO 03,105.0,Model A,1990,64 years 08 months,500000.0
2024-07-01,CHOA CHU KANG,4 ROOM,213,CHOA CHU KANG CTRL,01 TO 03,104.0,Model A,1989,63 years 09 months,475000.0
2024-07-01,CHOA CHU KANG,4 ROOM,212,CHOA CHU KANG CTRL,10 TO 12,104.0,Model A,1989,63 years 11 months,535000.0
2024-07-01,CHOA CHU KANG,4 ROOM,785,CHOA CHU KANG DR,16 TO 18,111.0,Model A,1997,71 years 06 months,585000.0
2024-07-01,CHOA CHU KANG,4 ROOM,687A,CHOA CHU KANG DR,01 TO 03,90.0,Model A,2002,76 years 11 months,437000.0
2024-07-01,CHOA CHU KANG,4 ROOM,617,CHOA CHU KANG NTH 7,10 TO 12,107.0,Model A,1996,70 years 11 months,555000.0
2024-07-01,CHOA CHU KANG,4 ROOM,505,CHOA CHU KANG ST 51,10 TO 12,108.0,Model A,1994,69 years 05 months,520000.0
2024-07-01,CHOA CHU KANG,4 ROOM,570,CHOA CHU KANG ST 52,10 TO 12,92.0,Model A,2015,89 years 07 months,560000.0
2024-07-01,CHOA CHU KANG,4 ROOM,707,CHOA CHU KANG ST 53,07 TO 09,117.0,Model A,1995,69 years 11 months,550888.0
2024-07-01,CHOA CHU KANG,4 ROOM,643,CHOA CHU KANG ST 64,01 TO 03,100.0,Premium Apartment,1998,72 years 07 months,580000.0
2024-07-01,CHOA CHU KANG,4 ROOM,641,CHOA CHU KANG ST 64,07 TO 09,100.0,Premium Apartment,1998,72 years 06 months,630000.0
2024-07-01,CHOA CHU KANG,4 ROOM,162,JLN TECK WHYE,07 TO 09,101.0,Model A,1998,72 years 08 months,533000.0
2024-07-01,CHOA CHU KANG,4 ROOM,158,JLN TECK WHYE,01 TO 03,100.0,Model A,1998,72 years 07 months,500000.0
2024-07-01,CHOA CHU KANG,4 ROOM,157,JLN TECK WHYE,16 TO 18,94.0,Model A2,1998,72 years 07 months,540000.0
2024-07-01,CHOA CHU KANG,4 ROOM,803A,KEAT HONG CL,07 TO 09,93.0,Model A,2017,92 years,535000.0
2024-07-01,CHOA CHU KANG,4 ROOM,801C,KEAT HONG CL,01 TO 03,92.0,Model A,2018,92 years 08 months,515000.0
2024-07-01,CHOA CHU KANG,4 ROOM,801C,KEAT HONG CL,04 TO 06,92.0,Model A,2018,92 years 08 months,528000.0
2024-07-01,CHOA CHU KANG,4 ROOM,805C,KEAT HONG CL,13 TO 15,93.0,Model A,2017,91 years 10 months,588000.0
2024-07-01,CHOA CHU KANG,4 ROOM,803A,KEAT HONG CL,10 TO 12,93.0,Model A,2017,91 years 11 months,580000.0
2024-07-01,CHOA CHU KANG,4 ROOM,11,TECK WHYE LANE,10 TO 12,99.0,New Generation,1978,52 years 11 months,440000.0
2024-07-01,CHOA CHU KANG,4 ROOM,110,TECK WHYE LANE,07 TO 09,103.0,Model A,1989,64 years 04 months,490000.0
2024-07-01,CHOA CHU KANG,4 ROOM,11,TECK WHYE LANE,01 TO 03,99.0,New Generation,1978,52 years 11 months,438000.0
2024-07-01,CHOA CHU KANG,4 ROOM,104,TECK WHYE LANE,04 TO 06,106.0,Model A,1989,63 years 08 months,500888.0
2024-07-01,CHOA CHU KANG,4 ROOM,103,TECK WHYE LANE,04 TO 06,106.0,Model A,1989,63 years 09 months,460000.0
2024-07-01,CHOA CHU KANG,4 ROOM,112,TECK WHYE LANE,04 TO 06,104.0,Model A,1989,63 years 08 months,490000.0
2024-07-01,CHOA CHU KANG,5 ROOM,808B,CHOA CHU KANG AVE 1,13 TO 15,112.0,Improved,2017,91 years 10 months,695000.0
2024-07-01,CHOA CHU KANG,5 ROOM,250,CHOA CHU KANG AVE 2,01 TO 03,126.0,Improved,1993,68 years,590000.0
2024-07-01,CHOA CHU KANG,5 ROOM,250,CHOA CHU KANG AVE 2,13 TO 15,126.0,Improved,1993,68 years,650000.0
2024-07-01,CHOA CHU KANG,5 ROOM,297D,CHOA CHU KANG AVE 2,04 TO 06,123.0,Premium Apartment,1999,74 years 01 month,595000.0
2024-07-01,CHOA CHU KANG,5 ROOM,474,CHOA CHU KANG AVE 3,10 TO 12,120.0,Improved,1999,73 years 10 months,620000.0
2024-07-01,CHOA CHU KANG,5 ROOM,471,CHOA CHU KANG AVE 3,07 TO 09,120.0,Improved,1999,73 years 08 months,620000.0
2024-07-01,CHOA CHU KANG,5 ROOM,422,CHOA CHU KANG AVE 4,04 TO 06,122.0,Improved,1992,66 years 11 months,588999.0
2024-07-01,CHOA CHU KANG,5 ROOM,446,CHOA CHU KANG AVE 4,04 TO 06,118.0,Improved,1997,71 years 10 months,580000.0
2024-07-01,GEYLANG,3 ROOM,97,ALJUNIED CRES,07 TO 09,65.0,Improved,1975,50 years 02 months,380000.0
2024-07-01,CHOA CHU KANG,5 ROOM,484,CHOA CHU KANG AVE 5,04 TO 06,116.0,Improved,1999,73 years 11 months,570000.0
2024-07-01,CHOA CHU KANG,5 ROOM,488D,CHOA CHU KANG AVE 5,07 TO 09,113.0,Improved,2016,91 years,642000.0
2024-07-01,CHOA CHU KANG,5 ROOM,487A,CHOA CHU KANG AVE 5,04 TO 06,113.0,Improved,2016,91 years,616000.0
2024-07-01,CHOA CHU KANG,5 ROOM,484B,CHOA CHU KANG AVE 5,04 TO 06,115.0,Improved,1999,73 years 10 months,590000.0
2024-07-01,CHOA CHU KANG,5 ROOM,812B,CHOA CHU KANG AVE 7,04 TO 06,113.0,Improved,2017,92 years 05 months,635000.0
2024-07-01,CHOA CHU KANG,5 ROOM,815C,CHOA CHU KANG AVE 7,16 TO 18,113.0,Improved,2017,91 years 09 months,746888.0
2024-07-01,CHOA CHU KANG,5 ROOM,815B,CHOA CHU KANG AVE 7,07 TO 09,113.0,Improved,2017,91 years 09 months,708000.0
2024-07-01,CHOA CHU KANG,5 ROOM,691A,CHOA CHU KANG CRES,16 TO 18,110.0,Improved,2003,77 years 11 months,575000.0
2024-07-01,CHOA CHU KANG,5 ROOM,677,CHOA CHU KANG CRES,10 TO 12,122.0,Premium Apartment,1999,74 years 04 months,590000.0
2024-07-01,CHOA CHU KANG,5 ROOM,690A,CHOA CHU KANG CRES,16 TO 18,110.0,Improved,2003,77 years 11 months,578000.0
2024-07-01,CHOA CHU KANG,5 ROOM,666,CHOA CHU KANG CRES,01 TO 03,124.0,Improved,1999,74 years,621000.0
2024-07-01,CHOA CHU KANG,5 ROOM,692B,CHOA CHU KANG CRES,01 TO 03,110.0,Improved,2003,77 years 08 months,537888.0
2024-07-01,CHOA CHU KANG,5 ROOM,684D,CHOA CHU KANG CRES,10 TO 12,110.0,Improved,2002,77 years 03 months,570000.0
2024-07-01,CHOA CHU KANG,5 ROOM,690A,CHOA CHU KANG CRES,16 TO 18,110.0,Improved,2003,77 years 11 months,590000.0
2024-07-01,CHOA CHU KANG,5 ROOM,225,CHOA CHU KANG CTRL,01 TO 03,124.0,Improved,1993,68 years,600000.0
2024-07-01,CHOA CHU KANG,5 ROOM,689A,CHOA CHU KANG DR,19 TO 21,110.0,Improved,2002,76 years 10 months,570000.0
2024-07-01,CHOA CHU KANG,5 ROOM,687D,CHOA CHU KANG DR,13 TO 15,110.0,Improved,2003,77 years 09 months,550000.0
2024-07-01,CHOA CHU KANG,5 ROOM,688B,CHOA CHU KANG DR,10 TO 12,110.0,Improved,2002,76 years 08 months,560000.0
2024-07-01,CHOA CHU KANG,5 ROOM,618,CHOA CHU KANG NTH 7,04 TO 06,132.0,Model A,1996,70 years 10 months,650000.0
2024-07-01,CHOA CHU KANG,5 ROOM,503,CHOA CHU KANG ST 51,07 TO 09,127.0,Improved,1995,69 years 09 months,605000.0
2024-07-01,CHOA CHU KANG,5 ROOM,503,CHOA CHU KANG ST 51,13 TO 15,131.0,Model A,1995,69 years 08 months,650000.0
2024-07-01,CHOA CHU KANG,5 ROOM,513,CHOA CHU KANG ST 51,10 TO 12,128.0,Improved,1995,70 years 03 months,650000.0
2024-07-01,CHOA CHU KANG,5 ROOM,705,CHOA CHU KANG ST 53,07 TO 09,132.0,Model A,1995,69 years 10 months,620000.0
2024-07-01,CHOA CHU KANG,5 ROOM,610,CHOA CHU KANG ST 62,10 TO 12,133.0,Model A,1996,70 years 10 months,660000.0
2024-07-01,CHOA CHU KANG,5 ROOM,614,CHOA CHU KANG ST 62,04 TO 06,131.0,Model A,1996,71 years,645000.0
2024-07-01,CHOA CHU KANG,5 ROOM,801D,KEAT HONG CL,10 TO 12,113.0,Improved,2018,92 years 09 months,680000.0
2024-07-01,CHOA CHU KANG,5 ROOM,802B,KEAT HONG CL,10 TO 12,113.0,Improved,2018,92 years 08 months,680000.0
2024-07-01,CHOA CHU KANG,5 ROOM,802B,KEAT HONG CL,01 TO 03,113.0,Improved,2018,92 years 08 months,628000.0
2024-07-01,CHOA CHU KANG,5 ROOM,803D,KEAT HONG CL,01 TO 03,113.0,Improved,2017,91 years 11 months,618000.0
2024-07-01,CHOA CHU KANG,5 ROOM,13,TECK WHYE LANE,25 TO 27,119.0,Improved,1979,53 years 07 months,540000.0
2024-07-01,CHOA CHU KANG,5 ROOM,13,TECK WHYE LANE,19 TO 21,119.0,Improved,1979,53 years 07 months,552000.0
2024-07-01,CHOA CHU KANG,5 ROOM,13,TECK WHYE LANE,22 TO 24,119.0,Improved,1979,53 years 06 months,560000.0
2024-07-01,CHOA CHU KANG,EXECUTIVE,287,CHOA CHU KANG AVE 2,07 TO 09,146.0,Maisonette,1990,65 years 02 months,788000.0
2024-07-01,CHOA CHU KANG,EXECUTIVE,461,CHOA CHU KANG AVE 4,10 TO 12,142.0,Premium Apartment,2000,74 years 10 months,760000.0
2024-07-01,CHOA CHU KANG,EXECUTIVE,671A,CHOA CHU KANG CRES,01 TO 03,141.0,Premium Apartment,2000,74 years 08 months,700000.0
2024-07-01,CHOA CHU KANG,EXECUTIVE,235,CHOA CHU KANG CTRL,01 TO 03,154.0,Maisonette,1990,65 years 06 months,838888.0
2024-07-01,CHOA CHU KANG,EXECUTIVE,351,CHOA CHU KANG CTRL,04 TO 06,142.0,Apartment,1993,68 years,815000.0
2024-07-01,CHOA CHU KANG,EXECUTIVE,341,CHOA CHU KANG LOOP,01 TO 03,142.0,Apartment,1993,68 years,785000.0
2024-07-01,CHOA CHU KANG,EXECUTIVE,341,CHOA CHU KANG LOOP,07 TO 09,143.0,Apartment,1993,67 years 11 months,900000.0
2024-07-01,CHOA CHU KANG,EXECUTIVE,753,CHOA CHU KANG NTH 5,07 TO 09,147.0,Apartment,1995,70 years 02 months,780000.0
2024-07-01,CHOA CHU KANG,EXECUTIVE,759,CHOA CHU KANG NTH 5,07 TO 09,145.0,Maisonette,1995,70 years 01 month,825000.0
2024-07-01,CHOA CHU KANG,EXECUTIVE,755,CHOA CHU KANG NTH 5,04 TO 06,154.0,Apartment,1995,70 years 01 month,840000.0
2024-07-01,CHOA CHU KANG,EXECUTIVE,560,CHOA CHU KANG NTH 6,04 TO 06,149.0,Apartment,1996,70 years 08 months,810000.0
2024-07-01,CHOA CHU KANG,EXECUTIVE,164,JLN TECK WHYE,04 TO 06,140.0,Apartment,1998,72 years 10 months,805000.0
2024-07-01,CLEMENTI,2 ROOM,423,CLEMENTI AVE 1,25 TO 27,49.0,Model A,2013,88 years 03 months,422000.0
2024-07-01,CLEMENTI,3 ROOM,417,CLEMENTI AVE 1,07 TO 09,73.0,Model A,2013,88 years 03 months,635000.0
2024-07-01,CLEMENTI,3 ROOM,365,CLEMENTI AVE 2,01 TO 03,67.0,New Generation,1978,52 years 07 months,380000.0
2024-07-01,CLEMENTI,3 ROOM,331,CLEMENTI AVE 2,04 TO 06,67.0,New Generation,1978,53 years 01 month,385000.0
2024-07-01,CLEMENTI,3 ROOM,329,CLEMENTI AVE 2,10 TO 12,67.0,New Generation,1978,53 years,418000.0
2024-07-01,CLEMENTI,3 ROOM,328,CLEMENTI AVE 2,01 TO 03,67.0,New Generation,1978,53 years 02 months,388888.0
2024-07-01,CLEMENTI,3 ROOM,329,CLEMENTI AVE 2,01 TO 03,67.0,New Generation,1978,53 years 01 month,412000.0
2024-07-01,CLEMENTI,3 ROOM,450,CLEMENTI AVE 3,01 TO 03,68.0,New Generation,1980,55 years,360000.0
2024-07-01,CLEMENTI,3 ROOM,428,CLEMENTI AVE 3,10 TO 12,67.0,New Generation,1978,52 years 11 months,419000.0
2024-07-01,CLEMENTI,3 ROOM,432,CLEMENTI AVE 3,10 TO 12,82.0,New Generation,1978,53 years 06 months,520000.0
2024-07-01,CLEMENTI,3 ROOM,432,CLEMENTI AVE 3,04 TO 06,67.0,New Generation,1978,53 years 06 months,415000.0
2024-07-01,CLEMENTI,3 ROOM,309,CLEMENTI AVE 4,01 TO 03,67.0,New Generation,1980,54 years 07 months,375000.0
2024-07-01,CLEMENTI,3 ROOM,371,CLEMENTI AVE 4,01 TO 03,68.0,New Generation,1981,56 years 03 months,388000.0
2024-07-01,CLEMENTI,3 ROOM,303,CLEMENTI AVE 4,01 TO 03,67.0,New Generation,1979,53 years 09 months,362000.0
2024-07-01,CLEMENTI,3 ROOM,371,CLEMENTI AVE 4,04 TO 06,68.0,New Generation,1981,56 years 03 months,380000.0
2024-07-01,CLEMENTI,3 ROOM,307,CLEMENTI AVE 4,07 TO 09,67.0,New Generation,1979,54 years 05 months,400000.0
2024-07-01,CLEMENTI,3 ROOM,309,CLEMENTI AVE 4,04 TO 06,67.0,New Generation,1980,54 years 07 months,380000.0
2024-07-01,CLEMENTI,3 ROOM,304,CLEMENTI AVE 4,10 TO 12,67.0,New Generation,1979,53 years 08 months,405000.0
2024-07-01,CLEMENTI,3 ROOM,343,CLEMENTI AVE 5,10 TO 12,67.0,New Generation,1979,54 years 06 months,390000.0
2024-07-01,CLEMENTI,3 ROOM,339,CLEMENTI AVE 5,10 TO 12,67.0,New Generation,1979,54 years 05 months,408888.0
2024-07-01,CLEMENTI,3 ROOM,377,CLEMENTI AVE 5,07 TO 09,82.0,New Generation,1980,55 years 04 months,515000.0
2024-07-01,CLEMENTI,3 ROOM,109,CLEMENTI ST 11,01 TO 03,67.0,New Generation,1984,59 years 06 months,409000.0
2024-07-01,CLEMENTI,3 ROOM,602,CLEMENTI WEST ST 1,10 TO 12,67.0,New Generation,1979,54 years 05 months,371000.0
2024-07-01,CLEMENTI,3 ROOM,706,CLEMENTI WEST ST 2,04 TO 06,82.0,New Generation,1980,55 years 01 month,445000.0
2024-07-01,CLEMENTI,3 ROOM,705,CLEMENTI WEST ST 2,10 TO 12,67.0,New Generation,1980,55 years 02 months,376000.0
2024-07-01,CLEMENTI,3 ROOM,715,CLEMENTI WEST ST 2,01 TO 03,68.0,New Generation,1981,56 years 03 months,350000.0
2024-07-01,CLEMENTI,3 ROOM,710,CLEMENTI WEST ST 2,10 TO 12,68.0,New Generation,1984,58 years 10 months,358000.0
2024-07-01,CLEMENTI,3 ROOM,509,WEST COAST DR,04 TO 06,67.0,New Generation,1978,52 years 07 months,360000.0
2024-07-01,CLEMENTI,3 ROOM,510,WEST COAST DR,13 TO 15,67.0,New Generation,1978,52 years 07 months,370000.0
2024-07-01,CLEMENTI,3 ROOM,507,WEST COAST DR,10 TO 12,67.0,New Generation,1978,53 years 02 months,360000.0
2024-07-01,CLEMENTI,3 ROOM,510,WEST COAST DR,04 TO 06,67.0,New Generation,1978,52 years 07 months,360000.0
2024-07-01,CLEMENTI,3 ROOM,702,WEST COAST RD,04 TO 06,67.0,New Generation,1980,55 years 04 months,370000.0
2024-07-01,CLEMENTI,4 ROOM,411,C'WEALTH AVE WEST,13 TO 15,98.0,New Generation,1978,52 years 09 months,545000.0
2024-07-01,CLEMENTI,4 ROOM,412,C'WEALTH AVE WEST,01 TO 03,97.0,New Generation,1978,52 years 09 months,550000.0
2024-07-01,CLEMENTI,4 ROOM,425,CLEMENTI AVE 1,07 TO 09,100.0,Model A,2013,88 years 03 months,870000.0
2024-07-01,CLEMENTI,4 ROOM,420,CLEMENTI AVE 1,10 TO 12,100.0,Model A,2013,88 years 03 months,910000.0
2024-07-01,CLEMENTI,4 ROOM,421,CLEMENTI AVE 1,16 TO 18,92.0,Model A,2013,88 years 03 months,915000.0
2024-07-01,CLEMENTI,4 ROOM,350,CLEMENTI AVE 2,01 TO 03,92.0,New Generation,1978,53 years 04 months,500000.0
2024-07-01,CLEMENTI,4 ROOM,365,CLEMENTI AVE 2,01 TO 03,90.0,New Generation,1978,52 years 07 months,500888.0
2024-07-01,CLEMENTI,4 ROOM,351,CLEMENTI AVE 2,07 TO 09,92.0,New Generation,1978,53 years 02 months,600000.0
2024-07-01,CLEMENTI,4 ROOM,457,CLEMENTI AVE 3,19 TO 21,91.0,Model A,2002,77 years 06 months,850000.0
2024-07-01,CLEMENTI,4 ROOM,457,CLEMENTI AVE 3,13 TO 15,91.0,Model A,2002,77 years 06 months,808888.0
2024-07-01,CLEMENTI,4 ROOM,454,CLEMENTI AVE 3,22 TO 24,90.0,Model A,2002,77 years 06 months,821888.0
2024-07-01,CLEMENTI,4 ROOM,454,CLEMENTI AVE 3,04 TO 06,90.0,Model A,2002,77 years 06 months,805000.0
2024-07-01,CLEMENTI,4 ROOM,455,CLEMENTI AVE 3,04 TO 06,90.0,Model A,2002,77 years 05 months,835000.0
2024-07-01,CLEMENTI,4 ROOM,312B,CLEMENTI AVE 4,07 TO 09,93.0,Model A,2017,92 years 02 months,800000.0
2024-07-01,CLEMENTI,4 ROOM,312B,CLEMENTI AVE 4,22 TO 24,93.0,Model A,2017,92 years 02 months,1028000.0
2024-07-01,CLEMENTI,4 ROOM,312C,CLEMENTI AVE 4,10 TO 12,93.0,Model A,2017,92 years 02 months,945000.0
2024-07-01,CLEMENTI,4 ROOM,311A,CLEMENTI AVE 4,28 TO 30,80.0,DBSS,2014,89 years 06 months,945000.0
2024-07-01,CLEMENTI,4 ROOM,312A,CLEMENTI AVE 4,37 TO 39,93.0,Model A,2017,92 years 01 month,1040000.0
2024-07-01,CLEMENTI,4 ROOM,347,CLEMENTI AVE 5,10 TO 12,92.0,New Generation,1979,53 years 08 months,588000.0
2024-07-01,CLEMENTI,4 ROOM,202,CLEMENTI AVE 6,04 TO 06,94.0,New Generation,1985,59 years 06 months,545000.0
2024-07-01,CLEMENTI,4 ROOM,117,CLEMENTI ST 13,13 TO 15,104.0,Model A,1984,59 years 04 months,766000.0
2024-07-01,CLEMENTI,4 ROOM,711,CLEMENTI WEST ST 2,01 TO 03,92.0,New Generation,1980,55 years 05 months,490000.0
2024-07-01,CLEMENTI,4 ROOM,708,CLEMENTI WEST ST 2,10 TO 12,91.0,New Generation,1980,55 years 01 month,468000.0
2024-07-01,CLEMENTI,4 ROOM,509,WEST COAST DR,01 TO 03,92.0,New Generation,1978,52 years 07 months,420000.0
2024-07-01,CLEMENTI,5 ROOM,416,CLEMENTI AVE 1,07 TO 09,113.0,Improved,2013,88 years 03 months,950000.0
2024-07-01,CLEMENTI,5 ROOM,425,CLEMENTI AVE 1,28 TO 30,113.0,Improved,2013,88 years 03 months,1100000.0
2024-07-01,CLEMENTI,5 ROOM,329,CLEMENTI AVE 2,07 TO 09,134.0,Adjoined flat,1978,53 years 01 month,970000.0
2024-07-01,CLEMENTI,5 ROOM,336,CLEMENTI AVE 2,07 TO 09,119.0,Improved,1978,53 years 04 months,805000.0
2024-07-01,CLEMENTI,5 ROOM,459,CLEMENTI AVE 3,22 TO 24,110.0,Improved,2002,77 years 06 months,1015000.0
2024-07-01,CLEMENTI,5 ROOM,312B,CLEMENTI AVE 4,25 TO 27,113.0,Improved,2017,92 years 02 months,1270000.0
2024-07-01,CLEMENTI,5 ROOM,342,CLEMENTI AVE 5,07 TO 09,121.0,Improved,1979,53 years 10 months,745000.0
2024-07-01,CLEMENTI,5 ROOM,342,CLEMENTI AVE 5,01 TO 03,121.0,Improved,1979,53 years 10 months,645000.0
2024-07-01,CLEMENTI,5 ROOM,103,CLEMENTI ST 14,13 TO 15,123.0,Improved,1984,59 years 06 months,500000.0
2024-07-01,CLEMENTI,EXECUTIVE,115,CLEMENTI ST 13,04 TO 06,163.0,Maisonette,1985,59 years 08 months,1150000.0
2024-07-01,CLEMENTI,EXECUTIVE,116,CLEMENTI ST 13,10 TO 12,147.0,Maisonette,1984,59 years 01 month,1070000.0
2024-07-01,GEYLANG,2 ROOM,43,CIRCUIT RD,01 TO 03,40.0,Standard,1971,45 years 07 months,280000.0
2024-07-01,GEYLANG,2 ROOM,40,CIRCUIT RD,10 TO 12,45.0,Standard,1971,45 years 07 months,310000.0
2024-07-01,GEYLANG,3 ROOM,109,ALJUNIED CRES,10 TO 12,60.0,Improved,1986,60 years 07 months,350000.0
2024-07-01,GEYLANG,3 ROOM,99,ALJUNIED CRES,07 TO 09,67.0,New Generation,1978,52 years 07 months,360000.0
2024-07-01,GEYLANG,3 ROOM,109,ALJUNIED CRES,07 TO 09,60.0,Improved,1986,60 years 07 months,408000.0
2024-07-01,GEYLANG,3 ROOM,22,BALAM RD,07 TO 09,60.0,Standard,1967,41 years 07 months,365000.0
2024-07-01,GEYLANG,3 ROOM,21,BALAM RD,01 TO 03,60.3,Standard,1967,41 years 08 months,290000.0
2024-07-01,GEYLANG,3 ROOM,32,CASSIA CRES,10 TO 12,68.0,New Generation,1981,56 years 02 months,482000.0
2024-07-01,GEYLANG,3 ROOM,36,CASSIA CRES,04 TO 06,68.0,Improved,1986,60 years 08 months,460000.0
2024-07-01,GEYLANG,3 ROOM,54,CASSIA CRES,10 TO 12,67.0,New Generation,1983,58 years,470000.0
2024-07-01,GEYLANG,3 ROOM,59,CIRCUIT RD,10 TO 12,60.0,Standard,1969,43 years 07 months,328000.0
2024-07-01,GEYLANG,3 ROOM,82B,CIRCUIT RD,10 TO 12,68.0,Model A,2020,95 years,700000.0
2024-07-01,GEYLANG,3 ROOM,48,CIRCUIT RD,07 TO 09,60.0,Standard,1969,43 years 07 months,350000.0
2024-07-01,GEYLANG,3 ROOM,83A,CIRCUIT RD,13 TO 15,68.0,Model A,2020,95 years,765000.0
2024-07-01,GEYLANG,3 ROOM,46,CIRCUIT RD,07 TO 09,52.0,Standard,1971,45 years 07 months,300000.0
2024-07-01,GEYLANG,3 ROOM,82B,CIRCUIT RD,07 TO 09,68.0,Model A,2020,94 years 11 months,710000.0
2024-07-01,GEYLANG,3 ROOM,83B,CIRCUIT RD,04 TO 06,68.0,Model A,2020,94 years 11 months,670000.0
2024-07-01,GEYLANG,3 ROOM,49,CIRCUIT RD,04 TO 06,56.0,Standard,1969,43 years 07 months,300000.0
2024-07-01,GEYLANG,3 ROOM,82A,CIRCUIT RD,04 TO 06,68.0,Model A,2020,95 years,660000.0
2024-07-01,GEYLANG,3 ROOM,60,CIRCUIT RD,10 TO 12,56.0,Standard,1969,43 years 07 months,325000.0
2024-07-01,GEYLANG,3 ROOM,58,CIRCUIT RD,01 TO 03,55.0,Standard,1969,43 years 07 months,315000.0
2024-07-01,GEYLANG,3 ROOM,83B,CIRCUIT RD,13 TO 15,68.0,Model A,2020,94 years 11 months,728000.0
2024-07-01,GEYLANG,3 ROOM,83B,CIRCUIT RD,16 TO 18,68.0,Model A,2020,94 years 11 months,760000.0
2024-07-01,GEYLANG,3 ROOM,57,CIRCUIT RD,07 TO 09,56.0,Standard,1969,43 years 07 months,310000.0
2024-07-01,GEYLANG,3 ROOM,82A,CIRCUIT RD,16 TO 18,68.0,Model A,2020,94 years 11 months,775000.0
2024-07-01,GEYLANG,3 ROOM,18B,CIRCUIT RD,10 TO 12,67.0,Model A,2016,91 years 05 months,688000.0
2024-07-01,GEYLANG,3 ROOM,37,CIRCUIT RD,13 TO 15,58.0,Standard,1972,47 years 05 months,338000.0
2024-07-01,GEYLANG,3 ROOM,38,CIRCUIT RD,01 TO 03,60.0,Standard,1971,45 years 07 months,300000.0
2024-07-01,GEYLANG,3 ROOM,82A,CIRCUIT RD,07 TO 09,68.0,Model A,2020,94 years 11 months,750000.0
2024-07-01,GEYLANG,3 ROOM,82A,CIRCUIT RD,16 TO 18,68.0,Model A,2020,94 years 11 months,755000.0
2024-07-01,GEYLANG,3 ROOM,85,CIRCUIT RD,04 TO 06,60.0,Improved,1970,44 years 06 months,313000.0
2024-07-01,GEYLANG,3 ROOM,82A,CIRCUIT RD,01 TO 03,68.0,Model A,2020,94 years 10 months,708000.0
2024-07-01,GEYLANG,3 ROOM,39,CIRCUIT RD,10 TO 12,57.0,Standard,1971,45 years 06 months,350000.0
2024-07-01,GEYLANG,3 ROOM,69,CIRCUIT RD,07 TO 09,56.0,Standard,1969,43 years 07 months,315000.0
2024-07-01,GEYLANG,3 ROOM,58,DAKOTA CRES,07 TO 09,74.0,Model A,1984,59 years 05 months,570000.0
2024-07-01,GEYLANG,3 ROOM,31,EUNOS CRES,13 TO 15,60.0,Model A,2007,81 years 07 months,618000.0
2024-07-01,GEYLANG,3 ROOM,24,EUNOS CRES,04 TO 06,59.0,Improved,1977,51 years 11 months,340000.0
2024-07-01,GEYLANG,3 ROOM,124,GEYLANG EAST AVE 1,01 TO 03,74.0,Model A,1983,58 years 05 months,460000.0
2024-07-01,GEYLANG,3 ROOM,126,GEYLANG EAST AVE 1,01 TO 03,74.0,Model A,1983,58 years 06 months,468000.0
2024-07-01,GEYLANG,3 ROOM,3,HAIG RD,10 TO 12,65.0,Improved,1976,51 years,426000.0
2024-07-01,GEYLANG,3 ROOM,4,JOO CHIAT RD,16 TO 18,75.0,Model A,1985,60 years 06 months,575000.0
2024-07-01,GEYLANG,3 ROOM,95,OLD AIRPORT RD,04 TO 06,56.0,Standard,1969,43 years 07 months,325000.0
2024-07-01,GEYLANG,3 ROOM,41,SIMS DR,04 TO 06,66.0,Improved,1981,55 years 10 months,357888.0
2024-07-01,GEYLANG,3 ROOM,63,SIMS PL,10 TO 12,68.0,Model A,2016,91 years 06 months,673000.0
2024-07-01,GEYLANG,3 ROOM,328,UBI AVE 1,04 TO 06,64.0,Simplified,1985,60 years 04 months,420000.0
2024-07-01,GEYLANG,4 ROOM,107,ALJUNIED CRES,01 TO 03,91.0,New Generation,1981,55 years 10 months,602888.0
2024-07-01,GEYLANG,4 ROOM,28,CASSIA CRES,07 TO 09,103.0,Model A,1998,73 years,875000.0
2024-07-01,GEYLANG,4 ROOM,56,CASSIA CRES,01 TO 03,101.0,Model A,1998,72 years 08 months,810000.0
2024-07-01,GEYLANG,4 ROOM,32,CASSIA CRES,10 TO 12,94.0,New Generation,1981,56 years 01 month,668000.0
2024-07-01,GEYLANG,4 ROOM,30,CASSIA CRES,04 TO 06,102.0,Model A,1998,73 years,875000.0
2024-07-01,GEYLANG,4 ROOM,83A,CIRCUIT RD,07 TO 09,96.0,Model A,2020,94 years 11 months,958000.0
2024-07-01,GEYLANG,4 ROOM,82A,CIRCUIT RD,19 TO 21,93.0,Model A,2020,94 years 11 months,1030000.0
2024-07-01,GEYLANG,4 ROOM,82B,CIRCUIT RD,16 TO 18,93.0,Model A,2020,94 years 11 months,998888.0
2024-07-01,GEYLANG,4 ROOM,82B,CIRCUIT RD,07 TO 09,93.0,Model A,2020,94 years 11 months,991000.0
2024-07-01,GEYLANG,4 ROOM,82B,CIRCUIT RD,01 TO 03,93.0,Model A,2020,94 years 11 months,880000.0
2024-07-01,GEYLANG,4 ROOM,83B,CIRCUIT RD,16 TO 18,96.0,Model A,2020,94 years 11 months,980000.0
2024-07-01,GEYLANG,4 ROOM,35,CIRCUIT RD,10 TO 12,83.1,Standard,1971,45 years 07 months,395888.0
2024-07-01,GEYLANG,4 ROOM,82B,CIRCUIT RD,01 TO 03,93.0,Model A,2020,94 years 11 months,900000.0
2024-07-01,GEYLANG,4 ROOM,82B,CIRCUIT RD,13 TO 15,93.0,Model A,2020,94 years 11 months,980000.0
2024-07-01,GEYLANG,4 ROOM,82A,CIRCUIT RD,10 TO 12,93.0,Model A,2020,94 years 11 months,990000.0
2024-07-01,GEYLANG,4 ROOM,82B,CIRCUIT RD,10 TO 12,93.0,Model A,2020,94 years 11 months,986888.0
2024-07-01,GEYLANG,4 ROOM,17B,CIRCUIT RD,01 TO 03,93.0,Model A,2016,91 years 05 months,888000.0
2024-07-01,GEYLANG,4 ROOM,82B,CIRCUIT RD,07 TO 09,93.0,Model A,2020,94 years 11 months,968000.0
2024-07-01,GEYLANG,4 ROOM,82B,CIRCUIT RD,13 TO 15,93.0,Model A,2020,94 years 11 months,975000.0
2024-07-01,GEYLANG,4 ROOM,82A,CIRCUIT RD,10 TO 12,93.0,Model A,2020,94 years 11 months,985000.0
2024-07-01,GEYLANG,4 ROOM,83A,CIRCUIT RD,13 TO 15,93.0,Model A,2020,94 years 10 months,975000.0
2024-07-01,GEYLANG,4 ROOM,82A,CIRCUIT RD,10 TO 12,93.0,Model A,2020,94 years 11 months,995000.0
2024-07-01,GEYLANG,4 ROOM,10,EUNOS CRES,10 TO 12,92.0,New Generation,1978,53 years 01 month,562000.0
2024-07-01,GEYLANG,4 ROOM,34,EUNOS CRES,01 TO 03,85.0,Model A,2006,81 years 05 months,760000.0
2024-07-01,GEYLANG,4 ROOM,11,EUNOS CRES,07 TO 09,91.0,New Generation,1977,51 years 11 months,565000.0
2024-07-01,GEYLANG,4 ROOM,122,GEYLANG EAST CTRL,10 TO 12,91.0,New Generation,1982,56 years 11 months,665000.0
2024-07-01,GEYLANG,4 ROOM,11,HAIG RD,13 TO 15,92.0,New Generation,1976,51 years 01 month,590000.0
2024-07-01,GEYLANG,4 ROOM,1,PINE CL,16 TO 18,95.0,Model A,2000,75 years,935000.0
2024-07-01,GEYLANG,4 ROOM,3,PINE CL,07 TO 09,85.0,Model A,2000,74 years 11 months,780000.0
2024-07-01,GEYLANG,4 ROOM,324,UBI AVE 1,07 TO 09,90.0,Simplified,1985,60 years,512500.0
2024-07-01,GEYLANG,4 ROOM,312,UBI AVE 1,01 TO 03,84.0,Simplified,1985,60 years 02 months,560000.0
2024-07-01,GEYLANG,4 ROOM,315,UBI AVE 1,10 TO 12,104.0,Model A,1985,60 years 01 month,629888.0
2024-07-01,GEYLANG,4 ROOM,347,UBI AVE 1,13 TO 15,104.0,Model A,1986,60 years 11 months,625000.0
2024-07-01,GEYLANG,4 ROOM,347,UBI AVE 1,07 TO 09,104.0,Model A,1986,60 years 10 months,630000.0
2024-07-01,GEYLANG,4 ROOM,312,UBI AVE 1,01 TO 03,84.0,Simplified,1985,60 years 01 month,520888.0
2024-07-01,GEYLANG,5 ROOM,126,ALJUNIED RD,01 TO 03,121.0,Improved,1983,58 years 05 months,738000.0
2024-07-01,GEYLANG,5 ROOM,126,ALJUNIED RD,04 TO 06,121.0,Improved,1983,58 years 05 months,765000.0
2024-07-01,GEYLANG,5 ROOM,13,EUNOS CRES,01 TO 03,117.0,Standard,1977,51 years 11 months,650000.0
2024-07-01,GEYLANG,5 ROOM,13,EUNOS CRES,13 TO 15,117.0,Standard,1977,51 years 10 months,750000.0
2024-07-01,GEYLANG,5 ROOM,125,GEYLANG EAST AVE 1,04 TO 06,132.0,Model A,1984,58 years 09 months,904000.0
2024-07-01,GEYLANG,5 ROOM,124,GEYLANG EAST AVE 1,04 TO 06,132.0,Model A,1983,58 years 05 months,880000.0
2024-07-01,GEYLANG,5 ROOM,123,PAYA LEBAR WAY,13 TO 15,118.0,Improved,1980,55 years 02 months,736000.0
2024-07-01,GEYLANG,5 ROOM,329,UBI AVE 1,04 TO 06,122.0,Improved,1985,60 years 05 months,620000.0
2024-07-01,GEYLANG,EXECUTIVE,130,GEYLANG EAST AVE 1,07 TO 09,144.0,Apartment,1987,61 years 11 months,980000.0
2024-07-01,HOUGANG,2 ROOM,986B,BUANGKOK CRES,10 TO 12,47.0,Model A,2012,86 years 11 months,352000.0
2024-07-01,HOUGANG,2 ROOM,991A,BUANGKOK LINK,13 TO 15,47.0,Model A,2019,94 years,385000.0
2024-07-01,HOUGANG,2 ROOM,991B,BUANGKOK LINK,04 TO 06,47.0,2-room,2019,94 years,365000.0
2024-07-01,HOUGANG,3 ROOM,998B,BUANGKOK CRES,07 TO 09,68.0,Model A,2019,94 years 06 months,483888.0
2024-07-01,HOUGANG,3 ROOM,998A,BUANGKOK CRES,04 TO 06,68.0,Model A,2019,94 years 06 months,475000.0
2024-07-01,HOUGANG,3 ROOM,2,HOUGANG AVE 3,07 TO 09,59.0,Improved,1975,50 years 01 month,335000.0
2024-07-01,HOUGANG,3 ROOM,682,HOUGANG AVE 4,01 TO 03,64.0,Simplified,1989,64 years 01 month,400000.0
2024-07-01,HOUGANG,3 ROOM,308,HOUGANG AVE 5,04 TO 06,67.0,New Generation,1983,58 years 05 months,425000.0
2024-07-01,HOUGANG,3 ROOM,307,HOUGANG AVE 5,07 TO 09,82.0,New Generation,1983,57 years 07 months,470888.0
2024-07-01,HOUGANG,3 ROOM,313,HOUGANG AVE 5,13 TO 15,71.0,Improved,1993,67 years 10 months,446000.0
2024-07-01,HOUGANG,3 ROOM,304,HOUGANG AVE 5,07 TO 09,74.0,Model A,1983,58 years 02 months,465000.0
2024-07-01,HOUGANG,3 ROOM,523,HOUGANG AVE 6,10 TO 12,74.0,Model A,1986,61 years 04 months,488000.0
2024-07-01,HOUGANG,3 ROOM,631,HOUGANG AVE 8,01 TO 03,69.0,Improved,1985,60 years 02 months,390000.0
2024-07-01,HOUGANG,3 ROOM,658,HOUGANG AVE 8,10 TO 12,74.0,Model A,1987,61 years 10 months,455000.0
2024-07-01,HOUGANG,3 ROOM,671,HOUGANG AVE 8,10 TO 12,74.0,Model A,1987,62 years 04 months,460888.0
2024-07-01,HOUGANG,3 ROOM,933A,HOUGANG AVE 9,04 TO 06,67.0,Model A,2017,92 years 05 months,528000.0
2024-07-01,HOUGANG,3 ROOM,475B,UPP SERANGOON CRES,16 TO 18,67.0,DBSS,2014,89 years 05 months,580000.0
2024-07-01,HOUGANG,3 ROOM,473B,UPP SERANGOON CRES,10 TO 12,68.0,Model A,2017,92 years,480000.0
2024-07-01,HOUGANG,3 ROOM,473B,UPP SERANGOON CRES,04 TO 06,68.0,Model A,2017,92 years,468000.0
2024-07-01,HOUGANG,3 ROOM,475B,UPP SERANGOON CRES,01 TO 03,67.0,DBSS,2014,89 years 05 months,510000.0
2024-07-01,HOUGANG,3 ROOM,364A,UPP SERANGOON RD,16 TO 18,67.0,Model A,2018,92 years 09 months,565000.0
2024-07-01,HOUGANG,4 ROOM,999B,BUANGKOK CRES,16 TO 18,93.0,Model A,2019,94 years 06 months,660000.0
2024-07-01,HOUGANG,4 ROOM,998B,BUANGKOK CRES,16 TO 18,94.0,Model A,2019,94 years 06 months,678000.0
2024-07-01,HOUGANG,4 ROOM,996A,BUANGKOK CRES,01 TO 03,93.0,Model A,2019,94 years 03 months,596000.0
2024-07-01,HOUGANG,4 ROOM,999B,BUANGKOK CRES,04 TO 06,93.0,Model A,2019,94 years 06 months,608000.0
2024-07-01,HOUGANG,4 ROOM,980A,BUANGKOK CRES,01 TO 03,85.0,Model A2,2003,77 years 11 months,520000.0
2024-07-01,HOUGANG,4 ROOM,999B,BUANGKOK CRES,10 TO 12,93.0,Model A,2019,94 years 06 months,648000.0
2024-07-01,HOUGANG,4 ROOM,996B,BUANGKOK CRES,10 TO 12,92.0,Model A,2019,94 years 03 months,638000.0
2024-07-01,HOUGANG,4 ROOM,996A,BUANGKOK CRES,10 TO 12,92.0,Model A,2019,94 years 02 months,638888.0
2024-07-01,HOUGANG,4 ROOM,997A,BUANGKOK CRES,01 TO 03,93.0,Model A,2018,93 years 04 months,580000.0
2024-07-01,HOUGANG,4 ROOM,996C,BUANGKOK CRES,13 TO 15,92.0,Model A,2019,94 years 03 months,600888.0
2024-07-01,HOUGANG,4 ROOM,978D,BUANGKOK CRES,07 TO 09,90.0,Model A,2003,78 years,548000.0
2024-07-01,HOUGANG,4 ROOM,997C,BUANGKOK CRES,07 TO 09,93.0,Model A,2018,93 years 05 months,648000.0
2024-07-01,HOUGANG,4 ROOM,996B,BUANGKOK CRES,07 TO 09,93.0,Model A,2019,94 years 03 months,635000.0
2024-07-01,HOUGANG,4 ROOM,991A,BUANGKOK LINK,13 TO 15,93.0,Model A,2019,94 years,665000.0
2024-07-01,HOUGANG,4 ROOM,992A,BUANGKOK LINK,07 TO 09,93.0,Model A,2019,94 years,618000.0
2024-07-01,HOUGANG,4 ROOM,125,HOUGANG AVE 1,01 TO 03,91.0,New Generation,1981,56 years 03 months,535000.0
2024-07-01,HOUGANG,4 ROOM,457,HOUGANG AVE 10,04 TO 06,104.0,Model A,1992,67 years 04 months,558000.0
2024-07-01,HOUGANG,4 ROOM,512,HOUGANG AVE 10,07 TO 09,84.0,Simplified,1987,61 years 11 months,512000.0
2024-07-01,HOUGANG,4 ROOM,413,HOUGANG AVE 10,07 TO 09,91.0,New Generation,1986,60 years 10 months,559000.0
2024-07-01,HOUGANG,4 ROOM,453,HOUGANG AVE 10,04 TO 06,104.0,Model A,1992,67 years 04 months,580000.0
2024-07-01,HOUGANG,4 ROOM,711,HOUGANG AVE 2,01 TO 03,91.0,New Generation,1986,61 years,488000.0
2024-07-01,HOUGANG,4 ROOM,607,HOUGANG AVE 4,04 TO 06,84.0,Simplified,1986,61 years,500888.0
2024-07-01,HOUGANG,4 ROOM,334,HOUGANG AVE 5,10 TO 12,104.0,Model A,1983,57 years 08 months,558000.0
2024-07-01,HOUGANG,4 ROOM,422,HOUGANG AVE 6,04 TO 06,110.0,Model A,1990,64 years 09 months,598000.0
2024-07-01,HOUGANG,4 ROOM,527,HOUGANG AVE 6,04 TO 06,103.0,Model A,1987,62 years 05 months,593000.0
2024-07-01,HOUGANG,4 ROOM,502,HOUGANG AVE 8,04 TO 06,84.0,Simplified,1987,62 years,505000.0
2024-07-01,HOUGANG,4 ROOM,439,HOUGANG AVE 8,04 TO 06,105.0,Model A,1990,65 years 04 months,590000.0
2024-07-01,HOUGANG,4 ROOM,613,HOUGANG AVE 8,07 TO 09,84.0,Simplified,1986,61 years,510000.0
2024-07-01,HOUGANG,4 ROOM,617,HOUGANG AVE 8,01 TO 03,104.0,Model A,1986,60 years 07 months,580000.0
2024-07-01,HOUGANG,4 ROOM,637,HOUGANG AVE 8,07 TO 09,84.0,Simplified,1987,62 years 03 months,488000.0
2024-07-01,HOUGANG,4 ROOM,611,HOUGANG AVE 8,07 TO 09,84.0,Simplified,1986,60 years 07 months,515000.0
2024-07-01,HOUGANG,4 ROOM,468,HOUGANG AVE 8,01 TO 03,105.0,Model A,1992,67 years 03 months,555000.0
2024-07-01,HOUGANG,4 ROOM,614,HOUGANG AVE 8,07 TO 09,84.0,Simplified,1986,60 years 07 months,510000.0
2024-07-01,HOUGANG,4 ROOM,616,HOUGANG AVE 8,07 TO 09,103.0,Model A,1986,61 years 02 months,550000.0
2024-07-01,HOUGANG,4 ROOM,614,HOUGANG AVE 8,10 TO 12,84.0,Simplified,1986,60 years 07 months,518000.0
2024-07-01,HOUGANG,4 ROOM,932B,HOUGANG AVE 9,04 TO 06,92.0,Model A,2017,92 years 05 months,666000.0
2024-07-01,HOUGANG,4 ROOM,916,HOUGANG AVE 9,16 TO 18,100.0,Model A,1998,73 years 01 month,620000.0
2024-07-01,HOUGANG,4 ROOM,932A,HOUGANG AVE 9,13 TO 15,92.0,Model A,2017,92 years 05 months,708000.0
2024-07-01,HOUGANG,4 ROOM,933A,HOUGANG AVE 9,07 TO 09,92.0,Model A,2017,92 years 05 months,690000.0
2024-07-01,HOUGANG,4 ROOM,832,HOUGANG CTRL,13 TO 15,107.0,Model A,1992,67 years 04 months,740000.0
2024-07-01,HOUGANG,4 ROOM,158,HOUGANG ST 11,07 TO 09,100.0,Model A,1997,72 years 05 months,670000.0
2024-07-01,HOUGANG,4 ROOM,233,HOUGANG ST 21,04 TO 06,103.0,Model A,1984,58 years 10 months,621000.0
2024-07-01,HOUGANG,4 ROOM,370,HOUGANG ST 31,01 TO 03,103.0,Model A,1999,74 years 05 months,685000.0
2024-07-01,HOUGANG,4 ROOM,554,HOUGANG ST 51,16 TO 18,104.0,Model A,1992,67 years 04 months,620000.0
2024-07-01,HOUGANG,4 ROOM,557,HOUGANG ST 51,01 TO 03,103.0,Model A,1992,67 years 03 months,545000.0
2024-07-01,HOUGANG,4 ROOM,572,HOUGANG ST 51,04 TO 06,99.0,Model A,1997,71 years 08 months,580000.0
2024-07-01,HOUGANG,4 ROOM,699C,HOUGANG ST 52,10 TO 12,100.0,Model A,1998,73 years 05 months,602888.0
2024-07-01,HOUGANG,4 ROOM,697,HOUGANG ST 61,01 TO 03,84.0,Simplified,1987,62 years,500000.0
2024-07-01,HOUGANG,4 ROOM,925,HOUGANG ST 91,01 TO 03,101.0,Model A,1998,73 years 03 months,542000.0
2024-07-01,HOUGANG,4 ROOM,911,HOUGANG ST 91,01 TO 03,94.0,Model A2,1998,72 years 07 months,510000.0
2024-07-01,HOUGANG,4 ROOM,942,HOUGANG ST 92,04 TO 06,101.0,Model A,1998,73 years 03 months,545111.0
2024-07-01,HOUGANG,4 ROOM,938,HOUGANG ST 92,10 TO 12,101.0,Model A,1998,72 years 08 months,590000.0
2024-07-01,HOUGANG,4 ROOM,943,HOUGANG ST 92,01 TO 03,103.0,Model A,1998,73 years 03 months,538000.0
2024-07-01,HOUGANG,4 ROOM,137,LOR AH SOO,04 TO 06,105.0,Model A,1985,59 years 10 months,553000.0
2024-07-01,HOUGANG,4 ROOM,475B,UPP SERANGOON CRES,13 TO 15,92.0,DBSS,2014,89 years 05 months,785000.0
2024-07-01,HOUGANG,4 ROOM,470A,UPP SERANGOON CRES,13 TO 15,93.0,Model A,2015,89 years 11 months,640000.0
2024-07-01,HOUGANG,4 ROOM,475D,UPP SERANGOON CRES,16 TO 18,92.0,DBSS,2014,89 years 04 months,785000.0
2024-07-01,HOUGANG,4 ROOM,470A,UPP SERANGOON CRES,13 TO 15,92.0,Model A,2015,89 years 10 months,655000.0
2024-07-01,HOUGANG,4 ROOM,365A,UPP SERANGOON RD,07 TO 09,92.0,Model A,2018,92 years 08 months,776000.0
2024-07-01,HOUGANG,4 ROOM,477B,UPP SERANGOON VIEW,07 TO 09,95.0,Premium Apartment,2016,90 years 09 months,735000.0
2024-07-01,HOUGANG,4 ROOM,476C,UPP SERANGOON VIEW,04 TO 06,92.0,Premium Apartment,2016,90 years 09 months,708000.0
2024-07-01,HOUGANG,5 ROOM,978D,BUANGKOK CRES,01 TO 03,110.0,Improved,2003,78 years 01 month,552888.0
2024-07-01,HOUGANG,5 ROOM,997C,BUANGKOK CRES,16 TO 18,120.0,3Gen,2018,93 years 05 months,768000.0
2024-07-01,HOUGANG,5 ROOM,997C,BUANGKOK CRES,13 TO 15,120.0,3Gen,2018,93 years 05 months,812000.0
2024-07-01,HOUGANG,5 ROOM,238,HOUGANG AVE 1,04 TO 06,138.0,Model A-Maisonette,1984,59 years 02 months,968000.0
2024-07-01,HOUGANG,5 ROOM,416,HOUGANG AVE 10,01 TO 03,120.0,Improved,1985,60 years 04 months,650000.0
2024-07-01,HOUGANG,5 ROOM,310,HOUGANG AVE 5,07 TO 09,121.0,Improved,1984,58 years 08 months,650288.0
2024-07-01,HOUGANG,5 ROOM,312,HOUGANG AVE 5,01 TO 03,137.0,Improved-Maisonette,1983,57 years 10 months,913888.0
2024-07-01,HOUGANG,5 ROOM,362,HOUGANG AVE 5,10 TO 12,125.0,Improved,1992,67 years 03 months,740000.0
2024-07-01,HOUGANG,5 ROOM,531,HOUGANG AVE 6,07 TO 09,121.0,Improved,1988,62 years 08 months,740000.0
2024-07-01,HOUGANG,5 ROOM,541,HOUGANG AVE 8,01 TO 03,121.0,Improved,1989,64 years 04 months,620000.0
2024-07-01,HOUGANG,5 ROOM,627,HOUGANG AVE 8,07 TO 09,122.0,Improved,1986,61 years 01 month,738888.0
2024-07-01,HOUGANG,5 ROOM,951,HOUGANG AVE 9,13 TO 15,121.0,Improved,1999,73 years 11 months,760000.0
2024-07-01,HOUGANG,5 ROOM,952,HOUGANG AVE 9,07 TO 09,120.0,Improved,1999,73 years 10 months,780000.0
2024-07-01,HOUGANG,5 ROOM,916,HOUGANG AVE 9,04 TO 06,120.0,Improved,1998,73 years 01 month,695000.0
2024-07-01,HOUGANG,5 ROOM,925,HOUGANG ST 91,13 TO 15,120.0,Improved,1998,73 years 04 months,740000.0
2024-07-01,HOUGANG,5 ROOM,914,HOUGANG ST 91,01 TO 03,121.0,Improved,1998,72 years 08 months,635000.0
2024-07-01,HOUGANG,5 ROOM,973,HOUGANG ST 91,10 TO 12,116.0,Improved,1999,74 years 04 months,688000.0
2024-07-01,HOUGANG,5 ROOM,971,HOUGANG ST 91,01 TO 03,116.0,Improved,1999,74 years 04 months,630000.0
2024-07-01,HOUGANG,5 ROOM,936,HOUGANG ST 92,10 TO 12,121.0,Improved,1998,72 years 08 months,760000.0
2024-07-01,HOUGANG,5 ROOM,475C,UPP SERANGOON CRES,04 TO 06,109.0,DBSS,2014,89 years 05 months,828000.0
2024-07-01,HOUGANG,5 ROOM,475C,UPP SERANGOON CRES,07 TO 09,112.0,DBSS,2014,89 years 05 months,945000.0
2024-07-01,HOUGANG,5 ROOM,473D,UPP SERANGOON CRES,07 TO 09,113.0,Improved,2017,92 years,825000.0
2024-07-01,HOUGANG,5 ROOM,470C,UPP SERANGOON CRES,04 TO 06,113.0,Improved,2015,89 years 11 months,780000.0
2024-07-01,HOUGANG,5 ROOM,475A,UPP SERANGOON CRES,16 TO 18,112.0,DBSS,2014,89 years 04 months,1000000.0
2024-07-01,HOUGANG,5 ROOM,477C,UPP SERANGOON VIEW,04 TO 06,115.0,Premium Apartment,2016,90 years 09 months,800000.0
2024-07-01,HOUGANG,5 ROOM,477B,UPP SERANGOON VIEW,04 TO 06,112.0,Premium Apartment,2016,90 years 08 months,860000.0
2024-07-01,HOUGANG,EXECUTIVE,455,HOUGANG AVE 10,01 TO 03,147.0,Maisonette,1992,67 years 04 months,970000.0
2024-07-01,HOUGANG,EXECUTIVE,508,HOUGANG AVE 10,04 TO 06,146.0,Maisonette,1987,62 years 02 months,910000.0
2024-07-01,HOUGANG,EXECUTIVE,449,HOUGANG AVE 10,10 TO 12,148.0,Maisonette,1991,65 years 07 months,988000.0
2024-07-01,HOUGANG,EXECUTIVE,508,HOUGANG AVE 10,04 TO 06,146.0,Maisonette,1987,62 years 01 month,935000.0
2024-07-01,HOUGANG,EXECUTIVE,449,HOUGANG AVE 10,10 TO 12,146.0,Maisonette,1991,65 years 07 months,970000.0
2024-07-01,HOUGANG,EXECUTIVE,508,HOUGANG AVE 10,04 TO 06,146.0,Maisonette,1987,62 years,920000.0
2024-07-01,HOUGANG,EXECUTIVE,428,HOUGANG AVE 6,13 TO 15,149.0,Maisonette,1990,65 years 01 month,1090000.0
2024-07-01,HOUGANG,EXECUTIVE,357,HOUGANG AVE 7,04 TO 06,150.0,Maisonette,1985,59 years 10 months,838000.0
2024-07-01,HOUGANG,EXECUTIVE,357,HOUGANG AVE 7,01 TO 03,148.0,Maisonette,1985,59 years 10 months,838000.0
2024-07-01,HOUGANG,EXECUTIVE,222,HOUGANG ST 21,04 TO 06,148.0,Maisonette,1992,67 years 04 months,1060000.0
2024-07-01,HOUGANG,EXECUTIVE,237,HOUGANG ST 21,04 TO 06,150.0,Maisonette,1984,59 years 01 month,980000.0
2024-07-01,HOUGANG,EXECUTIVE,560,HOUGANG ST 51,13 TO 15,143.0,Apartment,1992,67 years 04 months,990000.0
2024-07-01,HOUGANG,EXECUTIVE,972,HOUGANG ST 91,13 TO 15,137.0,Apartment,1999,74 years 05 months,830000.0
2024-07-01,HOUGANG,EXECUTIVE,959,HOUGANG ST 91,07 TO 09,137.0,Apartment,1999,73 years 10 months,862200.0
2024-07-01,HOUGANG,EXECUTIVE,132,LOR AH SOO,10 TO 12,151.0,Maisonette,1984,59 years 03 months,895000.0
2024-07-01,JURONG EAST,2 ROOM,371,JURONG EAST ST 32,13 TO 15,43.0,Model A,2014,88 years 09 months,330000.0
2024-07-01,JURONG EAST,3 ROOM,240A,JURONG EAST AVE 1,16 TO 18,68.0,Model A,2020,94 years 11 months,530000.0
2024-07-01,JURONG EAST,3 ROOM,240A,JURONG EAST AVE 1,04 TO 06,68.0,Model A,2020,94 years 11 months,500000.0
2024-07-01,JURONG EAST,3 ROOM,102,JURONG EAST ST 13,04 TO 06,68.0,New Generation,1982,56 years 11 months,390000.0
2024-07-01,JURONG EAST,3 ROOM,225A,JURONG EAST ST 21,04 TO 06,67.0,New Generation,1984,59 years 05 months,390000.0
2024-07-01,JURONG EAST,3 ROOM,208,JURONG EAST ST 21,01 TO 03,67.0,New Generation,1982,57 years 06 months,380000.0
2024-07-01,JURONG EAST,3 ROOM,211,JURONG EAST ST 21,07 TO 09,67.0,New Generation,1983,57 years 10 months,388000.0
2024-07-01,JURONG EAST,3 ROOM,214,JURONG EAST ST 21,04 TO 06,67.0,New Generation,1983,57 years 08 months,370000.0
2024-07-01,JURONG EAST,3 ROOM,248,JURONG EAST ST 24,10 TO 12,67.0,New Generation,1983,57 years 10 months,388000.0
2024-07-01,JURONG EAST,3 ROOM,257,JURONG EAST ST 24,01 TO 03,68.0,New Generation,1983,57 years 07 months,350000.0
2024-07-01,JURONG EAST,3 ROOM,261,JURONG EAST ST 24,04 TO 06,68.0,New Generation,1983,57 years 09 months,382888.0
2024-07-01,JURONG EAST,3 ROOM,302,JURONG EAST ST 32,07 TO 09,67.0,New Generation,1983,58 years 06 months,393000.0
2024-07-01,JURONG EAST,3 ROOM,371,JURONG EAST ST 32,16 TO 18,64.0,Model A,2014,88 years 08 months,478000.0
2024-07-01,JURONG EAST,3 ROOM,304,JURONG EAST ST 32,04 TO 06,67.0,New Generation,1983,58 years 03 months,368000.0
2024-07-01,JURONG EAST,3 ROOM,371,JURONG EAST ST 32,16 TO 18,64.0,Model A,2014,88 years 08 months,510000.0
2024-07-01,JURONG EAST,3 ROOM,410,PANDAN GDNS,01 TO 03,86.0,Improved,1979,53 years 11 months,400000.0
2024-07-01,JURONG EAST,3 ROOM,20,TEBAN GDNS RD,22 TO 24,72.0,Model A,2013,88 years 03 months,473000.0
2024-07-01,JURONG EAST,3 ROOM,20,TEBAN GDNS RD,19 TO 21,72.0,Model A,2013,88 years 03 months,455000.0
2024-07-01,JURONG EAST,3 ROOM,57,TEBAN GDNS RD,22 TO 24,67.0,Model A,2016,91 years 05 months,470000.0
2024-07-01,JURONG EAST,4 ROOM,341,JURONG EAST AVE 1,13 TO 15,104.0,Model A,1983,57 years 11 months,508000.0
2024-07-01,JURONG EAST,4 ROOM,339,JURONG EAST AVE 1,04 TO 06,104.0,Model A,1983,57 years 11 months,512500.0
2024-07-01,JURONG EAST,4 ROOM,112,JURONG EAST ST 13,10 TO 12,90.0,New Generation,1981,56 years 01 month,490000.0
2024-07-01,JURONG EAST,4 ROOM,236,JURONG EAST ST 21,04 TO 06,93.0,New Generation,1982,56 years 08 months,488800.0
2024-07-01,JURONG EAST,4 ROOM,231,JURONG EAST ST 21,07 TO 09,91.0,New Generation,1981,56 years,500000.0
2024-07-01,JURONG EAST,4 ROOM,211,JURONG EAST ST 21,01 TO 03,94.0,New Generation,1983,57 years 10 months,505000.0
2024-07-01,JURONG EAST,4 ROOM,317,JURONG EAST ST 31,04 TO 06,109.0,Model A,1984,58 years 11 months,568000.0
2024-07-01,JURONG EAST,4 ROOM,52,TEBAN GDNS RD,04 TO 06,83.0,Simplified,1987,61 years 09 months,480000.0
2024-07-01,JURONG EAST,4 ROOM,20,TEBAN GDNS RD,10 TO 12,92.0,Model A,2013,88 years 03 months,608888.0
2024-07-01,JURONG EAST,4 ROOM,24,TEBAN GDNS RD,04 TO 06,99.0,Model A,1993,68 years 01 month,485000.0
2024-07-01,JURONG EAST,4 ROOM,31,TEBAN GDNS RD,04 TO 06,99.0,New Generation,1981,56 years 01 month,465000.0
2024-07-01,JURONG EAST,4 ROOM,282,TOH GUAN RD,01 TO 03,90.0,Model A2,1998,73 years 05 months,506888.0
2024-07-01,JURONG EAST,4 ROOM,265,TOH GUAN RD,01 TO 03,101.0,Model A,1998,73 years 04 months,580000.0
2024-07-01,JURONG EAST,4 ROOM,265,TOH GUAN RD,19 TO 21,101.0,Model A,1998,73 years 04 months,668000.0
2024-07-01,JURONG EAST,4 ROOM,280,TOH GUAN RD,07 TO 09,91.0,Model A2,1998,73 years 03 months,550000.0
2024-07-01,JURONG EAST,4 ROOM,275,TOH GUAN RD,01 TO 03,90.0,Model A2,1998,73 years 03 months,440000.0
2024-07-01,JURONG EAST,4 ROOM,279,TOH GUAN RD,04 TO 06,101.0,Model A,1998,73 years 05 months,519500.0
2024-07-01,JURONG EAST,4 ROOM,272,TOH GUAN RD,01 TO 03,100.0,Model A,1999,73 years 10 months,545000.0
2024-07-01,JURONG EAST,4 ROOM,268,TOH GUAN RD,07 TO 09,102.0,Model A,1999,73 years 08 months,582777.0
2024-07-01,JURONG EAST,5 ROOM,332,JURONG EAST AVE 1,07 TO 09,135.0,Model A,1985,60 years 04 months,645000.0
2024-07-01,JURONG EAST,5 ROOM,331,JURONG EAST AVE 1,01 TO 03,131.0,Model A,1985,59 years 10 months,610000.0
2024-07-01,JURONG EAST,5 ROOM,220,JURONG EAST ST 21,10 TO 12,118.0,Improved,1985,59 years 10 months,680000.0
2024-07-01,JURONG EAST,5 ROOM,219A,JURONG EAST ST 21,13 TO 15,118.0,Improved,1985,59 years 10 months,730000.0
2024-07-01,JURONG EAST,5 ROOM,213,JURONG EAST ST 21,25 TO 27,120.0,Improved,1982,57 years 03 months,775000.0
2024-07-01,JURONG EAST,5 ROOM,263,JURONG EAST ST 24,01 TO 03,121.0,Improved,1983,57 years 07 months,608000.0
2024-07-01,JURONG EAST,5 ROOM,328,JURONG EAST ST 31,04 TO 06,135.0,Model A,1984,59 years,645000.0
2024-07-01,JURONG EAST,5 ROOM,65,TEBAN GDNS RD,22 TO 24,110.0,Improved,2003,78 years,638000.0
2024-07-01,JURONG EAST,5 ROOM,63,TEBAN GDNS RD,16 TO 18,114.0,Improved,2003,77 years 11 months,650000.0
2024-07-01,JURONG EAST,5 ROOM,265,TOH GUAN RD,16 TO 18,121.0,Improved,1998,73 years 05 months,758000.0
2024-07-01,JURONG EAST,5 ROOM,286D,TOH GUAN RD,07 TO 09,123.0,Improved,1999,73 years 07 months,838000.0
2024-07-01,JURONG EAST,5 ROOM,279,TOH GUAN RD,04 TO 06,120.0,Improved,1998,73 years 06 months,800000.0
2024-07-01,JURONG EAST,EXECUTIVE,287D,JURONG EAST ST 21,01 TO 03,145.0,Maisonette,1998,73 years,950000.0
2024-07-01,JURONG EAST,EXECUTIVE,323,JURONG EAST ST 31,10 TO 12,149.0,Maisonette,1985,60 years 03 months,800000.0
2024-07-01,JURONG WEST,2 ROOM,180A,BOON LAY DR,10 TO 12,47.0,Model A,2014,88 years 11 months,320000.0
2024-07-01,JURONG WEST,2 ROOM,181B,BOON LAY DR,04 TO 06,47.0,Model A,2014,88 years 11 months,310000.0
2024-07-01,JURONG WEST,2 ROOM,191,BOON LAY DR,04 TO 06,37.0,Model A,1978,53 years 01 month,265000.0
2024-07-01,JURONG WEST,2 ROOM,140B,CORPORATION DR,13 TO 15,47.0,Model A,2019,94 years,335000.0
2024-07-01,JURONG WEST,2 ROOM,140B,CORPORATION DR,13 TO 15,47.0,Model A,2019,94 years,340000.0
2024-07-01,JURONG WEST,2 ROOM,150A,CORPORATION DR,10 TO 12,47.0,Model A,2019,93 years 11 months,330000.0
2024-07-01,JURONG WEST,2 ROOM,140B,CORPORATION DR,07 TO 09,47.0,Model A,2019,94 years,310000.0
2024-07-01,JURONG WEST,2 ROOM,140C,CORPORATION DR,07 TO 09,47.0,Model A,2019,94 years,330000.0
2024-07-01,JURONG WEST,2 ROOM,140C,CORPORATION DR,10 TO 12,47.0,Model A,2019,94 years 01 month,332000.0
2024-07-01,JURONG WEST,2 ROOM,150A,CORPORATION DR,16 TO 18,47.0,Model A,2019,93 years 10 months,345000.0
2024-07-01,JURONG WEST,2 ROOM,560A,JURONG WEST ST 42,10 TO 12,47.0,Model A,2018,92 years 07 months,360000.0
2024-07-01,JURONG WEST,2 ROOM,990B,JURONG WEST ST 93,01 TO 03,52.0,Premium Apartment,2008,83 years 02 months,300000.0
2024-07-01,JURONG WEST,2 ROOM,990B,JURONG WEST ST 93,04 TO 06,51.0,Premium Apartment,2008,83 years 02 months,310000.0
2024-07-01,JURONG WEST,3 ROOM,185,BOON LAY AVE,16 TO 18,59.0,Improved,1975,50 years 04 months,323000.0
2024-07-01,JURONG WEST,3 ROOM,187,BOON LAY AVE,10 TO 12,59.0,Improved,1978,53 years,320000.0
2024-07-01,JURONG WEST,3 ROOM,186,BOON LAY AVE,19 TO 21,68.0,Improved,1975,50 years 03 months,280000.0
2024-07-01,JURONG WEST,3 ROOM,176,BOON LAY DR,10 TO 12,59.0,Improved,1978,53 years 02 months,345000.0
2024-07-01,JURONG WEST,3 ROOM,208,BOON LAY PL,19 TO 21,65.0,Improved,1976,51 years 05 months,325000.0
2024-07-01,JURONG WEST,3 ROOM,207,BOON LAY PL,07 TO 09,65.0,Improved,1976,51 years,340888.0
2024-07-01,JURONG WEST,3 ROOM,210,BOON LAY PL,07 TO 09,74.0,Improved,1977,52 years 03 months,341000.0
2024-07-01,JURONG WEST,3 ROOM,211,BOON LAY PL,13 TO 15,74.0,Improved,1976,51 years 05 months,358000.0
2024-07-01,JURONG WEST,3 ROOM,208,BOON LAY PL,13 TO 15,65.0,Improved,1976,51 years 05 months,335000.0
2024-07-01,JURONG WEST,3 ROOM,211,BOON LAY PL,04 TO 06,65.0,Improved,1976,51 years 05 months,320000.0
2024-07-01,JURONG WEST,3 ROOM,211,BOON LAY PL,01 TO 03,65.0,Improved,1976,51 years 04 months,295000.0
2024-07-01,JURONG WEST,3 ROOM,210,BOON LAY PL,01 TO 03,65.0,Improved,1977,52 years 02 months,280000.0
2024-07-01,JURONG WEST,3 ROOM,210,BOON LAY PL,10 TO 12,65.0,Improved,1977,52 years 02 months,330000.0
2024-07-01,JURONG WEST,3 ROOM,208,BOON LAY PL,04 TO 06,65.0,Improved,1976,51 years 05 months,322800.0
2024-07-01,JURONG WEST,3 ROOM,213,BOON LAY PL,07 TO 09,66.0,Improved,1974,49 years 04 months,330000.0
2024-07-01,JURONG WEST,3 ROOM,150A,CORPORATION DR,19 TO 21,68.0,Model A,2019,93 years 11 months,480000.0
2024-07-01,JURONG WEST,3 ROOM,140B,CORPORATION DR,07 TO 09,68.0,Model A,2019,93 years 11 months,450000.0
2024-07-01,JURONG WEST,3 ROOM,112,HO CHING RD,01 TO 03,68.0,Improved,1970,45 years 03 months,320000.0
2024-07-01,JURONG WEST,3 ROOM,484,JURONG WEST AVE 1,01 TO 03,67.0,New Generation,1985,60 years 01 month,358888.0
2024-07-01,JURONG WEST,3 ROOM,484,JURONG WEST AVE 1,07 TO 09,67.0,New Generation,1985,60 years 01 month,360080.0
2024-07-01,JURONG WEST,3 ROOM,485,JURONG WEST AVE 1,10 TO 12,73.0,Model A,1984,59 years 02 months,395000.0
2024-07-01,JURONG WEST,3 ROOM,487,JURONG WEST AVE 1,01 TO 03,73.0,Model A,1984,59 years 02 months,382000.0
2024-07-01,JURONG WEST,3 ROOM,698B,JURONG WEST CTRL 3,16 TO 18,68.0,Model A,2017,92 years 04 months,552000.0
2024-07-01,JURONG WEST,3 ROOM,476,JURONG WEST ST 41,04 TO 06,73.0,Model A,1984,59 years 03 months,360000.0
2024-07-01,JURONG WEST,3 ROOM,498,JURONG WEST ST 41,04 TO 06,64.0,Simplified,1986,61 years 01 month,360000.0
2024-07-01,JURONG WEST,3 ROOM,480,JURONG WEST ST 41,10 TO 12,67.0,New Generation,1985,60 years 04 months,370000.0
2024-07-01,JURONG WEST,3 ROOM,464,JURONG WEST ST 41,10 TO 12,73.0,Model A,1984,58 years 11 months,395000.0
2024-07-01,JURONG WEST,3 ROOM,474,JURONG WEST ST 41,07 TO 09,73.0,Model A,1984,59 years 03 months,386000.0
2024-07-01,JURONG WEST,3 ROOM,463,JURONG WEST ST 41,04 TO 06,67.0,New Generation,1985,60 years,380888.0
2024-07-01,JURONG WEST,3 ROOM,463,JURONG WEST ST 41,07 TO 09,67.0,New Generation,1985,60 years,385000.0
2024-07-01,JURONG WEST,3 ROOM,417,JURONG WEST ST 42,04 TO 06,64.0,Simplified,1985,60 years 06 months,365000.0
2024-07-01,JURONG WEST,3 ROOM,421,JURONG WEST ST 42,04 TO 06,64.0,Simplified,1985,60 years,375000.0
2024-07-01,JURONG WEST,3 ROOM,449,JURONG WEST ST 42,04 TO 06,74.0,Model A,1985,59 years 07 months,410000.0
2024-07-01,JURONG WEST,3 ROOM,525,JURONG WEST ST 52,07 TO 09,81.0,New Generation,1982,57 years 06 months,440000.0
2024-07-01,JURONG WEST,3 ROOM,521,JURONG WEST ST 52,04 TO 06,71.0,New Generation,1982,57 years 06 months,370000.0
2024-07-01,JURONG WEST,3 ROOM,524,JURONG WEST ST 52,10 TO 12,67.0,New Generation,1982,56 years 10 months,380000.0
2024-07-01,JURONG WEST,3 ROOM,511,JURONG WEST ST 52,07 TO 09,74.0,Model A,1984,58 years 09 months,403000.0
2024-07-01,JURONG WEST,3 ROOM,514,JURONG WEST ST 52,01 TO 03,74.0,Model A,1984,59 years,420000.0
2024-07-01,JURONG WEST,3 ROOM,534,JURONG WEST ST 52,07 TO 09,67.0,New Generation,1982,56 years 11 months,390000.0
2024-07-01,JURONG WEST,3 ROOM,518,JURONG WEST ST 52,10 TO 12,74.0,Model A,1984,59 years 05 months,428000.0
2024-07-01,JURONG WEST,3 ROOM,535,JURONG WEST ST 52,01 TO 03,67.0,New Generation,1983,58 years,370000.0
2024-07-01,JURONG WEST,3 ROOM,511,JURONG WEST ST 52,16 TO 18,74.0,Model A,1984,58 years 09 months,450000.0
2024-07-01,JURONG WEST,3 ROOM,514,JURONG WEST ST 52,04 TO 06,74.0,Model A,1984,58 years 11 months,413000.0
2024-07-01,JURONG WEST,3 ROOM,527,JURONG WEST ST 52,10 TO 12,67.0,New Generation,1983,58 years 01 month,385000.0
2024-07-01,JURONG WEST,3 ROOM,916,JURONG WEST ST 91,01 TO 03,73.0,Model A,1988,63 years,368000.0
2024-07-01,JURONG WEST,3 ROOM,929,JURONG WEST ST 92,10 TO 12,73.0,Model A,1989,63 years 07 months,400000.0
2024-07-01,JURONG WEST,3 ROOM,926,JURONG WEST ST 92,10 TO 12,73.0,Model A,1989,63 years 07 months,378000.0
2024-07-01,JURONG WEST,3 ROOM,339C,KANG CHING RD,04 TO 06,67.0,Model A,2012,86 years 09 months,450000.0
2024-07-01,JURONG WEST,4 ROOM,217A,BOON LAY AVE,10 TO 12,94.0,Model A,2018,93 years 02 months,616000.0
2024-07-01,JURONG WEST,4 ROOM,183A,BOON LAY AVE,07 TO 09,92.0,Model A,2015,89 years 07 months,565000.0
2024-07-01,JURONG WEST,4 ROOM,183B,BOON LAY AVE,07 TO 09,92.0,Model A,2015,89 years 06 months,565000.0
2024-07-01,JURONG WEST,4 ROOM,181A,BOON LAY DR,07 TO 09,93.0,Model A,2014,88 years 11 months,540000.0
2024-07-01,JURONG WEST,4 ROOM,257,BOON LAY DR,07 TO 09,113.0,Model A,1995,70 years,555000.0
2024-07-01,JURONG WEST,4 ROOM,268B,BOON LAY DR,10 TO 12,90.0,Model A,2002,76 years 08 months,495000.0
2024-07-01,JURONG WEST,4 ROOM,259,BOON LAY DR,13 TO 15,115.0,Model A,1995,70 years,565000.0
2024-07-01,JURONG WEST,4 ROOM,140D,CORPORATION DR,13 TO 15,93.0,Model A,2019,94 years,625000.0
2024-07-01,JURONG WEST,4 ROOM,140A,CORPORATION DR,04 TO 06,93.0,Model A,2019,94 years,580000.0
2024-07-01,JURONG WEST,4 ROOM,140C,CORPORATION DR,04 TO 06,93.0,Model A,2019,94 years,563000.0
2024-07-01,JURONG WEST,4 ROOM,140D,CORPORATION DR,04 TO 06,93.0,Model A,2019,93 years 11 months,565000.0
2024-07-01,JURONG WEST,4 ROOM,441,JURONG WEST AVE 1,07 TO 09,106.0,Model A,1984,59 years 03 months,478000.0
2024-07-01,JURONG WEST,4 ROOM,440,JURONG WEST AVE 1,07 TO 09,103.0,Model A,1985,60 years,502000.0
2024-07-01,JURONG WEST,4 ROOM,540,JURONG WEST AVE 1,04 TO 06,104.0,Model A,1984,59 years 06 months,458000.0
2024-07-01,JURONG WEST,4 ROOM,540,JURONG WEST AVE 1,01 TO 03,107.0,Model A,1984,59 years 06 months,535000.0
2024-07-01,JURONG WEST,4 ROOM,537,JURONG WEST AVE 1,04 TO 06,103.0,Model A,1984,59 years 05 months,463000.0
2024-07-01,JURONG WEST,4 ROOM,430,JURONG WEST AVE 1,04 TO 06,103.0,Model A,1985,59 years 06 months,450000.0
2024-07-01,JURONG WEST,4 ROOM,488,JURONG WEST AVE 1,07 TO 09,91.0,New Generation,1985,59 years 07 months,468000.0
2024-07-01,JURONG WEST,4 ROOM,273D,JURONG WEST AVE 3,13 TO 15,85.0,Model A2,2001,76 years 06 months,488000.0
2024-07-01,JURONG WEST,4 ROOM,729,JURONG WEST AVE 5,07 TO 09,104.0,Model A,1989,64 years 06 months,505000.0
2024-07-01,JURONG WEST,4 ROOM,723,JURONG WEST AVE 5,07 TO 09,104.0,Model A,1990,65 years 06 months,480000.0
2024-07-01,JURONG WEST,4 ROOM,679C,JURONG WEST CTRL 1,01 TO 03,97.0,Premium Apartment,2000,75 years 03 months,510000.0
2024-07-01,JURONG WEST,4 ROOM,691,JURONG WEST CTRL 1,07 TO 09,99.0,Premium Apartment,1998,72 years 11 months,565000.0
2024-07-01,JURONG WEST,4 ROOM,690,JURONG WEST CTRL 1,01 TO 03,99.0,Premium Apartment,1998,72 years 11 months,565000.0
2024-07-01,JURONG WEST,4 ROOM,271A,JURONG WEST ST 24,13 TO 15,95.0,Premium Apartment,2003,78 years 04 months,484000.0
2024-07-01,JURONG WEST,4 ROOM,272D,JURONG WEST ST 24,01 TO 03,95.0,Premium Apartment,2003,78 years 04 months,492000.0
2024-07-01,JURONG WEST,4 ROOM,276A,JURONG WEST ST 25,01 TO 03,85.0,Model A2,2002,76 years 07 months,455000.0
2024-07-01,JURONG WEST,4 ROOM,465,JURONG WEST ST 41,10 TO 12,91.0,New Generation,1984,59 years 05 months,482000.0
2024-07-01,JURONG WEST,4 ROOM,483,JURONG WEST ST 41,01 TO 03,91.0,New Generation,1985,59 years 11 months,450000.0
2024-07-01,JURONG WEST,4 ROOM,478,JURONG WEST ST 41,04 TO 06,91.0,New Generation,1985,59 years 09 months,480000.0
2024-07-01,JURONG WEST,4 ROOM,474,JURONG WEST ST 41,10 TO 12,102.0,Model A,1984,59 years 03 months,515000.0
2024-07-01,JURONG WEST,4 ROOM,561A,JURONG WEST ST 42,10 TO 12,93.0,Model A,2018,92 years 08 months,600000.0
2024-07-01,JURONG WEST,4 ROOM,543,JURONG WEST ST 42,07 TO 09,103.0,Model A,1984,59 years 06 months,468000.0
2024-07-01,JURONG WEST,4 ROOM,546,JURONG WEST ST 42,07 TO 09,103.0,Model A,1985,59 years 09 months,430000.0
2024-07-01,JURONG WEST,4 ROOM,561B,JURONG WEST ST 42,04 TO 06,93.0,Model A,2018,92 years 08 months,555000.0
2024-07-01,JURONG WEST,4 ROOM,432,JURONG WEST ST 42,01 TO 03,103.0,Model A,1984,59 years 04 months,501000.0
2024-07-01,JURONG WEST,4 ROOM,561A,JURONG WEST ST 42,07 TO 09,93.0,Model A,2018,92 years 08 months,600000.0
2024-07-01,JURONG WEST,4 ROOM,402,JURONG WEST ST 42,10 TO 12,103.0,Model A,1984,59 years 02 months,490000.0
2024-07-01,JURONG WEST,4 ROOM,513,JURONG WEST ST 52,10 TO 12,105.0,Model A,1984,58 years 10 months,540000.0
2024-07-01,JURONG WEST,4 ROOM,517D,JURONG WEST ST 52,10 TO 12,95.0,Model A,2000,75 years,710000.0
2024-07-01,JURONG WEST,4 ROOM,650A,JURONG WEST ST 61,16 TO 18,90.0,Model A,2000,75 years 04 months,550000.0
2024-07-01,JURONG WEST,4 ROOM,641,JURONG WEST ST 61,07 TO 09,100.0,Model A,1998,73 years 01 month,535000.0
2024-07-01,JURONG WEST,4 ROOM,639,JURONG WEST ST 61,07 TO 09,100.0,Model A,1998,73 years,546000.0
2024-07-01,JURONG WEST,4 ROOM,660D,JURONG WEST ST 64,13 TO 15,91.0,Model A,2001,76 years 03 months,553888.0
2024-07-01,JURONG WEST,4 ROOM,664B,JURONG WEST ST 64,07 TO 09,91.0,Model A,2000,75 years 02 months,565000.0
2024-07-01,JURONG WEST,4 ROOM,660D,JURONG WEST ST 64,01 TO 03,91.0,Model A,2001,76 years 03 months,490000.0
2024-07-01,JURONG WEST,4 ROOM,668A,JURONG WEST ST 64,10 TO 12,85.0,Model A2,2000,75 years,525000.0
2024-07-01,JURONG WEST,4 ROOM,668C,JURONG WEST ST 64,10 TO 12,85.0,Model A2,2000,75 years 01 month,545000.0
2024-07-01,JURONG WEST,4 ROOM,668B,JURONG WEST ST 64,01 TO 03,86.0,Model A2,2000,75 years,472000.0
2024-07-01,JURONG WEST,4 ROOM,677A,JURONG WEST ST 64,07 TO 09,93.0,Premium Apartment,2008,83 years,452000.0
2024-07-01,JURONG WEST,4 ROOM,663C,JURONG WEST ST 65,01 TO 03,91.0,Model A,2000,75 years 02 months,505000.0
2024-07-01,JURONG WEST,4 ROOM,663D,JURONG WEST ST 65,04 TO 06,90.0,Model A,2000,75 years 01 month,530888.0
2024-07-01,JURONG WEST,4 ROOM,663B,JURONG WEST ST 65,10 TO 12,91.0,Model A,2000,75 years 02 months,542000.0
2024-07-01,JURONG WEST,4 ROOM,663A,JURONG WEST ST 65,01 TO 03,91.0,Model A,2000,75 years 02 months,475000.0
2024-07-01,JURONG WEST,4 ROOM,618,JURONG WEST ST 65,07 TO 09,91.0,Model A,2000,75 years 06 months,535000.0
2024-07-01,JURONG WEST,4 ROOM,673A,JURONG WEST ST 65,10 TO 12,86.0,Model A2,2002,77 years 04 months,510000.0
2024-07-01,JURONG WEST,4 ROOM,716,JURONG WEST ST 71,10 TO 12,111.0,Model A,1991,65 years 08 months,490000.0
2024-07-01,JURONG WEST,4 ROOM,717,JURONG WEST ST 71,04 TO 06,107.0,Model A,1991,65 years 07 months,465000.0
2024-07-01,JURONG WEST,4 ROOM,748,JURONG WEST ST 73,01 TO 03,104.0,Model A,1990,65 years 02 months,488000.0
2024-07-01,JURONG WEST,4 ROOM,750,JURONG WEST ST 73,04 TO 06,107.0,Model A,1993,68 years 06 months,500000.0
2024-07-01,JURONG WEST,4 ROOM,755,JURONG WEST ST 74,01 TO 03,109.0,Model A,1996,71 years 04 months,505000.0
2024-07-01,JURONG WEST,4 ROOM,814,JURONG WEST ST 81,10 TO 12,104.0,Model A,1990,64 years 11 months,470000.0
2024-07-01,JURONG WEST,4 ROOM,836,JURONG WEST ST 81,07 TO 09,107.0,Model A,1993,68 years,500000.0
2024-07-01,JURONG WEST,4 ROOM,824,JURONG WEST ST 81,04 TO 06,104.0,Model A,1990,64 years 10 months,485000.0
2024-07-01,JURONG WEST,4 ROOM,837,JURONG WEST ST 81,04 TO 06,114.0,Model A,1993,68 years,480000.0
2024-07-01,JURONG WEST,4 ROOM,824,JURONG WEST ST 81,01 TO 03,104.0,Model A,1990,64 years 10 months,445000.0
2024-07-01,JURONG WEST,4 ROOM,836,JURONG WEST ST 81,01 TO 03,109.0,Model A,1993,67 years 11 months,470000.0
2024-07-01,JURONG WEST,4 ROOM,815,JURONG WEST ST 81,01 TO 03,104.0,Model A,1990,64 years 06 months,488000.0
2024-07-01,JURONG WEST,4 ROOM,840,JURONG WEST ST 81,04 TO 06,106.0,Model A,1993,67 years 11 months,475000.0
2024-07-01,JURONG WEST,4 ROOM,864,JURONG WEST ST 81,04 TO 06,106.0,Model A,1996,71 years 03 months,485000.0
2024-07-01,JURONG WEST,4 ROOM,908,JURONG WEST ST 91,10 TO 12,103.0,Model A,1989,64 years,475000.0
2024-07-01,JURONG WEST,4 ROOM,911,JURONG WEST ST 91,10 TO 12,104.0,Model A,1989,63 years 08 months,478000.0
2024-07-01,JURONG WEST,4 ROOM,942,JURONG WEST ST 91,04 TO 06,104.0,Model A,1989,64 years 02 months,475000.0
2024-07-01,JURONG WEST,4 ROOM,939,JURONG WEST ST 91,10 TO 12,103.0,Model A,1989,63 years 08 months,470000.0
2024-07-01,JURONG WEST,4 ROOM,916,JURONG WEST ST 91,10 TO 12,103.0,Model A,1988,63 years 01 month,470000.0
2024-07-01,JURONG WEST,4 ROOM,947,JURONG WEST ST 91,07 TO 09,105.0,Model A,1989,63 years 10 months,475000.0
2024-07-01,JURONG WEST,4 ROOM,920,JURONG WEST ST 92,04 TO 06,104.0,Model A,1989,63 years 08 months,510000.0
2024-07-01,JURONG WEST,4 ROOM,926,JURONG WEST ST 92,07 TO 09,103.0,Model A,1989,63 years 07 months,458000.0
2024-07-01,JURONG WEST,4 ROOM,929,JURONG WEST ST 92,04 TO 06,103.0,Model A,1989,63 years 06 months,480000.0
2024-07-01,JURONG WEST,4 ROOM,990B,JURONG WEST ST 93,07 TO 09,93.0,Premium Apartment,2008,83 years 03 months,507000.0
2024-07-01,JURONG WEST,4 ROOM,352,KANG CHING RD,04 TO 06,102.0,Model A,1997,71 years 07 months,540000.0
2024-07-01,JURONG WEST,4 ROOM,339B,KANG CHING RD,04 TO 06,92.0,Model A,2012,86 years 09 months,612000.0
2024-07-01,JURONG WEST,4 ROOM,337B,TAH CHING RD,16 TO 18,94.0,Model A,2010,84 years 09 months,625000.0
2024-07-01,JURONG WEST,4 ROOM,138C,YUAN CHING RD,10 TO 12,89.0,DBSS,2014,89 years 03 months,680000.0
2024-07-01,JURONG WEST,4 ROOM,138D,YUAN CHING RD,07 TO 09,91.0,DBSS,2014,89 years 03 months,636888.0
2024-07-01,JURONG WEST,4 ROOM,153,YUNG HO RD,10 TO 12,104.0,Model A,1990,65 years 02 months,521000.0
2024-07-01,JURONG WEST,4 ROOM,165B,YUNG KUANG RD,07 TO 09,93.0,Model A,2018,93 years 04 months,570000.0
2024-07-01,JURONG WEST,4 ROOM,166A,YUNG KUANG RD,07 TO 09,93.0,Model A,2018,93 years 03 months,608000.0
2024-07-01,JURONG WEST,5 ROOM,218B,BOON LAY AVE,10 TO 12,114.0,Improved,2018,93 years 01 month,780000.0
2024-07-01,JURONG WEST,5 ROOM,217A,BOON LAY AVE,07 TO 09,121.0,3Gen,2018,93 years 01 month,665000.0
2024-07-01,JURONG WEST,5 ROOM,268A,BOON LAY DR,10 TO 12,111.0,Improved,2002,76 years 09 months,588000.0
2024-07-01,JURONG WEST,5 ROOM,263,BOON LAY DR,13 TO 15,127.0,Improved,1995,70 years 01 month,660000.0
2024-07-01,JURONG WEST,5 ROOM,201,BOON LAY DR,04 TO 06,122.0,Standard,1976,51 years,515000.0
2024-07-01,JURONG WEST,5 ROOM,200,BOON LAY DR,01 TO 03,121.0,Standard,1976,51 years 05 months,498000.0
2024-07-01,JURONG WEST,5 ROOM,199,BOON LAY DR,01 TO 03,121.0,Standard,1976,51 years 05 months,490000.0
2024-07-01,JURONG WEST,5 ROOM,426,JURONG WEST AVE 1,04 TO 06,133.0,Model A,1985,59 years 10 months,590000.0
2024-07-01,JURONG WEST,5 ROOM,721,JURONG WEST AVE 5,07 TO 09,121.0,Improved,1989,64 years 06 months,570000.0
2024-07-01,JURONG WEST,5 ROOM,694,JURONG WEST CTRL 1,01 TO 03,123.0,Premium Apartment,1998,72 years 09 months,710000.0
2024-07-01,JURONG WEST,5 ROOM,686B,JURONG WEST CTRL 1,13 TO 15,111.0,Premium Apartment,2000,75 years 04 months,640000.0
2024-07-01,PUNGGOL,3 ROOM,224A,SUMANG LANE,01 TO 03,68.0,Model A,2018,93 years 06 months,460000.0
2024-07-01,JURONG WEST,5 ROOM,688,JURONG WEST CTRL 1,07 TO 09,120.0,Premium Apartment,1998,72 years 11 months,675000.0
2024-07-01,JURONG WEST,5 ROOM,686C,JURONG WEST CTRL 1,04 TO 06,110.0,Premium Apartment,2000,75 years 04 months,630000.0
2024-07-01,JURONG WEST,5 ROOM,276C,JURONG WEST ST 25,01 TO 03,111.0,Improved,2002,76 years 09 months,505000.0
2024-07-01,JURONG WEST,5 ROOM,276C,JURONG WEST ST 25,07 TO 09,111.0,Improved,2002,76 years 09 months,515000.0
2024-07-01,JURONG WEST,5 ROOM,408,JURONG WEST ST 42,07 TO 09,137.0,Model A-Maisonette,1984,58 years 09 months,680000.0
2024-07-01,JURONG WEST,5 ROOM,645,JURONG WEST ST 61,16 TO 18,120.0,Improved,1998,73 years 03 months,650000.0
2024-07-01,JURONG WEST,5 ROOM,624,JURONG WEST ST 61,04 TO 06,110.0,Improved,2001,75 years 09 months,575000.0
2024-07-01,JURONG WEST,5 ROOM,653C,JURONG WEST ST 61,04 TO 06,110.0,Improved,2002,77 years 04 months,590000.0
2024-07-01,JURONG WEST,5 ROOM,622,JURONG WEST ST 61,13 TO 15,110.0,Improved,2001,75 years 07 months,565888.0
2024-07-01,JURONG WEST,5 ROOM,656A,JURONG WEST ST 61,10 TO 12,111.0,Improved,2002,76 years 09 months,608888.0
2024-07-01,JURONG WEST,5 ROOM,603,JURONG WEST ST 62,04 TO 06,115.0,Premium Apartment,2001,75 years 08 months,565000.0
2024-07-01,JURONG WEST,5 ROOM,662C,JURONG WEST ST 64,04 TO 06,110.0,Improved,2001,76 years 04 months,618888.0
2024-07-01,JURONG WEST,5 ROOM,661B,JURONG WEST ST 64,07 TO 09,110.0,Improved,2001,76 years 01 month,622000.0
2024-07-01,JURONG WEST,5 ROOM,661B,JURONG WEST ST 64,13 TO 15,110.0,Improved,2001,76 years 01 month,700000.0
2024-07-01,JURONG WEST,5 ROOM,678C,JURONG WEST ST 64,07 TO 09,110.0,Premium Apartment,2008,83 years,620000.0
2024-07-01,JURONG WEST,5 ROOM,663A,JURONG WEST ST 65,13 TO 15,110.0,Improved,2000,75 years 01 month,615000.0
2024-07-01,JURONG WEST,5 ROOM,658A,JURONG WEST ST 65,13 TO 15,111.0,Improved,2001,75 years 11 months,570000.0
2024-07-01,JURONG WEST,5 ROOM,658B,JURONG WEST ST 65,10 TO 12,112.0,Improved,2001,75 years 11 months,576888.0
2024-07-01,JURONG WEST,5 ROOM,618,JURONG WEST ST 65,01 TO 03,109.0,Improved,2000,75 years 07 months,570000.0
2024-07-01,JURONG WEST,5 ROOM,620,JURONG WEST ST 65,10 TO 12,110.0,Improved,2000,75 years 06 months,600000.0
2024-07-01,JURONG WEST,5 ROOM,635,JURONG WEST ST 65,04 TO 06,110.0,Improved,2001,76 years 05 months,566000.0
2024-07-01,JURONG WEST,5 ROOM,659C,JURONG WEST ST 65,13 TO 15,110.0,Improved,2001,76 years 01 month,633800.0
2024-07-01,JURONG WEST,5 ROOM,633,JURONG WEST ST 65,07 TO 09,110.0,Improved,2001,76 years 04 months,550000.0
2024-07-01,JURONG WEST,5 ROOM,658C,JURONG WEST ST 65,07 TO 09,111.0,Improved,2001,76 years,598000.0
2024-07-01,JURONG WEST,5 ROOM,670A,JURONG WEST ST 65,10 TO 12,110.0,Improved,2002,76 years 10 months,560000.0
2024-07-01,JURONG WEST,5 ROOM,659B,JURONG WEST ST 65,07 TO 09,110.0,Improved,2001,76 years,590000.0
2024-07-01,JURONG WEST,5 ROOM,749,JURONG WEST ST 73,01 TO 03,122.0,Improved,1990,65 years 01 month,570000.0
2024-07-01,JURONG WEST,5 ROOM,764,JURONG WEST ST 74,01 TO 03,126.0,Improved,1996,71 years 01 month,570000.0
2024-07-01,JURONG WEST,5 ROOM,833,JURONG WEST ST 81,07 TO 09,134.0,Model A,1993,67 years 11 months,590000.0
2024-07-01,JURONG WEST,5 ROOM,857,JURONG WEST ST 81,13 TO 15,126.0,Improved,1996,71 years 02 months,630000.0
2024-07-01,JURONG WEST,5 ROOM,856,JURONG WEST ST 81,10 TO 12,122.0,Improved,1996,71 years 02 months,580000.0
2024-07-01,JURONG WEST,5 ROOM,852,JURONG WEST ST 81,04 TO 06,128.0,Improved,1996,70 years 10 months,565000.0
2024-07-01,JURONG WEST,5 ROOM,812,JURONG WEST ST 81,07 TO 09,121.0,Improved,1990,64 years 10 months,550000.0
2024-07-01,JURONG WEST,5 ROOM,857,JURONG WEST ST 81,01 TO 03,136.0,Model A,1996,71 years 02 months,600000.0
2024-07-01,JURONG WEST,5 ROOM,855,JURONG WEST ST 81,13 TO 15,123.0,Improved,1996,71 years 01 month,595000.0
2024-07-01,JURONG WEST,5 ROOM,947,JURONG WEST ST 91,07 TO 09,132.0,Improved,1989,63 years 11 months,600000.0
2024-07-01,JURONG WEST,5 ROOM,907,JURONG WEST ST 91,07 TO 09,122.0,Improved,1988,63 years 05 months,538000.0
2024-07-01,JURONG WEST,5 ROOM,941,JURONG WEST ST 91,10 TO 12,123.0,Improved,1989,63 years 10 months,540000.0
2024-07-01,JURONG WEST,5 ROOM,987B,JURONG WEST ST 93,10 TO 12,114.0,Premium Apartment,2008,83 years 02 months,650000.0
2024-07-01,JURONG WEST,5 ROOM,989C,JURONG WEST ST 93,07 TO 09,110.0,Premium Apartment,2008,83 years 02 months,610000.0
2024-07-01,JURONG WEST,5 ROOM,987C,JURONG WEST ST 93,07 TO 09,110.0,Premium Apartment,2006,80 years 11 months,600000.0
2024-07-01,JURONG WEST,5 ROOM,976,JURONG WEST ST 93,01 TO 03,121.0,Improved,1989,63 years 10 months,555000.0
2024-07-01,JURONG WEST,5 ROOM,325,TAH CHING RD,13 TO 15,121.0,Improved,1997,72 years 01 month,632888.0
2024-07-01,JURONG WEST,5 ROOM,138B,YUAN CHING RD,13 TO 15,105.0,DBSS,2014,89 years 02 months,843000.0
2024-07-01,JURONG WEST,5 ROOM,166A,YUNG KUANG RD,10 TO 12,113.0,Improved,2018,93 years 04 months,712888.0
2024-07-01,JURONG WEST,5 ROOM,177,YUNG SHENG RD,01 TO 03,116.0,Improved,2001,76 years,560000.0
2024-07-01,JURONG WEST,5 ROOM,178,YUNG SHENG RD,07 TO 09,116.0,Improved,2001,75 years 11 months,582000.0
2024-07-01,JURONG WEST,5 ROOM,180,YUNG SHENG RD,16 TO 18,115.0,Improved,2001,75 years 10 months,596000.0
2024-07-01,JURONG WEST,EXECUTIVE,682A,JURONG WEST CTRL 1,04 TO 06,134.0,Premium Apartment,2000,75 years 01 month,733000.0
2024-07-01,JURONG WEST,EXECUTIVE,274C,JURONG WEST ST 25,04 TO 06,126.0,Apartment,2002,76 years 08 months,610000.0
2024-07-01,JURONG WEST,EXECUTIVE,470,JURONG WEST ST 41,01 TO 03,149.0,Maisonette,1985,60 years 01 month,780000.0
2024-07-01,JURONG WEST,EXECUTIVE,656A,JURONG WEST ST 61,13 TO 15,132.0,Apartment,2002,76 years 10 months,735000.0
2024-07-01,JURONG WEST,EXECUTIVE,613,JURONG WEST ST 62,07 TO 09,134.0,Premium Apartment,2001,75 years 07 months,700000.0
2024-07-01,JURONG WEST,EXECUTIVE,665B,JURONG WEST ST 64,07 TO 09,130.0,Apartment,2000,74 years 10 months,785000.0
2024-07-01,JURONG WEST,EXECUTIVE,669A,JURONG WEST ST 64,01 TO 03,130.0,Apartment,2000,75 years 01 month,712000.0
2024-07-01,JURONG WEST,EXECUTIVE,626,JURONG WEST ST 65,04 TO 06,130.0,Apartment,2001,76 years 02 months,718000.0
2024-07-01,JURONG WEST,EXECUTIVE,671C,JURONG WEST ST 65,04 TO 06,125.0,Apartment,2002,77 years 01 month,670000.0
2024-07-01,JURONG WEST,EXECUTIVE,608,JURONG WEST ST 65,13 TO 15,133.0,Premium Apartment,2001,75 years 11 months,760000.0
2024-07-01,JURONG WEST,EXECUTIVE,630,JURONG WEST ST 65,07 TO 09,130.0,Apartment,2001,76 years 02 months,722000.0
2024-07-01,JURONG WEST,EXECUTIVE,859,JURONG WEST ST 81,04 TO 06,146.0,Maisonette,1997,71 years 07 months,740888.0
2024-07-01,JURONG WEST,EXECUTIVE,859,JURONG WEST ST 81,13 TO 15,142.0,Apartment,1997,71 years 07 months,755000.0
2024-07-01,JURONG WEST,EXECUTIVE,827,JURONG WEST ST 81,07 TO 09,146.0,Apartment,1993,67 years 11 months,748000.0
2024-07-01,JURONG WEST,EXECUTIVE,912,JURONG WEST ST 91,04 TO 06,145.0,Apartment,1988,63 years 04 months,652000.0
2024-07-01,JURONG WEST,EXECUTIVE,331,TAH CHING RD,13 TO 15,139.0,Apartment,1996,71 years 05 months,865888.0
2024-07-01,JURONG WEST,EXECUTIVE,369,YUNG AN RD,04 TO 06,154.0,Apartment,1995,70 years 02 months,802000.0
2024-07-01,JURONG WEST,EXECUTIVE,163,YUNG PING RD,01 TO 03,143.0,Maisonette,1997,71 years 07 months,810000.0
2024-07-01,KALLANG/WHAMPOA,3 ROOM,2,BEACH RD,04 TO 06,68.0,Improved,1979,54 years 03 months,420000.0
2024-07-01,KALLANG/WHAMPOA,3 ROOM,30,BENDEMEER RD,07 TO 09,68.0,Improved,1972,46 years 07 months,402888.0
2024-07-01,KALLANG/WHAMPOA,3 ROOM,38D,BENDEMEER RD,13 TO 15,69.0,Model A,2012,86 years 11 months,710000.0
2024-07-01,KALLANG/WHAMPOA,3 ROOM,43,BENDEMEER RD,04 TO 06,75.0,Standard,1981,55 years 07 months,418000.0
2024-07-01,KALLANG/WHAMPOA,3 ROOM,44,BENDEMEER RD,10 TO 12,63.0,Standard,1981,55 years 06 months,375000.0
2024-07-01,KALLANG/WHAMPOA,3 ROOM,26,BENDEMEER RD,01 TO 03,71.0,Improved,1972,46 years 07 months,368000.0
2024-07-01,KALLANG/WHAMPOA,3 ROOM,462,CRAWFORD LANE,07 TO 09,60.0,Improved,1981,56 years 04 months,440000.0
2024-07-01,KALLANG/WHAMPOA,3 ROOM,50,DORSET RD,07 TO 09,68.0,New Generation,1979,54 years,450000.0
2024-07-01,KALLANG/WHAMPOA,3 ROOM,801,FRENCH RD,07 TO 09,59.0,Improved,1979,53 years 08 months,383000.0
2024-07-01,KALLANG/WHAMPOA,3 ROOM,802,FRENCH RD,04 TO 06,59.0,Improved,1979,53 years 09 months,420000.0
2024-07-01,KALLANG/WHAMPOA,3 ROOM,801,FRENCH RD,07 TO 09,59.0,Improved,1979,53 years 08 months,438000.0
2024-07-01,KALLANG/WHAMPOA,3 ROOM,96,GEYLANG BAHRU,01 TO 03,68.0,New Generation,1979,53 years 07 months,400000.0
2024-07-01,KALLANG/WHAMPOA,3 ROOM,57,GEYLANG BAHRU,04 TO 06,65.0,Improved,1974,49 years 01 month,365000.0
2024-07-01,KALLANG/WHAMPOA,3 ROOM,73,GEYLANG BAHRU,07 TO 09,59.0,Improved,1974,48 years 09 months,375000.0
2024-07-01,KALLANG/WHAMPOA,3 ROOM,68,GEYLANG BAHRU,04 TO 06,65.0,Improved,1974,49 years 01 month,370500.0
2024-07-01,KALLANG/WHAMPOA,3 ROOM,73,GEYLANG BAHRU,01 TO 03,59.0,Improved,1974,48 years 09 months,355000.0
2024-07-01,KALLANG/WHAMPOA,3 ROOM,73,GEYLANG BAHRU,01 TO 03,70.0,Improved,1974,48 years 08 months,370000.0
2024-07-01,KALLANG/WHAMPOA,3 ROOM,10,GLOUCESTER RD,01 TO 03,67.0,New Generation,1976,51 years 05 months,450000.0
2024-07-01,KALLANG/WHAMPOA,3 ROOM,35,JLN BAHAGIA,10 TO 12,56.0,Standard,1971,45 years 07 months,335000.0
2024-07-01,KALLANG/WHAMPOA,3 ROOM,33,JLN BAHAGIA,04 TO 06,56.0,Standard,1970,45 years,300000.0
2024-07-01,KALLANG/WHAMPOA,3 ROOM,28,JLN BAHAGIA,07 TO 09,56.0,Standard,1971,45 years 07 months,325000.0
2024-07-01,KALLANG/WHAMPOA,3 ROOM,27,JLN BAHAGIA,01 TO 03,53.0,Standard,1970,45 years 01 month,295000.0
2024-07-01,KALLANG/WHAMPOA,3 ROOM,28,JLN BAHAGIA,07 TO 09,56.0,Standard,1971,45 years 07 months,295000.0
2024-07-01,KALLANG/WHAMPOA,3 ROOM,28,JLN BAHAGIA,01 TO 03,56.0,Standard,1971,45 years 06 months,280000.0
2024-07-01,KALLANG/WHAMPOA,3 ROOM,53,JLN MA'MOR,01 TO 03,366.7,Terrace,1972,47 years,1568000.0
2024-07-01,KALLANG/WHAMPOA,3 ROOM,116B,JLN TENTERAM,10 TO 12,67.0,Model A,2017,92 years 05 months,595000.0
2024-07-01,KALLANG/WHAMPOA,3 ROOM,116B,JLN TENTERAM,01 TO 03,67.0,Model A,2017,92 years 05 months,540000.0
2024-07-01,KALLANG/WHAMPOA,3 ROOM,117B,JLN TENTERAM,16 TO 18,67.0,Model A,2017,92 years 05 months,628000.0
2024-07-01,KALLANG/WHAMPOA,3 ROOM,63,KALLANG BAHRU,10 TO 12,65.0,Improved,1974,48 years 07 months,385000.0
2024-07-01,KALLANG/WHAMPOA,3 ROOM,64,KALLANG BAHRU,07 TO 09,65.0,Improved,1974,48 years 07 months,375000.0
2024-07-01,KALLANG/WHAMPOA,3 ROOM,65,KALLANG BAHRU,04 TO 06,65.0,Improved,1981,55 years 07 months,343000.0
2024-07-01,KALLANG/WHAMPOA,3 ROOM,63,KALLANG BAHRU,07 TO 09,65.0,Improved,1974,48 years 07 months,375000.0
2024-07-01,KALLANG/WHAMPOA,3 ROOM,64,KALLANG BAHRU,01 TO 03,65.0,Improved,1974,48 years 07 months,375000.0
2024-07-01,KALLANG/WHAMPOA,3 ROOM,806,KING GEORGE'S AVE,04 TO 06,59.0,Improved,1981,56 years 03 months,450000.0
2024-07-01,KALLANG/WHAMPOA,3 ROOM,76,LOR LIMAU,04 TO 06,65.0,Improved,1973,48 years 01 month,325000.0
2024-07-01,KALLANG/WHAMPOA,3 ROOM,77,LOR LIMAU,04 TO 06,59.0,Improved,1973,48 years 02 months,309000.0
2024-07-01,KALLANG/WHAMPOA,3 ROOM,77,LOR LIMAU,16 TO 18,59.0,Improved,1973,48 years 02 months,350000.0
2024-07-01,KALLANG/WHAMPOA,3 ROOM,468,NTH BRIDGE RD,04 TO 06,60.0,Improved,1979,54 years 02 months,399000.0
2024-07-01,KALLANG/WHAMPOA,3 ROOM,26A,ST. GEORGE'S LANE,16 TO 18,68.0,Model A,2020,94 years 11 months,775888.0
2024-07-01,KALLANG/WHAMPOA,3 ROOM,6,ST. GEORGE'S LANE,01 TO 03,68.0,New Generation,1981,56 years,390000.0
2024-07-01,KALLANG/WHAMPOA,3 ROOM,25A,ST. GEORGE'S LANE,13 TO 15,68.0,Model A,2020,94 years 11 months,770050.0
2024-07-01,KALLANG/WHAMPOA,3 ROOM,7,ST. GEORGE'S LANE,10 TO 12,69.0,Improved,1986,60 years 11 months,431000.0
2024-07-01,KALLANG/WHAMPOA,3 ROOM,26A,ST. GEORGE'S LANE,19 TO 21,68.0,Model A,2020,94 years 11 months,826888.0
2024-07-01,KALLANG/WHAMPOA,3 ROOM,20,ST. GEORGE'S RD,10 TO 12,67.0,New Generation,1984,59 years 04 months,465000.0
2024-07-01,KALLANG/WHAMPOA,3 ROOM,3,ST. GEORGE'S RD,07 TO 09,59.0,Improved,1976,50 years 11 months,353000.0
2024-07-01,KALLANG/WHAMPOA,3 ROOM,3,ST. GEORGE'S RD,13 TO 15,70.0,Improved,1976,50 years 11 months,450000.0
2024-07-01,KALLANG/WHAMPOA,3 ROOM,107,TOWNER RD,01 TO 03,74.0,Model A,1983,57 years 11 months,548000.0
2024-07-01,KALLANG/WHAMPOA,3 ROOM,8B,UPP BOON KENG RD,13 TO 15,70.0,Premium Apartment,2017,92 years 01 month,780000.0
2024-07-01,KALLANG/WHAMPOA,3 ROOM,5A,UPP BOON KENG RD,10 TO 12,67.0,Model A,2012,86 years 11 months,688000.0
2024-07-01,KALLANG/WHAMPOA,3 ROOM,12,UPP BOON KENG RD,07 TO 09,66.0,Improved,1980,55 years 04 months,472000.0
2024-07-01,KALLANG/WHAMPOA,3 ROOM,11,UPP BOON KENG RD,04 TO 06,65.0,Improved,1974,48 years 07 months,380000.0
2024-07-01,KALLANG/WHAMPOA,3 ROOM,85,WHAMPOA DR,10 TO 12,65.0,Improved,1974,48 years 07 months,341000.0
2024-07-01,KALLANG/WHAMPOA,3 ROOM,74,WHAMPOA DR,07 TO 09,66.0,Improved,1981,55 years 11 months,356000.0
2024-07-01,KALLANG/WHAMPOA,3 ROOM,75,WHAMPOA DR,10 TO 12,65.0,Improved,1974,48 years 07 months,338000.0
2024-07-01,KALLANG/WHAMPOA,4 ROOM,38B,BENDEMEER RD,07 TO 09,92.0,Model A,2012,86 years 11 months,938000.0
2024-07-01,KALLANG/WHAMPOA,4 ROOM,10B,BENDEMEER RD,04 TO 06,93.0,Model A,2017,92 years 06 months,930000.0
2024-07-01,KALLANG/WHAMPOA,4 ROOM,38,CAMBRIDGE RD,10 TO 12,101.0,Model A,1997,72 years 05 months,778000.0
2024-07-01,KALLANG/WHAMPOA,4 ROOM,37,CAMBRIDGE RD,07 TO 09,100.0,Model A,1997,72 years 04 months,780000.0
2024-07-01,KALLANG/WHAMPOA,4 ROOM,59B,GEYLANG BAHRU,13 TO 15,100.0,Model A,1998,73 years 06 months,788000.0
2024-07-01,KALLANG/WHAMPOA,4 ROOM,815,JELLICOE RD,19 TO 21,91.0,Model A,2003,77 years 09 months,938000.0
2024-07-01,KALLANG/WHAMPOA,4 ROOM,106,JLN DUSUN,01 TO 03,93.0,New Generation,1981,56 years,533100.0
2024-07-01,KALLANG/WHAMPOA,4 ROOM,117A,JLN TENTERAM,10 TO 12,93.0,Model A,2017,92 years 05 months,810000.0
2024-07-01,KALLANG/WHAMPOA,4 ROOM,116B,JLN TENTERAM,25 TO 27,93.0,Model A,2017,92 years 05 months,850000.0
2024-07-01,KALLANG/WHAMPOA,4 ROOM,117A,JLN TENTERAM,28 TO 30,93.0,Model A,2017,92 years 05 months,885000.0
2024-07-01,KALLANG/WHAMPOA,4 ROOM,16,JLN TENTERAM,13 TO 15,86.0,Model A,2002,77 years 03 months,648000.0
2024-07-01,KALLANG/WHAMPOA,4 ROOM,113A,MCNAIR RD,10 TO 12,93.0,Premium Apartment,2017,92 years 06 months,1028000.0
2024-07-01,KALLANG/WHAMPOA,4 ROOM,111,MCNAIR RD,13 TO 15,84.0,Simplified,1987,61 years 10 months,680000.0
2024-07-01,KALLANG/WHAMPOA,4 ROOM,113C,MCNAIR RD,22 TO 24,93.0,Premium Apartment,2017,92 years 06 months,1030000.0
2024-07-01,KALLANG/WHAMPOA,4 ROOM,113B,MCNAIR RD,16 TO 18,93.0,Premium Apartment,2017,92 years 06 months,1040000.0
2024-07-01,KALLANG/WHAMPOA,4 ROOM,113A,MCNAIR RD,34 TO 36,93.0,Premium Apartment,2017,92 years 06 months,1170000.0
2024-07-01,KALLANG/WHAMPOA,4 ROOM,109,MCNAIR RD,01 TO 03,103.0,Model A,1987,62 years 03 months,625000.0
2024-07-01,KALLANG/WHAMPOA,4 ROOM,108B,MCNAIR RD,28 TO 30,95.0,Model A,2004,79 years 05 months,968000.0
2024-07-01,KALLANG/WHAMPOA,4 ROOM,113A,MCNAIR RD,13 TO 15,93.0,Premium Apartment,2017,92 years 07 months,980000.0
2024-07-01,KALLANG/WHAMPOA,4 ROOM,113B,MCNAIR RD,10 TO 12,93.0,Premium Apartment,2017,92 years 06 months,1000000.0
2024-07-01,KALLANG/WHAMPOA,4 ROOM,120,MCNAIR RD,01 TO 03,84.0,Simplified,1987,61 years 10 months,540000.0
2024-07-01,KALLANG/WHAMPOA,4 ROOM,111,MCNAIR RD,07 TO 09,84.0,Simplified,1987,61 years 09 months,618000.0
2024-07-01,KALLANG/WHAMPOA,4 ROOM,69,MOULMEIN RD,10 TO 12,84.0,Improved,1972,47 years 01 month,540000.0
2024-07-01,KALLANG/WHAMPOA,4 ROOM,26A,ST. GEORGE'S LANE,19 TO 21,92.0,Model A,2020,94 years 11 months,1058000.0
2024-07-01,KALLANG/WHAMPOA,4 ROOM,26A,ST. GEORGE'S LANE,19 TO 21,92.0,Model A,2020,94 years 11 months,1042500.0
2024-07-01,KALLANG/WHAMPOA,4 ROOM,25A,ST. GEORGE'S LANE,04 TO 06,92.0,Model A,2020,94 years 11 months,930000.0
2024-07-01,KALLANG/WHAMPOA,4 ROOM,26B,ST. GEORGE'S LANE,31 TO 33,92.0,Model A,2020,94 years 11 months,1150000.0
2024-07-01,KALLANG/WHAMPOA,4 ROOM,26B,ST. GEORGE'S LANE,25 TO 27,92.0,Model A,2020,95 years,1132888.0
2024-07-01,KALLANG/WHAMPOA,4 ROOM,25A,ST. GEORGE'S LANE,07 TO 09,92.0,Model A,2020,94 years 11 months,1040000.0
2024-07-01,KALLANG/WHAMPOA,4 ROOM,26A,ST. GEORGE'S LANE,10 TO 12,92.0,Model A,2020,94 years 11 months,1015000.0
2024-07-01,KALLANG/WHAMPOA,4 ROOM,26A,ST. GEORGE'S LANE,13 TO 15,92.0,Model A,2020,94 years 11 months,1000000.0
2024-07-01,KALLANG/WHAMPOA,4 ROOM,26B,ST. GEORGE'S LANE,16 TO 18,92.0,Model A,2020,94 years 11 months,1100000.0
2024-07-01,KALLANG/WHAMPOA,4 ROOM,26B,ST. GEORGE'S LANE,04 TO 06,92.0,Model A,2020,94 years 11 months,952888.0
2024-07-01,KALLANG/WHAMPOA,4 ROOM,26B,ST. GEORGE'S LANE,07 TO 09,92.0,Model A,2020,94 years 11 months,958000.0
2024-07-01,KALLANG/WHAMPOA,4 ROOM,26A,ST. GEORGE'S LANE,13 TO 15,92.0,Model A,2020,94 years 11 months,995000.0
2024-07-01,KALLANG/WHAMPOA,4 ROOM,4C,ST. GEORGE'S LANE,13 TO 15,107.0,Model A,1996,71 years 06 months,885888.0
2024-07-01,KALLANG/WHAMPOA,4 ROOM,26A,ST. GEORGE'S LANE,22 TO 24,92.0,Model A,2020,94 years 11 months,1070000.0
2024-07-01,KALLANG/WHAMPOA,4 ROOM,26B,ST. GEORGE'S LANE,25 TO 27,92.0,Model A,2020,94 years 11 months,1180000.0
2024-07-01,KALLANG/WHAMPOA,4 ROOM,25A,ST. GEORGE'S LANE,34 TO 36,92.0,Model A,2020,94 years 11 months,1160000.0
2024-07-01,KALLANG/WHAMPOA,4 ROOM,25A,ST. GEORGE'S LANE,13 TO 15,92.0,Model A,2020,94 years 10 months,1028888.0
2024-07-01,KALLANG/WHAMPOA,4 ROOM,26B,ST. GEORGE'S LANE,25 TO 27,92.0,Model A,2020,94 years 10 months,1060000.0
2024-07-01,KALLANG/WHAMPOA,4 ROOM,3D,UPP BOON KENG RD,01 TO 03,90.0,Model A,2006,81 years 02 months,860000.0
2024-07-01,KALLANG/WHAMPOA,4 ROOM,14A,UPP BOON KENG RD,01 TO 03,101.0,Model A,1999,74 years,715000.0
2024-07-01,KALLANG/WHAMPOA,4 ROOM,8A,UPP BOON KENG RD,13 TO 15,95.0,Premium Apartment,2017,92 years 01 month,1200000.0
2024-07-01,KALLANG/WHAMPOA,4 ROOM,3C,UPP BOON KENG RD,13 TO 15,90.0,Model A,2006,81 years 02 months,888000.0
2024-07-01,KALLANG/WHAMPOA,4 ROOM,84,WHAMPOA DR,13 TO 15,91.0,Improved,1974,48 years 07 months,485000.0
2024-07-01,KALLANG/WHAMPOA,5 ROOM,10,JLN BATU,07 TO 09,131.0,Improved,1986,60 years 07 months,830000.0
2024-07-01,KALLANG/WHAMPOA,5 ROOM,18,JLN TENTERAM,19 TO 21,105.0,Improved,2004,79 years 01 month,830000.0
2024-07-01,KALLANG/WHAMPOA,5 ROOM,19,JLN TENTERAM,19 TO 21,105.0,Improved,2004,79 years 01 month,805000.0
2024-07-01,KALLANG/WHAMPOA,5 ROOM,807,KING GEORGE'S AVE,25 TO 27,115.0,Improved,1981,56 years 02 months,988000.0
2024-07-01,KALLANG/WHAMPOA,5 ROOM,121,MCNAIR RD,13 TO 15,121.0,Improved,1987,62 years,865000.0
2024-07-01,KALLANG/WHAMPOA,5 ROOM,8C,UPP BOON KENG RD,04 TO 06,113.0,Premium Apartment,2017,92 years 01 month,1090000.0
2024-07-01,KALLANG/WHAMPOA,5 ROOM,2A,UPP BOON KENG RD,04 TO 06,110.0,Improved,2006,81 years 06 months,980000.0
2024-07-01,KALLANG/WHAMPOA,5 ROOM,13,UPP BOON KENG RD,07 TO 09,122.0,Improved,1999,74 years,990000.0
2024-07-01,KALLANG/WHAMPOA,EXECUTIVE,105,JLN RAJAH,04 TO 06,150.0,Maisonette,1984,59 years 01 month,1000000.0
2024-07-01,KALLANG/WHAMPOA,EXECUTIVE,110,MCNAIR RD,10 TO 12,140.0,Apartment,1987,62 years 06 months,1068000.0
2024-07-01,MARINE PARADE,3 ROOM,34,MARINE CRES,04 TO 06,59.0,Improved,1975,49 years 11 months,360000.0
2024-07-01,MARINE PARADE,3 ROOM,31,MARINE CRES,10 TO 12,76.0,Improved,1975,49 years 11 months,615000.0
2024-07-01,MARINE PARADE,3 ROOM,30,MARINE CRES,04 TO 06,65.0,Improved,1975,49 years 11 months,410000.0
2024-07-01,MARINE PARADE,3 ROOM,46,MARINE CRES,10 TO 12,65.0,Improved,1975,50 years,448000.0
2024-07-01,MARINE PARADE,3 ROOM,20,MARINE TER,01 TO 03,77.0,Improved,1975,49 years 07 months,450000.0
2024-07-01,MARINE PARADE,4 ROOM,62,MARINE DR,07 TO 09,87.0,Improved,1976,50 years 07 months,608000.0
2024-07-01,MARINE PARADE,4 ROOM,75,MARINE DR,10 TO 12,82.0,Improved,1976,51 years,653000.0
2024-07-01,MARINE PARADE,4 ROOM,76,MARINE DR,13 TO 15,82.0,Improved,1976,51 years,701000.0
2024-07-01,MARINE PARADE,5 ROOM,44,MARINE CRES,16 TO 18,120.0,Standard,1975,50 years 04 months,965000.0
2024-07-01,MARINE PARADE,5 ROOM,79,MARINE DR,07 TO 09,122.0,Standard,1977,51 years 07 months,920000.0
2024-07-01,MARINE PARADE,5 ROOM,12,MARINE TER,22 TO 24,121.0,Standard,1975,49 years 07 months,1068888.88
2024-07-01,MARINE PARADE,5 ROOM,14,MARINE TER,10 TO 12,122.0,Standard,1975,49 years 08 months,900000.0
2024-07-01,MARINE PARADE,5 ROOM,2,MARINE TER,13 TO 15,117.0,Standard,1975,49 years 07 months,980000.0
2024-07-01,PASIR RIS,4 ROOM,626,PASIR RIS DR 3,04 TO 06,104.0,Model A,1995,70 years 01 month,588000.0
2024-07-01,PASIR RIS,4 ROOM,631,PASIR RIS DR 3,04 TO 06,104.0,Model A,1995,70 years 01 month,605000.0
2024-07-01,PASIR RIS,4 ROOM,233,PASIR RIS DR 4,04 TO 06,107.0,Model A,1993,68 years 01 month,572000.0
2024-07-01,PASIR RIS,4 ROOM,482,PASIR RIS DR 4,07 TO 09,103.0,Model A,1989,64 years 05 months,562000.0
2024-07-01,PASIR RIS,4 ROOM,481,PASIR RIS DR 4,04 TO 06,103.0,Model A,1992,67 years 05 months,555000.0
2024-07-01,PASIR RIS,4 ROOM,486,PASIR RIS DR 4,01 TO 03,104.0,Model A,1992,67 years 05 months,510000.0
2024-07-01,PASIR RIS,4 ROOM,446,PASIR RIS DR 6,04 TO 06,94.0,New Generation,1989,64 years 04 months,530000.0
2024-07-01,PASIR RIS,4 ROOM,415,PASIR RIS DR 6,01 TO 03,113.0,Model A,1990,64 years 09 months,580000.0
2024-07-01,PASIR RIS,4 ROOM,114,PASIR RIS ST 11,10 TO 12,113.0,Model A,1989,64 years 01 month,590000.0
2024-07-01,PASIR RIS,4 ROOM,127,PASIR RIS ST 11,13 TO 15,106.0,Model A,1989,64 years,578888.0
2024-07-01,PASIR RIS,4 ROOM,143,PASIR RIS ST 11,07 TO 09,105.0,Model A,1995,69 years 07 months,555000.0
2024-07-01,PASIR RIS,4 ROOM,112,PASIR RIS ST 11,04 TO 06,106.0,Model A,1990,64 years 10 months,580000.0
2024-07-01,PASIR RIS,4 ROOM,107,PASIR RIS ST 12,10 TO 12,104.0,Model A,1989,63 years 07 months,595000.0
2024-07-01,PASIR RIS,4 ROOM,147,PASIR RIS ST 13,07 TO 09,108.0,Model A,1995,69 years 07 months,560000.0
2024-07-01,PASIR RIS,4 ROOM,273,PASIR RIS ST 21,04 TO 06,107.0,Model A,1994,68 years 10 months,596000.0
2024-07-01,PASIR RIS,4 ROOM,525C,PASIR RIS ST 51,07 TO 09,93.0,Model A,2015,90 years 02 months,730000.0
2024-07-01,PASIR RIS,4 ROOM,528B,PASIR RIS ST 51,07 TO 09,93.0,Model A,2015,90 years 01 month,738888.0
2024-07-01,PASIR RIS,4 ROOM,526C,PASIR RIS ST 51,07 TO 09,93.0,Model A,2015,90 years 01 month,738000.0
2024-07-01,PASIR RIS,4 ROOM,513,PASIR RIS ST 52,01 TO 03,106.0,Model A,1993,68 years 06 months,595000.0
2024-07-01,PASIR RIS,4 ROOM,518,PASIR RIS ST 52,01 TO 03,108.0,Model A,1993,68 years 05 months,630000.0
2024-07-01,PASIR RIS,4 ROOM,760,PASIR RIS ST 71,10 TO 12,104.0,Model A,1996,71 years 03 months,615000.0
2024-07-01,PASIR RIS,4 ROOM,758,PASIR RIS ST 71,10 TO 12,105.0,Model A,1996,71 years 05 months,563888.0
2024-07-01,PASIR RIS,4 ROOM,759,PASIR RIS ST 71,04 TO 06,104.0,Model A,1996,71 years 05 months,620000.0
2024-07-01,PASIR RIS,4 ROOM,740,PASIR RIS ST 71,04 TO 06,104.0,Model A,1996,71 years 03 months,585000.0
2024-07-01,PASIR RIS,4 ROOM,749,PASIR RIS ST 71,07 TO 09,104.0,Model A,1996,71 years 05 months,603888.0
2024-07-01,PASIR RIS,4 ROOM,722,PASIR RIS ST 72,04 TO 06,115.0,Model A,1996,71 years 01 month,625000.0
2024-07-01,PASIR RIS,4 ROOM,724,PASIR RIS ST 72,04 TO 06,104.0,Model A,1996,71 years 01 month,605000.0
2024-07-01,PASIR RIS,5 ROOM,706,PASIR RIS DR 10,04 TO 06,124.0,Improved,1996,70 years 06 months,665000.0
2024-07-01,PASIR RIS,5 ROOM,234,PASIR RIS DR 4,07 TO 09,127.0,Improved,1993,68 years 01 month,690000.0
2024-07-01,PASIR RIS,5 ROOM,234,PASIR RIS DR 4,01 TO 03,138.0,Model A,1993,68 years 01 month,725000.0
2024-07-01,PASIR RIS,5 ROOM,470,PASIR RIS DR 6,04 TO 06,123.0,Improved,1989,64 years 03 months,670000.0
2024-07-01,PASIR RIS,5 ROOM,470,PASIR RIS DR 6,07 TO 09,123.0,Improved,1989,64 years 03 months,660000.0
2024-07-01,PASIR RIS,5 ROOM,428,PASIR RIS DR 6,04 TO 06,123.0,Improved,1990,64 years 06 months,722800.0
2024-07-01,PASIR RIS,5 ROOM,139,PASIR RIS ST 11,01 TO 03,138.0,Model A,1994,68 years 10 months,699000.0
2024-07-01,PASIR RIS,5 ROOM,185,PASIR RIS ST 11,07 TO 09,123.0,Improved,1993,68 years,675000.0
2024-07-01,PASIR RIS,5 ROOM,197,PASIR RIS ST 12,01 TO 03,124.0,Improved,1993,68 years 03 months,672000.0
2024-07-01,PASIR RIS,5 ROOM,197,PASIR RIS ST 12,07 TO 09,127.0,Improved,1993,68 years 03 months,700000.0
2024-07-01,PASIR RIS,5 ROOM,257,PASIR RIS ST 21,04 TO 06,135.0,Model A,1993,68 years 06 months,650000.0
2024-07-01,PASIR RIS,5 ROOM,561,PASIR RIS ST 51,07 TO 09,123.0,Improved,1993,68 years 04 months,695000.0
2024-07-01,PASIR RIS,5 ROOM,562,PASIR RIS ST 51,04 TO 06,123.0,Improved,1993,68 years 03 months,728000.0
2024-07-01,PASIR RIS,5 ROOM,558,PASIR RIS ST 51,04 TO 06,123.0,Improved,1993,68 years 01 month,680000.0
2024-07-01,PASIR RIS,5 ROOM,525B,PASIR RIS ST 51,13 TO 15,113.0,Improved,2015,90 years 01 month,843000.0
2024-07-01,PASIR RIS,5 ROOM,564,PASIR RIS ST 51,04 TO 06,123.0,Improved,1992,67 years 05 months,730000.0
2024-07-01,PASIR RIS,5 ROOM,576,PASIR RIS ST 53,04 TO 06,124.0,Improved,1995,70 years 04 months,788888.0
2024-07-01,PASIR RIS,5 ROOM,577,PASIR RIS ST 53,07 TO 09,128.0,Improved,1995,70 years 03 months,821000.0
2024-07-01,PASIR RIS,5 ROOM,755,PASIR RIS ST 71,01 TO 03,127.0,Improved,1996,71 years 05 months,685000.0
2024-07-01,PASIR RIS,5 ROOM,750,PASIR RIS ST 71,07 TO 09,126.0,Improved,1996,71 years 04 months,750888.0
2024-07-01,PASIR RIS,5 ROOM,760,PASIR RIS ST 71,01 TO 03,125.0,Improved,1996,71 years 03 months,698000.0
2024-07-01,PASIR RIS,EXECUTIVE,609,ELIAS RD,01 TO 03,149.0,Apartment,1995,70 years 02 months,840000.0
2024-07-01,PASIR RIS,EXECUTIVE,601,ELIAS RD,04 TO 06,154.0,Apartment,1995,69 years 09 months,896888.0
2024-07-01,PASIR RIS,EXECUTIVE,534,PASIR RIS DR 1,04 TO 06,146.0,Apartment,1992,67 years 06 months,958000.0
2024-07-01,PASIR RIS,EXECUTIVE,644,PASIR RIS DR 10,01 TO 03,148.0,Apartment,1995,70 years 03 months,850000.0
2024-07-01,PASIR RIS,EXECUTIVE,448,PASIR RIS DR 6,04 TO 06,146.0,Maisonette,1989,64 years 06 months,895000.0
2024-07-01,PASIR RIS,EXECUTIVE,408,PASIR RIS DR 6,10 TO 12,147.0,Maisonette,1990,64 years 10 months,962000.0
2024-07-01,PASIR RIS,EXECUTIVE,128,PASIR RIS ST 11,04 TO 06,151.0,Maisonette,1988,63 years 05 months,865000.0
2024-07-01,PASIR RIS,EXECUTIVE,152,PASIR RIS ST 13,04 TO 06,152.0,Apartment,1995,69 years 09 months,778000.0
2024-07-01,PASIR RIS,EXECUTIVE,210,PASIR RIS ST 21,07 TO 09,149.0,Apartment,1993,68 years 03 months,858000.0
2024-07-01,PASIR RIS,EXECUTIVE,224,PASIR RIS ST 21,01 TO 03,149.0,Apartment,1993,68 years 01 month,825000.0
2024-07-01,PASIR RIS,EXECUTIVE,271,PASIR RIS ST 21,07 TO 09,145.0,Apartment,1994,69 years 04 months,835000.0
2024-07-01,PASIR RIS,EXECUTIVE,242,PASIR RIS ST 21,07 TO 09,148.0,Apartment,1993,68 years 01 month,810000.0
2024-07-01,PASIR RIS,EXECUTIVE,537,PASIR RIS ST 51,07 TO 09,141.0,Apartment,1992,67 years 06 months,932000.0
2024-07-01,PASIR RIS,EXECUTIVE,503,PASIR RIS ST 52,07 TO 09,146.0,Apartment,1993,68 years 06 months,837000.0
2024-07-01,PASIR RIS,EXECUTIVE,585,PASIR RIS ST 53,01 TO 03,146.0,Maisonette,1995,70 years 04 months,950000.0
2024-07-01,PASIR RIS,EXECUTIVE,717,PASIR RIS ST 72,04 TO 06,148.0,Apartment,1996,71 years,845000.0
2024-07-01,PASIR RIS,EXECUTIVE,711,PASIR RIS ST 72,07 TO 09,145.0,Maisonette,1996,71 years,930000.0
2024-07-01,PUNGGOL,2 ROOM,622B,PUNGGOL CTRL,16 TO 18,47.0,Model A,2014,88 years 10 months,360000.0
2024-07-01,PUNGGOL,2 ROOM,210C,PUNGGOL PL,13 TO 15,46.0,Model A,2014,89 years 06 months,339888.0
2024-07-01,PUNGGOL,2 ROOM,210C,PUNGGOL PL,04 TO 06,46.0,2-room,2014,89 years 06 months,335000.0
2024-07-01,PUNGGOL,2 ROOM,209C,PUNGGOL PL,07 TO 09,46.0,Model A,2014,89 years 06 months,340000.0
2024-07-01,PUNGGOL,2 ROOM,209C,PUNGGOL PL,10 TO 12,46.0,Model A,2014,89 years 05 months,365000.0
2024-07-01,PUNGGOL,2 ROOM,232C,SUMANG LANE,10 TO 12,47.0,Model A,2018,93 years 05 months,380000.0
2024-07-01,PUNGGOL,2 ROOM,233A,SUMANG LANE,07 TO 09,47.0,Model A,2018,93 years 05 months,360000.0
2024-07-01,PUNGGOL,2 ROOM,232C,SUMANG LANE,10 TO 12,38.0,Model A,2018,93 years 04 months,340000.0
2024-07-01,PUNGGOL,2 ROOM,232C,SUMANG LANE,04 TO 06,47.0,2-room,2018,93 years 05 months,340000.0
2024-07-01,PUNGGOL,2 ROOM,233A,SUMANG LANE,01 TO 03,47.0,2-room,2018,93 years 04 months,338000.0
2024-07-01,PUNGGOL,2 ROOM,233A,SUMANG LANE,13 TO 15,38.0,Model A,2018,93 years 05 months,366000.0
2024-07-01,PUNGGOL,2 ROOM,233A,SUMANG LANE,13 TO 15,47.0,Model A,2018,93 years 04 months,375000.0
2024-07-01,PUNGGOL,2 ROOM,327A,SUMANG WALK,13 TO 15,37.0,Model A,2018,93 years 05 months,333000.0
2024-07-01,PUNGGOL,3 ROOM,120A,EDGEDALE PLAINS,07 TO 09,67.0,Model A,2017,91 years 11 months,455000.0
2024-07-01,PUNGGOL,3 ROOM,661A,EDGEDALE PLAINS,01 TO 03,67.0,Premium Apartment,2017,91 years 11 months,495000.0
2024-07-01,PUNGGOL,3 ROOM,122A,EDGEDALE PLAINS,13 TO 15,68.0,Model A,2017,91 years 11 months,490000.0
2024-07-01,PUNGGOL,3 ROOM,682C,EDGEDALE PLAINS,10 TO 12,68.0,Premium Apartment,2018,93 years 02 months,530000.0
2024-07-01,PUNGGOL,3 ROOM,670C,EDGEFIELD PLAINS,13 TO 15,67.0,Premium Apartment,2016,91 years,520000.0
2024-07-01,PUNGGOL,3 ROOM,670A,EDGEFIELD PLAINS,13 TO 15,68.0,Premium Apartment,2016,91 years 01 month,510000.0
2024-07-01,PUNGGOL,3 ROOM,670A,EDGEFIELD PLAINS,10 TO 12,68.0,Premium Apartment,2016,91 years,518188.0
2024-07-01,PUNGGOL,3 ROOM,670C,EDGEFIELD PLAINS,10 TO 12,67.0,Premium Apartment,2016,91 years,500000.0
2024-07-01,PUNGGOL,3 ROOM,672B,EDGEFIELD PLAINS,13 TO 15,65.0,Model A,2015,90 years 06 months,440000.0
2024-07-01,PUNGGOL,3 ROOM,670A,EDGEFIELD PLAINS,16 TO 18,68.0,Premium Apartment,2016,91 years,540000.0
2024-07-01,PUNGGOL,3 ROOM,623C,PUNGGOL CTRL,04 TO 06,69.0,Model A,2014,88 years 10 months,530000.0
2024-07-01,PUNGGOL,3 ROOM,613C,PUNGGOL DR,13 TO 15,68.0,Model A,2012,87 years 06 months,490000.0
2024-07-01,PUNGGOL,3 ROOM,665C,PUNGGOL DR,04 TO 06,68.0,Premium Apartment,2016,90 years 08 months,495000.0
2024-07-01,PUNGGOL,3 ROOM,659B,PUNGGOL EAST,01 TO 03,68.0,Model A,2018,93 years 05 months,470000.0
2024-07-01,PUNGGOL,3 ROOM,259B,PUNGGOL FIELD,01 TO 03,68.0,Model A,2016,91 years,457000.0
2024-07-01,PUNGGOL,3 ROOM,207C,PUNGGOL PL,04 TO 06,67.0,Model A,2014,89 years,508888.0
2024-07-01,PUNGGOL,3 ROOM,209A,PUNGGOL PL,16 TO 18,67.0,Model A,2014,89 years 05 months,518000.0
2024-07-01,PUNGGOL,3 ROOM,603C,PUNGGOL RD,07 TO 09,68.0,Model A,2012,87 years 04 months,480000.0
2024-07-01,PUNGGOL,3 ROOM,211D,PUNGGOL WALK,13 TO 15,67.0,Model A,2014,88 years 10 months,518000.0
2024-07-01,PUNGGOL,3 ROOM,211D,PUNGGOL WALK,13 TO 15,67.0,Model A,2014,88 years 10 months,530000.0
2024-07-01,PUNGGOL,3 ROOM,211B,PUNGGOL WALK,01 TO 03,67.0,Model A,2014,88 years 09 months,500000.0
2024-07-01,PUNGGOL,3 ROOM,308C,PUNGGOL WALK,04 TO 06,67.0,Premium Apartment,2016,90 years 09 months,520088.0
2024-07-01,PUNGGOL,3 ROOM,212A,PUNGGOL WALK,10 TO 12,67.0,Model A,2015,89 years 10 months,476000.0
2024-07-01,PUNGGOL,3 ROOM,316A,PUNGGOL WAY,04 TO 06,68.0,Premium Apartment,2017,92 years 03 months,520000.0
2024-07-01,PUNGGOL,3 ROOM,220B,SUMANG LANE,07 TO 09,68.0,Model A,2018,93 years 06 months,508000.0
2024-07-01,PUNGGOL,3 ROOM,221A,SUMANG LANE,13 TO 15,68.0,Model A,2018,93 years 06 months,520000.0
2024-07-01,PUNGGOL,3 ROOM,232C,SUMANG LANE,10 TO 12,68.0,Model A,2018,93 years 04 months,505000.0
2024-07-01,PUNGGOL,3 ROOM,313A,SUMANG LINK,04 TO 06,68.0,Model A,2015,90 years,505000.0
2024-07-01,PUNGGOL,3 ROOM,326C,SUMANG WALK,16 TO 18,68.0,Model A,2018,93 years 05 months,535000.0
2024-07-01,PUNGGOL,3 ROOM,322C,SUMANG WALK,13 TO 15,68.0,Premium Apartment,2019,93 years 09 months,551500.0
2024-07-01,PUNGGOL,4 ROOM,662A,EDGEDALE PLAINS,16 TO 18,92.0,Premium Apartment,2017,92 years,622000.0
2024-07-01,PUNGGOL,4 ROOM,126C,EDGEDALE PLAINS,16 TO 18,85.0,Model A,2003,77 years 09 months,550088.0
2024-07-01,PUNGGOL,4 ROOM,661A,EDGEDALE PLAINS,13 TO 15,92.0,Premium Apartment,2017,91 years 11 months,645000.0
2024-07-01,PUNGGOL,4 ROOM,662D,EDGEDALE PLAINS,16 TO 18,92.0,Premium Apartment,2017,91 years 11 months,650000.0
2024-07-01,PUNGGOL,4 ROOM,684A,EDGEDALE PLAINS,04 TO 06,93.0,Premium Apartment,2018,93 years 02 months,735888.0
2024-07-01,PUNGGOL,4 ROOM,683A,EDGEDALE PLAINS,16 TO 18,93.0,Premium Apartment,2018,93 years 02 months,698000.0
2024-07-01,PUNGGOL,4 ROOM,683B,EDGEDALE PLAINS,07 TO 09,93.0,Premium Apartment,2018,93 years 02 months,688000.0
2024-07-01,PUNGGOL,4 ROOM,684C,EDGEDALE PLAINS,04 TO 06,93.0,Premium Apartment,2018,93 years 02 months,660000.0
2024-07-01,PUNGGOL,4 ROOM,662A,EDGEDALE PLAINS,01 TO 03,92.0,Premium Apartment,2017,91 years 10 months,590000.0
2024-07-01,PUNGGOL,4 ROOM,122A,EDGEDALE PLAINS,10 TO 12,93.0,Model A,2017,91 years 10 months,600000.0
2024-07-01,PUNGGOL,4 ROOM,615A,EDGEFIELD PLAINS,13 TO 15,92.0,Model A,2012,87 years 06 months,650000.0
2024-07-01,PUNGGOL,4 ROOM,668A,EDGEFIELD PLAINS,10 TO 12,93.0,Premium Apartment,2016,91 years,650000.0
2024-07-01,PUNGGOL,4 ROOM,615C,EDGEFIELD PLAINS,10 TO 12,92.0,Model A,2012,87 years 06 months,608000.0
2024-07-01,PUNGGOL,4 ROOM,105C,EDGEFIELD PLAINS,13 TO 15,90.0,Model A,2003,77 years 11 months,525000.0
2024-07-01,PUNGGOL,4 ROOM,672D,EDGEFIELD PLAINS,07 TO 09,90.0,Model A,2015,90 years 06 months,610000.0
2024-07-01,PUNGGOL,4 ROOM,615C,EDGEFIELD PLAINS,13 TO 15,92.0,Model A,2012,87 years 06 months,640000.0
2024-07-01,PUNGGOL,4 ROOM,615B,EDGEFIELD PLAINS,01 TO 03,92.0,Model A,2012,87 years 05 months,540000.0
2024-07-01,PUNGGOL,4 ROOM,669B,EDGEFIELD PLAINS,01 TO 03,93.0,Premium Apartment,2016,91 years,620000.0
2024-07-01,PUNGGOL,4 ROOM,111,EDGEFIELD PLAINS,13 TO 15,94.0,Premium Apartment,2003,78 years 01 month,558000.0
2024-07-01,PUNGGOL,4 ROOM,105D,EDGEFIELD PLAINS,07 TO 09,90.0,Model A,2003,77 years 10 months,559000.0
2024-07-01,PUNGGOL,4 ROOM,615A,EDGEFIELD PLAINS,10 TO 12,92.0,Model A,2012,87 years 05 months,640000.0
2024-07-01,PUNGGOL,4 ROOM,105C,EDGEFIELD PLAINS,07 TO 09,90.0,Model A,2003,77 years 10 months,568000.0
2024-07-01,PUNGGOL,4 ROOM,303B,PUNGGOL CTRL,04 TO 06,93.0,Premium Apartment,2010,85 years 01 month,691000.0
2024-07-01,PUNGGOL,4 ROOM,624B,PUNGGOL CTRL,10 TO 12,95.0,Model A,2014,88 years 10 months,660999.0
2024-07-01,PUNGGOL,4 ROOM,299,PUNGGOL CTRL,13 TO 15,95.0,Premium Apartment,2003,78 years 04 months,595000.0
2024-07-01,PUNGGOL,4 ROOM,601C,PUNGGOL CTRL,07 TO 09,93.0,Model A,2012,87 years 01 month,615000.0
2024-07-01,PUNGGOL,4 ROOM,165B,PUNGGOL CTRL,19 TO 21,95.0,Premium Apartment,2004,79 years,610000.0
2024-07-01,PUNGGOL,4 ROOM,297,PUNGGOL CTRL,16 TO 18,94.0,Premium Apartment,2003,78 years 04 months,615008.0
2024-07-01,PUNGGOL,4 ROOM,624A,PUNGGOL CTRL,07 TO 09,96.0,Model A,2014,88 years 10 months,645000.0
2024-07-01,PUNGGOL,4 ROOM,298,PUNGGOL CTRL,07 TO 09,91.0,Premium Apartment,2003,78 years 03 months,585000.0
2024-07-01,PUNGGOL,4 ROOM,677D,PUNGGOL DR,04 TO 06,93.0,Premium Apartment,2016,91 years 03 months,655000.0
2024-07-01,PUNGGOL,4 ROOM,618A,PUNGGOL DR,13 TO 15,93.0,Premium Apartment,2013,88 years 03 months,628888.0
2024-07-01,PUNGGOL,4 ROOM,677C,PUNGGOL DR,10 TO 12,93.0,Premium Apartment,2016,91 years 03 months,685000.0
2024-07-01,PUNGGOL,4 ROOM,613B,PUNGGOL DR,07 TO 09,93.0,Model A,2012,87 years 06 months,618000.0
2024-07-01,PUNGGOL,4 ROOM,613A,PUNGGOL DR,01 TO 03,93.0,Model A,2012,87 years 06 months,580000.0
2024-07-01,PUNGGOL,4 ROOM,678C,PUNGGOL DR,07 TO 09,93.0,Premium Apartment,2016,91 years 03 months,670000.0
2024-07-01,PUNGGOL,4 ROOM,665C,PUNGGOL DR,13 TO 15,93.0,Premium Apartment,2016,90 years 08 months,666888.0
2024-07-01,PUNGGOL,4 ROOM,612A,PUNGGOL DR,16 TO 18,93.0,Model A,2012,87 years 06 months,660000.0
2024-07-01,PUNGGOL,4 ROOM,613C,PUNGGOL DR,16 TO 18,93.0,Model A,2012,87 years 06 months,671000.0
2024-07-01,PUNGGOL,4 ROOM,663C,PUNGGOL DR,07 TO 09,90.0,Model A,2016,91 years,650000.0
2024-07-01,PUNGGOL,4 ROOM,678B,PUNGGOL DR,13 TO 15,93.0,Premium Apartment,2016,91 years 04 months,680000.0
2024-07-01,PUNGGOL,4 ROOM,618C,PUNGGOL DR,13 TO 15,93.0,Premium Apartment,2013,88 years 03 months,672888.0
2024-07-01,PUNGGOL,4 ROOM,619C,PUNGGOL DR,16 TO 18,93.0,Premium Apartment,2013,88 years 03 months,642000.0
2024-07-01,PUNGGOL,4 ROOM,619B,PUNGGOL DR,13 TO 15,93.0,Premium Apartment,2013,88 years 03 months,670000.0
2024-07-01,PUNGGOL,4 ROOM,676A,PUNGGOL DR,13 TO 15,93.0,Premium Apartment,2016,91 years 03 months,700888.0
2024-07-01,PUNGGOL,4 ROOM,676A,PUNGGOL DR,07 TO 09,93.0,Premium Apartment,2016,91 years 03 months,648000.0
2024-07-01,PUNGGOL,4 ROOM,612C,PUNGGOL DR,01 TO 03,93.0,Model A,2012,87 years 05 months,588888.0
2024-07-01,PUNGGOL,4 ROOM,619C,PUNGGOL DR,10 TO 12,93.0,Premium Apartment,2013,88 years 02 months,665000.0
2024-07-01,PUNGGOL,4 ROOM,167B,PUNGGOL EAST,16 TO 18,92.0,Premium Apartment,2009,83 years 10 months,660000.0
2024-07-01,PUNGGOL,4 ROOM,168B,PUNGGOL EAST,04 TO 06,92.0,Premium Apartment,2009,83 years 08 months,595888.0
2024-07-01,PUNGGOL,4 ROOM,267B,PUNGGOL FIELD,07 TO 09,97.0,Premium Apartment,2013,87 years 07 months,725000.0
2024-07-01,PUNGGOL,4 ROOM,203A,PUNGGOL FIELD,16 TO 18,85.0,Model A,2004,79 years 04 months,562000.0
2024-07-01,PUNGGOL,4 ROOM,259C,PUNGGOL FIELD,01 TO 03,93.0,Model A,2016,91 years,585000.0
2024-07-01,PUNGGOL,4 ROOM,102A,PUNGGOL FIELD,10 TO 12,90.0,Model A,2002,77 years 05 months,560000.0
2024-07-01,PUNGGOL,5 ROOM,312C,SUMANG LINK,07 TO 09,112.0,Improved,2015,90 years 01 month,880000.0
2024-07-01,PUNGGOL,4 ROOM,268C,PUNGGOL FIELD,01 TO 03,97.0,Premium Apartment,2013,87 years 07 months,639888.0
2024-07-01,PUNGGOL,4 ROOM,199A,PUNGGOL FIELD,07 TO 09,90.0,Model A,2003,77 years 10 months,558000.0
2024-07-01,PUNGGOL,4 ROOM,268C,PUNGGOL FIELD,10 TO 12,97.0,Premium Apartment,2013,87 years 06 months,768000.0
2024-07-01,PUNGGOL,4 ROOM,259A,PUNGGOL FIELD,07 TO 09,93.0,Model A,2016,90 years 11 months,639888.0
2024-07-01,PUNGGOL,4 ROOM,273D,PUNGGOL PL,10 TO 12,93.0,Premium Apartment,2013,88 years 01 month,730000.0
2024-07-01,PUNGGOL,4 ROOM,289B,PUNGGOL PL,01 TO 03,97.0,Premium Apartment,2013,87 years 09 months,618000.0
2024-07-01,PUNGGOL,4 ROOM,302C,PUNGGOL PL,01 TO 03,93.0,Premium Apartment,2011,85 years 09 months,650000.0
2024-07-01,PUNGGOL,4 ROOM,288C,PUNGGOL PL,10 TO 12,95.0,Premium Apartment,2013,87 years 09 months,720000.0
2024-07-01,PUNGGOL,4 ROOM,209A,PUNGGOL PL,04 TO 06,92.0,Model A,2014,89 years 06 months,580000.0
2024-07-01,PUNGGOL,4 ROOM,210B,PUNGGOL PL,07 TO 09,92.0,Model A,2014,89 years 07 months,606888.0
2024-07-01,PUNGGOL,4 ROOM,208A,PUNGGOL PL,10 TO 12,92.0,Model A,2014,89 years,670888.0
2024-07-01,PUNGGOL,4 ROOM,274A,PUNGGOL PL,07 TO 09,93.0,Premium Apartment,2013,88 years 01 month,713000.0
2024-07-01,PUNGGOL,4 ROOM,273A,PUNGGOL PL,04 TO 06,96.0,Premium Apartment,2013,88 years 01 month,678000.0
2024-07-01,PUNGGOL,4 ROOM,302C,PUNGGOL PL,10 TO 12,93.0,Premium Apartment,2011,85 years 09 months,738000.0
2024-07-01,PUNGGOL,4 ROOM,209B,PUNGGOL PL,13 TO 15,92.0,Model A,2014,89 years 06 months,648888.0
2024-07-01,PUNGGOL,4 ROOM,302A,PUNGGOL PL,07 TO 09,93.0,Premium Apartment,2011,85 years 08 months,665000.0
2024-07-01,PUNGGOL,4 ROOM,209A,PUNGGOL PL,04 TO 06,92.0,Model A,2014,89 years 05 months,655000.0
2024-07-01,PUNGGOL,4 ROOM,274D,PUNGGOL PL,07 TO 09,93.0,Premium Apartment,2013,88 years,732000.0
2024-07-01,PUNGGOL,4 ROOM,289A,PUNGGOL PL,10 TO 12,95.0,Premium Apartment,2013,87 years 09 months,750000.0
2024-07-01,PUNGGOL,4 ROOM,207B,PUNGGOL PL,13 TO 15,92.0,Model A,2014,89 years,675000.0
2024-07-01,PUNGGOL,4 ROOM,288B,PUNGGOL PL,13 TO 15,99.0,Premium Apartment,2013,87 years 09 months,788000.0
2024-07-01,PUNGGOL,4 ROOM,273B,PUNGGOL PL,13 TO 15,93.0,Premium Apartment,2013,88 years,760000.0
2024-07-01,PUNGGOL,4 ROOM,305A,PUNGGOL RD,10 TO 12,93.0,Premium Apartment,2012,87 years 02 months,718000.0
2024-07-01,PUNGGOL,4 ROOM,603B,PUNGGOL RD,04 TO 06,92.0,Model A,2012,87 years 03 months,605000.0
2024-07-01,PUNGGOL,4 ROOM,603A,PUNGGOL RD,16 TO 18,92.0,Model A,2012,87 years 03 months,622888.0
2024-07-01,PUNGGOL,4 ROOM,195A,PUNGGOL RD,13 TO 15,90.0,Premium Apartment,2007,82 years 02 months,602800.0
2024-07-01,PUNGGOL,4 ROOM,305A,PUNGGOL RD,04 TO 06,96.0,Premium Apartment,2012,87 years 01 month,682000.0
2024-07-01,PUNGGOL,4 ROOM,603B,PUNGGOL RD,04 TO 06,92.0,Model A,2012,87 years 02 months,610000.0
2024-07-01,PUNGGOL,4 ROOM,305B,PUNGGOL RD,01 TO 03,96.0,Premium Apartment,2012,87 years,628000.0
2024-07-01,PUNGGOL,4 ROOM,212A,PUNGGOL WALK,13 TO 15,93.0,Model A,2015,89 years 11 months,648000.0
2024-07-01,PUNGGOL,4 ROOM,310B,PUNGGOL WALK,10 TO 12,92.0,Premium Apartment,2016,91 years,718000.0
2024-07-01,PUNGGOL,4 ROOM,211C,PUNGGOL WALK,13 TO 15,95.0,Model A,2014,88 years 10 months,690000.0
2024-07-01,PUNGGOL,4 ROOM,213A,PUNGGOL WALK,07 TO 09,93.0,Model A,2015,89 years 10 months,625000.0
2024-07-01,PUNGGOL,4 ROOM,211C,PUNGGOL WALK,13 TO 15,95.0,Model A,2014,88 years 10 months,675000.0
2024-07-01,PUNGGOL,4 ROOM,212B,PUNGGOL WALK,07 TO 09,93.0,Model A,2015,89 years 10 months,618000.0
2024-07-01,PUNGGOL,4 ROOM,271C,PUNGGOL WALK,10 TO 12,93.0,Premium Apartment,2014,88 years 10 months,755000.0
2024-07-01,PUNGGOL,4 ROOM,308A,PUNGGOL WALK,07 TO 09,92.0,Premium Apartment,2016,90 years 09 months,739000.0
2024-07-01,PUNGGOL,4 ROOM,308B,PUNGGOL WALK,07 TO 09,92.0,Premium Apartment,2016,90 years 09 months,668000.0
2024-07-01,PUNGGOL,4 ROOM,211C,PUNGGOL WALK,01 TO 03,92.0,Model A,2014,88 years 10 months,585000.0
2024-07-01,PUNGGOL,4 ROOM,308B,PUNGGOL WALK,13 TO 15,92.0,Premium Apartment,2016,90 years 09 months,705000.0
2024-07-01,PUNGGOL,4 ROOM,272B,PUNGGOL WALK,07 TO 09,93.0,Premium Apartment,2014,88 years 09 months,755000.0
2024-07-01,PUNGGOL,4 ROOM,308A,PUNGGOL WALK,01 TO 03,92.0,Premium Apartment,2016,90 years 08 months,645000.0
2024-07-01,PUNGGOL,4 ROOM,211B,PUNGGOL WALK,13 TO 15,92.0,Model A,2014,88 years 09 months,673000.0
2024-07-01,PUNGGOL,4 ROOM,310C,PUNGGOL WALK,04 TO 06,92.0,Premium Apartment,2016,91 years,640000.0
2024-07-01,PUNGGOL,4 ROOM,315B,PUNGGOL WAY,04 TO 06,93.0,Premium Apartment,2017,92 years 03 months,605000.0
2024-07-01,PUNGGOL,4 ROOM,260B,PUNGGOL WAY,04 TO 06,93.0,Model A,2016,91 years,610000.0
2024-07-01,PUNGGOL,4 ROOM,316D,PUNGGOL WAY,07 TO 09,93.0,Premium Apartment,2017,92 years 02 months,700000.0
2024-07-01,PUNGGOL,4 ROOM,226B,SUMANG LANE,13 TO 15,92.0,Premium Apartment,2018,92 years 09 months,635000.0
2024-07-01,PUNGGOL,4 ROOM,224A,SUMANG LANE,13 TO 15,93.0,Model A,2018,93 years 05 months,628000.0
2024-07-01,PUNGGOL,4 ROOM,224C,SUMANG LANE,07 TO 09,93.0,Model A,2018,93 years 06 months,582000.0
2024-07-01,PUNGGOL,4 ROOM,232A,SUMANG LANE,04 TO 06,93.0,Model A,2018,93 years 04 months,600000.0
2024-07-01,PUNGGOL,4 ROOM,232C,SUMANG LANE,04 TO 06,93.0,Model A,2018,93 years 04 months,590000.0
2024-07-01,PUNGGOL,4 ROOM,312C,SUMANG LINK,07 TO 09,92.0,Model A,2015,90 years,640000.0
2024-07-01,PUNGGOL,4 ROOM,313C,SUMANG LINK,16 TO 18,92.0,Model A,2015,89 years 11 months,720000.0
2024-07-01,PUNGGOL,4 ROOM,313B,SUMANG LINK,07 TO 09,92.0,Model A,2015,89 years 11 months,628000.0
2024-07-01,PUNGGOL,4 ROOM,323D,SUMANG WALK,10 TO 12,93.0,Premium Apartment,2020,94 years 07 months,680000.0
2024-07-01,PUNGGOL,4 ROOM,217D,SUMANG WALK,07 TO 09,92.0,Model A,2017,92 years 01 month,620888.0
2024-07-01,PUNGGOL,4 ROOM,322C,SUMANG WALK,19 TO 21,93.0,Premium Apartment,2019,93 years 09 months,690000.0
2024-07-01,PUNGGOL,4 ROOM,322D,SUMANG WALK,10 TO 12,93.0,Premium Apartment,2019,93 years 09 months,680000.0
2024-07-01,PUNGGOL,4 ROOM,323D,SUMANG WALK,22 TO 24,93.0,Premium Apartment,2020,94 years 08 months,750000.0
2024-07-01,PUNGGOL,4 ROOM,323C,SUMANG WALK,16 TO 18,93.0,Premium Apartment,2020,94 years 07 months,698000.0
2024-07-01,PUNGGOL,4 ROOM,323C,SUMANG WALK,13 TO 15,93.0,Premium Apartment,2020,94 years 08 months,680000.0
2024-07-01,PUNGGOL,4 ROOM,256D,SUMANG WALK,16 TO 18,93.0,Model A,2016,91 years 05 months,669388.0
2024-07-01,PUNGGOL,5 ROOM,661B,EDGEDALE PLAINS,13 TO 15,112.0,Premium Apartment,2017,91 years 11 months,768000.0
2024-07-01,PUNGGOL,5 ROOM,662D,EDGEDALE PLAINS,13 TO 15,112.0,Premium Apartment,2017,91 years 11 months,818888.0
2024-07-01,PUNGGOL,5 ROOM,661C,EDGEDALE PLAINS,13 TO 15,112.0,Premium Apartment,2017,91 years 11 months,768000.0
2024-07-01,PUNGGOL,5 ROOM,684B,EDGEDALE PLAINS,01 TO 03,113.0,Premium Apartment,2018,93 years 02 months,800000.0
2024-07-01,PUNGGOL,5 ROOM,126B,EDGEDALE PLAINS,10 TO 12,110.0,Improved,2003,77 years 09 months,632000.0
2024-07-01,PUNGGOL,5 ROOM,661C,EDGEDALE PLAINS,16 TO 18,112.0,Premium Apartment,2017,91 years 11 months,750000.0
2024-07-01,PUNGGOL,5 ROOM,176C,EDGEFIELD PLAINS,04 TO 06,110.0,Improved,2003,78 years 02 months,608000.0
2024-07-01,PUNGGOL,5 ROOM,105B,EDGEFIELD PLAINS,13 TO 15,110.0,Improved,2003,78 years,640000.0
2024-07-01,PUNGGOL,5 ROOM,178,EDGEFIELD PLAINS,10 TO 12,110.0,Premium Apartment,2003,78 years 05 months,632000.0
2024-07-01,PUNGGOL,5 ROOM,118,EDGEFIELD PLAINS,01 TO 03,113.0,Premium Apartment,2003,77 years 11 months,570000.0
2024-07-01,PUNGGOL,5 ROOM,176D,EDGEFIELD PLAINS,01 TO 03,110.0,Improved,2003,78 years 03 months,550000.0
2024-07-01,PUNGGOL,5 ROOM,114,EDGEFIELD PLAINS,10 TO 12,113.0,Premium Apartment,2003,78 years,640000.0
2024-07-01,PUNGGOL,5 ROOM,160B,PUNGGOL CTRL,10 TO 12,114.0,Premium Apartment,2004,78 years 11 months,688000.0
2024-07-01,PUNGGOL,5 ROOM,160A,PUNGGOL CTRL,07 TO 09,114.0,Premium Apartment,2004,78 years 11 months,660000.0
2024-07-01,PUNGGOL,5 ROOM,299,PUNGGOL CTRL,04 TO 06,110.0,Premium Apartment,2003,78 years 04 months,644000.0
2024-07-01,PUNGGOL,5 ROOM,190,PUNGGOL CTRL,04 TO 06,110.0,Premium Apartment,2004,78 years 10 months,600000.0
2024-07-01,PUNGGOL,5 ROOM,643,PUNGGOL CTRL,10 TO 12,110.0,Premium Apartment,2005,79 years 07 months,670000.0
2024-07-01,PUNGGOL,5 ROOM,166B,PUNGGOL CTRL,19 TO 21,112.0,Premium Apartment,2004,78 years 11 months,725000.0
2024-07-01,PUNGGOL,5 ROOM,160B,PUNGGOL CTRL,01 TO 03,114.0,Premium Apartment,2004,78 years 10 months,620000.0
2024-07-01,PUNGGOL,5 ROOM,677D,PUNGGOL DR,04 TO 06,113.0,Premium Apartment,2016,91 years 03 months,815000.0
2024-07-01,PUNGGOL,5 ROOM,679B,PUNGGOL DR,07 TO 09,113.0,Premium Apartment,2016,91 years 03 months,883800.0
2024-07-01,PUNGGOL,5 ROOM,677D,PUNGGOL DR,13 TO 15,113.0,Premium Apartment,2016,91 years 03 months,910000.0
2024-07-01,PUNGGOL,5 ROOM,663B,PUNGGOL DR,04 TO 06,110.0,Improved,2016,91 years,735000.0
2024-07-01,PUNGGOL,5 ROOM,676C,PUNGGOL DR,04 TO 06,113.0,Premium Apartment,2016,91 years 02 months,820000.0
2024-07-01,PUNGGOL,5 ROOM,658A,PUNGGOL EAST,04 TO 06,113.0,Improved,2018,93 years 05 months,700000.0
2024-07-01,PUNGGOL,5 ROOM,658C,PUNGGOL EAST,01 TO 03,113.0,Improved,2018,93 years 04 months,675000.0
2024-07-01,PUNGGOL,5 ROOM,101C,PUNGGOL FIELD,07 TO 09,109.0,Improved,2002,77 years 04 months,578000.0
2024-07-01,PUNGGOL,5 ROOM,259A,PUNGGOL FIELD,10 TO 12,113.0,Improved,2016,91 years,735000.0
2024-07-01,PUNGGOL,5 ROOM,259C,PUNGGOL FIELD,04 TO 06,113.0,Improved,2016,91 years,755000.0
2024-07-01,PUNGGOL,5 ROOM,173A,PUNGGOL FIELD,10 TO 12,110.0,Improved,2003,78 years 06 months,612000.0
2024-07-01,PUNGGOL,5 ROOM,106A,PUNGGOL FIELD,04 TO 06,110.0,Improved,2003,77 years 10 months,585000.0
2024-07-01,PUNGGOL,5 ROOM,170A,PUNGGOL FIELD,10 TO 12,112.0,Improved,2014,88 years 10 months,737000.0
2024-07-01,PUNGGOL,5 ROOM,269A,PUNGGOL FIELD,16 TO 18,149.0,Premium Apartment Loft,2013,87 years 08 months,1228000.0
2024-07-01,PUNGGOL,5 ROOM,173A,PUNGGOL FIELD,01 TO 03,110.0,Improved,2003,78 years 07 months,560000.0
2024-07-01,PUNGGOL,5 ROOM,196A,PUNGGOL FIELD,16 TO 18,110.0,Improved,2003,77 years 11 months,620000.0
2024-07-01,PUNGGOL,5 ROOM,199D,PUNGGOL FIELD,13 TO 15,110.0,Improved,2003,78 years 01 month,668000.0
2024-07-01,PUNGGOL,5 ROOM,204C,PUNGGOL FIELD,04 TO 06,110.0,Improved,2004,79 years 05 months,600000.0
2024-07-01,PUNGGOL,5 ROOM,270B,PUNGGOL FIELD,07 TO 09,115.0,Premium Apartment,2013,87 years 07 months,870000.0
2024-07-01,PUNGGOL,5 ROOM,170A,PUNGGOL FIELD,16 TO 18,112.0,Improved,2014,88 years 10 months,740000.0
2024-07-01,PUNGGOL,5 ROOM,101D,PUNGGOL FIELD,04 TO 06,110.0,Improved,2002,77 years 02 months,600000.0
2024-07-01,PUNGGOL,5 ROOM,102D,PUNGGOL FIELD,13 TO 15,110.0,Improved,2002,77 years 05 months,650000.0
2024-07-01,PUNGGOL,5 ROOM,128C,PUNGGOL FIELD WALK,07 TO 09,110.0,Improved,2003,78 years 01 month,615000.0
2024-07-01,PUNGGOL,5 ROOM,128B,PUNGGOL FIELD WALK,07 TO 09,110.0,Improved,2003,78 years,618000.0
2024-07-01,PUNGGOL,5 ROOM,128C,PUNGGOL FIELD WALK,10 TO 12,110.0,Improved,2003,78 years,642000.0
2024-07-01,PUNGGOL,5 ROOM,213C,PUNGGOL WALK,07 TO 09,113.0,Improved,2015,89 years 10 months,755000.0
2024-07-01,PUNGGOL,5 ROOM,272A,PUNGGOL WALK,13 TO 15,116.0,Premium Apartment,2014,88 years 10 months,925000.0
2024-07-01,PUNGGOL,5 ROOM,308B,PUNGGOL WALK,07 TO 09,112.0,Premium Apartment,2016,90 years 08 months,833800.0
2024-07-01,PUNGGOL,5 ROOM,315B,PUNGGOL WAY,13 TO 15,113.0,Premium Apartment,2017,92 years 03 months,883000.0
2024-07-01,PUNGGOL,5 ROOM,315A,PUNGGOL WAY,16 TO 18,113.0,Premium Apartment,2017,92 years 04 months,880000.0
2024-07-01,PUNGGOL,5 ROOM,265D,PUNGGOL WAY,13 TO 15,111.0,Improved,2015,90 years,790888.0
2024-07-01,PUNGGOL,5 ROOM,261B,PUNGGOL WAY,04 TO 06,113.0,Improved,2016,91 years,845000.0
2024-07-01,PUNGGOL,5 ROOM,260A,PUNGGOL WAY,07 TO 09,113.0,Improved,2016,91 years,803000.0
2024-07-01,PUNGGOL,5 ROOM,231A,SUMANG LANE,13 TO 15,113.0,Improved,2018,93 years 05 months,720000.0
2024-07-01,PUNGGOL,5 ROOM,231B,SUMANG LANE,13 TO 15,113.0,Improved,2018,93 years 05 months,745000.0
2024-07-01,PUNGGOL,5 ROOM,231B,SUMANG LANE,01 TO 03,113.0,Improved,2018,93 years 05 months,710000.0
2024-07-01,PUNGGOL,5 ROOM,233B,SUMANG LANE,04 TO 06,113.0,Improved,2018,93 years 05 months,688000.0
2024-07-01,PUNGGOL,5 ROOM,233B,SUMANG LANE,01 TO 03,113.0,Improved,2018,93 years 05 months,680000.0
2024-07-01,PUNGGOL,5 ROOM,323C,SUMANG WALK,19 TO 21,113.0,Premium Apartment,2020,94 years 07 months,905000.0
2024-07-01,PUNGGOL,5 ROOM,323A,SUMANG WALK,04 TO 06,113.0,Premium Apartment,2020,94 years 07 months,760000.0
2024-07-01,PUNGGOL,5 ROOM,217A,SUMANG WALK,13 TO 15,112.0,Improved,2017,92 years 01 month,788000.0
2024-07-01,PUNGGOL,5 ROOM,217D,SUMANG WALK,04 TO 06,112.0,Improved,2017,92 years 01 month,708000.0
2024-07-01,PUNGGOL,5 ROOM,217D,SUMANG WALK,10 TO 12,112.0,Improved,2017,92 years 01 month,751888.0
2024-07-01,PUNGGOL,5 ROOM,323A,SUMANG WALK,01 TO 03,113.0,Premium Apartment,2020,94 years 07 months,735000.0
2024-07-01,PUNGGOL,5 ROOM,323C,SUMANG WALK,04 TO 06,121.0,Premium Apartment,2020,94 years 07 months,938000.0
2024-07-01,PUNGGOL,5 ROOM,322C,SUMANG WALK,01 TO 03,116.0,Premium Apartment,2019,93 years 09 months,875000.0
2024-07-01,PUNGGOL,5 ROOM,322C,SUMANG WALK,04 TO 06,116.0,Premium Apartment,2019,93 years 09 months,900000.0
2024-07-01,PUNGGOL,5 ROOM,323A,SUMANG WALK,16 TO 18,113.0,Premium Apartment,2020,94 years 07 months,850000.0
2024-07-01,PUNGGOL,5 ROOM,323B,SUMANG WALK,22 TO 24,113.0,Premium Apartment,2020,94 years 06 months,908000.0
2024-07-01,PUNGGOL,5 ROOM,322A,SUMANG WALK,19 TO 21,113.0,Premium Apartment,2019,93 years 09 months,930000.0
2024-07-01,PUNGGOL,5 ROOM,323A,SUMANG WALK,04 TO 06,113.0,Premium Apartment,2020,94 years 06 months,830000.0
2024-07-01,PUNGGOL,EXECUTIVE,114,EDGEFIELD PLAINS,10 TO 12,130.0,Premium Apartment,2003,78 years 01 month,785000.0
2024-07-01,PUNGGOL,EXECUTIVE,182,EDGEFIELD PLAINS,04 TO 06,128.0,Premium Apartment,2003,78 years 04 months,768000.0
2024-07-01,QUEENSTOWN,3 ROOM,82,C'WEALTH CL,13 TO 15,71.0,Standard,1967,41 years 07 months,360000.0
2024-07-01,QUEENSTOWN,3 ROOM,97,C'WEALTH CRES,01 TO 03,68.0,Standard,1970,45 years,338000.0
2024-07-01,QUEENSTOWN,3 ROOM,93,C'WEALTH DR,01 TO 03,60.0,Standard,1967,41 years 07 months,340000.0
2024-07-01,QUEENSTOWN,3 ROOM,53,C'WEALTH DR,04 TO 06,63.0,Model A,2015,89 years 08 months,595000.0
2024-07-01,QUEENSTOWN,3 ROOM,91,C'WEALTH DR,01 TO 03,60.0,Standard,1967,41 years 08 months,320000.0
2024-07-01,QUEENSTOWN,3 ROOM,95,C'WEALTH DR,04 TO 06,60.0,Standard,1967,41 years 07 months,322000.0
2024-07-01,QUEENSTOWN,3 ROOM,90,DAWSON RD,22 TO 24,65.0,Premium Apartment,2016,90 years 10 months,760000.0
2024-07-01,QUEENSTOWN,3 ROOM,87,DAWSON RD,07 TO 09,65.0,Premium Apartment,2016,91 years 02 months,700000.0
2024-07-01,QUEENSTOWN,3 ROOM,5,DOVER CRES,01 TO 03,67.0,New Generation,1979,54 years 05 months,408000.0
2024-07-01,QUEENSTOWN,3 ROOM,20,DOVER CRES,01 TO 03,65.0,Improved,1978,52 years 07 months,362000.0
2024-07-01,QUEENSTOWN,3 ROOM,20,DOVER CRES,13 TO 15,73.0,Improved,1978,52 years 07 months,440000.0
2024-07-01,QUEENSTOWN,3 ROOM,5,DOVER CRES,01 TO 03,67.0,New Generation,1979,54 years 05 months,383000.0
2024-07-01,QUEENSTOWN,3 ROOM,21,DOVER CRES,04 TO 06,65.0,Improved,1976,51 years,358000.0
2024-07-01,QUEENSTOWN,3 ROOM,1,DOVER RD,01 TO 03,73.0,Improved,1975,50 years 01 month,385000.0
2024-07-01,QUEENSTOWN,3 ROOM,30,GHIM MOH LINK,34 TO 36,68.0,Model A,2018,93 years,733000.0
2024-07-01,QUEENSTOWN,3 ROOM,30,GHIM MOH LINK,01 TO 03,68.0,Model A,2018,93 years,640000.0
2024-07-01,QUEENSTOWN,3 ROOM,26,GHIM MOH LINK,13 TO 15,67.0,Model A,2013,87 years 10 months,645000.0
2024-07-01,QUEENSTOWN,3 ROOM,26,GHIM MOH LINK,25 TO 27,67.0,Model A,2013,87 years 10 months,688000.0
2024-07-01,QUEENSTOWN,3 ROOM,2,GHIM MOH RD,04 TO 06,65.0,Improved,1976,51 years 01 month,360000.0
2024-07-01,QUEENSTOWN,3 ROOM,19,GHIM MOH RD,01 TO 03,65.0,Improved,1977,51 years 11 months,380000.0
2024-07-01,QUEENSTOWN,3 ROOM,6,GHIM MOH RD,01 TO 03,65.0,Improved,1976,51 years 01 month,330000.0
2024-07-01,QUEENSTOWN,3 ROOM,3,GHIM MOH RD,04 TO 06,65.0,Improved,1976,51 years 01 month,355000.0
2024-07-01,QUEENSTOWN,3 ROOM,9,HOLLAND AVE,16 TO 18,65.0,Improved,1974,48 years 11 months,430000.0
2024-07-01,QUEENSTOWN,3 ROOM,6,HOLLAND CL,16 TO 18,73.0,Improved,1974,48 years 11 months,550000.0
2024-07-01,QUEENSTOWN,3 ROOM,6,HOLLAND CL,07 TO 09,65.0,Improved,1974,48 years 10 months,475000.0
2024-07-01,QUEENSTOWN,3 ROOM,13,HOLLAND DR,16 TO 18,65.0,Improved,1975,49 years 07 months,440000.0
2024-07-01,QUEENSTOWN,3 ROOM,13,HOLLAND DR,16 TO 18,65.0,Improved,1975,49 years 07 months,485000.0
2024-07-01,QUEENSTOWN,3 ROOM,11,HOLLAND DR,01 TO 03,65.0,Improved,1975,49 years 07 months,421000.0
2024-07-01,QUEENSTOWN,3 ROOM,13,HOLLAND DR,13 TO 15,65.0,Improved,1975,49 years 06 months,500000.0
2024-07-01,QUEENSTOWN,3 ROOM,154,MEI LING ST,07 TO 09,67.0,Improved,1970,44 years 07 months,380000.0
2024-07-01,QUEENSTOWN,3 ROOM,160,MEI LING ST,04 TO 06,72.0,Improved,1970,45 years 01 month,430000.0
2024-07-01,QUEENSTOWN,3 ROOM,154,MEI LING ST,04 TO 06,67.0,Improved,1970,44 years 07 months,415000.0
2024-07-01,QUEENSTOWN,3 ROOM,160,MEI LING ST,01 TO 03,72.0,Improved,1970,45 years 01 month,378000.0
2024-07-01,QUEENSTOWN,3 ROOM,160,MEI LING ST,19 TO 21,72.0,Improved,1970,45 years 01 month,445000.0
2024-07-01,QUEENSTOWN,3 ROOM,160,MEI LING ST,07 TO 09,72.0,Improved,1970,45 years,402000.0
2024-07-01,QUEENSTOWN,3 ROOM,23A,QUEEN'S CL,07 TO 09,76.0,Improved,1973,47 years 11 months,425000.0
2024-07-01,QUEENSTOWN,3 ROOM,164,STIRLING RD,01 TO 03,66.0,Improved,1970,44 years 08 months,350000.0
2024-07-01,QUEENSTOWN,3 ROOM,170,STIRLING RD,13 TO 15,60.0,Improved,1970,45 years 01 month,333000.0
2024-07-01,QUEENSTOWN,3 ROOM,163,STIRLING RD,01 TO 03,66.0,Improved,1970,44 years 06 months,360000.0
2024-07-01,QUEENSTOWN,3 ROOM,89,TANGLIN HALT RD,04 TO 06,60.0,Model A,2008,83 years 02 months,592000.0
2024-07-01,QUEENSTOWN,4 ROOM,87,DAWSON RD,19 TO 21,83.0,Premium Apartment,2016,91 years 02 months,970000.0
2024-07-01,QUEENSTOWN,4 ROOM,91,DAWSON RD,22 TO 24,109.0,Premium Apartment Loft,2016,90 years 10 months,1235500.0
2024-07-01,QUEENSTOWN,4 ROOM,90,DAWSON RD,40 TO 42,97.0,Premium Apartment Loft,2016,90 years 10 months,1300000.0
2024-07-01,QUEENSTOWN,4 ROOM,91,DAWSON RD,04 TO 06,109.0,Premium Apartment Loft,2016,90 years 10 months,1070000.0
2024-07-01,QUEENSTOWN,4 ROOM,87,DAWSON RD,22 TO 24,87.0,Premium Apartment,2016,91 years 02 months,1138888.0
2024-07-01,QUEENSTOWN,4 ROOM,87,DAWSON RD,04 TO 06,83.0,Premium Apartment,2016,91 years 02 months,835000.0
2024-07-01,QUEENSTOWN,4 ROOM,88,DAWSON RD,31 TO 33,87.0,Premium Apartment,2016,91 years 02 months,1090000.0
2024-07-01,QUEENSTOWN,4 ROOM,28D,DOVER CRES,07 TO 09,95.0,Model A,2012,86 years 09 months,915000.0
2024-07-01,QUEENSTOWN,4 ROOM,28B,DOVER CRES,04 TO 06,95.0,Model A,2012,86 years 09 months,840000.0
2024-07-01,QUEENSTOWN,4 ROOM,17,DOVER CRES,16 TO 18,92.0,Model A,2003,78 years 03 months,820000.0
2024-07-01,QUEENSTOWN,4 ROOM,19,DOVER CRES,04 TO 06,92.0,Model A,2003,78 years 02 months,800000.0
2024-07-01,QUEENSTOWN,4 ROOM,33,GHIM MOH LINK,31 TO 33,93.0,Model A,2018,93 years,1080000.0
2024-07-01,QUEENSTOWN,4 ROOM,31,GHIM MOH LINK,16 TO 18,93.0,Model A,2018,93 years,1020000.0
2024-07-01,QUEENSTOWN,4 ROOM,30,GHIM MOH LINK,28 TO 30,93.0,Model A,2018,93 years,1000000.0
2024-07-01,QUEENSTOWN,4 ROOM,22,GHIM MOH LINK,04 TO 06,92.0,Model A,2013,87 years 10 months,843500.0
2024-07-01,QUEENSTOWN,4 ROOM,33,GHIM MOH LINK,22 TO 24,93.0,Model A,2018,93 years,1009000.0
2024-07-01,QUEENSTOWN,4 ROOM,29,GHIM MOH LINK,07 TO 09,93.0,Model A,2018,93 years,958000.0
2024-07-01,QUEENSTOWN,4 ROOM,33,GHIM MOH LINK,16 TO 18,93.0,Model A,2018,93 years,1018000.0
2024-07-01,QUEENSTOWN,4 ROOM,31,GHIM MOH LINK,31 TO 33,93.0,Model A,2018,93 years,1139000.0
2024-07-01,QUEENSTOWN,4 ROOM,28,GHIM MOH LINK,01 TO 03,93.0,Model A,2013,87 years 09 months,790000.0
2024-07-01,QUEENSTOWN,4 ROOM,32,GHIM MOH LINK,37 TO 39,93.0,Model A,2018,93 years,1211000.0
2024-07-01,QUEENSTOWN,4 ROOM,27,GHIM MOH LINK,22 TO 24,92.0,Model A,2013,87 years 09 months,957000.0
2024-07-01,QUEENSTOWN,4 ROOM,22,GHIM MOH LINK,34 TO 36,87.0,Model A,2013,87 years 09 months,988888.0
2024-07-01,QUEENSTOWN,4 ROOM,30,GHIM MOH LINK,01 TO 03,93.0,Model A,2018,92 years 11 months,842000.0
2024-07-01,QUEENSTOWN,4 ROOM,32,GHIM MOH LINK,28 TO 30,93.0,Model A,2018,92 years 11 months,1100000.0
2024-07-01,QUEENSTOWN,4 ROOM,29,GHIM MOH LINK,19 TO 21,93.0,Model A,2018,92 years 11 months,1000000.0
2024-07-01,QUEENSTOWN,4 ROOM,15,GHIM MOH RD,07 TO 09,82.0,Improved,1977,51 years 07 months,580000.0
2024-07-01,QUEENSTOWN,4 ROOM,15,GHIM MOH RD,07 TO 09,82.0,Improved,1977,51 years 07 months,560000.0
2024-07-01,QUEENSTOWN,4 ROOM,15,GHIM MOH RD,10 TO 12,82.0,Improved,1977,51 years 06 months,600000.0
2024-07-01,QUEENSTOWN,4 ROOM,2,HOLLAND AVE,07 TO 09,88.0,Improved,1974,48 years 11 months,600000.0
2024-07-01,QUEENSTOWN,4 ROOM,30A,HOLLAND CL,04 TO 06,106.0,Model A,1997,72 years 04 months,931800.0
2024-07-01,QUEENSTOWN,4 ROOM,18C,HOLLAND DR,04 TO 06,92.0,Model A,2012,87 years 03 months,920000.0
2024-07-01,QUEENSTOWN,4 ROOM,18D,HOLLAND DR,25 TO 27,92.0,Model A,2012,87 years 03 months,980000.0
2024-07-01,QUEENSTOWN,4 ROOM,161,MEI LING ST,13 TO 15,85.0,Improved,1970,45 years 01 month,535000.0
2024-07-01,QUEENSTOWN,4 ROOM,23B,QUEEN'S CL,01 TO 03,89.0,Improved,1973,47 years 11 months,465000.0
2024-07-01,QUEENSTOWN,4 ROOM,21,QUEEN'S CL,04 TO 06,107.0,Model A,1996,71 years 03 months,755000.0
2024-07-01,QUEENSTOWN,4 ROOM,48,STRATHMORE AVE,01 TO 03,90.0,Model A,2006,81 years 06 months,832000.0
2024-07-01,QUEENSTOWN,4 ROOM,49,STRATHMORE AVE,07 TO 09,85.0,Model A,2006,81 years 02 months,888000.0
2024-07-01,QUEENSTOWN,4 ROOM,52,STRATHMORE AVE,22 TO 24,90.0,Model A,2006,81 years 06 months,928888.0
2024-07-01,QUEENSTOWN,4 ROOM,61A,STRATHMORE AVE,07 TO 09,98.0,Model A,2011,86 years 01 month,968000.0
2024-07-01,QUEENSTOWN,4 ROOM,48,STRATHMORE AVE,31 TO 33,85.0,Model A,2006,81 years 05 months,998000.0
2024-07-01,QUEENSTOWN,4 ROOM,91,TANGLIN HALT RD,04 TO 06,90.0,Model A,2008,83 years 02 months,880000.0
2024-07-01,QUEENSTOWN,4 ROOM,91,TANGLIN HALT RD,28 TO 30,90.0,Model A,2008,83 years 02 months,1001000.0
2024-07-01,QUEENSTOWN,4 ROOM,91,TANGLIN HALT RD,25 TO 27,85.0,Model A,2008,83 years 02 months,925000.0
2024-07-01,QUEENSTOWN,4 ROOM,90,TANGLIN HALT RD,01 TO 03,90.0,Model A,2008,83 years 01 month,710000.0
2024-07-01,QUEENSTOWN,4 ROOM,90,TANGLIN HALT RD,37 TO 39,90.0,Model A,2008,83 years 02 months,980000.0
2024-07-01,QUEENSTOWN,5 ROOM,88,DAWSON RD,16 TO 18,104.0,Premium Apartment,2016,91 years 02 months,1270000.0
2024-07-01,QUEENSTOWN,5 ROOM,7,GHIM MOH RD,04 TO 06,117.0,Standard,1977,51 years 07 months,775000.0
2024-07-01,QUEENSTOWN,5 ROOM,21,HOLLAND DR,04 TO 06,114.0,Standard,1975,49 years 06 months,828000.0
2024-07-01,QUEENSTOWN,5 ROOM,146,MEI LING ST,22 TO 24,133.0,Model A,1995,70 years 02 months,1230000.0
2024-07-01,QUEENSTOWN,5 ROOM,82,STRATHMORE AVE,13 TO 15,125.0,Improved,1997,72 years 04 months,1180000.0
2024-07-01,QUEENSTOWN,5 ROOM,60,STRATHMORE AVE,07 TO 09,111.0,Improved,2000,75 years 04 months,895000.0
2024-07-01,SEMBAWANG,2 ROOM,118A,CANBERRA CRES,10 TO 12,47.0,Model A,2020,94 years 11 months,418000.0
2024-07-01,SEMBAWANG,2 ROOM,130A,CANBERRA CRES,01 TO 03,47.0,Model A,2018,93 years 04 months,350000.0
2024-07-01,SEMBAWANG,2 ROOM,104B,CANBERRA ST,07 TO 09,47.0,Model A,2018,93 years 01 month,370000.0
2024-07-01,SEMBAWANG,2 ROOM,129B,CANBERRA ST,10 TO 12,47.0,Model A,2018,93 years 04 months,368000.0
2024-07-01,SEMBAWANG,2 ROOM,115A,CANBERRA WALK,10 TO 12,47.0,Model A,2018,93 years 01 month,360000.0
2024-07-01,SEMBAWANG,2 ROOM,365A,SEMBAWANG CRES,07 TO 09,48.0,Model A,2019,93 years 11 months,350000.0
2024-07-01,SEMBAWANG,2 ROOM,363A,SEMBAWANG CRES,10 TO 12,38.0,Model A,2019,93 years 11 months,355000.0
2024-07-01,SEMBAWANG,3 ROOM,117B,CANBERRA CRES,07 TO 09,68.0,Model A,2020,94 years 10 months,490000.0
2024-07-01,SEMBAWANG,3 ROOM,129B,CANBERRA ST,10 TO 12,68.0,Model A,2018,93 years 04 months,515000.0
2024-07-01,SEMBAWANG,3 ROOM,129B,CANBERRA ST,07 TO 09,68.0,Model A,2018,93 years 04 months,492000.0
2024-07-01,SEMBAWANG,3 ROOM,128B,CANBERRA ST,04 TO 06,68.0,Model A,2018,93 years 04 months,452000.0
2024-07-01,SEMBAWANG,3 ROOM,115B,CANBERRA WALK,04 TO 06,68.0,Model A,2018,93 years,487000.0
2024-07-01,SEMBAWANG,3 ROOM,362C,SEMBAWANG CRES,01 TO 03,68.0,Model A,2019,93 years 11 months,450000.0
2024-07-01,SEMBAWANG,3 ROOM,463B,SEMBAWANG DR,10 TO 12,67.0,Model A,2015,89 years 10 months,448000.0
2024-07-01,SENGKANG,5 ROOM,109,RIVERVALE WALK,13 TO 15,122.0,Improved,1999,73 years 08 months,705000.0
2024-07-01,SEMBAWANG,4 ROOM,469B,ADMIRALTY DR,13 TO 15,102.0,Premium Apartment,2001,76 years 02 months,530000.0
2024-07-01,SEMBAWANG,4 ROOM,491,ADMIRALTY LINK,19 TO 21,91.0,Model A,2004,79 years,532000.0
2024-07-01,SEMBAWANG,4 ROOM,490,ADMIRALTY LINK,04 TO 06,94.0,Model A,2010,85 years 01 month,526000.0
2024-07-01,SEMBAWANG,4 ROOM,120D,CANBERRA CRES,13 TO 15,93.0,Model A,2018,92 years 08 months,677000.0
2024-07-01,SEMBAWANG,4 ROOM,118B,CANBERRA CRES,10 TO 12,92.0,Model A,2020,94 years 11 months,735000.0
2024-07-01,SEMBAWANG,4 ROOM,118B,CANBERRA CRES,07 TO 09,95.0,Model A,2020,94 years 11 months,725600.0
2024-07-01,SEMBAWANG,4 ROOM,120D,CANBERRA CRES,07 TO 09,93.0,Model A,2018,92 years 08 months,655000.0
2024-07-01,SEMBAWANG,4 ROOM,117B,CANBERRA CRES,07 TO 09,92.0,Model A,2020,94 years 11 months,730000.0
2024-07-01,SEMBAWANG,4 ROOM,116A,CANBERRA CRES,04 TO 06,92.0,Model A,2020,94 years 11 months,675000.0
2024-07-01,SEMBAWANG,4 ROOM,119B,CANBERRA CRES,04 TO 06,93.0,Model A,2018,92 years 08 months,671000.0
2024-07-01,SEMBAWANG,4 ROOM,308,CANBERRA RD,07 TO 09,100.0,Model A,1998,73 years 06 months,565000.0
2024-07-01,SEMBAWANG,4 ROOM,129A,CANBERRA ST,01 TO 03,93.0,Model A,2018,93 years 04 months,605000.0
2024-07-01,SEMBAWANG,4 ROOM,104C,CANBERRA ST,04 TO 06,93.0,Model A,2018,93 years 01 month,602000.0
2024-07-01,SEMBAWANG,4 ROOM,121B,CANBERRA ST,07 TO 09,93.0,Model A,2018,92 years 07 months,615000.0
2024-07-01,SEMBAWANG,4 ROOM,121D,CANBERRA ST,13 TO 15,93.0,Model A,2018,92 years 07 months,635888.0
2024-07-01,SEMBAWANG,4 ROOM,129A,CANBERRA ST,04 TO 06,93.0,Model A,2018,93 years 04 months,630000.0
2024-07-01,SEMBAWANG,4 ROOM,107A,CANBERRA ST,13 TO 15,93.0,Model A,2018,93 years 01 month,635000.0
2024-07-01,SEMBAWANG,4 ROOM,121D,CANBERRA ST,07 TO 09,93.0,Model A,2018,92 years 07 months,635888.0
2024-07-01,SEMBAWANG,4 ROOM,115C,CANBERRA WALK,07 TO 09,93.0,Model A,2018,93 years 02 months,670000.0
2024-07-01,SEMBAWANG,4 ROOM,108B,CANBERRA WALK,07 TO 09,93.0,Model A,2018,92 years 11 months,628888.0
2024-07-01,SEMBAWANG,4 ROOM,115A,CANBERRA WALK,04 TO 06,93.0,Model A,2018,93 years 01 month,645000.0
2024-07-01,SEMBAWANG,4 ROOM,108A,CANBERRA WALK,07 TO 09,93.0,Model A,2018,92 years 11 months,610000.0
2024-07-01,SEMBAWANG,4 ROOM,115C,CANBERRA WALK,04 TO 06,93.0,Model A,2018,93 years 01 month,690000.0
2024-07-01,SEMBAWANG,4 ROOM,504D,MONTREAL DR,04 TO 06,91.0,Model A,2001,76 years,500000.0
2024-07-01,SEMBAWANG,4 ROOM,593A,MONTREAL LINK,04 TO 06,93.0,Model A,2015,89 years 11 months,560000.0
2024-07-01,SEMBAWANG,4 ROOM,592C,MONTREAL LINK,01 TO 03,93.0,Model A,2015,89 years 10 months,518000.0
2024-07-01,SEMBAWANG,4 ROOM,592B,MONTREAL LINK,01 TO 03,93.0,Model A,2015,89 years 10 months,520000.0
2024-07-01,SEMBAWANG,4 ROOM,593A,MONTREAL LINK,01 TO 03,93.0,Model A,2015,89 years 10 months,530888.0
2024-07-01,SEMBAWANG,4 ROOM,592B,MONTREAL LINK,01 TO 03,93.0,Model A,2015,89 years 10 months,560000.0
2024-07-01,SEMBAWANG,4 ROOM,334,SEMBAWANG CL,04 TO 06,100.0,Model A,1999,74 years 06 months,510000.0
2024-07-01,SEMBAWANG,4 ROOM,334,SEMBAWANG CL,10 TO 12,101.0,Model A,1999,74 years 04 months,560000.0
2024-07-01,SEMBAWANG,4 ROOM,338,SEMBAWANG CRES,04 TO 06,100.0,Model A,1999,74 years 01 month,520000.0
2024-07-01,SEMBAWANG,4 ROOM,362A,SEMBAWANG CRES,04 TO 06,93.0,Model A,2019,93 years 11 months,575000.0
2024-07-01,SEMBAWANG,4 ROOM,362C,SEMBAWANG CRES,07 TO 09,93.0,Model A,2019,93 years 11 months,609000.0
2024-07-01,SEMBAWANG,4 ROOM,365B,SEMBAWANG CRES,01 TO 03,93.0,Model A,2019,93 years 10 months,556000.0
2024-07-01,SEMBAWANG,4 ROOM,362C,SEMBAWANG CRES,01 TO 03,93.0,Model A,2019,93 years 11 months,560000.0
2024-07-01,SEMBAWANG,4 ROOM,336,SEMBAWANG CRES,16 TO 18,101.0,Model A,1999,74 years 01 month,543000.0
2024-07-01,SEMBAWANG,4 ROOM,363B,SEMBAWANG CRES,01 TO 03,93.0,Model A,2019,93 years 11 months,558000.0
2024-07-01,SEMBAWANG,4 ROOM,362C,SEMBAWANG CRES,01 TO 03,93.0,Model A,2019,93 years 11 months,560100.0
2024-07-01,SEMBAWANG,4 ROOM,362C,SEMBAWANG CRES,04 TO 06,93.0,Model A,2019,93 years 11 months,604000.0
2024-07-01,SEMBAWANG,4 ROOM,466D,SEMBAWANG DR,01 TO 03,90.0,Premium Apartment,2006,80 years 08 months,512000.0
2024-07-01,SEMBAWANG,4 ROOM,463C,SEMBAWANG DR,07 TO 09,92.0,Model A,2015,89 years 11 months,555000.0
2024-07-01,SEMBAWANG,4 ROOM,409,SEMBAWANG DR,01 TO 03,90.0,Model A,2001,75 years 09 months,500000.0
2024-07-01,SEMBAWANG,4 ROOM,318,SEMBAWANG VISTA,04 TO 06,101.0,Model A,1999,73 years 09 months,538000.0
2024-07-01,SEMBAWANG,4 ROOM,318,SEMBAWANG VISTA,10 TO 12,100.0,Model A,1999,73 years 09 months,520000.0
2024-07-01,SEMBAWANG,4 ROOM,509A,WELLINGTON CIRCLE,04 TO 06,90.0,Model A,2004,79 years 01 month,535000.0
2024-07-01,SEMBAWANG,5 ROOM,359B,ADMIRALTY DR,07 TO 09,110.0,Premium Apartment,2001,76 years 03 months,590000.0
2024-07-01,SEMBAWANG,5 ROOM,469A,ADMIRALTY DR,04 TO 06,118.0,Premium Apartment,2001,76 years 01 month,565000.0
2024-07-01,SEMBAWANG,5 ROOM,469A,ADMIRALTY DR,07 TO 09,118.0,Premium Apartment,2001,76 years 01 month,590000.0
2024-07-01,SEMBAWANG,5 ROOM,484,ADMIRALTY LINK,07 TO 09,110.0,Improved,2003,78 years 01 month,550000.0
2024-07-01,SEMBAWANG,5 ROOM,120A,CANBERRA CRES,01 TO 03,113.0,Improved,2018,92 years 08 months,683000.0
2024-07-01,SEMBAWANG,5 ROOM,129A,CANBERRA ST,01 TO 03,113.0,Improved,2018,93 years 05 months,720000.0
2024-07-01,SEMBAWANG,5 ROOM,129C,CANBERRA ST,04 TO 06,113.0,Improved,2018,93 years 03 months,735000.0
2024-07-01,SEMBAWANG,5 ROOM,108A,CANBERRA WALK,07 TO 09,113.0,Improved,2018,92 years 11 months,751000.0
2024-07-01,SEMBAWANG,5 ROOM,334,SEMBAWANG CL,01 TO 03,116.0,Improved,1999,74 years 05 months,610000.0
2024-07-01,SEMBAWANG,5 ROOM,323,SEMBAWANG CL,04 TO 06,122.0,Improved,1999,74 years,613000.0
2024-07-01,SEMBAWANG,5 ROOM,325,SEMBAWANG CRES,07 TO 09,120.0,Improved,1999,74 years,620000.0
2024-07-01,SEMBAWANG,5 ROOM,328,SEMBAWANG CRES,04 TO 06,121.0,Improved,1999,73 years 11 months,620888.0
2024-07-01,SEMBAWANG,5 ROOM,413,SEMBAWANG DR,10 TO 12,110.0,Improved,2001,75 years 09 months,620000.0
2024-07-01,SEMBAWANG,5 ROOM,313,SEMBAWANG DR,04 TO 06,120.0,Improved,1999,73 years 08 months,635000.0
2024-07-01,SEMBAWANG,5 ROOM,470,SEMBAWANG DR,04 TO 06,110.0,Improved,2000,75 years 02 months,530000.0
2024-07-01,SEMBAWANG,5 ROOM,355A,SEMBAWANG WAY,01 TO 03,110.0,Improved,2002,76 years 11 months,650000.0
2024-07-01,SEMBAWANG,5 ROOM,501B,WELLINGTON CIRCLE,07 TO 09,110.0,Improved,2001,76 years 02 months,600000.0
2024-07-01,SEMBAWANG,5 ROOM,507B,WELLINGTON CIRCLE,04 TO 06,110.0,Improved,2001,76 years 06 months,583000.0
2024-07-01,SEMBAWANG,EXECUTIVE,467A,ADMIRALTY DR,07 TO 09,137.0,Premium Apartment,2001,76 years 01 month,660000.0
2024-07-01,SEMBAWANG,EXECUTIVE,468B,ADMIRALTY DR,07 TO 09,137.0,Premium Apartment,2001,76 years,675000.0
2024-07-01,SEMBAWANG,EXECUTIVE,357,ADMIRALTY DR,10 TO 12,133.0,Premium Apartment,2001,76 years,730000.0
2024-07-01,SEMBAWANG,EXECUTIVE,468D,ADMIRALTY DR,04 TO 06,137.0,Premium Apartment,2001,75 years 11 months,662000.0
2024-07-01,SEMBAWANG,EXECUTIVE,354D,ADMIRALTY DR,07 TO 09,125.0,Apartment,2002,76 years 07 months,720000.0
2024-07-01,SEMBAWANG,EXECUTIVE,416,CANBERRA RD,01 TO 03,130.0,Apartment,2001,75 years 09 months,660000.0
2024-07-01,SEMBAWANG,EXECUTIVE,337,SEMBAWANG CRES,13 TO 15,135.0,Apartment,1999,74 years 01 month,720000.0
2024-07-01,SENGKANG,2 ROOM,180D,RIVERVALE CRES,13 TO 15,47.0,Model A,2015,89 years 09 months,360000.0
2024-07-01,SENGKANG,2 ROOM,180D,RIVERVALE CRES,07 TO 09,47.0,Model A,2015,89 years 09 months,340000.0
2024-07-01,SENGKANG,2 ROOM,180B,RIVERVALE CRES,04 TO 06,47.0,Model A,2015,89 years 09 months,330888.0
2024-07-01,SENGKANG,3 ROOM,336A,ANCHORVALE CRES,07 TO 09,67.0,Premium Apartment,2015,90 years 06 months,561888.0
2024-07-01,SENGKANG,3 ROOM,302B,ANCHORVALE LINK,04 TO 06,83.0,Model A,2007,82 years 01 month,495000.0
2024-07-01,SENGKANG,3 ROOM,351B,ANCHORVALE RD,10 TO 12,67.0,Model A,2019,93 years 10 months,530000.0
2024-07-01,SENGKANG,3 ROOM,331C,ANCHORVALE ST,04 TO 06,67.0,Model A,2015,90 years 01 month,512000.0
2024-07-01,SENGKANG,3 ROOM,289A,COMPASSVALE CRES,13 TO 15,68.0,Premium Apartment,2017,92 years 05 months,510000.0
2024-07-01,SENGKANG,3 ROOM,286C,COMPASSVALE CRES,07 TO 09,68.0,Premium Apartment,2017,92 years 06 months,488000.0
2024-07-01,SENGKANG,3 ROOM,286C,COMPASSVALE CRES,04 TO 06,68.0,Premium Apartment,2017,92 years 05 months,495000.0
2024-07-01,SENGKANG,3 ROOM,470B,FERNVALE LINK,25 TO 27,68.0,Model A,2016,91 years 04 months,495000.0
2024-07-01,SENGKANG,3 ROOM,467A,FERNVALE LINK,22 TO 24,68.0,Model A,2016,91 years 02 months,505000.0
2024-07-01,SENGKANG,3 ROOM,430C,FERNVALE LINK,10 TO 12,67.0,Model A,2015,89 years 11 months,490000.0
2024-07-01,SENGKANG,3 ROOM,418A,FERNVALE LINK,07 TO 09,68.0,Model A,2018,93 years 01 month,509500.0
2024-07-01,SENGKANG,3 ROOM,436C,FERNVALE RD,07 TO 09,69.0,Model A,2010,84 years 09 months,500000.0
2024-07-01,SENGKANG,3 ROOM,453D,FERNVALE RD,25 TO 27,67.0,Model A,2015,90 years 01 month,540888.0
2024-07-01,SENGKANG,3 ROOM,163C,RIVERVALE CRES,13 TO 15,68.0,Model A,2017,92 years,490088.0
2024-07-01,SENGKANG,3 ROOM,180B,RIVERVALE CRES,04 TO 06,67.0,Model A,2015,89 years 08 months,460000.0
2024-07-01,SENGKANG,3 ROOM,279C,SENGKANG EAST AVE,13 TO 15,67.0,Premium Apartment,2015,90 years 02 months,570000.0
2024-07-01,SENGKANG,3 ROOM,432A,SENGKANG WEST WAY,25 TO 27,67.0,Model A,2014,89 years 04 months,508000.0
2024-07-01,SENGKANG,3 ROOM,450A,SENGKANG WEST WAY,07 TO 09,67.0,Model A,2014,89 years 01 month,480000.0
2024-07-01,SENGKANG,3 ROOM,450C,SENGKANG WEST WAY,04 TO 06,67.0,Model A,2014,89 years 01 month,455000.0
2024-07-01,SENGKANG,3 ROOM,448B,SENGKANG WEST WAY,13 TO 15,67.0,Model A,2014,89 years 01 month,490000.0
2024-07-01,SENGKANG,3 ROOM,450C,SENGKANG WEST WAY,22 TO 24,67.0,Model A,2014,89 years 01 month,530000.0
2024-07-01,SENGKANG,3 ROOM,448A,SENGKANG WEST WAY,10 TO 12,67.0,Model A,2014,89 years,500000.0
2024-07-01,SENGKANG,4 ROOM,338C,ANCHORVALE CRES,07 TO 09,93.0,Model A,2018,92 years 11 months,620888.0
2024-07-01,SENGKANG,4 ROOM,335B,ANCHORVALE CRES,16 TO 18,92.0,Premium Apartment,2015,90 years 06 months,655000.0
2024-07-01,SENGKANG,4 ROOM,338C,ANCHORVALE CRES,10 TO 12,93.0,Model A,2018,92 years 11 months,600500.0
2024-07-01,SENGKANG,4 ROOM,334B,ANCHORVALE CRES,07 TO 09,92.0,Premium Apartment,2015,90 years 06 months,620000.0
2024-07-01,SENGKANG,4 ROOM,322B,ANCHORVALE DR,01 TO 03,91.0,Model A,2002,76 years 10 months,560000.0
2024-07-01,SENGKANG,4 ROOM,301C,ANCHORVALE DR,01 TO 03,90.0,Model A,2001,76 years 03 months,510000.0
2024-07-01,SENGKANG,4 ROOM,320B,ANCHORVALE DR,10 TO 12,90.0,Model A,2002,77 years 03 months,540000.0
2024-07-01,SENGKANG,4 ROOM,320B,ANCHORVALE DR,01 TO 03,90.0,Model A,2002,77 years 03 months,550000.0
2024-07-01,SENGKANG,4 ROOM,303A,ANCHORVALE LINK,07 TO 09,90.0,Model A,2001,76 years 02 months,536000.0
2024-07-01,SENGKANG,4 ROOM,333B,ANCHORVALE LINK,10 TO 12,92.0,Model A,2015,90 years,635000.0
2024-07-01,SENGKANG,4 ROOM,314C,ANCHORVALE LINK,04 TO 06,92.0,Premium Apartment,2003,77 years 11 months,550000.0
2024-07-01,SENGKANG,4 ROOM,351A,ANCHORVALE RD,13 TO 15,92.0,Model A,2019,93 years 11 months,670000.0
2024-07-01,SENGKANG,4 ROOM,351D,ANCHORVALE RD,04 TO 06,92.0,Model A,2019,93 years 11 months,615000.0
2024-07-01,SENGKANG,4 ROOM,351D,ANCHORVALE RD,10 TO 12,92.0,Model A,2019,93 years 11 months,690000.0
2024-07-01,SENGKANG,4 ROOM,309D,ANCHORVALE RD,04 TO 06,95.0,Premium Apartment,2002,77 years 05 months,524000.0
2024-07-01,SENGKANG,4 ROOM,326C,ANCHORVALE RD,04 TO 06,92.0,Premium Apartment,2015,89 years 10 months,600000.0
2024-07-01,SENGKANG,4 ROOM,330B,ANCHORVALE ST,07 TO 09,92.0,Model A,2015,90 years 02 months,643888.0
2024-07-01,SENGKANG,4 ROOM,329B,ANCHORVALE ST,07 TO 09,93.0,Model A,2015,90 years 02 months,602000.0
2024-07-01,SENGKANG,4 ROOM,274B,COMPASSVALE BOW,10 TO 12,92.0,Model A,2017,92 years 05 months,780000.0
2024-07-01,SENGKANG,4 ROOM,274C,COMPASSVALE BOW,04 TO 06,92.0,Model A,2017,92 years 05 months,780000.0
2024-07-01,SENGKANG,4 ROOM,274C,COMPASSVALE BOW,01 TO 03,92.0,Model A,2017,92 years 05 months,706800.0
2024-07-01,SENGKANG,4 ROOM,265E,COMPASSVALE BOW,01 TO 03,92.0,Premium Apartment,2007,82 years 01 month,608000.0
2024-07-01,SENGKANG,4 ROOM,286B,COMPASSVALE CRES,13 TO 15,93.0,Premium Apartment,2017,92 years 05 months,663888.0
2024-07-01,SENGKANG,4 ROOM,288C,COMPASSVALE CRES,04 TO 06,93.0,Premium Apartment,2017,92 years 05 months,620888.0
2024-07-01,SENGKANG,4 ROOM,296B,COMPASSVALE CRES,04 TO 06,90.0,Model A,2002,76 years 07 months,520000.0
2024-07-01,SENGKANG,4 ROOM,293B,COMPASSVALE CRES,10 TO 12,93.0,Model A,2016,91 years 04 months,678888.0
2024-07-01,SENGKANG,4 ROOM,289A,COMPASSVALE CRES,10 TO 12,93.0,Premium Apartment,2017,92 years 04 months,686000.0
2024-07-01,SENGKANG,4 ROOM,290C,COMPASSVALE CRES,13 TO 15,90.0,Model A,2001,76 years 06 months,546000.0
2024-07-01,SENGKANG,4 ROOM,216D,COMPASSVALE DR,10 TO 12,92.0,Premium Apartment,2017,92 years,808000.0
2024-07-01,SENGKANG,4 ROOM,212C,COMPASSVALE DR,04 TO 06,95.0,Premium Apartment,2012,87 years 04 months,590000.0
2024-07-01,SENGKANG,4 ROOM,201B,COMPASSVALE DR,07 TO 09,90.0,Model A,2001,76 years 01 month,545000.0
2024-07-01,SENGKANG,4 ROOM,227C,COMPASSVALE DR,01 TO 03,101.0,Model A,2000,74 years 08 months,515000.0
2024-07-01,SENGKANG,4 ROOM,217B,COMPASSVALE DR,07 TO 09,92.0,Premium Apartment,2017,91 years 11 months,755000.0
2024-07-01,SENGKANG,4 ROOM,217C,COMPASSVALE DR,13 TO 15,92.0,Premium Apartment,2017,91 years 11 months,828000.0
2024-07-01,SENGKANG,4 ROOM,227C,COMPASSVALE DR,07 TO 09,101.0,Model A,2000,74 years 07 months,560000.0
2024-07-01,SENGKANG,4 ROOM,201A,COMPASSVALE DR,13 TO 15,90.0,Model A,2001,76 years 02 months,595888.0
2024-07-01,SENGKANG,4 ROOM,217A,COMPASSVALE DR,04 TO 06,92.0,Premium Apartment,2017,91 years 11 months,775000.0
2024-07-01,SENGKANG,4 ROOM,208B,COMPASSVALE LANE,07 TO 09,92.0,Model A,2011,86 years 05 months,633000.0
2024-07-01,SENGKANG,4 ROOM,209A,COMPASSVALE LANE,10 TO 12,92.0,Model A,2011,86 years 05 months,635000.0
2024-07-01,SENGKANG,4 ROOM,211B,COMPASSVALE LANE,13 TO 15,95.0,Model A,2013,87 years 08 months,680000.0
2024-07-01,SENGKANG,4 ROOM,209B,COMPASSVALE LANE,10 TO 12,92.0,Model A,2011,86 years 05 months,650000.0
2024-07-01,SENGKANG,4 ROOM,211B,COMPASSVALE LANE,07 TO 09,93.0,Model A,2013,87 years 08 months,620000.0
2024-07-01,SENGKANG,4 ROOM,210A,COMPASSVALE LANE,10 TO 12,93.0,Model A,2013,87 years 08 months,638000.0
2024-07-01,SENGKANG,4 ROOM,209C,COMPASSVALE LANE,13 TO 15,92.0,Model A,2011,86 years 04 months,645000.0
2024-07-01,SENGKANG,4 ROOM,213B,COMPASSVALE LANE,10 TO 12,95.0,Premium Apartment,2012,87 years 03 months,660000.0
2024-07-01,SENGKANG,4 ROOM,208A,COMPASSVALE LANE,10 TO 12,92.0,Model A,2011,86 years 05 months,638000.0
2024-07-01,SENGKANG,4 ROOM,269B,COMPASSVALE LINK,07 TO 09,90.0,Premium Apartment,2006,80 years 08 months,690000.0
2024-07-01,SENGKANG,4 ROOM,277A,COMPASSVALE LINK,10 TO 12,92.0,Premium Apartment,2009,84 years,798000.0
2024-07-01,SENGKANG,4 ROOM,267B,COMPASSVALE LINK,13 TO 15,90.0,Premium Apartment,2006,80 years 08 months,680000.0
2024-07-01,SENGKANG,4 ROOM,275D,COMPASSVALE LINK,04 TO 06,90.0,Premium Apartment,2009,84 years,755000.0
2024-07-01,SENGKANG,4 ROOM,277A,COMPASSVALE LINK,07 TO 09,90.0,Premium Apartment,2009,84 years,765000.0
2024-07-01,SENGKANG,4 ROOM,273C,COMPASSVALE LINK,10 TO 12,90.0,Premium Apartment,2009,84 years 02 months,745000.0
2024-07-01,SENGKANG,4 ROOM,277A,COMPASSVALE LINK,04 TO 06,90.0,Premium Apartment,2009,84 years,765000.0
2024-07-01,SENGKANG,4 ROOM,267B,COMPASSVALE LINK,16 TO 18,90.0,Premium Apartment,2006,80 years 08 months,670000.0
2024-07-01,SENGKANG,4 ROOM,277A,COMPASSVALE LINK,07 TO 09,92.0,Premium Apartment,2009,84 years,770000.0
2024-07-01,SENGKANG,4 ROOM,249,COMPASSVALE RD,01 TO 03,85.0,Model A2,2000,74 years 10 months,550000.0
2024-07-01,SENGKANG,4 ROOM,226A,COMPASSVALE WALK,07 TO 09,102.0,Model A,1999,74 years 06 months,510000.0
2024-07-01,SENGKANG,4 ROOM,239,COMPASSVALE WALK,01 TO 03,101.0,Model A,1999,74 years 03 months,562888.0
2024-07-01,SENGKANG,4 ROOM,234,COMPASSVALE WALK,13 TO 15,100.0,Model A,1999,74 years,590000.0
2024-07-01,SENGKANG,4 ROOM,403C,FERNVALE LANE,16 TO 18,93.0,Premium Apartment,2004,78 years 11 months,572500.0
2024-07-01,SENGKANG,4 ROOM,404B,FERNVALE LANE,01 TO 03,92.0,Premium Apartment,2004,79 years,540000.0
2024-07-01,SENGKANG,4 ROOM,470B,FERNVALE LINK,13 TO 15,93.0,Model A,2016,91 years 04 months,608000.0
2024-07-01,SENGKANG,4 ROOM,467A,FERNVALE LINK,16 TO 18,93.0,Model A,2016,91 years 03 months,625888.0
2024-07-01,SENGKANG,4 ROOM,470A,FERNVALE LINK,22 TO 24,93.0,Model A,2016,91 years 03 months,610000.0
2024-07-01,SENGKANG,4 ROOM,467B,FERNVALE LINK,16 TO 18,93.0,Model A,2016,91 years 02 months,590000.0
2024-07-01,SENGKANG,4 ROOM,416C,FERNVALE LINK,19 TO 21,93.0,Model A,2016,90 years 07 months,660000.0
2024-07-01,SENGKANG,4 ROOM,415C,FERNVALE LINK,10 TO 12,93.0,Model A,2016,90 years 07 months,632000.0
2024-07-01,SENGKANG,4 ROOM,418B,FERNVALE LINK,13 TO 15,94.0,Model A,2018,93 years 01 month,665000.0
2024-07-01,SENGKANG,4 ROOM,440B,FERNVALE LINK,16 TO 18,92.0,Model A,2015,90 years 01 month,635000.0
2024-07-01,SENGKANG,4 ROOM,467A,FERNVALE LINK,01 TO 03,93.0,Model A,2016,91 years 02 months,530000.0
2024-07-01,SENGKANG,4 ROOM,411A,FERNVALE RD,04 TO 06,95.0,Premium Apartment,2012,87 years 06 months,600888.0
2024-07-01,SENGKANG,4 ROOM,411B,FERNVALE RD,10 TO 12,95.0,Premium Apartment,2012,87 years 06 months,620000.0
2024-07-01,SENGKANG,4 ROOM,410A,FERNVALE RD,04 TO 06,95.0,Premium Apartment,2012,87 years 05 months,638888.0
2024-07-01,SENGKANG,4 ROOM,408A,FERNVALE RD,22 TO 24,95.0,Premium Apartment,2004,79 years 06 months,600000.0
2024-07-01,SENGKANG,4 ROOM,411A,FERNVALE RD,13 TO 15,95.0,Premium Apartment,2012,87 years 05 months,625000.0
2024-07-01,SENGKANG,4 ROOM,453D,FERNVALE RD,25 TO 27,92.0,Model A,2015,90 years 01 month,675000.0
2024-07-01,SENGKANG,4 ROOM,441B,FERNVALE RD,19 TO 21,93.0,Model A,2012,86 years 08 months,638000.0
2024-07-01,SENGKANG,4 ROOM,453B,FERNVALE RD,13 TO 15,92.0,Model A,2015,90 years 01 month,609888.0
2024-07-01,SENGKANG,4 ROOM,453D,FERNVALE RD,10 TO 12,92.0,Model A,2015,90 years 01 month,605000.0
2024-07-01,SENGKANG,4 ROOM,453D,FERNVALE RD,10 TO 12,92.0,Model A,2015,90 years 01 month,630888.0
2024-07-01,SENGKANG,4 ROOM,411A,FERNVALE RD,19 TO 21,96.0,Premium Apartment,2012,87 years 05 months,630000.0
2024-07-01,SENGKANG,4 ROOM,434A,FERNVALE RD,07 TO 09,94.0,Premium Apartment,2013,88 years,626000.0
2024-07-01,SENGKANG,4 ROOM,407A,FERNVALE RD,13 TO 15,90.0,Premium Apartment,2005,79 years 07 months,535000.0
2024-07-01,SENGKANG,4 ROOM,406A,FERNVALE RD,04 TO 06,90.0,Premium Apartment,2004,79 years 04 months,553000.0
2024-07-01,SENGKANG,4 ROOM,409A,FERNVALE RD,19 TO 21,95.0,Premium Apartment,2004,79 years 05 months,630000.0
2024-07-01,SENGKANG,4 ROOM,410C,FERNVALE RD,01 TO 03,95.0,Premium Apartment,2012,87 years 05 months,547000.0
2024-07-01,SENGKANG,4 ROOM,407A,FERNVALE RD,22 TO 24,90.0,Premium Apartment,2005,79 years 06 months,580000.0
2024-07-01,SENGKANG,4 ROOM,471A,FERNVALE ST,19 TO 21,93.0,Model A,2016,91 years 03 months,638000.0
2024-07-01,SENGKANG,4 ROOM,471C,FERNVALE ST,16 TO 18,93.0,Model A,2016,91 years 03 months,660000.0
2024-07-01,SENGKANG,4 ROOM,472B,FERNVALE ST,07 TO 09,93.0,Model A,2016,91 years 03 months,600000.0
2024-07-01,SENGKANG,4 ROOM,163C,RIVERVALE CRES,16 TO 18,93.0,Model A,2017,91 years 11 months,645888.0
2024-07-01,SENGKANG,4 ROOM,178B,RIVERVALE CRES,13 TO 15,93.0,Model A,2015,89 years 09 months,604000.0
2024-07-01,SENGKANG,4 ROOM,184C,RIVERVALE CRES,10 TO 12,85.0,Model A2,2003,78 years,550000.0
2024-07-01,SENGKANG,4 ROOM,163C,RIVERVALE CRES,13 TO 15,93.0,Model A,2017,91 years 11 months,623888.0
2024-07-01,SENGKANG,4 ROOM,185B,RIVERVALE CRES,13 TO 15,85.0,Model A2,2000,75 years 06 months,530000.0
2024-07-01,SENGKANG,4 ROOM,178A,RIVERVALE CRES,04 TO 06,93.0,Model A,2015,89 years 09 months,580000.0
2024-07-01,SENGKANG,4 ROOM,184C,RIVERVALE CRES,07 TO 09,85.0,Model A2,2003,78 years,505000.0
2024-07-01,SENGKANG,4 ROOM,162C,RIVERVALE CRES,13 TO 15,93.0,Model A,2017,91 years 11 months,618000.0
2024-07-01,SENGKANG,4 ROOM,151,RIVERVALE CRES,07 TO 09,91.0,Model A,2005,80 years 05 months,560000.0
2024-07-01,SENGKANG,4 ROOM,158A,RIVERVALE CRES,01 TO 03,91.0,Premium Apartment,2003,78 years 05 months,510000.0
2024-07-01,SENGKANG,4 ROOM,116C,RIVERVALE DR,04 TO 06,95.0,Model A,2000,75 years 01 month,530000.0
2024-07-01,SENGKANG,4 ROOM,119A,RIVERVALE DR,13 TO 15,101.0,Premium Apartment,2001,75 years 09 months,580888.0
2024-07-01,SENGKANG,4 ROOM,186D,RIVERVALE DR,10 TO 12,91.0,Model A,2001,75 years 07 months,520000.0
2024-07-01,SENGKANG,4 ROOM,194,RIVERVALE DR,01 TO 03,90.0,Model A,2001,75 years 10 months,499000.0
2024-07-01,SENGKANG,4 ROOM,140,RIVERVALE ST,10 TO 12,90.0,Model A2,1999,73 years 07 months,545000.0
2024-07-01,SENGKANG,4 ROOM,140,RIVERVALE ST,13 TO 15,90.0,Model A2,1999,73 years 06 months,540388.0
2024-07-01,SENGKANG,4 ROOM,105,RIVERVALE WALK,01 TO 03,100.0,Model A,1999,73 years 09 months,525000.0
2024-07-01,SENGKANG,4 ROOM,271A,SENGKANG CTRL,13 TO 15,93.0,Premium Apartment,2010,84 years 11 months,788000.0
2024-07-01,SENGKANG,4 ROOM,270A,SENGKANG CTRL,13 TO 15,93.0,Premium Apartment,2010,84 years 11 months,766000.0
2024-07-01,SENGKANG,4 ROOM,272B,SENGKANG CTRL,01 TO 03,90.0,Premium Apartment,2009,84 years 06 months,699000.0
2024-07-01,SENGKANG,4 ROOM,272D,SENGKANG CTRL,04 TO 06,90.0,Premium Apartment,2009,84 years 05 months,750000.0
2024-07-01,SENGKANG,4 ROOM,272B,SENGKANG CTRL,04 TO 06,90.0,Premium Apartment,2009,84 years 05 months,738888.0
2024-07-01,SENGKANG,4 ROOM,281B,SENGKANG EAST AVE,13 TO 15,92.0,Premium Apartment,2015,90 years 02 months,780000.0
2024-07-01,SENGKANG,4 ROOM,200A,SENGKANG EAST RD,13 TO 15,90.0,Model A,2001,76 years 02 months,533888.0
2024-07-01,SENGKANG,4 ROOM,324A,SENGKANG EAST WAY,04 TO 06,85.0,Model A2,2003,77 years 09 months,525000.0
2024-07-01,SENGKANG,4 ROOM,260A,SENGKANG EAST WAY,07 TO 09,90.0,Model A,2001,75 years 07 months,600000.0
2024-07-01,SENGKANG,4 ROOM,122,SENGKANG EAST WAY,01 TO 03,91.0,Model A,2000,75 years 02 months,492500.0
2024-07-01,SENGKANG,4 ROOM,439C,SENGKANG WEST AVE,19 TO 21,94.0,Model A,2011,85 years 08 months,653000.0
2024-07-01,SENGKANG,4 ROOM,438A,SENGKANG WEST AVE,16 TO 18,94.0,Model A,2011,85 years 07 months,650000.0
2024-07-01,SENGKANG,4 ROOM,432A,SENGKANG WEST WAY,25 TO 27,93.0,Model A,2014,89 years 04 months,640888.0
2024-07-01,SENGKANG,4 ROOM,433B,SENGKANG WEST WAY,22 TO 24,93.0,Model A,2014,89 years 04 months,668000.0
2024-07-01,SENGKANG,4 ROOM,432A,SENGKANG WEST WAY,16 TO 18,93.0,Model A,2014,89 years 04 months,620000.0
2024-07-01,SENGKANG,4 ROOM,452A,SENGKANG WEST WAY,04 TO 06,92.0,Model A,2015,89 years 10 months,632000.0
2024-07-01,SENGKANG,4 ROOM,432B,SENGKANG WEST WAY,22 TO 24,93.0,Model A,2014,89 years 03 months,645000.0
2024-07-01,SENGKANG,5 ROOM,336C,ANCHORVALE CRES,07 TO 09,112.0,Premium Apartment,2015,90 years 06 months,795000.0
2024-07-01,SENGKANG,5 ROOM,335C,ANCHORVALE CRES,13 TO 15,115.0,Premium Apartment,2015,90 years 06 months,843888.0
2024-07-01,SENGKANG,5 ROOM,338B,ANCHORVALE CRES,13 TO 15,120.0,3Gen,2018,92 years 11 months,775000.0
2024-07-01,SENGKANG,5 ROOM,311A,ANCHORVALE LANE,01 TO 03,111.0,Premium Apartment,2002,77 years 04 months,553888.0
2024-07-01,SENGKANG,5 ROOM,311B,ANCHORVALE LANE,01 TO 03,111.0,Premium Apartment,2002,77 years 02 months,560000.0
2024-07-01,SENGKANG,5 ROOM,333A,ANCHORVALE LINK,13 TO 15,112.0,Improved,2015,90 years,796000.0
2024-07-01,SENGKANG,5 ROOM,318D,ANCHORVALE LINK,04 TO 06,110.0,Premium Apartment,2003,77 years 09 months,610000.0
2024-07-01,SENGKANG,5 ROOM,304B,ANCHORVALE LINK,07 TO 09,110.0,Improved,2001,76 years 07 months,590000.0
2024-07-01,SENGKANG,5 ROOM,333C,ANCHORVALE LINK,07 TO 09,112.0,Improved,2015,90 years,815000.0
2024-07-01,SENGKANG,5 ROOM,314B,ANCHORVALE LINK,04 TO 06,110.0,Premium Apartment,2003,78 years 03 months,596888.0
2024-07-01,SENGKANG,5 ROOM,314B,ANCHORVALE LINK,07 TO 09,110.0,Premium Apartment,2003,78 years 03 months,645000.0
2024-07-01,SENGKANG,5 ROOM,316C,ANCHORVALE LINK,01 TO 03,110.0,Premium Apartment,2003,77 years 11 months,575000.0
2024-07-01,SENGKANG,5 ROOM,314A,ANCHORVALE LINK,13 TO 15,110.0,Premium Apartment,2003,77 years 11 months,638000.0
2024-07-01,SENGKANG,5 ROOM,305D,ANCHORVALE LINK,13 TO 15,110.0,Improved,2002,76 years 08 months,625000.0
2024-07-01,SENGKANG,5 ROOM,315C,ANCHORVALE RD,07 TO 09,110.0,Premium Apartment,2003,78 years,630000.0
2024-07-01,SENGKANG,5 ROOM,278B,COMPASSVALE BOW,01 TO 03,113.0,Improved,2017,92 years 05 months,830000.0
2024-07-01,SENGKANG,5 ROOM,278A,COMPASSVALE BOW,04 TO 06,112.0,Improved,2017,92 years 05 months,840000.0
2024-07-01,SENGKANG,5 ROOM,287B,COMPASSVALE CRES,01 TO 03,113.0,Premium Apartment,2017,92 years 06 months,738000.0
2024-07-01,SENGKANG,5 ROOM,293C,COMPASSVALE CRES,07 TO 09,113.0,Improved,2016,91 years 05 months,760000.0
2024-07-01,SENGKANG,5 ROOM,288A,COMPASSVALE CRES,04 TO 06,113.0,Premium Apartment,2017,92 years 05 months,750000.0
2024-07-01,SENGKANG,5 ROOM,294A,COMPASSVALE CRES,01 TO 03,113.0,Improved,2016,91 years 06 months,718000.0
2024-07-01,SENGKANG,5 ROOM,296C,COMPASSVALE CRES,01 TO 03,110.0,Improved,2002,76 years 08 months,575000.0
2024-07-01,SENGKANG,5 ROOM,290A,COMPASSVALE CRES,07 TO 09,110.0,Improved,2002,76 years 07 months,625000.0
2024-07-01,SENGKANG,5 ROOM,293D,COMPASSVALE CRES,13 TO 15,113.0,Improved,2016,91 years 04 months,786888.0
2024-07-01,SENGKANG,5 ROOM,212B,COMPASSVALE DR,10 TO 12,115.0,Premium Apartment,2012,87 years 04 months,760000.0
2024-07-01,SENGKANG,5 ROOM,216B,COMPASSVALE DR,16 TO 18,112.0,Premium Apartment,2017,91 years 11 months,1000000.0
2024-07-01,SENGKANG,5 ROOM,201D,COMPASSVALE DR,10 TO 12,110.0,Improved,2001,76 years,670000.0
2024-07-01,SENGKANG,5 ROOM,204B,COMPASSVALE DR,10 TO 12,110.0,Improved,2001,75 years 08 months,658888.0
2024-07-01,SENGKANG,5 ROOM,268D,COMPASSVALE LINK,04 TO 06,110.0,Premium Apartment,2006,80 years 08 months,700000.0
2024-07-01,SENGKANG,5 ROOM,248,COMPASSVALE RD,07 TO 09,116.0,Improved,2000,75 years,640000.0
2024-07-01,SENGKANG,5 ROOM,203A,COMPASSVALE RD,07 TO 09,110.0,Improved,2000,75 years 06 months,650000.0
2024-07-01,SENGKANG,5 ROOM,203E,COMPASSVALE RD,13 TO 15,110.0,Improved,2000,75 years 06 months,670000.0
2024-07-01,SENGKANG,5 ROOM,258A,COMPASSVALE RD,10 TO 12,110.0,Improved,2001,75 years 09 months,670000.0
2024-07-01,SENGKANG,5 ROOM,246,COMPASSVALE RD,01 TO 03,115.0,Improved,2000,75 years,585000.0
2024-07-01,SENGKANG,5 ROOM,292A,COMPASSVALE ST,13 TO 15,110.0,Improved,2002,76 years 07 months,640000.0
2024-07-01,SENGKANG,5 ROOM,262D,COMPASSVALE ST,04 TO 06,110.0,Improved,2001,75 years 08 months,691000.0
2024-07-01,SENGKANG,5 ROOM,252,COMPASSVALE ST,04 TO 06,116.0,Improved,2000,75 years 04 months,630000.0
2024-07-01,SENGKANG,5 ROOM,224C,COMPASSVALE WALK,10 TO 12,121.0,Improved,1999,73 years 09 months,692500.0
2024-07-01,SENGKANG,5 ROOM,226B,COMPASSVALE WALK,04 TO 06,115.0,Improved,1999,74 years 05 months,625000.0
2024-07-01,SENGKANG,5 ROOM,403D,FERNVALE LANE,13 TO 15,114.0,Premium Apartment,2004,79 years,730000.0
2024-07-01,SENGKANG,5 ROOM,403D,FERNVALE LANE,22 TO 24,114.0,Premium Apartment,2004,78 years 11 months,658000.0
2024-07-01,SENGKANG,5 ROOM,415C,FERNVALE LINK,16 TO 18,113.0,Improved,2016,90 years 07 months,770000.0
2024-07-01,SENGKANG,5 ROOM,440C,FERNVALE LINK,19 TO 21,113.0,Improved,2015,90 years 01 month,790000.0
2024-07-01,SENGKANG,5 ROOM,415C,FERNVALE LINK,10 TO 12,113.0,Improved,2016,90 years 07 months,740000.0
2024-07-01,SENGKANG,5 ROOM,468B,FERNVALE LINK,16 TO 18,113.0,Improved,2016,91 years 02 months,750000.0
2024-07-01,SENGKANG,5 ROOM,416B,FERNVALE LINK,01 TO 03,112.0,Improved,2016,90 years 07 months,645000.0
2024-07-01,SENGKANG,5 ROOM,440B,FERNVALE LINK,10 TO 12,113.0,Improved,2015,90 years 01 month,688000.0
2024-07-01,SENGKANG,5 ROOM,440C,FERNVALE LINK,22 TO 24,113.0,Improved,2015,90 years,785000.0
2024-07-01,SENGKANG,5 ROOM,430A,FERNVALE LINK,10 TO 12,112.0,Improved,2015,89 years 10 months,755888.0
2024-07-01,SENGKANG,5 ROOM,406B,FERNVALE RD,10 TO 12,110.0,Premium Apartment,2004,79 years 05 months,675000.0
2024-07-01,SENGKANG,5 ROOM,406C,FERNVALE RD,19 TO 21,110.0,Premium Apartment,2004,79 years 06 months,665000.0
2024-07-01,SENGKANG,5 ROOM,435C,FERNVALE RD,04 TO 06,113.0,Premium Apartment,2013,88 years,710000.0
2024-07-01,SENGKANG,5 ROOM,407A,FERNVALE RD,25 TO 27,110.0,Premium Apartment,2005,79 years 07 months,711000.0
2024-07-01,SENGKANG,5 ROOM,435C,FERNVALE RD,13 TO 15,113.0,Premium Apartment,2013,88 years,772000.0
2024-07-01,SENGKANG,5 ROOM,434B,FERNVALE RD,19 TO 21,113.0,Premium Apartment,2013,88 years,772000.0
2024-07-01,SENGKANG,5 ROOM,472A,FERNVALE ST,04 TO 06,113.0,Improved,2016,91 years 03 months,705000.0
2024-07-01,SENGKANG,5 ROOM,163A,RIVERVALE CRES,01 TO 03,113.0,Improved,2017,91 years 11 months,661088.0
2024-07-01,SENGKANG,5 ROOM,158A,RIVERVALE CRES,16 TO 18,110.0,Premium Apartment,2003,78 years 05 months,615000.0
2024-07-01,SENGKANG,5 ROOM,149,RIVERVALE CRES,13 TO 15,116.0,Improved,1999,74 years 03 months,688100.0
2024-07-01,SENGKANG,5 ROOM,152,RIVERVALE CRES,01 TO 03,110.0,Improved,2005,80 years 06 months,600000.0
2024-07-01,SENGKANG,5 ROOM,155,RIVERVALE CRES,04 TO 06,110.0,Improved,2005,80 years 06 months,625000.0
2024-07-01,SENGKANG,5 ROOM,157C,RIVERVALE CRES,07 TO 09,110.0,Premium Apartment,2003,78 years 03 months,623000.0
2024-07-01,SENGKANG,5 ROOM,183C,RIVERVALE CRES,16 TO 18,110.0,Improved,2003,77 years 11 months,628000.0
2024-07-01,SENGKANG,5 ROOM,158D,RIVERVALE CRES,10 TO 12,111.0,Premium Apartment,2003,78 years 02 months,628000.0
2024-07-01,SENGKANG,5 ROOM,121,RIVERVALE DR,16 TO 18,110.0,Improved,2000,75 years 02 months,590000.0
2024-07-01,SENGKANG,5 ROOM,116C,RIVERVALE DR,07 TO 09,115.0,Improved,2000,75 years 01 month,590000.0
2024-07-01,SENGKANG,5 ROOM,123B,RIVERVALE DR,01 TO 03,115.0,Improved,1999,74 years 03 months,588000.0
2024-07-01,SENGKANG,5 ROOM,190B,RIVERVALE DR,13 TO 15,115.0,Improved,2000,74 years 11 months,650000.0
2024-07-01,SENGKANG,5 ROOM,122D,RIVERVALE DR,16 TO 18,110.0,Improved,2000,75 years,602000.0
2024-07-01,SENGKANG,5 ROOM,122E,RIVERVALE DR,01 TO 03,109.0,Improved,2000,75 years 01 month,575000.0
2024-07-01,SENGKANG,5 ROOM,123E,RIVERVALE DR,07 TO 09,115.0,Improved,1999,74 years,610000.0
2024-07-01,SENGKANG,5 ROOM,190B,RIVERVALE DR,01 TO 03,114.0,Improved,2000,74 years 11 months,585000.0
2024-07-01,SENGKANG,5 ROOM,146,RIVERVALE DR,07 TO 09,122.0,Improved,1999,74 years 03 months,688000.0
2024-07-01,SENGKANG,5 ROOM,186B,RIVERVALE DR,04 TO 06,110.0,Improved,2001,75 years 07 months,600000.0
2024-07-01,SENGKANG,5 ROOM,192A,RIVERVALE DR,16 TO 18,115.0,Improved,2000,75 years 02 months,700000.0
2024-07-01,SENGKANG,5 ROOM,119C,RIVERVALE DR,13 TO 15,121.0,Premium Apartment,2001,75 years 09 months,700000.0
2024-07-01,SENGKANG,5 ROOM,122E,RIVERVALE DR,16 TO 18,110.0,Improved,2000,75 years 01 month,635000.0
2024-07-01,SENGKANG,5 ROOM,127,RIVERVALE ST,16 TO 18,122.0,Improved,1999,74 years 01 month,660000.0
2024-07-01,SENGKANG,5 ROOM,202C,SENGKANG EAST RD,07 TO 09,110.0,Improved,2001,76 years,658888.0
2024-07-01,SENGKANG,5 ROOM,261D,SENGKANG EAST WAY,01 TO 03,110.0,Improved,2001,75 years 07 months,607000.0
2024-07-01,SENGKANG,5 ROOM,323A,SENGKANG EAST WAY,01 TO 03,110.0,Improved,2003,77 years 09 months,600000.0
2024-07-01,SENGKANG,5 ROOM,323C,SENGKANG EAST WAY,07 TO 09,110.0,Improved,2003,77 years 10 months,680000.0
2024-07-01,SENGKANG,5 ROOM,469A,SENGKANG WEST WAY,16 TO 18,113.0,Improved,2016,91 years 02 months,738000.0
2024-07-01,SENGKANG,5 ROOM,451A,SENGKANG WEST WAY,10 TO 12,111.0,Improved,2015,89 years 11 months,700000.0
2024-07-01,SENGKANG,EXECUTIVE,312B,ANCHORVALE LANE,16 TO 18,127.0,Premium Apartment,2002,77 years 05 months,748888.0
2024-07-01,SENGKANG,EXECUTIVE,310A,ANCHORVALE RD,04 TO 06,130.0,Premium Apartment,2003,77 years 07 months,718000.0
2024-07-01,SENGKANG,EXECUTIVE,119C,RIVERVALE DR,04 TO 06,141.0,Premium Apartment,2001,75 years 09 months,860000.0
2024-07-01,SENGKANG,EXECUTIVE,139,RIVERVALE ST,16 TO 18,142.0,Apartment,1999,73 years 07 months,858000.0
2024-07-01,SENGKANG,EXECUTIVE,103,RIVERVALE WALK,01 TO 03,140.0,Apartment,1999,73 years 10 months,790000.0
2024-07-01,SENGKANG,EXECUTIVE,103,RIVERVALE WALK,10 TO 12,140.0,Apartment,1999,73 years 09 months,870000.0
2024-07-01,SENGKANG,EXECUTIVE,324C,SENGKANG EAST WAY,04 TO 06,127.0,Apartment,2002,77 years 01 month,755000.0
2024-07-01,SERANGOON,3 ROOM,303,SERANGOON AVE 2,01 TO 03,69.0,Improved,1984,59 years 06 months,500888.0
2024-07-01,SERANGOON,3 ROOM,241,SERANGOON AVE 3,01 TO 03,64.0,Simplified,1985,60 years 06 months,434000.0
2024-07-01,SERANGOON,3 ROOM,215,SERANGOON AVE 4,04 TO 06,67.0,New Generation,1985,59 years 11 months,420000.0
2024-07-01,SERANGOON,3 ROOM,230,SERANGOON AVE 4,04 TO 06,67.0,New Generation,1985,59 years 08 months,450000.0
2024-07-01,SERANGOON,3 ROOM,206,SERANGOON CTRL,07 TO 09,64.0,Simplified,1985,60 years 06 months,500000.0
2024-07-01,SERANGOON,3 ROOM,253,SERANGOON CTRL DR,04 TO 06,64.0,Simplified,1988,63 years 01 month,465000.0
2024-07-01,SERANGOON,3 ROOM,105,SERANGOON NTH AVE 1,04 TO 06,60.0,Improved,1985,59 years 10 months,380000.0
2024-07-01,SERANGOON,3 ROOM,105,SERANGOON NTH AVE 1,10 TO 12,69.0,Improved,1985,59 years 10 months,430000.0
2024-07-01,SERANGOON,3 ROOM,106,SERANGOON NTH AVE 1,10 TO 12,70.0,Improved,1984,59 years 02 months,440000.0
2024-07-01,SERANGOON,3 ROOM,152,SERANGOON NTH AVE 1,01 TO 03,64.0,Simplified,1986,61 years 06 months,400000.0
2024-07-01,SERANGOON,3 ROOM,147,SERANGOON NTH AVE 1,04 TO 06,64.0,Simplified,1988,63 years 01 month,300000.0
2024-07-01,SERANGOON,4 ROOM,405,SERANGOON AVE 1,04 TO 06,103.0,Model A,1989,63 years 08 months,822888.0
2024-07-01,SERANGOON,4 ROOM,307,SERANGOON AVE 2,13 TO 15,95.0,New Generation,1985,60 years 04 months,640000.0
2024-07-01,SERANGOON,4 ROOM,240,SERANGOON AVE 2,07 TO 09,90.0,Simplified,1985,60 years 01 month,645000.0
2024-07-01,SERANGOON,4 ROOM,235,SERANGOON AVE 3,07 TO 09,104.0,Model A,1985,60 years,740000.0
2024-07-01,SERANGOON,4 ROOM,327,SERANGOON AVE 3,10 TO 12,84.0,Simplified,1986,60 years 11 months,630000.0
2024-07-01,SERANGOON,4 ROOM,241,SERANGOON AVE 3,01 TO 03,84.0,Simplified,1985,60 years 06 months,610000.0
2024-07-01,SERANGOON,4 ROOM,221,SERANGOON AVE 4,10 TO 12,99.0,New Generation,1984,59 years 06 months,620000.0
2024-07-01,SERANGOON,4 ROOM,229,SERANGOON AVE 4,13 TO 15,91.0,New Generation,1984,59 years 01 month,625000.0
2024-07-01,SERANGOON,4 ROOM,218,SERANGOON AVE 4,04 TO 06,91.0,New Generation,1985,59 years 08 months,590000.0
2024-07-01,SERANGOON,4 ROOM,211,SERANGOON AVE 4,04 TO 06,93.0,New Generation,1985,60 years 02 months,641000.0
2024-07-01,SERANGOON,4 ROOM,209,SERANGOON CTRL,10 TO 12,83.0,Simplified,1985,60 years 04 months,615000.0
2024-07-01,SERANGOON,4 ROOM,419,SERANGOON CTRL,07 TO 09,109.0,Model A,1989,63 years 11 months,820000.0
2024-07-01,SERANGOON,4 ROOM,420,SERANGOON CTRL,10 TO 12,105.0,Model A,1989,64 years 05 months,828000.0
2024-07-01,SERANGOON,4 ROOM,207,SERANGOON CTRL,07 TO 09,83.0,Simplified,1986,60 years 09 months,700888.0
2024-07-01,SERANGOON,4 ROOM,126,SERANGOON NTH AVE 1,10 TO 12,96.0,New Generation,1985,60 years,560000.0
2024-07-01,SERANGOON,4 ROOM,113,SERANGOON NTH AVE 1,01 TO 03,100.0,New Generation,1985,59 years 09 months,517000.0
2024-07-01,SERANGOON,4 ROOM,111,SERANGOON NTH AVE 1,13 TO 15,91.0,New Generation,1985,60 years 02 months,550000.0
2024-07-01,SERANGOON,4 ROOM,113,SERANGOON NTH AVE 1,01 TO 03,98.0,New Generation,1985,59 years 09 months,515000.0
2024-07-01,SERANGOON,4 ROOM,146,SERANGOON NTH AVE 1,07 TO 09,103.0,Model A,1987,62 years 01 month,628000.0
2024-07-01,SERANGOON,4 ROOM,532,SERANGOON NTH AVE 4,04 TO 06,103.0,Model A,1992,67 years 05 months,535000.0
2024-07-01,SERANGOON,4 ROOM,536,SERANGOON NTH AVE 4,10 TO 12,103.0,Model A,1992,67 years 04 months,590000.0
2024-07-01,SERANGOON,5 ROOM,216,SERANGOON AVE 4,04 TO 06,121.0,Improved,1985,60 years,715000.0
2024-07-01,SERANGOON,5 ROOM,416,SERANGOON CTRL,01 TO 03,121.0,Improved,1989,63 years 11 months,860000.0
2024-07-01,SERANGOON,5 ROOM,257,SERANGOON CTRL DR,04 TO 06,115.0,Improved,1999,74 years,800000.0
2024-07-01,SERANGOON,5 ROOM,145,SERANGOON NTH AVE 1,01 TO 03,122.0,Improved,1986,61 years 03 months,690000.0
2024-07-01,SERANGOON,5 ROOM,135,SERANGOON NTH AVE 2,10 TO 12,121.0,Improved,1989,63 years 11 months,800000.0
2024-07-01,SERANGOON,5 ROOM,530,SERANGOON NTH AVE 4,07 TO 09,122.0,Improved,1992,67 years 05 months,715000.0
2024-07-01,SERANGOON,5 ROOM,505,SERANGOON NTH AVE 4,04 TO 06,124.0,Improved,1992,67 years 05 months,745000.0
2024-07-01,SERANGOON,5 ROOM,507,SERANGOON NTH AVE 4,07 TO 09,121.0,Improved,1997,71 years 11 months,760000.0
2024-07-01,SERANGOON,5 ROOM,504,SERANGOON NTH AVE 4,04 TO 06,124.0,Improved,1992,67 years 05 months,728000.0
2024-07-01,SERANGOON,EXECUTIVE,234A,SERANGOON AVE 2,04 TO 06,141.0,Apartment,1998,73 years,1003000.0
2024-07-01,SERANGOON,EXECUTIVE,236A,SERANGOON AVE 2,16 TO 18,140.0,Apartment,1998,73 years,1238000.0
2024-07-01,SERANGOON,EXECUTIVE,123,SERANGOON NTH AVE 1,01 TO 03,150.0,Maisonette,1985,60 years 03 months,855000.0
2024-07-01,SERANGOON,EXECUTIVE,119,SERANGOON NTH AVE 1,01 TO 03,150.0,Maisonette,1984,59 years 06 months,925000.0
2024-07-01,SERANGOON,EXECUTIVE,543,SERANGOON NTH AVE 3,01 TO 03,143.0,Maisonette,1997,72 years 05 months,950000.0
2024-07-01,SERANGOON,EXECUTIVE,543,SERANGOON NTH AVE 3,01 TO 03,140.0,Apartment,1997,72 years 04 months,845000.0
2024-07-01,SERANGOON,EXECUTIVE,542,SERANGOON NTH AVE 4,10 TO 12,147.0,Maisonette,1992,67 years 05 months,980000.0
2024-07-01,SERANGOON,EXECUTIVE,537,SERANGOON NTH AVE 4,04 TO 06,153.0,Apartment,1992,67 years 05 months,1000000.0
2024-07-01,TAMPINES,2 ROOM,499A,TAMPINES AVE 9,01 TO 03,46.0,Model A,2014,88 years 09 months,363000.0
2024-07-01,TAMPINES,2 ROOM,499A,TAMPINES AVE 9,01 TO 03,46.0,Model A,2014,88 years 10 months,350000.0
2024-07-01,TAMPINES,2 ROOM,299A,TAMPINES ST 22,07 TO 09,45.0,Model A,2012,86 years 09 months,365000.0
2024-07-01,TAMPINES,3 ROOM,890B,TAMPINES AVE 1,04 TO 06,69.0,Model A,2015,90 years 03 months,550000.0
2024-07-01,TAMPINES,3 ROOM,803,TAMPINES AVE 4,07 TO 09,67.0,New Generation,1984,59 years 06 months,458000.0
2024-07-01,TAMPINES,3 ROOM,803,TAMPINES AVE 4,07 TO 09,67.0,New Generation,1984,59 years 06 months,455000.0
2024-07-01,TAMPINES,3 ROOM,810,TAMPINES AVE 4,10 TO 12,73.0,Model A,1984,59 years 01 month,473888.0
2024-07-01,TAMPINES,3 ROOM,869B,TAMPINES AVE 8,13 TO 15,67.0,Model A,2015,90 years 01 month,525000.0
2024-07-01,TAMPINES,3 ROOM,878A,TAMPINES AVE 8,10 TO 12,68.0,Model A,2017,92 years,545000.0
2024-07-01,TAMPINES,3 ROOM,878A,TAMPINES AVE 8,04 TO 06,68.0,Model A,2017,92 years,525000.0
2024-07-01,TAMPINES,3 ROOM,604A,TAMPINES AVE 9,07 TO 09,68.0,Model A,2020,94 years 08 months,542000.0
2024-07-01,TAMPINES,3 ROOM,604A,TAMPINES AVE 9,10 TO 12,68.0,Model A,2020,94 years 08 months,588000.0
2024-07-01,TAMPINES,3 ROOM,108,TAMPINES ST 11,01 TO 03,74.0,Model A,1984,59 years 02 months,430000.0
2024-07-01,TAMPINES,3 ROOM,113,TAMPINES ST 11,04 TO 06,75.0,Model A,1982,57 years 01 month,425000.0
2024-07-01,TAMPINES,3 ROOM,112,TAMPINES ST 11,10 TO 12,79.0,Model A,1982,57 years,488000.0
2024-07-01,TAMPINES,3 ROOM,107,TAMPINES ST 11,07 TO 09,74.0,Model A,1984,59 years 04 months,479000.0
2024-07-01,TAMPINES,3 ROOM,109,TAMPINES ST 11,07 TO 09,74.0,Model A,1984,59 years 03 months,440000.0
2024-07-01,TAMPINES,3 ROOM,104,TAMPINES ST 11,01 TO 03,75.0,Model A,1982,57 years 04 months,423000.0
2024-07-01,TAMPINES,3 ROOM,104,TAMPINES ST 11,01 TO 03,75.0,Model A,1982,57 years 04 months,425000.0
2024-07-01,TAMPINES,3 ROOM,144,TAMPINES ST 12,04 TO 06,78.0,Model A,1985,59 years 09 months,470000.0
2024-07-01,TAMPINES,3 ROOM,244,TAMPINES ST 21,07 TO 09,74.0,Model A,1984,59 years 01 month,493888.0
2024-07-01,TAMPINES,3 ROOM,240,TAMPINES ST 21,01 TO 03,74.0,Model A,1984,59 years 02 months,440000.0
2024-07-01,TAMPINES,3 ROOM,202,TAMPINES ST 21,04 TO 06,79.0,Model A,1983,58 years 05 months,475000.0
2024-07-01,TAMPINES,3 ROOM,237,TAMPINES ST 21,10 TO 12,73.0,Model A,1984,59 years 04 months,490000.0
2024-07-01,TAMPINES,3 ROOM,295,TAMPINES ST 22,07 TO 09,73.0,Model A,1984,58 years 09 months,420000.0
2024-07-01,TAMPINES,3 ROOM,287,TAMPINES ST 22,01 TO 03,74.0,Model A,1984,59 years,432000.0
2024-07-01,TAMPINES,3 ROOM,275,TAMPINES ST 22,07 TO 09,73.0,Model A,1985,59 years 06 months,445000.0
2024-07-01,TAMPINES,3 ROOM,287,TAMPINES ST 22,01 TO 03,74.0,Model A,1984,59 years 01 month,400000.0
2024-07-01,TAMPINES,3 ROOM,225,TAMPINES ST 23,07 TO 09,73.0,Model A,1984,59 years 07 months,435000.0
2024-07-01,TAMPINES,3 ROOM,217,TAMPINES ST 23,10 TO 12,67.0,New Generation,1986,60 years 08 months,460000.0
2024-07-01,TAMPINES,3 ROOM,213,TAMPINES ST 23,10 TO 12,73.0,Model A,1985,59 years 09 months,450000.0
2024-07-01,TAMPINES,3 ROOM,227,TAMPINES ST 23,01 TO 03,71.0,New Generation,1986,60 years 10 months,448000.0
2024-07-01,TAMPINES,3 ROOM,215,TAMPINES ST 23,04 TO 06,67.0,New Generation,1985,60 years 03 months,425000.0
2024-07-01,TAMPINES,3 ROOM,419,TAMPINES ST 41,10 TO 12,64.0,Simplified,1985,60 years 07 months,425000.0
2024-07-01,TAMPINES,3 ROOM,419,TAMPINES ST 41,07 TO 09,64.0,Simplified,1985,60 years 06 months,425000.0
2024-07-01,TAMPINES,3 ROOM,424,TAMPINES ST 41,07 TO 09,74.0,Model A,1985,59 years 10 months,440000.0
2024-07-01,TAMPINES,3 ROOM,411,TAMPINES ST 41,04 TO 06,60.0,Improved,1985,60 years 03 months,405000.0
2024-07-01,TAMPINES,3 ROOM,424,TAMPINES ST 41,01 TO 03,74.0,Model A,1985,59 years 08 months,410000.0
2024-07-01,TAMPINES,3 ROOM,418,TAMPINES ST 41,10 TO 12,74.0,Model A,1985,60 years,450888.0
2024-07-01,TAMPINES,3 ROOM,446,TAMPINES ST 42,10 TO 12,74.0,Model A,1985,60 years 01 month,458000.0
2024-07-01,TAMPINES,3 ROOM,444,TAMPINES ST 42,04 TO 06,74.0,Model A,1985,59 years 11 months,450000.0
2024-07-01,TAMPINES,3 ROOM,606A,TAMPINES ST 61,07 TO 09,68.0,Model A,2020,94 years 08 months,589000.0
2024-07-01,TAMPINES,3 ROOM,606A,TAMPINES ST 61,04 TO 06,68.0,Model A,2020,94 years 08 months,540000.0
2024-07-01,TAMPINES,3 ROOM,606C,TAMPINES ST 61,13 TO 15,68.0,Model A,2020,94 years 08 months,565000.0
2024-07-01,TAMPINES,3 ROOM,605D,TAMPINES ST 61,10 TO 12,68.0,Model A,2020,94 years 08 months,595000.0
2024-07-01,TAMPINES,3 ROOM,606A,TAMPINES ST 61,07 TO 09,68.0,Model A,2020,94 years 08 months,550000.0
2024-07-01,TAMPINES,3 ROOM,605B,TAMPINES ST 61,01 TO 03,68.0,Model A,2020,94 years 08 months,555000.0
2024-07-01,TAMPINES,3 ROOM,605B,TAMPINES ST 61,04 TO 06,68.0,Model A,2020,94 years 08 months,566000.0
2024-07-01,TAMPINES,3 ROOM,819,TAMPINES ST 81,07 TO 09,68.0,New Generation,1984,59 years 06 months,442000.0
2024-07-01,TAMPINES,3 ROOM,852,TAMPINES ST 82,07 TO 09,74.0,Model A,1985,59 years 11 months,410000.0
2024-07-01,TAMPINES,3 ROOM,848,TAMPINES ST 82,04 TO 06,74.0,Model A,1985,60 years 03 months,457000.0
2024-07-01,TAMPINES,3 ROOM,845,TAMPINES ST 83,07 TO 09,74.0,Model A,1987,62 years 06 months,458000.0
2024-07-01,TAMPINES,3 ROOM,851,TAMPINES ST 83,07 TO 09,74.0,Model A,1987,62 years 05 months,455000.0
2024-07-01,TAMPINES,4 ROOM,155,SIMEI RD,04 TO 06,104.0,Model A,1989,63 years 07 months,610000.0
2024-07-01,TAMPINES,4 ROOM,155,SIMEI RD,07 TO 09,104.0,Model A,1989,63 years 07 months,628000.0
2024-07-01,TAMPINES,4 ROOM,155,SIMEI RD,04 TO 06,104.0,Model A,1989,63 years 07 months,600000.0
2024-07-01,TAMPINES,4 ROOM,132,SIMEI ST 1,01 TO 03,91.0,Simplified,1988,63 years,555888.0
2024-07-01,TAMPINES,4 ROOM,153,SIMEI ST 1,01 TO 03,84.0,Simplified,1988,63 years,526000.0
2024-07-01,TAMPINES,4 ROOM,134,SIMEI ST 1,01 TO 03,84.0,Simplified,1988,63 years 02 months,505000.0
2024-07-01,TAMPINES,4 ROOM,106,SIMEI ST 1,04 TO 06,104.0,Model A,1988,63 years 03 months,640000.0
2024-07-01,TAMPINES,4 ROOM,141,SIMEI ST 2,07 TO 09,104.0,Model A,1989,63 years 07 months,663888.0
2024-07-01,TAMPINES,4 ROOM,233,SIMEI ST 4,04 TO 06,104.0,Model A,1989,64 years,640000.0
2024-07-01,TAMPINES,4 ROOM,227,SIMEI ST 4,01 TO 03,104.0,Model A,1988,63 years 01 month,605011.0
2024-07-01,TAMPINES,4 ROOM,230,SIMEI ST 4,07 TO 09,104.0,Model A,1988,63 years 02 months,650000.0
2024-07-01,TAMPINES,4 ROOM,245,SIMEI ST 5,04 TO 06,105.0,Model A,1997,71 years 07 months,750000.0
2024-07-01,TAMPINES,4 ROOM,890A,TAMPINES AVE 1,10 TO 12,93.0,Model A,2015,90 years 03 months,785000.0
2024-07-01,TAMPINES,4 ROOM,890B,TAMPINES AVE 1,07 TO 09,93.0,Model A,2015,90 years 03 months,793000.0
2024-07-01,TAMPINES,4 ROOM,890C,TAMPINES AVE 1,07 TO 09,93.0,Model A,2015,90 years 02 months,773000.0
2024-07-01,TAMPINES,4 ROOM,902,TAMPINES AVE 4,01 TO 03,111.0,Model A,1984,59 years,590000.0
2024-07-01,TAMPINES,4 ROOM,861A,TAMPINES AVE 5,10 TO 12,104.0,Model A,1988,63 years 03 months,680000.0
2024-07-01,TAMPINES,4 ROOM,891,TAMPINES AVE 8,07 TO 09,101.0,Model A,1997,71 years 11 months,628000.0
2024-07-01,TAMPINES,4 ROOM,869A,TAMPINES AVE 8,01 TO 03,92.0,Model A,2015,90 years,670000.0
2024-07-01,TAMPINES,4 ROOM,868B,TAMPINES AVE 8,10 TO 12,92.0,Model A,2015,90 years,705500.0
2024-07-01,TAMPINES,4 ROOM,869B,TAMPINES AVE 8,13 TO 15,92.0,Model A,2015,90 years,692000.0
2024-07-01,TAMPINES,4 ROOM,601C,TAMPINES AVE 9,01 TO 03,92.0,Model A,2020,94 years 09 months,670000.0
2024-07-01,TAMPINES,4 ROOM,601A,TAMPINES AVE 9,01 TO 03,92.0,Model A,2020,94 years 08 months,690000.0
2024-07-01,TAMPINES,4 ROOM,601C,TAMPINES AVE 9,13 TO 15,92.0,Model A,2020,94 years 08 months,785000.0
2024-07-01,TAMPINES,4 ROOM,601A,TAMPINES AVE 9,13 TO 15,92.0,Model A,2020,94 years 08 months,755000.0
2024-07-01,TAMPINES,4 ROOM,601C,TAMPINES AVE 9,04 TO 06,92.0,Model A,2020,94 years 08 months,705000.0
2024-07-01,TAMPINES,4 ROOM,601C,TAMPINES AVE 9,10 TO 12,92.0,Model A,2020,94 years 08 months,759000.0
2024-07-01,TAMPINES,4 ROOM,496G,TAMPINES AVE 9,04 TO 06,106.0,Model A,1993,68 years 01 month,590000.0
2024-07-01,TAMPINES,4 ROOM,601D,TAMPINES AVE 9,04 TO 06,92.0,Model A,2020,94 years 08 months,730000.0
2024-07-01,TAMPINES,4 ROOM,485B,TAMPINES AVE 9,04 TO 06,104.0,Model A,1989,63 years 11 months,570000.0
2024-07-01,TAMPINES,4 ROOM,523B,TAMPINES CTRL 7,07 TO 09,93.0,Model A,2015,90 years 02 months,780000.0
2024-07-01,TAMPINES,4 ROOM,519A,TAMPINES CTRL 8,04 TO 06,83.0,DBSS,2014,89 years,778000.0
2024-07-01,TAMPINES,4 ROOM,519A,TAMPINES CTRL 8,07 TO 09,83.0,DBSS,2014,89 years,835000.0
2024-07-01,TAMPINES,4 ROOM,102,TAMPINES ST 11,01 TO 03,104.0,Model A,1983,58 years 04 months,555000.0
2024-07-01,TAMPINES,4 ROOM,107,TAMPINES ST 11,04 TO 06,107.0,Model A,1984,59 years 04 months,600000.0
2024-07-01,TAMPINES,4 ROOM,162,TAMPINES ST 12,04 TO 06,103.0,Model A,1984,59 years 02 months,595000.0
2024-07-01,TAMPINES,4 ROOM,161,TAMPINES ST 12,07 TO 09,106.0,Model A,1984,59 years 02 months,685000.0
2024-07-01,TAMPINES,4 ROOM,158,TAMPINES ST 12,01 TO 03,91.0,New Generation,1984,59 years,618888.0
2024-07-01,TAMPINES,4 ROOM,262,TAMPINES ST 21,07 TO 09,103.0,Model A,1984,59 years 06 months,590000.0
2024-07-01,TAMPINES,4 ROOM,244,TAMPINES ST 21,07 TO 09,105.0,Model A,1984,59 years 01 month,730000.0
2024-07-01,TAMPINES,4 ROOM,258,TAMPINES ST 21,01 TO 03,94.0,New Generation,1985,59 years 09 months,520000.0
2024-07-01,TAMPINES,4 ROOM,206,TAMPINES ST 21,01 TO 03,133.0,Model A,1982,57 years 02 months,650000.0
2024-07-01,TAMPINES,4 ROOM,202,TAMPINES ST 21,07 TO 09,133.0,Model A,1983,58 years 06 months,715000.0
2024-07-01,TAMPINES,4 ROOM,246,TAMPINES ST 21,07 TO 09,93.0,New Generation,1984,59 years 03 months,650000.0
2024-07-01,TAMPINES,4 ROOM,270,TAMPINES ST 21,04 TO 06,104.0,Model A,1985,60 years 05 months,566000.0
2024-07-01,TAMPINES,4 ROOM,247,TAMPINES ST 21,07 TO 09,91.0,New Generation,1984,58 years 09 months,638000.0
2024-07-01,TAMPINES,4 ROOM,293,TAMPINES ST 22,10 TO 12,108.0,Model A,1984,58 years 11 months,625000.0
2024-07-01,TAMPINES,4 ROOM,216,TAMPINES ST 23,04 TO 06,99.0,New Generation,1985,59 years 09 months,580000.0
2024-07-01,TAMPINES,4 ROOM,221,TAMPINES ST 24,04 TO 06,104.0,Model A,1984,59 years 05 months,585000.0
2024-07-01,TAMPINES,4 ROOM,418,TAMPINES ST 41,07 TO 09,108.0,Model A,1985,60 years,605000.0
2024-07-01,TAMPINES,4 ROOM,458,TAMPINES ST 42,10 TO 12,84.0,Simplified,1988,62 years 08 months,550000.0
2024-07-01,TAMPINES,4 ROOM,445,TAMPINES ST 42,04 TO 06,89.0,Simplified,1986,60 years 09 months,535088.0
2024-07-01,TAMPINES,4 ROOM,453,TAMPINES ST 42,10 TO 12,84.0,Simplified,1987,62 years 05 months,531000.0
2024-07-01,TAMPINES,4 ROOM,455,TAMPINES ST 42,01 TO 03,84.0,Simplified,1988,62 years 08 months,525000.0
2024-07-01,TAMPINES,4 ROOM,456,TAMPINES ST 42,01 TO 03,84.0,Simplified,1987,62 years 05 months,523000.0
2024-07-01,TAMPINES,4 ROOM,450G,TAMPINES ST 42,07 TO 09,107.0,Model A,1996,71 years 05 months,627000.0
2024-07-01,TAMPINES,4 ROOM,433,TAMPINES ST 43,10 TO 12,84.0,Simplified,1987,62 years 03 months,530000.0
2024-07-01,TAMPINES,4 ROOM,440,TAMPINES ST 43,04 TO 06,84.0,Simplified,1986,60 years 11 months,525000.0
2024-07-01,TAMPINES,4 ROOM,492G,TAMPINES ST 45,07 TO 09,92.0,Model A,2018,93 years 06 months,690000.0
2024-07-01,TAMPINES,4 ROOM,497H,TAMPINES ST 45,07 TO 09,109.0,Premium Apartment,1996,71 years,600000.0
2024-07-01,TAMPINES,4 ROOM,494J,TAMPINES ST 45,10 TO 12,92.0,Model A,2018,93 years 05 months,685000.0
2024-07-01,TAMPINES,4 ROOM,490A,TAMPINES ST 45,10 TO 12,107.0,Model A,1993,68 years 03 months,600000.0
2024-07-01,TAMPINES,4 ROOM,605C,TAMPINES ST 61,07 TO 09,92.0,Model A,2020,94 years 09 months,723000.0
2024-07-01,TAMPINES,4 ROOM,605A,TAMPINES ST 61,10 TO 12,92.0,Model A,2020,94 years 08 months,755800.0
2024-07-01,TAMPINES,4 ROOM,606B,TAMPINES ST 61,04 TO 06,92.0,Model A,2020,94 years 08 months,730000.0
2024-07-01,TAMPINES,4 ROOM,605C,TAMPINES ST 61,07 TO 09,92.0,Model A,2020,94 years 08 months,753000.0
2024-07-01,TAMPINES,4 ROOM,606B,TAMPINES ST 61,07 TO 09,92.0,Model A,2020,94 years 08 months,760000.0
2024-07-01,TAMPINES,4 ROOM,605B,TAMPINES ST 61,01 TO 03,92.0,Model A,2020,94 years 08 months,677000.0
2024-07-01,TAMPINES,4 ROOM,606B,TAMPINES ST 61,10 TO 12,92.0,Model A,2020,94 years 08 months,730000.0
2024-07-01,TAMPINES,4 ROOM,606C,TAMPINES ST 61,04 TO 06,92.0,Model A,2020,94 years 07 months,718000.0
2024-07-01,TAMPINES,4 ROOM,605C,TAMPINES ST 61,10 TO 12,92.0,Model A,2020,94 years 07 months,750000.0
2024-07-01,TAMPINES,4 ROOM,715,TAMPINES ST 71,10 TO 12,99.0,Model A,1997,71 years 10 months,640000.0
2024-07-01,TAMPINES,4 ROOM,726,TAMPINES ST 71,07 TO 09,103.0,Model A,1997,72 years 02 months,620000.0
2024-07-01,TAMPINES,4 ROOM,703,TAMPINES ST 71,07 TO 09,100.0,Model A,1997,72 years 03 months,640000.0
2024-07-01,TAMPINES,4 ROOM,730,TAMPINES ST 71,04 TO 06,102.0,Model A,1997,72 years 06 months,615000.0
2024-07-01,TAMPINES,4 ROOM,731,TAMPINES ST 71,04 TO 06,103.0,Model A,1997,72 years,600000.0
2024-07-01,TAMPINES,4 ROOM,707,TAMPINES ST 71,13 TO 15,100.0,Model A,1997,72 years,625000.0
2024-07-01,TAMPINES,4 ROOM,710,TAMPINES ST 71,07 TO 09,101.0,Model A,1997,72 years,640000.0
2024-07-01,TAMPINES,4 ROOM,724,TAMPINES ST 71,07 TO 09,103.0,Model A,1997,72 years 02 months,632000.0
2024-07-01,TAMPINES,4 ROOM,719,TAMPINES ST 72,07 TO 09,100.0,Model A,1997,71 years 11 months,630000.0
2024-07-01,TAMPINES,4 ROOM,736,TAMPINES ST 72,04 TO 06,101.0,Model A,1997,72 years 03 months,570000.0
2024-07-01,TAMPINES,4 ROOM,889A,TAMPINES ST 81,01 TO 03,104.0,Model A,1989,63 years 07 months,610000.0
2024-07-01,TAMPINES,4 ROOM,840,TAMPINES ST 82,10 TO 12,84.0,Simplified,1986,60 years 07 months,550000.0
2024-07-01,TAMPINES,4 ROOM,855,TAMPINES ST 83,07 TO 09,84.0,Simplified,1987,61 years 11 months,556000.0
2024-07-01,TAMPINES,4 ROOM,910,TAMPINES ST 91,07 TO 09,106.0,Model A,1984,59 years 04 months,598000.0
2024-07-01,TAMPINES,4 ROOM,935,TAMPINES ST 91,01 TO 03,106.0,Model A,1984,59 years 03 months,587000.0
2024-07-01,TAMPINES,4 ROOM,934,TAMPINES ST 91,13 TO 15,104.0,Model A,1985,59 years 07 months,650000.0
2024-07-01,TAMPINES,5 ROOM,155,SIMEI RD,07 TO 09,122.0,Improved,1989,63 years 07 months,710000.0
2024-07-01,TAMPINES,5 ROOM,160,SIMEI RD,04 TO 06,122.0,Improved,1989,63 years 10 months,705000.0
2024-07-01,TAMPINES,5 ROOM,122,SIMEI ST 1,01 TO 03,122.0,Improved,1988,62 years 09 months,653888.0
2024-07-01,TAMPINES,5 ROOM,116,SIMEI ST 1,01 TO 03,122.0,Improved,1988,63 years 05 months,700000.0
2024-07-01,TAMPINES,5 ROOM,150,SIMEI ST 1,07 TO 09,121.0,Improved,1987,62 years 06 months,695000.0
2024-07-01,TAMPINES,5 ROOM,114,SIMEI ST 1,04 TO 06,123.0,Improved,1988,62 years 08 months,715000.0
2024-07-01,TAMPINES,5 ROOM,106,SIMEI ST 1,04 TO 06,128.0,Improved,1988,63 years 04 months,720000.0
2024-07-01,TAMPINES,5 ROOM,124,SIMEI ST 1,01 TO 03,123.0,Improved,1988,62 years 08 months,690000.0
2024-07-01,TAMPINES,5 ROOM,126,SIMEI ST 1,10 TO 12,121.0,Improved,1988,62 years 09 months,720000.0
2024-07-01,TAMPINES,5 ROOM,153,SIMEI ST 1,07 TO 09,122.0,Improved,1988,62 years 11 months,695000.0
2024-07-01,TAMPINES,5 ROOM,247,SIMEI ST 5,01 TO 03,121.0,Improved,1997,71 years 06 months,800088.0
2024-07-01,TAMPINES,5 ROOM,815,TAMPINES AVE 4,10 TO 12,121.0,Improved,1985,59 years 09 months,660000.0
2024-07-01,TAMPINES,5 ROOM,903,TAMPINES AVE 4,04 TO 06,133.0,Model A,1984,59 years 02 months,780000.0
2024-07-01,TAMPINES,5 ROOM,391,TAMPINES AVE 7,04 TO 06,128.0,Improved,1994,68 years 09 months,725000.0
2024-07-01,TAMPINES,5 ROOM,604B,TAMPINES AVE 9,13 TO 15,112.0,Improved,2020,94 years 09 months,938888.0
2024-07-01,TAMPINES,5 ROOM,601C,TAMPINES AVE 9,16 TO 18,112.0,Improved,2020,94 years 08 months,965888.0
2024-07-01,TAMPINES,5 ROOM,601C,TAMPINES AVE 9,10 TO 12,112.0,Improved,2020,94 years 08 months,930000.0
2024-07-01,TAMPINES,5 ROOM,601A,TAMPINES AVE 9,10 TO 12,112.0,Improved,2020,94 years 08 months,908000.0
2024-07-01,TAMPINES,5 ROOM,601A,TAMPINES AVE 9,04 TO 06,112.0,Improved,2020,94 years 08 months,898000.0
2024-07-01,TAMPINES,5 ROOM,515C,TAMPINES CTRL 7,13 TO 15,108.0,DBSS,2008,83 years 07 months,940000.0
2024-07-01,TAMPINES,5 ROOM,515B,TAMPINES CTRL 7,04 TO 06,114.0,DBSS,2008,83 years 07 months,938888.0
2024-07-01,TAMPINES,5 ROOM,515C,TAMPINES CTRL 7,04 TO 06,108.0,DBSS,2008,83 years 06 months,875000.0
2024-07-01,TAMPINES,5 ROOM,518B,TAMPINES CTRL 7,04 TO 06,108.0,DBSS,2008,83 years 06 months,880000.0
2024-07-01,TAMPINES,5 ROOM,518B,TAMPINES CTRL 7,16 TO 18,109.0,DBSS,2008,83 years 06 months,980000.0
2024-07-01,TAMPINES,5 ROOM,142,TAMPINES ST 12,01 TO 03,133.0,Model A,1984,59 years 03 months,735000.0
2024-07-01,TAMPINES,5 ROOM,165,TAMPINES ST 12,07 TO 09,133.0,Model A,1984,59 years 02 months,772888.0
2024-07-01,TAMPINES,5 ROOM,233,TAMPINES ST 21,07 TO 09,121.0,Improved,1985,59 years 11 months,708000.0
2024-07-01,TAMPINES,5 ROOM,279,TAMPINES ST 22,07 TO 09,137.0,Model A,1985,59 years 07 months,700888.0
2024-07-01,TAMPINES,5 ROOM,278,TAMPINES ST 22,10 TO 12,132.0,Model A,1985,59 years 09 months,680000.0
2024-07-01,TAMPINES,5 ROOM,294,TAMPINES ST 22,10 TO 12,128.0,Improved,1985,59 years 11 months,676000.0
2024-07-01,TAMPINES,5 ROOM,216,TAMPINES ST 23,07 TO 09,121.0,Improved,1985,59 years 09 months,715888.0
2024-07-01,TAMPINES,5 ROOM,230B,TAMPINES ST 24,10 TO 12,127.0,Improved,1993,68 years 01 month,720000.0
2024-07-01,TAMPINES,5 ROOM,340,TAMPINES ST 33,07 TO 09,124.0,Improved,1995,70 years 05 months,690000.0
2024-07-01,TAMPINES,5 ROOM,374,TAMPINES ST 34,01 TO 03,123.0,Improved,1995,70 years 03 months,700000.0
2024-07-01,TAMPINES,5 ROOM,364,TAMPINES ST 34,04 TO 06,121.0,Improved,1997,71 years 10 months,738000.0
2024-07-01,TAMPINES,5 ROOM,367,TAMPINES ST 34,01 TO 03,121.0,Improved,1997,71 years 10 months,645000.0
2024-07-01,TAMPINES,5 ROOM,405,TAMPINES ST 41,04 TO 06,123.0,Improved,1985,60 years 04 months,690000.0
2024-07-01,TAMPINES,5 ROOM,450E,TAMPINES ST 42,04 TO 06,135.0,Model A,1996,71 years 03 months,810000.0
2024-07-01,TAMPINES,5 ROOM,449,TAMPINES ST 42,10 TO 12,122.0,Improved,1985,59 years 11 months,720000.0
2024-07-01,TAMPINES,5 ROOM,458,TAMPINES ST 42,04 TO 06,122.0,Improved,1988,62 years 08 months,700000.0
2024-07-01,TAMPINES,5 ROOM,489B,TAMPINES ST 45,07 TO 09,127.0,Improved,1993,68 years 03 months,670000.0
2024-07-01,TAMPINES,5 ROOM,498E,TAMPINES ST 45,07 TO 09,124.0,Premium Apartment,1997,71 years 10 months,682000.0
2024-07-01,TAMPINES,5 ROOM,491G,TAMPINES ST 45,10 TO 12,125.0,Improved,1993,68 years 01 month,698000.0
2024-07-01,TAMPINES,5 ROOM,605A,TAMPINES ST 61,13 TO 15,112.0,Improved,2020,94 years 08 months,900000.0
2024-07-01,TAMPINES,5 ROOM,605D,TAMPINES ST 61,07 TO 09,112.0,Improved,2020,94 years 08 months,915000.0
2024-07-01,TAMPINES,5 ROOM,724,TAMPINES ST 71,01 TO 03,123.0,Improved,1997,72 years 02 months,738000.0
2024-07-01,TAMPINES,5 ROOM,742,TAMPINES ST 72,01 TO 03,120.0,Improved,1997,72 years 05 months,740000.0
2024-07-01,TAMPINES,5 ROOM,898A,TAMPINES ST 81,01 TO 03,127.0,Improved,1988,63 years 06 months,730000.0
2024-07-01,TAMPINES,5 ROOM,842E,TAMPINES ST 82,07 TO 09,133.0,Model A,1995,70 years 02 months,858000.0
2024-07-01,TAMPINES,5 ROOM,862A,TAMPINES ST 83,01 TO 03,122.0,Improved,1988,62 years 10 months,685000.0
2024-07-01,TAMPINES,EXECUTIVE,942,TAMPINES AVE 5,10 TO 12,146.0,Maisonette,1988,63 years 04 months,1008888.0
2024-07-01,TAMPINES,EXECUTIVE,148,TAMPINES AVE 5,04 TO 06,150.0,Maisonette,1985,59 years 08 months,968888.0
2024-07-01,TAMPINES,EXECUTIVE,893A,TAMPINES AVE 8,01 TO 03,143.0,Maisonette,1997,71 years 07 months,900000.0
2024-07-01,TAMPINES,EXECUTIVE,125,TAMPINES ST 11,04 TO 06,147.0,Maisonette,1985,60 years 05 months,900000.0
2024-07-01,TAMPINES,EXECUTIVE,124,TAMPINES ST 11,01 TO 03,146.0,Maisonette,1986,60 years 08 months,707900.0
2024-07-01,TAMPINES,EXECUTIVE,124,TAMPINES ST 11,10 TO 12,146.0,Maisonette,1986,60 years 08 months,928888.0
2024-07-01,TAMPINES,EXECUTIVE,149,TAMPINES ST 12,07 TO 09,148.0,Apartment,1984,59 years 04 months,980000.0
2024-07-01,TAMPINES,EXECUTIVE,230G,TAMPINES ST 21,10 TO 12,148.0,Apartment,1993,68 years,978000.0
2024-07-01,TAMPINES,EXECUTIVE,332,TAMPINES ST 32,01 TO 03,148.0,Apartment,1996,70 years 07 months,830000.0
2024-07-01,TAMPINES,EXECUTIVE,426,TAMPINES ST 41,10 TO 12,143.0,Apartment,1986,60 years 08 months,825000.0
2024-07-01,TAMPINES,EXECUTIVE,497A,TAMPINES ST 45,01 TO 03,144.0,Premium Apartment,1996,71 years,840000.0
2024-07-01,TOA PAYOH,3 ROOM,195,KIM KEAT AVE,07 TO 09,66.0,Improved,1973,48 years 01 month,340000.0
2024-07-01,TOA PAYOH,3 ROOM,195,KIM KEAT AVE,07 TO 09,66.0,Improved,1973,48 years 01 month,322000.0
2024-07-01,TOA PAYOH,3 ROOM,125,LOR 1 TOA PAYOH,10 TO 12,67.0,Improved,1970,44 years 07 months,358000.0
2024-07-01,TOA PAYOH,3 ROOM,124,LOR 1 TOA PAYOH,10 TO 12,67.0,Improved,1970,44 years 07 months,343888.0
2024-07-01,TOA PAYOH,3 ROOM,124,LOR 1 TOA PAYOH,04 TO 06,67.0,Improved,1970,44 years 07 months,345000.0
2024-07-01,TOA PAYOH,3 ROOM,113,LOR 1 TOA PAYOH,07 TO 09,65.0,Improved,1967,42 years,385000.0
2024-07-01,TOA PAYOH,3 ROOM,126,LOR 1 TOA PAYOH,04 TO 06,67.0,Improved,1970,44 years 08 months,328000.0
2024-07-01,TOA PAYOH,3 ROOM,128,LOR 1 TOA PAYOH,13 TO 15,67.0,Improved,1970,44 years 07 months,383000.0
2024-07-01,TOA PAYOH,3 ROOM,130B,LOR 1 TOA PAYOH,34 TO 36,68.0,Model A,2018,93 years 02 months,808000.0
2024-07-01,TOA PAYOH,3 ROOM,158,LOR 1 TOA PAYOH,10 TO 12,65.0,Improved,1972,46 years 07 months,375000.0
2024-07-01,TOA PAYOH,3 ROOM,110,LOR 1 TOA PAYOH,04 TO 06,65.0,Improved,1967,41 years 11 months,385000.0
2024-07-01,TOA PAYOH,3 ROOM,174,LOR 1 TOA PAYOH,01 TO 03,65.0,Improved,1972,47 years,340000.0
2024-07-01,TOA PAYOH,3 ROOM,114,LOR 1 TOA PAYOH,07 TO 09,65.0,Improved,1967,41 years 11 months,380000.0
2024-07-01,TOA PAYOH,3 ROOM,169,LOR 1 TOA PAYOH,04 TO 06,65.0,Improved,1972,47 years,370000.0
2024-07-01,TOA PAYOH,3 ROOM,139B,LOR 1A TOA PAYOH,01 TO 03,70.0,DBSS,2012,86 years 10 months,725000.0
2024-07-01,TOA PAYOH,3 ROOM,116,LOR 2 TOA PAYOH,07 TO 09,63.0,Improved,1970,44 years 07 months,370000.0
2024-07-01,TOA PAYOH,3 ROOM,91,LOR 3 TOA PAYOH,10 TO 12,68.0,Improved,1970,44 years 07 months,370000.0
2024-07-01,TOA PAYOH,3 ROOM,91,LOR 3 TOA PAYOH,07 TO 09,68.0,Improved,1970,44 years 07 months,380000.0
2024-07-01,TOA PAYOH,3 ROOM,69,LOR 4 TOA PAYOH,04 TO 06,62.0,Standard,1973,47 years 07 months,377000.0
2024-07-01,TOA PAYOH,3 ROOM,73,LOR 4 TOA PAYOH,07 TO 09,62.0,Standard,1973,47 years 07 months,433000.0
2024-07-01,TOA PAYOH,3 ROOM,94,LOR 4 TOA PAYOH,01 TO 03,60.0,Standard,1967,42 years,310000.0
2024-07-01,TOA PAYOH,3 ROOM,85C,LOR 4 TOA PAYOH,22 TO 24,68.0,Improved,1972,46 years 07 months,433000.0
2024-07-01,TOA PAYOH,3 ROOM,53,LOR 5 TOA PAYOH,16 TO 18,68.0,Improved,1968,43 years,380000.0
2024-07-01,TOA PAYOH,3 ROOM,51,LOR 6 TOA PAYOH,10 TO 12,63.0,Standard,1983,58 years,360000.0
2024-07-01,TOA PAYOH,3 ROOM,20,LOR 7 TOA PAYOH,07 TO 09,67.0,Improved,1970,45 years 01 month,340000.0
2024-07-01,TOA PAYOH,3 ROOM,17,LOR 7 TOA PAYOH,13 TO 15,67.0,Improved,1971,45 years 07 months,351000.0
2024-07-01,TOA PAYOH,3 ROOM,18,LOR 7 TOA PAYOH,04 TO 06,67.0,Improved,1970,45 years 01 month,369000.0
2024-07-01,TOA PAYOH,3 ROOM,9,LOR 7 TOA PAYOH,07 TO 09,66.0,Improved,1970,45 years 01 month,323000.0
2024-07-01,TOA PAYOH,3 ROOM,118,POTONG PASIR AVE 1,01 TO 03,67.0,New Generation,1984,59 years 04 months,392000.0
2024-07-01,TOA PAYOH,3 ROOM,115,POTONG PASIR AVE 1,04 TO 06,67.0,New Generation,1984,59 years 04 months,420000.0
2024-07-01,TOA PAYOH,3 ROOM,108,POTONG PASIR AVE 1,04 TO 06,74.0,Model A,1984,59 years 01 month,530000.0
2024-07-01,TOA PAYOH,3 ROOM,263,TOA PAYOH EAST,13 TO 15,68.0,Model A,2019,94 years 06 months,748000.0
2024-07-01,TOA PAYOH,3 ROOM,262,TOA PAYOH EAST,25 TO 27,68.0,Model A,2019,94 years 06 months,725000.0
2024-07-01,TOA PAYOH,3 ROOM,25,TOA PAYOH EAST,07 TO 09,67.0,Improved,1971,45 years 07 months,366000.0
2024-07-01,TOA PAYOH,3 ROOM,263,TOA PAYOH EAST,25 TO 27,68.0,Model A,2019,94 years 06 months,800000.0
2024-07-01,TOA PAYOH,3 ROOM,205,TOA PAYOH NTH,10 TO 12,65.0,Improved,1973,48 years 01 month,375000.0
2024-07-01,TOA PAYOH,3 ROOM,199,TOA PAYOH NTH,04 TO 06,65.0,Improved,1982,56 years 07 months,420000.0
2024-07-01,TOA PAYOH,3 ROOM,7,UPP ALJUNIED LANE,16 TO 18,68.0,Model A,2017,91 years 08 months,673000.0
2024-07-01,TOA PAYOH,4 ROOM,18,JOO SENG RD,01 TO 03,103.0,Model A,1984,58 years 09 months,560000.0
2024-07-01,TOA PAYOH,4 ROOM,9,JOO SENG RD,07 TO 09,93.0,Model A,2017,91 years 08 months,811000.0
2024-07-01,TOA PAYOH,4 ROOM,248,KIM KEAT LINK,07 TO 09,104.0,Model A,1989,63 years 08 months,665000.0
2024-07-01,TOA PAYOH,4 ROOM,156,LOR 1 TOA PAYOH,10 TO 12,102.0,Model A,1999,73 years 08 months,890000.0
2024-07-01,TOA PAYOH,4 ROOM,130B,LOR 1 TOA PAYOH,16 TO 18,93.0,Model A,2018,93 years 02 months,1100000.0
2024-07-01,TOA PAYOH,4 ROOM,130B,LOR 1 TOA PAYOH,10 TO 12,93.0,Model A,2018,93 years 01 month,1060000.0
2024-07-01,TOA PAYOH,4 ROOM,130A,LOR 1 TOA PAYOH,13 TO 15,93.0,Model A,2018,93 years 02 months,1090000.0
2024-07-01,TOA PAYOH,4 ROOM,145,LOR 2 TOA PAYOH,07 TO 09,86.0,Model A,2006,80 years 08 months,830000.0
2024-07-01,TOA PAYOH,4 ROOM,144,LOR 2 TOA PAYOH,19 TO 21,90.0,Model A,2002,77 years 04 months,850000.0
2024-07-01,TOA PAYOH,4 ROOM,144,LOR 2 TOA PAYOH,13 TO 15,90.0,Model A,2002,77 years 04 months,878000.0
2024-07-01,TOA PAYOH,4 ROOM,143,LOR 2 TOA PAYOH,10 TO 12,91.0,Model A,2002,77 years 03 months,838088.0
2024-07-01,TOA PAYOH,4 ROOM,144,LOR 2 TOA PAYOH,10 TO 12,90.0,Model A,2002,77 years 03 months,868000.0
2024-07-01,TOA PAYOH,4 ROOM,84A,LOR 2 TOA PAYOH,10 TO 12,105.0,Model A,1997,72 years,910000.0
2024-07-01,TOA PAYOH,4 ROOM,146,LOR 2 TOA PAYOH,13 TO 15,91.0,Model A,2006,80 years 07 months,920000.0
2024-07-01,TOA PAYOH,4 ROOM,142,LOR 2 TOA PAYOH,01 TO 03,85.0,Model A,2001,75 years 07 months,728000.0
2024-07-01,TOA PAYOH,4 ROOM,146,LOR 2 TOA PAYOH,31 TO 33,91.0,Model A,2006,80 years 07 months,1034000.0
2024-07-01,TOA PAYOH,4 ROOM,84,LOR 2 TOA PAYOH,07 TO 09,105.0,Model A,1997,71 years 11 months,828000.0
2024-07-01,TOA PAYOH,4 ROOM,152,LOR 2 TOA PAYOH,04 TO 06,91.0,Model A,2006,80 years 06 months,845000.0
2024-07-01,TOA PAYOH,4 ROOM,36,LOR 5 TOA PAYOH,13 TO 15,102.0,Model A,1997,72 years 03 months,800299.0
2024-07-01,TOA PAYOH,4 ROOM,35,LOR 5 TOA PAYOH,01 TO 03,103.0,Model A,1997,72 years 03 months,635000.0
2024-07-01,TOA PAYOH,4 ROOM,226,LOR 8 TOA PAYOH,04 TO 06,82.0,Improved,1976,50 years 11 months,470000.0
2024-07-01,TOA PAYOH,4 ROOM,213,LOR 8 TOA PAYOH,04 TO 06,82.0,Improved,1975,49 years 07 months,455000.0
2024-07-01,TOA PAYOH,4 ROOM,114,POTONG PASIR AVE 1,07 TO 09,96.0,New Generation,1984,59 years 04 months,620000.0
2024-07-01,TOA PAYOH,4 ROOM,79E,TOA PAYOH CTRL,25 TO 27,76.0,Model A,2009,83 years 10 months,828000.0
2024-07-01,TOA PAYOH,4 ROOM,79C,TOA PAYOH CTRL,22 TO 24,91.0,Model A,2009,83 years 10 months,988000.0
2024-07-01,TOA PAYOH,4 ROOM,79A,TOA PAYOH CTRL,04 TO 06,76.0,Model A,2009,83 years 10 months,758000.0
2024-07-01,TOA PAYOH,4 ROOM,79E,TOA PAYOH CTRL,34 TO 36,76.0,Model A,2009,83 years 09 months,860000.0
2024-07-01,TOA PAYOH,4 ROOM,264,TOA PAYOH EAST,25 TO 27,93.0,Model A,2019,94 years 07 months,975000.0
2024-07-01,TOA PAYOH,4 ROOM,264,TOA PAYOH EAST,22 TO 24,93.0,Model A,2019,94 years 06 months,988000.0
2024-07-01,TOA PAYOH,4 ROOM,263,TOA PAYOH EAST,31 TO 33,93.0,Model A,2019,94 years 06 months,980000.0
2024-07-01,TOA PAYOH,4 ROOM,261,TOA PAYOH EAST,31 TO 33,93.0,Model A,2019,94 years 06 months,1030088.0
2024-07-01,TOA PAYOH,4 ROOM,262,TOA PAYOH EAST,34 TO 36,93.0,Model A,2019,94 years 06 months,1056088.0
2024-07-01,TOA PAYOH,4 ROOM,264,TOA PAYOH EAST,25 TO 27,93.0,Model A,2019,94 years 06 months,978888.0
2024-07-01,TOA PAYOH,4 ROOM,200,TOA PAYOH NTH,07 TO 09,87.0,Improved,1973,48 years 01 month,528000.0
2024-07-01,TOA PAYOH,5 ROOM,19,JOO SENG RD,04 TO 06,120.0,Improved,1988,63 years 01 month,723000.0
2024-07-01,TOA PAYOH,5 ROOM,16,JOO SENG RD,10 TO 12,132.0,Model A,1984,58 years 07 months,770000.0
2024-07-01,TOA PAYOH,5 ROOM,139A,LOR 1A TOA PAYOH,25 TO 27,114.0,DBSS,2012,86 years 11 months,1428000.0
2024-07-01,TOA PAYOH,5 ROOM,138A,LOR 1A TOA PAYOH,04 TO 06,113.0,DBSS,2012,86 years 10 months,1180000.0
2024-07-01,TOA PAYOH,5 ROOM,145,LOR 2 TOA PAYOH,04 TO 06,110.0,Improved,2006,80 years 07 months,940000.0
2024-07-01,TOA PAYOH,5 ROOM,143,LOR 2 TOA PAYOH,01 TO 03,110.0,Improved,2002,77 years 03 months,870000.0
2024-07-01,TOA PAYOH,5 ROOM,152,LOR 2 TOA PAYOH,19 TO 21,110.0,Improved,2006,80 years 07 months,1190000.0
2024-07-01,TOA PAYOH,5 ROOM,122,LOR 2 TOA PAYOH,10 TO 12,120.0,Improved,1999,74 years 05 months,1036500.0
2024-07-01,TOA PAYOH,5 ROOM,46,LOR 5 TOA PAYOH,04 TO 06,125.0,Improved,1993,67 years 10 months,873000.0
2024-07-01,TOA PAYOH,5 ROOM,36,LOR 5 TOA PAYOH,19 TO 21,117.0,Improved,1997,72 years 03 months,970000.0
2024-07-01,TOA PAYOH,5 ROOM,6,LOR 7 TOA PAYOH,13 TO 15,120.0,Improved,1998,73 years 03 months,918000.0
2024-07-01,TOA PAYOH,5 ROOM,217,LOR 8 TOA PAYOH,19 TO 21,117.0,Standard,1976,50 years 11 months,700000.0
2024-07-01,TOA PAYOH,5 ROOM,215,LOR 8 TOA PAYOH,10 TO 12,117.0,Standard,1975,50 years 02 months,710000.0
2024-07-01,TOA PAYOH,5 ROOM,79C,TOA PAYOH CTRL,22 TO 24,110.0,Improved,2009,83 years 09 months,1250000.0
2024-07-01,TOA PAYOH,EXECUTIVE,257,KIM KEAT AVE,04 TO 06,146.0,Maisonette,1988,63 years 06 months,1080000.0
2024-07-01,WOODLANDS,2 ROOM,780F,WOODLANDS CRES,04 TO 06,47.0,Model A,2015,90 years,330000.0
2024-07-01,WOODLANDS,2 ROOM,573B,WOODLANDS DR 16,04 TO 06,47.0,Model A,2018,93 years,350000.0
2024-07-01,WOODLANDS,2 ROOM,573A,WOODLANDS DR 16,04 TO 06,37.0,Model A,2018,93 years,315000.0
2024-07-01,WOODLANDS,2 ROOM,574B,WOODLANDS DR 16,13 TO 15,47.0,2-room,2018,93 years,365000.0
2024-07-01,WOODLANDS,2 ROOM,573B,WOODLANDS DR 16,01 TO 03,47.0,Model A,2018,93 years,335000.0
2024-07-01,WOODLANDS,2 ROOM,182A,WOODLANDS ST 13,25 TO 27,38.0,Model A,2019,94 years 04 months,370000.0
2024-07-01,WOODLANDS,3 ROOM,24,MARSILING DR,01 TO 03,67.0,New Generation,1977,52 years 01 month,340000.0
2024-07-01,WOODLANDS,3 ROOM,22,MARSILING DR,01 TO 03,67.0,New Generation,1977,52 years,338000.0
2024-07-01,WOODLANDS,3 ROOM,2,MARSILING DR,04 TO 06,65.0,Improved,1974,49 years 01 month,328000.0
2024-07-01,WOODLANDS,3 ROOM,30,MARSILING DR,10 TO 12,73.0,New Generation,1977,51 years 10 months,355000.0
2024-07-01,WOODLANDS,3 ROOM,22,MARSILING DR,04 TO 06,67.0,New Generation,1977,52 years,365000.0
2024-07-01,WOODLANDS,3 ROOM,30,MARSILING DR,01 TO 03,73.0,New Generation,1977,51 years 09 months,398000.0
2024-07-01,WOODLANDS,3 ROOM,19,MARSILING LANE,04 TO 06,71.0,Improved,1987,61 years 11 months,345000.0
2024-07-01,WOODLANDS,3 ROOM,17,MARSILING LANE,04 TO 06,65.0,Improved,1984,59 years 05 months,365000.0
2024-07-01,WOODLANDS,3 ROOM,12,MARSILING LANE,04 TO 06,65.0,Improved,1976,50 years 08 months,328000.0
2024-07-01,WOODLANDS,3 ROOM,18,MARSILING LANE,01 TO 03,60.0,Improved,1987,61 years 10 months,345000.0
2024-07-01,WOODLANDS,3 ROOM,180A,MARSILING RD,16 TO 18,67.0,Model A,2015,90 years 02 months,475000.0
2024-07-01,WOODLANDS,3 ROOM,180A,MARSILING RD,13 TO 15,67.0,Model A,2015,90 years 01 month,445000.0
2024-07-01,WOODLANDS,3 ROOM,131,MARSILING RISE,07 TO 09,60.0,Improved,1985,59 years 07 months,356888.0
2024-07-01,WOODLANDS,3 ROOM,125,MARSILING RISE,07 TO 09,69.0,Improved,1985,59 years 07 months,350000.0
2024-07-01,WOODLANDS,3 ROOM,570A,WOODLANDS AVE 1,10 TO 12,67.0,Model A,2013,88 years 05 months,481000.0
2024-07-01,WOODLANDS,3 ROOM,571C,WOODLANDS AVE 1,07 TO 09,67.0,Model A,2013,88 years 05 months,480000.0
2024-07-01,WOODLANDS,3 ROOM,571C,WOODLANDS AVE 1,04 TO 06,67.0,Model A,2013,88 years 05 months,467000.0
2024-07-01,WOODLANDS,3 ROOM,693B,WOODLANDS AVE 6,13 TO 15,68.0,Model A,2018,93 years 04 months,490000.0
2024-07-01,WOODLANDS,3 ROOM,782C,WOODLANDS CRES,04 TO 06,67.0,Model A,2015,90 years,500000.0
2024-07-01,WOODLANDS,3 ROOM,574B,WOODLANDS DR 16,01 TO 03,68.0,Model A,2018,93 years,450000.0
2024-07-01,WOODLANDS,3 ROOM,573A,WOODLANDS DR 16,13 TO 15,68.0,Model A,2018,93 years 01 month,480000.0
2024-07-01,WOODLANDS,3 ROOM,573C,WOODLANDS DR 16,07 TO 09,68.0,Model A,2018,92 years 11 months,470000.0
2024-07-01,WOODLANDS,3 ROOM,886C,WOODLANDS DR 50,07 TO 09,67.0,Premium Apartment,2015,89 years 08 months,482000.0
2024-07-01,WOODLANDS,3 ROOM,694D,WOODLANDS DR 62,07 TO 09,68.0,Model A,2018,93 years 03 months,495000.0
2024-07-01,WOODLANDS,3 ROOM,694D,WOODLANDS DR 62,13 TO 15,68.0,Model A,2018,93 years 03 months,480000.0
2024-07-01,WOODLANDS,3 ROOM,717A,WOODLANDS DR 70,13 TO 15,71.0,Model A,2017,92 years 06 months,520000.0
2024-07-01,WOODLANDS,3 ROOM,185C,WOODLANDS ST 13,07 TO 09,68.0,Model A,2019,94 years 04 months,485000.0
2024-07-01,WOODLANDS,3 ROOM,146,WOODLANDS ST 13,07 TO 09,68.0,New Generation,1985,59 years 09 months,388000.0
2024-07-01,WOODLANDS,3 ROOM,157,WOODLANDS ST 13,10 TO 12,73.0,Model A,1985,59 years 09 months,432000.0
2024-07-01,WOODLANDS,3 ROOM,145,WOODLANDS ST 13,07 TO 09,68.0,New Generation,1985,59 years 09 months,410000.0
2024-07-01,WOODLANDS,3 ROOM,155,WOODLANDS ST 13,10 TO 12,73.0,Model A,1985,59 years 09 months,428000.0
2024-07-01,WOODLANDS,3 ROOM,185B,WOODLANDS ST 13,19 TO 21,68.0,Model A,2019,94 years 03 months,500000.0
2024-07-01,WOODLANDS,3 ROOM,185B,WOODLANDS ST 13,22 TO 24,68.0,Model A,2019,94 years 05 months,500000.0
2024-07-01,WOODLANDS,3 ROOM,101,WOODLANDS ST 13,04 TO 06,67.0,New Generation,1985,59 years 09 months,390000.0
2024-07-01,WOODLANDS,3 ROOM,317,WOODLANDS ST 31,07 TO 09,73.0,Model A,1993,67 years 10 months,420000.0
2024-07-01,WOODLANDS,3 ROOM,313,WOODLANDS ST 31,10 TO 12,73.0,Model A,1993,68 years 03 months,433000.0
2024-07-01,WOODLANDS,3 ROOM,310,WOODLANDS ST 31,01 TO 03,73.0,Model A,1993,68 years 02 months,405000.0
2024-07-01,WOODLANDS,4 ROOM,34,MARSILING DR,13 TO 15,98.0,New Generation,1978,53 years 06 months,418000.0
2024-07-01,WOODLANDS,4 ROOM,8,MARSILING DR,07 TO 09,90.0,Improved,1976,50 years 08 months,370000.0
2024-07-01,WOODLANDS,4 ROOM,12A,MARSILING LANE,19 TO 21,93.0,Model A,2013,88 years,570000.0
2024-07-01,WOODLANDS,4 ROOM,12B,MARSILING LANE,07 TO 09,93.0,Model A,2013,88 years,555000.0
2024-07-01,WOODLANDS,4 ROOM,12C,MARSILING LANE,01 TO 03,93.0,Model A,2013,88 years,550000.0
2024-07-01,WOODLANDS,4 ROOM,127,MARSILING RISE,01 TO 03,97.0,New Generation,1985,59 years 09 months,455000.0
2024-07-01,WOODLANDS,4 ROOM,353,WOODLANDS AVE 1,01 TO 03,103.0,Model A,1996,71 years 01 month,575000.0
2024-07-01,WOODLANDS,4 ROOM,350,WOODLANDS AVE 3,04 TO 06,84.0,Simplified,1988,62 years 10 months,485000.0
2024-07-01,WOODLANDS,4 ROOM,750,WOODLANDS AVE 4,04 TO 06,103.0,Model A,1998,72 years 07 months,530000.0
2024-07-01,WOODLANDS,4 ROOM,612,WOODLANDS AVE 4,01 TO 03,102.0,Model A,1998,73 years 02 months,510000.0
2024-07-01,WOODLANDS,4 ROOM,627,WOODLANDS AVE 6,01 TO 03,92.0,Model A2,1998,73 years 02 months,490000.0
2024-07-01,WOODLANDS,4 ROOM,758,WOODLANDS AVE 6,01 TO 03,103.0,Model A,1998,72 years 08 months,515000.0
2024-07-01,WOODLANDS,4 ROOM,790,WOODLANDS AVE 6,04 TO 06,102.0,Model A,1997,72 years 02 months,535000.0
2024-07-01,WOODLANDS,4 ROOM,760,WOODLANDS AVE 6,07 TO 09,103.0,Model A,1998,72 years 07 months,521888.0
2024-07-01,WOODLANDS,4 ROOM,720,WOODLANDS AVE 6,01 TO 03,100.0,Model A,1997,71 years 11 months,562888.0
2024-07-01,WOODLANDS,4 ROOM,878,WOODLANDS AVE 9,07 TO 09,105.0,Model A,1996,71 years,528000.0
2024-07-01,WOODLANDS,4 ROOM,737,WOODLANDS CIRCLE,01 TO 03,102.0,Model A2,1998,72 years 08 months,525000.0
2024-07-01,WOODLANDS,4 ROOM,740,WOODLANDS CIRCLE,07 TO 09,102.0,Model A,1997,72 years 04 months,512000.0
2024-07-01,WOODLANDS,4 ROOM,765,WOODLANDS CIRCLE,07 TO 09,90.0,Model A,2003,78 years 01 month,526000.0
2024-07-01,WOODLANDS,4 ROOM,780D,WOODLANDS CRES,13 TO 15,92.0,Model A,2015,90 years 01 month,575000.0
2024-07-01,WOODLANDS,4 ROOM,776,WOODLANDS CRES,01 TO 03,102.0,Model A,1998,72 years 07 months,500000.0
2024-07-01,WOODLANDS,4 ROOM,780D,WOODLANDS CRES,10 TO 12,92.0,Model A,2015,90 years 01 month,580000.0
2024-07-01,WOODLANDS,4 ROOM,782D,WOODLANDS CRES,07 TO 09,92.0,Model A,2015,90 years,535000.0
2024-07-01,WOODLANDS,4 ROOM,787D,WOODLANDS CRES,13 TO 15,100.0,Model A,1997,72 years 03 months,540000.0
2024-07-01,WOODLANDS,4 ROOM,780C,WOODLANDS CRES,04 TO 06,92.0,Model A,2015,90 years 01 month,538000.0
2024-07-01,WOODLANDS,4 ROOM,780E,WOODLANDS CRES,07 TO 09,92.0,Model A,2015,90 years,535000.0
2024-07-01,WOODLANDS,4 ROOM,528,WOODLANDS DR 14,10 TO 12,105.0,Premium Apartment,1999,74 years 02 months,575000.0
2024-07-01,WOODLANDS,4 ROOM,535,WOODLANDS DR 14,01 TO 03,105.0,Premium Apartment,1999,74 years 02 months,555000.0
2024-07-01,WOODLANDS,4 ROOM,520,WOODLANDS DR 14,10 TO 12,102.0,Premium Apartment,2000,75 years 03 months,570000.0
2024-07-01,WOODLANDS,4 ROOM,530,WOODLANDS DR 14,07 TO 09,104.0,Premium Apartment,1999,74 years 02 months,575000.0
2024-07-01,WOODLANDS,4 ROOM,530,WOODLANDS DR 14,01 TO 03,103.0,Premium Apartment,1999,74 years 02 months,560000.0
2024-07-01,WOODLANDS,4 ROOM,520,WOODLANDS DR 14,04 TO 06,105.0,Premium Apartment,2000,75 years 04 months,530000.0
2024-07-01,WOODLANDS,4 ROOM,522,WOODLANDS DR 14,10 TO 12,104.0,Premium Apartment,2000,75 years,565000.0
2024-07-01,WOODLANDS,4 ROOM,547,WOODLANDS DR 16,01 TO 03,101.0,Model A,2000,75 years 03 months,525000.0
2024-07-01,WOODLANDS,4 ROOM,574B,WOODLANDS DR 16,01 TO 03,93.0,Model A,2018,93 years,565000.0
2024-07-01,WOODLANDS,4 ROOM,547,WOODLANDS DR 16,04 TO 06,101.0,Model A,2000,75 years 03 months,530000.0
2024-07-01,WOODLANDS,4 ROOM,605,WOODLANDS DR 42,01 TO 03,93.0,Model A2,1997,72 years,485000.0
2024-07-01,WOODLANDS,4 ROOM,605,WOODLANDS DR 42,10 TO 12,101.0,Model A2,1997,71 years 11 months,520000.0
2024-07-01,WOODLANDS,4 ROOM,603,WOODLANDS DR 42,01 TO 03,102.0,Model A,1997,71 years 09 months,515000.0
2024-07-01,WOODLANDS,4 ROOM,886C,WOODLANDS DR 50,07 TO 09,92.0,Premium Apartment,2015,89 years 08 months,625000.0
2024-07-01,WOODLANDS,4 ROOM,886A,WOODLANDS DR 50,07 TO 09,92.0,Premium Apartment,2015,89 years 08 months,625000.0
2024-07-01,WOODLANDS,4 ROOM,898B,WOODLANDS DR 50,10 TO 12,100.0,Model A,1997,72 years 01 month,540000.0
2024-07-01,WOODLANDS,4 ROOM,897C,WOODLANDS DR 50,01 TO 03,100.0,Model A,1997,72 years 01 month,492000.0
2024-07-01,WOODLANDS,4 ROOM,896A,WOODLANDS DR 50,10 TO 12,99.0,Model A,1997,71 years 07 months,515000.0
2024-07-01,WOODLANDS,4 ROOM,898B,WOODLANDS DR 50,04 TO 06,100.0,Model A,1997,72 years 01 month,555000.0
2024-07-01,WOODLANDS,4 ROOM,625B,WOODLANDS DR 52,07 TO 09,100.0,Model A,1998,73 years 04 months,500000.0
2024-07-01,WOODLANDS,4 ROOM,625A,WOODLANDS DR 52,07 TO 09,100.0,Model A,1998,73 years 03 months,525000.0
2024-07-01,WOODLANDS,4 ROOM,554,WOODLANDS DR 53,01 TO 03,89.0,Model A2,1999,74 years 06 months,490000.0
2024-07-01,WOODLANDS,4 ROOM,786E,WOODLANDS DR 60,10 TO 12,91.0,Model A2,1997,72 years 02 months,500000.0
2024-07-01,WOODLANDS,4 ROOM,681D,WOODLANDS DR 62,10 TO 12,102.0,Premium Apartment,2000,74 years 09 months,590000.0
2024-07-01,WOODLANDS,4 ROOM,681A,WOODLANDS DR 62,10 TO 12,105.0,Premium Apartment,2000,74 years 08 months,600000.0
2024-07-01,WOODLANDS,4 ROOM,682A,WOODLANDS DR 62,01 TO 03,102.0,Premium Apartment,2000,74 years 07 months,538888.0
2024-07-01,WOODLANDS,4 ROOM,710,WOODLANDS DR 70,04 TO 06,101.0,Model A,1997,71 years 09 months,546000.0
2024-07-01,WOODLANDS,4 ROOM,713,WOODLANDS DR 70,07 TO 09,102.0,Model A,1996,71 years 06 months,563000.0
2024-07-01,WOODLANDS,4 ROOM,691C,WOODLANDS DR 73,13 TO 15,93.0,Model A,2018,93 years 01 month,660000.0
2024-07-01,WOODLANDS,4 ROOM,686B,WOODLANDS DR 73,10 TO 12,94.0,Premium Apartment,2003,77 years 08 months,560888.0
2024-07-01,WOODLANDS,4 ROOM,682D,WOODLANDS DR 73,07 TO 09,105.0,Premium Apartment,2000,74 years 08 months,590000.0
2024-07-01,WOODLANDS,4 ROOM,688F,WOODLANDS DR 75,07 TO 09,90.0,Premium Apartment,2004,78 years 09 months,490000.0
2024-07-01,WOODLANDS,4 ROOM,688F,WOODLANDS DR 75,10 TO 12,90.0,Premium Apartment,2004,78 years 09 months,525000.0
2024-07-01,WOODLANDS,4 ROOM,690E,WOODLANDS DR 75,04 TO 06,90.0,Premium Apartment,2004,78 years 06 months,500188.0
2024-07-01,WOODLANDS,4 ROOM,689A,WOODLANDS DR 75,04 TO 06,90.0,Premium Apartment,2004,78 years 08 months,515000.0
2024-07-01,WOODLANDS,4 ROOM,669,WOODLANDS RING RD,07 TO 09,85.0,Model A2,2000,75 years 04 months,525000.0
2024-07-01,WOODLANDS,4 ROOM,662,WOODLANDS RING RD,10 TO 12,100.0,Model A,1998,72 years 08 months,535000.0
2024-07-01,WOODLANDS,4 ROOM,649,WOODLANDS RING RD,10 TO 12,100.0,Model A,1998,73 years,575000.0
2024-07-01,WOODLANDS,4 ROOM,651,WOODLANDS RING RD,10 TO 12,100.0,Model A,1998,72 years 11 months,580000.0
2024-07-01,WOODLANDS,4 ROOM,668,WOODLANDS RING RD,07 TO 09,91.0,Model A,2000,75 years 04 months,515000.0
2024-07-01,WOODLANDS,4 ROOM,784A,WOODLANDS RISE,10 TO 12,93.0,Model A,2018,93 years 01 month,583000.0
2024-07-01,WOODLANDS,4 ROOM,783B,WOODLANDS RISE,10 TO 12,93.0,Model A,2018,93 years 01 month,618888.0
2024-07-01,WOODLANDS,4 ROOM,784B,WOODLANDS RISE,01 TO 03,93.0,Model A,2018,93 years 01 month,570000.0
2024-07-01,WOODLANDS,4 ROOM,785C,WOODLANDS RISE,10 TO 12,93.0,Model A,2018,93 years 01 month,575000.0
2024-07-01,WOODLANDS,4 ROOM,171,WOODLANDS ST 11,04 TO 06,93.0,New Generation,1985,60 years 06 months,498000.0
2024-07-01,WOODLANDS,4 ROOM,171,WOODLANDS ST 11,07 TO 09,91.0,New Generation,1985,60 years 05 months,482000.0
2024-07-01,WOODLANDS,4 ROOM,185C,WOODLANDS ST 13,04 TO 06,93.0,Model A,2019,94 years 04 months,622000.0
2024-07-01,WOODLANDS,4 ROOM,157,WOODLANDS ST 13,01 TO 03,103.0,Model A,1985,59 years 09 months,500000.0
2024-07-01,WOODLANDS,4 ROOM,154,WOODLANDS ST 13,04 TO 06,93.0,New Generation,1986,61 years 03 months,460000.0
2024-07-01,WOODLANDS,4 ROOM,183C,WOODLANDS ST 13,01 TO 03,93.0,Model A,2019,94 years 04 months,600000.0
2024-07-01,WOODLANDS,4 ROOM,183A,WOODLANDS ST 13,16 TO 18,93.0,Model A,2019,94 years 04 months,678888.0
2024-07-01,WOODLANDS,4 ROOM,101,WOODLANDS ST 13,04 TO 06,96.0,New Generation,1985,59 years 10 months,480000.0
2024-07-01,WOODLANDS,4 ROOM,177,WOODLANDS ST 13,07 TO 09,96.0,New Generation,1986,60 years 08 months,490000.0
2024-07-01,WOODLANDS,4 ROOM,177,WOODLANDS ST 13,10 TO 12,93.0,New Generation,1986,60 years 08 months,485000.0
2024-07-01,WOODLANDS,4 ROOM,160,WOODLANDS ST 13,04 TO 06,103.0,Model A,1990,64 years 11 months,510000.0
2024-07-01,WOODLANDS,4 ROOM,155,WOODLANDS ST 13,04 TO 06,103.0,Model A,1985,59 years 09 months,511000.0
2024-07-01,WOODLANDS,4 ROOM,178,WOODLANDS ST 13,07 TO 09,98.0,New Generation,1986,61 years,495000.0
2024-07-01,WOODLANDS,4 ROOM,184A,WOODLANDS ST 13,07 TO 09,93.0,Model A,2019,94 years 04 months,605000.0
2024-07-01,WOODLANDS,4 ROOM,183C,WOODLANDS ST 13,25 TO 27,93.0,Model A,2019,94 years 03 months,696000.0
2024-07-01,WOODLANDS,4 ROOM,183A,WOODLANDS ST 13,22 TO 24,93.0,Model A,2019,94 years 04 months,658000.0
2024-07-01,WOODLANDS,4 ROOM,344,WOODLANDS ST 32,10 TO 12,84.0,Simplified,1993,67 years 08 months,490000.0
2024-07-01,WOODLANDS,4 ROOM,428,WOODLANDS ST 41,04 TO 06,84.0,Simplified,1996,71 years 02 months,448000.0
2024-07-01,WOODLANDS,4 ROOM,437,WOODLANDS ST 41,10 TO 12,84.0,Simplified,1996,71 years 02 months,460000.0
2024-07-01,WOODLANDS,4 ROOM,429,WOODLANDS ST 41,04 TO 06,104.0,Model A,1996,71 years 02 months,530000.0
2024-07-01,WOODLANDS,4 ROOM,415,WOODLANDS ST 41,07 TO 09,103.0,Model A,1996,70 years 08 months,525000.0
2024-07-01,WOODLANDS,4 ROOM,409,WOODLANDS ST 41,07 TO 09,103.0,Model A,1996,70 years 07 months,530000.0
2024-07-01,WOODLANDS,4 ROOM,801,WOODLANDS ST 81,01 TO 03,84.0,Simplified,1989,64 years 04 months,465000.0
2024-07-01,WOODLANDS,4 ROOM,802,WOODLANDS ST 81,04 TO 06,83.0,Simplified,1989,64 years,515000.0
2024-07-01,WOODLANDS,4 ROOM,843,WOODLANDS ST 82,04 TO 06,104.0,Model A,1994,69 years,530000.0
2024-07-01,WOODLANDS,4 ROOM,855,WOODLANDS ST 83,10 TO 12,104.0,Model A,1993,68 years 02 months,535000.0
2024-07-01,WOODLANDS,4 ROOM,854,WOODLANDS ST 83,01 TO 03,84.0,Simplified,1993,68 years 02 months,480000.0
2024-07-01,WOODLANDS,5 ROOM,10,MARSILING DR,07 TO 09,123.0,Standard,1976,50 years 09 months,470000.0
2024-07-01,WOODLANDS,5 ROOM,142,MARSILING RD,07 TO 09,134.0,Model A,1995,69 years 10 months,680000.0
2024-07-01,WOODLANDS,5 ROOM,136,MARSILING RD,01 TO 03,134.0,Model A,1995,69 years 10 months,632000.0
2024-07-01,WOODLANDS,5 ROOM,129,MARSILING RISE,07 TO 09,123.0,Improved,1985,59 years 07 months,590000.0
2024-07-01,WOODLANDS,5 ROOM,120,MARSILING RISE,13 TO 15,121.0,Improved,1985,60 years 06 months,570000.0
2024-07-01,WOODLANDS,5 ROOM,120,MARSILING RISE,01 TO 03,121.0,Improved,1985,60 years 06 months,530000.0
2024-07-01,WOODLANDS,5 ROOM,571B,WOODLANDS AVE 1,07 TO 09,112.0,Improved,2013,88 years 06 months,705000.0
2024-07-01,WOODLANDS,5 ROOM,844,WOODLANDS AVE 4,04 TO 06,136.0,Model A,1996,71 years 02 months,690000.0
2024-07-01,WOODLANDS,5 ROOM,761,WOODLANDS AVE 6,07 TO 09,121.0,Improved,1998,72 years 08 months,610000.0
2024-07-01,WOODLANDS,5 ROOM,724,WOODLANDS AVE 6,10 TO 12,121.0,Improved,1997,72 years 03 months,670000.0
2024-07-01,WOODLANDS,5 ROOM,680,WOODLANDS AVE 6,10 TO 12,123.0,Improved,1998,73 years 02 months,700000.0
2024-07-01,WOODLANDS,5 ROOM,720,WOODLANDS AVE 6,04 TO 06,120.0,Improved,1997,71 years 11 months,655000.0
2024-07-01,WOODLANDS,5 ROOM,724,WOODLANDS AVE 6,10 TO 12,122.0,Improved,1997,72 years 03 months,660000.0
2024-07-01,WOODLANDS,5 ROOM,878,WOODLANDS AVE 9,01 TO 03,125.0,Improved,1996,71 years,610000.0
2024-07-01,WOODLANDS,5 ROOM,751,WOODLANDS CIRCLE,07 TO 09,122.0,Improved,1998,72 years 07 months,650000.0
2024-07-01,WOODLANDS,5 ROOM,751,WOODLANDS CIRCLE,04 TO 06,122.0,Improved,1998,72 years 07 months,615000.0
2024-07-01,WOODLANDS,5 ROOM,767,WOODLANDS CIRCLE,04 TO 06,111.0,Improved,2003,78 years 02 months,640888.0
2024-07-01,WOODLANDS,5 ROOM,731,WOODLANDS CIRCLE,10 TO 12,122.0,Improved,1997,72 years 03 months,653000.0
2024-07-01,WOODLANDS,5 ROOM,787B,WOODLANDS CRES,07 TO 09,120.0,Improved,1997,72 years 04 months,665000.0
2024-07-01,WOODLANDS,5 ROOM,782B,WOODLANDS CRES,13 TO 15,112.0,Improved,2015,90 years,650000.0
2024-07-01,WOODLANDS,5 ROOM,776,WOODLANDS CRES,10 TO 12,121.0,Improved,1998,72 years 07 months,655000.0
2024-07-01,WOODLANDS,5 ROOM,508,WOODLANDS DR 14,07 TO 09,124.0,Improved,1999,73 years 07 months,650000.0
2024-07-01,WOODLANDS,5 ROOM,509,WOODLANDS DR 14,10 TO 12,125.0,Premium Apartment,1999,73 years 09 months,678888.0
2024-07-01,WOODLANDS,5 ROOM,502,WOODLANDS DR 14,04 TO 06,123.0,Improved,1998,73 years 05 months,633000.0
2024-07-01,WOODLANDS,5 ROOM,512,WOODLANDS DR 14,01 TO 03,128.0,Premium Apartment,1999,73 years 10 months,670000.0
2024-07-01,WOODLANDS,5 ROOM,510,WOODLANDS DR 14,01 TO 03,125.0,Premium Apartment,1999,73 years 09 months,690000.0
2024-07-01,WOODLANDS,5 ROOM,512,WOODLANDS DR 14,07 TO 09,125.0,Premium Apartment,1999,73 years 09 months,730000.0
2024-07-01,WOODLANDS,5 ROOM,576,WOODLANDS DR 16,07 TO 09,110.0,Improved,2000,75 years 06 months,595000.0
2024-07-01,WOODLANDS,5 ROOM,553,WOODLANDS DR 44,10 TO 12,115.0,Improved,2000,74 years 11 months,650000.0
2024-07-01,WOODLANDS,5 ROOM,551,WOODLANDS DR 44,07 TO 09,120.0,Improved,2000,74 years 08 months,623000.0
2024-07-01,WOODLANDS,5 ROOM,550,WOODLANDS DR 44,07 TO 09,115.0,Improved,2000,74 years 08 months,620000.0
2024-07-01,WOODLANDS,5 ROOM,892A,WOODLANDS DR 50,10 TO 12,119.0,Improved,1996,71 years 06 months,693000.0
2024-07-01,WOODLANDS,5 ROOM,897A,WOODLANDS DR 50,10 TO 12,118.0,Improved,1997,72 years 04 months,668000.0
2024-07-01,WOODLANDS,5 ROOM,889B,WOODLANDS DR 50,01 TO 03,113.0,Improved,2017,92 years 01 month,700000.0
2024-07-01,WOODLANDS,5 ROOM,894B,WOODLANDS DR 50,04 TO 06,120.0,Improved,1996,71 years 04 months,680000.0
2024-07-01,WOODLANDS,5 ROOM,894D,WOODLANDS DR 50,07 TO 09,119.0,Improved,1996,71 years 02 months,685000.0
2024-07-01,WOODLANDS,5 ROOM,624B,WOODLANDS DR 52,04 TO 06,124.0,Improved,1998,73 years 03 months,630000.0
2024-07-01,WOODLANDS,5 ROOM,555,WOODLANDS DR 53,01 TO 03,115.0,Improved,1999,74 years 06 months,575000.0
2024-07-01,WOODLANDS,5 ROOM,771,WOODLANDS DR 60,01 TO 03,124.0,Improved,1997,72 years 06 months,650000.0
2024-07-01,WOODLANDS,5 ROOM,786C,WOODLANDS DR 60,10 TO 12,122.0,Improved,1997,72 years 03 months,616000.0
2024-07-01,WOODLANDS,5 ROOM,694B,WOODLANDS DR 62,01 TO 03,113.0,Improved,2018,93 years 03 months,645000.0
2024-07-01,WOODLANDS,5 ROOM,709,WOODLANDS DR 70,04 TO 06,118.0,Improved,1996,71 years 06 months,650000.0
2024-07-01,WOODLANDS,5 ROOM,673,WOODLANDS DR 71,04 TO 06,110.0,Improved,2000,75 years 01 month,668000.0
2024-07-01,WOODLANDS,5 ROOM,691B,WOODLANDS DR 73,07 TO 09,113.0,Improved,2018,93 years,720000.0
2024-07-01,WOODLANDS,5 ROOM,686C,WOODLANDS DR 73,07 TO 09,114.0,Premium Apartment,2003,77 years 08 months,620088.0
2024-07-01,WOODLANDS,5 ROOM,682C,WOODLANDS DR 73,07 TO 09,120.0,Premium Apartment,2000,74 years 08 months,682000.0
2024-07-01,WOODLANDS,5 ROOM,686C,WOODLANDS DR 73,04 TO 06,115.0,Premium Apartment,2003,77 years 07 months,580000.0
2024-07-01,WOODLANDS,5 ROOM,691B,WOODLANDS DR 73,07 TO 09,113.0,Improved,2018,93 years,725000.0
2024-07-01,WOODLANDS,5 ROOM,689E,WOODLANDS DR 75,13 TO 15,110.0,Premium Apartment,2004,78 years 10 months,600000.0
2024-07-01,WOODLANDS,5 ROOM,690B,WOODLANDS DR 75,16 TO 18,110.0,Premium Apartment,2004,78 years 07 months,605000.0
2024-07-01,WOODLANDS,5 ROOM,687C,WOODLANDS DR 75,04 TO 06,115.0,Premium Apartment,2003,77 years 08 months,560000.0
2024-07-01,WOODLANDS,5 ROOM,690D,WOODLANDS DR 75,10 TO 12,110.0,Premium Apartment,2004,78 years 07 months,600000.0
2024-07-01,WOODLANDS,5 ROOM,689A,WOODLANDS DR 75,10 TO 12,110.0,Premium Apartment,2004,78 years 09 months,525000.0
2024-07-01,WOODLANDS,5 ROOM,690C,WOODLANDS DR 75,04 TO 06,110.0,Premium Apartment,2004,78 years 07 months,595000.0
2024-07-01,WOODLANDS,5 ROOM,688D,WOODLANDS DR 75,07 TO 09,110.0,Premium Apartment,2004,78 years 08 months,595000.0
2024-07-01,WOODLANDS,5 ROOM,611,WOODLANDS RING RD,01 TO 03,121.0,Improved,1998,72 years 09 months,600000.0
2024-07-01,WOODLANDS,5 ROOM,633,WOODLANDS RING RD,10 TO 12,121.0,Improved,1999,74 years 04 months,640000.0
2024-07-01,WOODLANDS,5 ROOM,630,WOODLANDS RING RD,10 TO 12,124.0,Improved,1998,73 years 03 months,640000.0
2024-07-01,WOODLANDS,5 ROOM,651,WOODLANDS RING RD,04 TO 06,121.0,Improved,1998,73 years,652000.0
2024-07-01,WOODLANDS,5 ROOM,661,WOODLANDS RING RD,01 TO 03,122.0,Improved,1998,72 years 08 months,638000.0
2024-07-01,WOODLANDS,5 ROOM,659,WOODLANDS RING RD,07 TO 09,121.0,Improved,1998,72 years 07 months,660000.0
2024-07-01,WOODLANDS,5 ROOM,784A,WOODLANDS RISE,04 TO 06,113.0,Improved,2018,93 years 01 month,645000.0
2024-07-01,WOODLANDS,5 ROOM,783C,WOODLANDS RISE,10 TO 12,113.0,Improved,2018,93 years 02 months,701000.0
2024-07-01,WOODLANDS,5 ROOM,785D,WOODLANDS RISE,07 TO 09,113.0,Improved,2018,93 years 01 month,665000.0
2024-07-01,WOODLANDS,5 ROOM,783C,WOODLANDS RISE,01 TO 03,113.0,Improved,2018,93 years 01 month,625000.0
2024-07-01,WOODLANDS,5 ROOM,182B,WOODLANDS ST 13,07 TO 09,113.0,Improved,2019,94 years 04 months,740000.0
2024-07-01,WOODLANDS,5 ROOM,183C,WOODLANDS ST 13,19 TO 21,113.0,Improved,2019,94 years 04 months,780000.0
2024-07-01,WOODLANDS,5 ROOM,183A,WOODLANDS ST 13,10 TO 12,113.0,Improved,2019,94 years 03 months,790000.0
2024-07-01,WOODLANDS,5 ROOM,174,WOODLANDS ST 13,10 TO 12,123.0,Improved,1993,67 years 11 months,653000.0
2024-07-01,WOODLANDS,5 ROOM,344,WOODLANDS ST 32,13 TO 15,122.0,Improved,1993,67 years 08 months,628888.0
2024-07-01,WOODLANDS,5 ROOM,415,WOODLANDS ST 41,10 TO 12,138.0,Model A,1996,70 years 08 months,733888.0
2024-07-01,WOODLANDS,5 ROOM,825,WOODLANDS ST 81,04 TO 06,121.0,Improved,1990,64 years 11 months,657000.0
2024-07-01,WOODLANDS,5 ROOM,879,WOODLANDS ST 82,10 TO 12,123.0,Improved,1996,71 years,630000.0
2024-07-01,WOODLANDS,5 ROOM,831,WOODLANDS ST 83,01 TO 03,122.0,Improved,1990,64 years 09 months,582000.0
2024-07-01,WOODLANDS,5 ROOM,831,WOODLANDS ST 83,01 TO 03,122.0,Improved,1990,64 years 09 months,599000.0
2024-07-01,WOODLANDS,5 ROOM,851,WOODLANDS ST 83,04 TO 06,127.0,Improved,1996,70 years 11 months,680000.0
2024-07-01,WOODLANDS,EXECUTIVE,142,MARSILING RD,10 TO 12,176.0,Apartment,1995,69 years 10 months,995000.0
2024-07-01,WOODLANDS,EXECUTIVE,124,MARSILING RISE,01 TO 03,184.0,Apartment,1995,69 years 08 months,955000.0
2024-07-01,WOODLANDS,EXECUTIVE,340,WOODLANDS AVE 1,10 TO 12,179.0,Apartment,1995,70 years 01 month,982000.0
2024-07-01,WOODLANDS,EXECUTIVE,339,WOODLANDS AVE 1,01 TO 03,179.0,Apartment,1995,70 years 01 month,910000.0
2024-07-01,WOODLANDS,EXECUTIVE,331,WOODLANDS AVE 1,04 TO 06,192.0,Apartment,1994,68 years 07 months,955000.0
2024-07-01,WOODLANDS,EXECUTIVE,356,WOODLANDS AVE 5,04 TO 06,144.0,Maisonette,1996,71 years 02 months,870000.0
2024-07-01,WOODLANDS,EXECUTIVE,361,WOODLANDS AVE 5,04 TO 06,150.0,Maisonette,1996,71 years 04 months,865000.0
2024-07-01,WOODLANDS,EXECUTIVE,789,WOODLANDS AVE 6,01 TO 03,141.0,Apartment,1997,72 years 04 months,775000.0
2024-07-01,WOODLANDS,EXECUTIVE,788,WOODLANDS AVE 6,10 TO 12,141.0,Maisonette,1997,72 years 02 months,838000.0
2024-07-01,WOODLANDS,EXECUTIVE,586,WOODLANDS DR 16,07 TO 09,131.0,Apartment,2001,76 years,755000.0
2024-07-01,WOODLANDS,EXECUTIVE,167,WOODLANDS ST 11,04 TO 06,163.0,Apartment,1994,68 years 07 months,860000.0
2024-07-01,WOODLANDS,EXECUTIVE,326,WOODLANDS ST 32,13 TO 15,164.0,Apartment,1995,69 years 07 months,915000.0
2024-07-01,WOODLANDS,EXECUTIVE,405,WOODLANDS ST 41,10 TO 12,162.0,Apartment,1995,70 years 02 months,800000.0
2024-07-01,WOODLANDS,EXECUTIVE,419,WOODLANDS ST 41,01 TO 03,179.0,Apartment,1995,70 years 04 months,895000.0
2024-07-01,WOODLANDS,EXECUTIVE,808,WOODLANDS ST 81,10 TO 12,192.0,Apartment,1994,68 years 07 months,1088000.0
2024-07-01,WOODLANDS,EXECUTIVE,805,WOODLANDS ST 81,04 TO 06,147.0,Apartment,1994,68 years 07 months,878000.0
2024-07-01,WOODLANDS,EXECUTIVE,827,WOODLANDS ST 81,07 TO 09,145.0,Maisonette,1996,71 years 01 month,908000.0
2024-07-01,WOODLANDS,EXECUTIVE,804,WOODLANDS ST 81,07 TO 09,146.0,Maisonette,1988,63 years 05 months,850000.0
2024-07-01,WOODLANDS,EXECUTIVE,818,WOODLANDS ST 82,04 TO 06,177.0,Apartment,1994,69 years 06 months,999000.0
2024-07-01,WOODLANDS,EXECUTIVE,847,WOODLANDS ST 82,10 TO 12,176.0,Apartment,1995,69 years 08 months,1040000.0
2024-07-01,YISHUN,2 ROOM,424A,YISHUN AVE 11,10 TO 12,47.0,Model A,2015,90 years 06 months,340000.0
2024-07-01,YISHUN,2 ROOM,672A,YISHUN AVE 4,04 TO 06,38.0,Model A,2018,92 years 07 months,328000.0
2024-07-01,YISHUN,2 ROOM,462C,YISHUN AVE 6,01 TO 03,47.0,Model A,2019,94 years 02 months,320000.0
2024-07-01,YISHUN,2 ROOM,469A,YISHUN ST 43,10 TO 12,47.0,Model A,2019,94 years 05 months,363000.0
2024-07-01,YISHUN,2 ROOM,469B,YISHUN ST 43,07 TO 09,47.0,2-room,2019,94 years 05 months,328000.0
2024-07-01,YISHUN,2 ROOM,469A,YISHUN ST 43,01 TO 03,47.0,Model A,2019,94 years 04 months,335000.0
2024-07-01,YISHUN,3 ROOM,431C,YISHUN AVE 1,13 TO 15,67.0,Model A,2015,90 years 04 months,485000.0
2024-07-01,YISHUN,3 ROOM,424C,YISHUN AVE 11,01 TO 03,67.0,Model A,2015,90 years 07 months,410000.0
2024-07-01,YISHUN,3 ROOM,424C,YISHUN AVE 11,10 TO 12,67.0,Model A,2015,90 years 07 months,458000.0
2024-07-01,YISHUN,3 ROOM,424C,YISHUN AVE 11,07 TO 09,67.0,Model A,2015,90 years 06 months,468000.0
2024-07-01,YISHUN,3 ROOM,442,YISHUN AVE 11,10 TO 12,67.0,Model A,2012,87 years,485000.0
2024-07-01,YISHUN,3 ROOM,778,YISHUN AVE 2,10 TO 12,74.0,Model A,1989,63 years 07 months,480000.0
2024-07-01,YISHUN,3 ROOM,767,YISHUN AVE 3,04 TO 06,64.0,Simplified,1987,61 years 08 months,430000.0
2024-07-01,YISHUN,3 ROOM,675A,YISHUN AVE 4,07 TO 09,68.0,Model A,2018,93 years 05 months,480000.0
2024-07-01,YISHUN,3 ROOM,671A,YISHUN AVE 4,13 TO 15,68.0,Model A,2018,92 years 07 months,480000.0
2024-07-01,YISHUN,3 ROOM,675A,YISHUN AVE 4,01 TO 03,68.0,Model A,2018,93 years 05 months,445800.0
2024-07-01,YISHUN,3 ROOM,701,YISHUN AVE 5,01 TO 03,68.0,New Generation,1984,58 years 07 months,400000.0
2024-07-01,YISHUN,3 ROOM,710,YISHUN AVE 5,04 TO 06,68.0,New Generation,1984,58 years 10 months,393000.0
2024-07-01,YISHUN,3 ROOM,709,YISHUN AVE 5,01 TO 03,68.0,New Generation,1984,58 years 10 months,388000.0
2024-07-01,YISHUN,3 ROOM,710,YISHUN AVE 5,04 TO 06,82.0,New Generation,1984,58 years 09 months,426000.0
2024-07-01,YISHUN,3 ROOM,462B,YISHUN AVE 6,01 TO 03,68.0,Model A,2019,94 years 03 months,430000.0
2024-07-01,YISHUN,3 ROOM,397,YISHUN AVE 6,07 TO 09,73.0,Model A,1989,63 years 08 months,409999.0
2024-07-01,YISHUN,3 ROOM,282,YISHUN AVE 6,01 TO 03,64.0,Simplified,1988,62 years 07 months,368000.0
2024-07-01,YISHUN,3 ROOM,321,YISHUN CTRL,01 TO 03,74.0,Model A,1988,62 years 08 months,405000.0
2024-07-01,YISHUN,3 ROOM,107,YISHUN RING RD,04 TO 06,67.0,New Generation,1982,56 years 11 months,370000.0
2024-07-01,YISHUN,3 ROOM,118,YISHUN RING RD,04 TO 06,74.0,Model A,1983,58 years 01 month,398000.0
2024-07-01,YISHUN,3 ROOM,111,YISHUN RING RD,07 TO 09,81.0,New Generation,1982,57 years,450000.0
2024-07-01,YISHUN,3 ROOM,165,YISHUN RING RD,04 TO 06,64.0,Simplified,1988,63 years,382000.0
2024-07-01,YISHUN,3 ROOM,143,YISHUN RING RD,01 TO 03,68.0,New Generation,1985,59 years 07 months,380000.0
2024-07-01,YISHUN,3 ROOM,139,YISHUN RING RD,01 TO 03,68.0,New Generation,1984,59 years 03 months,380000.0
2024-07-01,YISHUN,3 ROOM,107,YISHUN RING RD,10 TO 12,67.0,New Generation,1982,56 years 11 months,391888.0
2024-07-01,YISHUN,3 ROOM,103,YISHUN RING RD,04 TO 06,67.0,New Generation,1985,59 years 07 months,390000.0
2024-07-01,YISHUN,3 ROOM,621,YISHUN RING RD,07 TO 09,73.0,Model A,1988,62 years 08 months,415000.0
2024-07-01,YISHUN,3 ROOM,808,YISHUN RING RD,04 TO 06,74.0,Model A,1987,61 years 08 months,430000.0
2024-07-01,YISHUN,3 ROOM,113,YISHUN RING RD,04 TO 06,64.0,Simplified,1986,60 years 08 months,363000.0
2024-07-01,YISHUN,3 ROOM,621,YISHUN RING RD,10 TO 12,73.0,Model A,1988,62 years 07 months,459000.0
2024-07-01,YISHUN,3 ROOM,160,YISHUN ST 11,07 TO 09,67.0,New Generation,1985,60 years 04 months,425000.0
2024-07-01,YISHUN,3 ROOM,126,YISHUN ST 11,07 TO 09,71.0,New Generation,1984,59 years 04 months,398000.0
2024-07-01,YISHUN,3 ROOM,148,YISHUN ST 11,04 TO 06,67.0,New Generation,1985,60 years 03 months,395000.0
2024-07-01,YISHUN,3 ROOM,128,YISHUN ST 11,01 TO 03,74.0,Model A,1985,59 years 08 months,390000.0
2024-07-01,YISHUN,3 ROOM,122,YISHUN ST 11,01 TO 03,67.0,New Generation,1984,59 years 05 months,405000.0
2024-07-01,YISHUN,3 ROOM,124,YISHUN ST 11,10 TO 12,67.0,New Generation,1985,60 years 02 months,375000.0
2024-07-01,YISHUN,3 ROOM,127,YISHUN ST 11,04 TO 06,67.0,New Generation,1984,59 years 05 months,385000.0
2024-07-01,YISHUN,3 ROOM,218,YISHUN ST 21,04 TO 06,68.0,New Generation,1985,60 years 01 month,412000.0
2024-07-01,YISHUN,3 ROOM,219,YISHUN ST 21,10 TO 12,68.0,New Generation,1985,60 years 04 months,412000.0
2024-07-01,YISHUN,3 ROOM,266,YISHUN ST 22,10 TO 12,74.0,Model A,1987,61 years 10 months,400888.0
2024-07-01,YISHUN,3 ROOM,334D,YISHUN ST 31,04 TO 06,67.0,Model A,2015,90 years 05 months,465000.0
2024-07-01,YISHUN,3 ROOM,718,YISHUN ST 71,10 TO 12,64.0,Simplified,1987,61 years 08 months,400000.0
2024-07-01,YISHUN,4 ROOM,431A,YISHUN AVE 1,07 TO 09,92.0,Model A,2015,90 years 03 months,560000.0
2024-07-01,YISHUN,4 ROOM,349,YISHUN AVE 11,01 TO 03,108.0,Model A,1988,63 years 02 months,516000.0
2024-07-01,YISHUN,4 ROOM,348D,YISHUN AVE 11,07 TO 09,92.0,DBSS,2013,88 years 04 months,730000.0
2024-07-01,YISHUN,4 ROOM,446,YISHUN AVE 11,04 TO 06,92.0,Model A,2012,87 years 01 month,560000.0
2024-07-01,YISHUN,4 ROOM,424D,YISHUN AVE 11,07 TO 09,92.0,Model A,2015,90 years 06 months,530000.0
2024-07-01,YISHUN,4 ROOM,429A,YISHUN AVE 11,04 TO 06,92.0,Model A,2015,90 years 06 months,535000.0
2024-07-01,YISHUN,4 ROOM,346,YISHUN AVE 11,07 TO 09,103.0,Model A,1988,63 years 02 months,518000.0
2024-07-01,YISHUN,4 ROOM,440,YISHUN AVE 11,01 TO 03,84.0,Simplified,1988,63 years 05 months,437000.0
2024-07-01,YISHUN,4 ROOM,429B,YISHUN AVE 11,01 TO 03,92.0,Model A,2015,90 years 06 months,520000.0
2024-07-01,YISHUN,4 ROOM,429B,YISHUN AVE 11,10 TO 12,92.0,Model A,2015,90 years 05 months,560000.0
2024-07-01,YISHUN,4 ROOM,430B,YISHUN AVE 11,10 TO 12,92.0,Model A,2015,90 years 06 months,560000.0
2024-07-01,YISHUN,4 ROOM,769,YISHUN AVE 3,01 TO 03,84.0,Simplified,1986,61 years,452000.0
2024-07-01,YISHUN,4 ROOM,768,YISHUN AVE 3,04 TO 06,84.0,Simplified,1985,60 years 02 months,468888.0
2024-07-01,YISHUN,4 ROOM,766,YISHUN AVE 3,10 TO 12,84.0,Simplified,1985,60 years 02 months,490000.0
2024-07-01,YISHUN,4 ROOM,773,YISHUN AVE 3,04 TO 06,84.0,Simplified,1987,61 years 07 months,480000.0
2024-07-01,YISHUN,4 ROOM,509C,YISHUN AVE 4,10 TO 12,93.0,Model A,2018,92 years 10 months,605000.0
2024-07-01,YISHUN,4 ROOM,508B,YISHUN AVE 4,07 TO 09,93.0,Model A,2018,92 years 10 months,635000.0
2024-07-01,YISHUN,4 ROOM,653,YISHUN AVE 4,10 TO 12,84.0,Simplified,1987,61 years 07 months,470000.0
2024-07-01,YISHUN,4 ROOM,655,YISHUN AVE 4,10 TO 12,84.0,Simplified,1987,62 years 02 months,510000.0
2024-07-01,YISHUN,4 ROOM,672B,YISHUN AVE 4,10 TO 12,93.0,Model A,2018,92 years 07 months,608000.0
2024-07-01,YISHUN,4 ROOM,655,YISHUN AVE 4,01 TO 03,84.0,Simplified,1987,62 years 02 months,460000.0
2024-07-01,YISHUN,4 ROOM,675D,YISHUN AVE 4,10 TO 12,93.0,Model A,2018,93 years 05 months,628888.0
2024-07-01,YISHUN,4 ROOM,672B,YISHUN AVE 4,10 TO 12,93.0,Model A,2018,92 years 06 months,610000.0
2024-07-01,YISHUN,4 ROOM,660,YISHUN AVE 4,04 TO 06,104.0,Model A,1987,62 years 02 months,538000.0
2024-07-01,YISHUN,4 ROOM,674B,YISHUN AVE 4,07 TO 09,93.0,Model A,2018,93 years 05 months,630000.0
2024-07-01,YISHUN,4 ROOM,506C,YISHUN AVE 4,01 TO 03,93.0,Model A,2018,92 years 10 months,545000.0
2024-07-01,YISHUN,4 ROOM,389,YISHUN AVE 6,10 TO 12,84.0,Simplified,1988,62 years 11 months,460000.0
2024-07-01,YISHUN,4 ROOM,462D,YISHUN AVE 6,10 TO 12,93.0,Model A,2019,94 years 02 months,630000.0
2024-07-01,YISHUN,4 ROOM,433,YISHUN AVE 6,04 TO 06,84.0,Simplified,1988,63 years 02 months,445000.0
2024-07-01,YISHUN,4 ROOM,462D,YISHUN AVE 6,07 TO 09,93.0,Model A,2019,94 years 02 months,570000.0
2024-07-01,YISHUN,4 ROOM,462D,YISHUN AVE 6,04 TO 06,93.0,Model A,2019,94 years 01 month,560000.0
2024-07-01,YISHUN,4 ROOM,407,YISHUN AVE 6,04 TO 06,84.0,Simplified,1988,62 years 10 months,460000.0
2024-07-01,YISHUN,4 ROOM,316B,YISHUN AVE 9,01 TO 03,92.0,Model A,2015,90 years 05 months,560000.0
2024-07-01,YISHUN,4 ROOM,246,YISHUN AVE 9,07 TO 09,84.0,Simplified,1985,59 years 10 months,450000.0
2024-07-01,YISHUN,4 ROOM,247,YISHUN AVE 9,04 TO 06,84.0,Simplified,1985,60 years 03 months,445000.0
2024-07-01,YISHUN,4 ROOM,322,YISHUN CTRL,01 TO 03,104.0,Model A,1988,63 years 02 months,530000.0
2024-07-01,YISHUN,4 ROOM,303,YISHUN CTRL,07 TO 09,108.0,Model A,1988,63 years 05 months,550888.0
2024-07-01,YISHUN,4 ROOM,254,YISHUN RING RD,07 TO 09,104.0,Model A,1985,60 years 02 months,520000.0
2024-07-01,YISHUN,4 ROOM,253,YISHUN RING RD,01 TO 03,104.0,Model A,1985,59 years 09 months,535000.0
2024-07-01,YISHUN,4 ROOM,676C,YISHUN RING RD,04 TO 06,93.0,Model A,2018,93 years 04 months,608000.0
2024-07-01,YISHUN,4 ROOM,327,YISHUN RING RD,10 TO 12,104.0,Model A,1988,63 years,560000.0
2024-07-01,YISHUN,4 ROOM,800,YISHUN RING RD,04 TO 06,84.0,Simplified,1987,61 years 07 months,538000.0
2024-07-01,YISHUN,4 ROOM,311,YISHUN RING RD,10 TO 12,84.0,Simplified,1987,61 years 11 months,471000.0
2024-07-01,YISHUN,4 ROOM,332,YISHUN RING RD,07 TO 09,108.0,Model A,1988,63 years 02 months,530000.0
2024-07-01,YISHUN,4 ROOM,398,YISHUN RING RD,01 TO 03,104.0,Model A,1988,63 years 03 months,510000.0
2024-07-01,YISHUN,4 ROOM,110,YISHUN RING RD,13 TO 15,84.0,Simplified,1986,60 years 09 months,480000.0
2024-07-01,YISHUN,4 ROOM,342A,YISHUN RING RD,10 TO 12,93.0,Premium Apartment,2016,90 years 07 months,605000.0
2024-07-01,YISHUN,4 ROOM,452,YISHUN RING RD,04 TO 06,92.0,Model A,2012,87 years 03 months,555000.0
2024-07-01,YISHUN,4 ROOM,362,YISHUN RING RD,07 TO 09,105.0,Model A,1988,63 years 05 months,570000.0
2024-07-01,YISHUN,4 ROOM,622,YISHUN RING RD,04 TO 06,105.0,Model A,1987,62 years 03 months,590000.0
2024-07-01,YISHUN,4 ROOM,363,YISHUN RING RD,07 TO 09,105.0,Model A,1988,63 years 06 months,530000.0
2024-07-01,YISHUN,4 ROOM,254,YISHUN RING RD,10 TO 12,84.0,Simplified,1985,60 years 02 months,458888.0
2024-07-01,YISHUN,4 ROOM,110,YISHUN RING RD,13 TO 15,84.0,Simplified,1986,60 years 09 months,470000.0
2024-07-01,YISHUN,4 ROOM,124,YISHUN ST 11,07 TO 09,91.0,New Generation,1985,60 years 02 months,515000.0
2024-07-01,YISHUN,4 ROOM,145,YISHUN ST 11,10 TO 12,91.0,New Generation,1985,59 years 11 months,575000.0
2024-07-01,YISHUN,4 ROOM,147,YISHUN ST 11,07 TO 09,96.0,New Generation,1985,60 years 03 months,538000.0
2024-07-01,YISHUN,4 ROOM,157,YISHUN ST 11,10 TO 12,93.0,New Generation,1985,60 years 03 months,550000.0
2024-07-01,YISHUN,4 ROOM,122,YISHUN ST 11,07 TO 09,96.0,New Generation,1984,59 years 05 months,515000.0
2024-07-01,YISHUN,4 ROOM,296,YISHUN ST 20,01 TO 03,92.0,Model A,2000,75 years 05 months,520000.0
2024-07-01,YISHUN,4 ROOM,218,YISHUN ST 21,04 TO 06,93.0,New Generation,1985,60 years,510000.0
2024-07-01,YISHUN,4 ROOM,260,YISHUN ST 22,04 TO 06,84.0,Simplified,1985,60 years 01 month,450000.0
2024-07-01,YISHUN,4 ROOM,263,YISHUN ST 22,01 TO 03,104.0,Model A,1986,61 years,520000.0
2024-07-01,YISHUN,4 ROOM,265,YISHUN ST 22,04 TO 06,84.0,Simplified,1986,61 years 05 months,448000.0
2024-07-01,YISHUN,4 ROOM,334A,YISHUN ST 31,07 TO 09,92.0,Model A,2015,90 years 05 months,540000.0
2024-07-01,YISHUN,4 ROOM,454,YISHUN ST 41,04 TO 06,93.0,Model A,2013,88 years 02 months,572000.0
2024-07-01,YISHUN,4 ROOM,457,YISHUN ST 41,04 TO 06,93.0,Model A,2013,88 years 02 months,540000.0
2024-07-01,YISHUN,4 ROOM,456,YISHUN ST 41,04 TO 06,93.0,Model A,2013,88 years 02 months,565000.0
2024-07-01,YISHUN,4 ROOM,469A,YISHUN ST 43,10 TO 12,93.0,Model A,2019,94 years 05 months,595000.0
2024-07-01,YISHUN,4 ROOM,468A,YISHUN ST 43,01 TO 03,93.0,Model A,2019,94 years 05 months,562000.0
2024-07-01,YISHUN,4 ROOM,468A,YISHUN ST 43,07 TO 09,93.0,Model A,2019,94 years 05 months,580000.0
2024-07-01,YISHUN,4 ROOM,469B,YISHUN ST 43,04 TO 06,93.0,Model A,2019,94 years 05 months,578000.0
2024-07-01,YISHUN,4 ROOM,469B,YISHUN ST 43,07 TO 09,93.0,Model A,2019,94 years 05 months,585000.0
2024-07-01,YISHUN,4 ROOM,468A,YISHUN ST 43,04 TO 06,93.0,Model A,2019,94 years 05 months,563888.0
2024-07-01,YISHUN,4 ROOM,468A,YISHUN ST 43,07 TO 09,93.0,Model A,2019,94 years 05 months,575000.0
2024-07-01,YISHUN,4 ROOM,469B,YISHUN ST 43,07 TO 09,93.0,Model A,2019,94 years 04 months,595000.0
2024-07-01,YISHUN,4 ROOM,469A,YISHUN ST 43,10 TO 12,93.0,Model A,2019,94 years 05 months,570000.0
2024-07-01,YISHUN,4 ROOM,511A,YISHUN ST 51,10 TO 12,93.0,Model A,2017,92 years 02 months,565000.0
2024-07-01,YISHUN,4 ROOM,502D,YISHUN ST 51,04 TO 06,92.0,Model A,2018,92 years 07 months,580000.0
2024-07-01,YISHUN,4 ROOM,502A,YISHUN ST 51,10 TO 12,92.0,Model A,2018,92 years 08 months,618888.0
2024-07-01,YISHUN,4 ROOM,512C,YISHUN ST 51,01 TO 03,93.0,Model A,2017,92 years 02 months,543000.0
2024-07-01,YISHUN,4 ROOM,505D,YISHUN ST 51,07 TO 09,92.0,Model A,2016,90 years 09 months,580000.0
2024-07-01,YISHUN,4 ROOM,513D,YISHUN ST 51,10 TO 12,93.0,Model A,2018,92 years 09 months,590000.0
2024-07-01,YISHUN,4 ROOM,513B,YISHUN ST 51,10 TO 12,93.0,Model A,2018,92 years 08 months,580000.0
2024-07-01,YISHUN,4 ROOM,504A,YISHUN ST 51,10 TO 12,92.0,Model A,2016,90 years 08 months,638000.0
2024-07-01,YISHUN,4 ROOM,513D,YISHUN ST 51,07 TO 09,93.0,Model A,2018,92 years 07 months,598000.0
2024-07-01,YISHUN,4 ROOM,642,YISHUN ST 61,04 TO 06,84.0,Simplified,1986,61 years 04 months,465000.0
2024-07-01,YISHUN,4 ROOM,629,YISHUN ST 61,04 TO 06,105.0,Model A,1988,62 years 09 months,540000.0
2024-07-01,YISHUN,4 ROOM,719,YISHUN ST 71,07 TO 09,84.0,Simplified,1987,62 years 04 months,500000.0
2024-07-01,YISHUN,4 ROOM,730,YISHUN ST 71,07 TO 09,84.0,Simplified,1987,61 years 07 months,485000.0
2024-07-01,YISHUN,4 ROOM,716,YISHUN ST 71,04 TO 06,88.0,Simplified,1987,62 years 05 months,475000.0
2024-07-01,YISHUN,4 ROOM,715,YISHUN ST 71,01 TO 03,84.0,Simplified,1987,62 years,488000.0
2024-07-01,YISHUN,4 ROOM,720,YISHUN ST 71,01 TO 03,84.0,Simplified,1985,60 years 01 month,475000.0
2024-07-01,YISHUN,4 ROOM,722,YISHUN ST 71,07 TO 09,89.0,Simplified,1987,62 years 02 months,492000.0
2024-07-01,YISHUN,4 ROOM,721,YISHUN ST 71,01 TO 03,84.0,Simplified,1985,60 years 02 months,438000.0
2024-07-01,YISHUN,4 ROOM,756,YISHUN ST 72,10 TO 12,84.0,Simplified,1985,60 years 04 months,490000.0
2024-07-01,YISHUN,4 ROOM,738,YISHUN ST 72,07 TO 09,91.0,New Generation,1985,59 years 07 months,525000.0
2024-07-01,YISHUN,4 ROOM,736,YISHUN ST 72,07 TO 09,93.0,New Generation,1984,59 years 04 months,630000.0
2024-07-01,YISHUN,4 ROOM,867,YISHUN ST 81,04 TO 06,84.0,Simplified,1988,62 years 11 months,445000.0
2024-07-01,YISHUN,4 ROOM,825,YISHUN ST 81,01 TO 03,103.0,Model A,1988,63 years 04 months,520000.0
2024-07-01,YISHUN,4 ROOM,879,YISHUN ST 81,10 TO 12,104.0,Model A,1987,62 years 04 months,570000.0
2024-07-01,YISHUN,4 ROOM,830,YISHUN ST 81,01 TO 03,103.0,Model A,1988,62 years 11 months,560000.0
2024-07-01,YISHUN,4 ROOM,874,YISHUN ST 81,10 TO 12,104.0,Model A,1988,62 years 08 months,580000.0
2024-07-01,YISHUN,4 ROOM,825,YISHUN ST 81,07 TO 09,103.0,Model A,1988,63 years 04 months,568888.0
2024-07-01,YISHUN,5 ROOM,431A,YISHUN AVE 1,10 TO 12,112.0,Improved,2015,90 years 03 months,632000.0
2024-07-01,YISHUN,5 ROOM,432C,YISHUN AVE 1,04 TO 06,112.0,Improved,2015,90 years 04 months,650000.0
2024-07-01,YISHUN,5 ROOM,432B,YISHUN AVE 1,07 TO 09,112.0,Improved,2015,90 years 03 months,642888.0
2024-07-01,YISHUN,5 ROOM,431A,YISHUN AVE 1,07 TO 09,112.0,Improved,2015,90 years 03 months,630000.0
2024-07-01,YISHUN,5 ROOM,347A,YISHUN AVE 11,01 TO 03,112.0,DBSS,2013,88 years 04 months,786000.0
2024-07-01,YISHUN,5 ROOM,346,YISHUN AVE 11,10 TO 12,121.0,Improved,1988,63 years 02 months,650000.0
2024-07-01,YISHUN,5 ROOM,776,YISHUN AVE 2,07 TO 09,132.0,Improved,1986,61 years,698000.0
2024-07-01,YISHUN,5 ROOM,674B,YISHUN AVE 4,01 TO 03,112.0,Improved,2018,93 years 06 months,650000.0
2024-07-01,YISHUN,5 ROOM,508B,YISHUN AVE 4,04 TO 06,113.0,Improved,2018,92 years 11 months,690000.0
2024-07-01,YISHUN,5 ROOM,673A,YISHUN AVE 4,04 TO 06,112.0,Improved,2018,93 years 05 months,713000.0
2024-07-01,YISHUN,5 ROOM,673B,YISHUN AVE 4,10 TO 12,112.0,Improved,2018,93 years 05 months,720000.0
2024-07-01,YISHUN,5 ROOM,674A,YISHUN AVE 4,10 TO 12,112.0,Improved,2018,93 years 05 months,772888.0
2024-07-01,YISHUN,5 ROOM,508B,YISHUN AVE 4,04 TO 06,113.0,Improved,2018,92 years 09 months,710000.0
2024-07-01,YISHUN,5 ROOM,509C,YISHUN AVE 4,04 TO 06,113.0,Improved,2018,92 years 09 months,706888.0
2024-07-01,YISHUN,5 ROOM,170,YISHUN AVE 7,13 TO 15,122.0,Improved,1986,61 years 03 months,608000.0
2024-07-01,YISHUN,5 ROOM,175,YISHUN AVE 7,01 TO 03,133.0,Improved,1986,61 years 03 months,660000.0
2024-07-01,YISHUN,5 ROOM,315C,YISHUN AVE 9,04 TO 06,112.0,Improved,2015,90 years 04 months,690000.0
2024-07-01,YISHUN,5 ROOM,342A,YISHUN RING RD,13 TO 15,117.0,Premium Apartment,2016,90 years 07 months,790000.0
2024-07-01,YISHUN,5 ROOM,804,YISHUN RING RD,07 TO 09,122.0,Improved,1987,61 years 08 months,700888.0
2024-07-01,YISHUN,5 ROOM,366,YISHUN RING RD,01 TO 03,122.0,Improved,1988,63 years 02 months,678888.0
2024-07-01,YISHUN,5 ROOM,676B,YISHUN RING RD,07 TO 09,113.0,Improved,2018,93 years 05 months,730000.0
2024-07-01,YISHUN,5 ROOM,810,YISHUN RING RD,04 TO 06,121.0,Improved,1987,61 years 07 months,680000.0
2024-07-01,YISHUN,5 ROOM,167,YISHUN RING RD,07 TO 09,121.0,Improved,1987,62 years 05 months,615000.0
2024-07-01,YISHUN,5 ROOM,154,YISHUN ST 11,04 TO 06,121.0,Improved,1985,59 years 09 months,651000.0
2024-07-01,YISHUN,5 ROOM,155,YISHUN ST 11,07 TO 09,121.0,Improved,1985,59 years 09 months,628000.0
2024-07-01,YISHUN,5 ROOM,297,YISHUN ST 20,01 TO 03,112.0,Improved,2000,75 years 04 months,615000.0
2024-07-01,YISHUN,5 ROOM,298,YISHUN ST 20,07 TO 09,110.0,Improved,2000,75 years 05 months,628000.0
2024-07-01,YISHUN,5 ROOM,297,YISHUN ST 20,10 TO 12,112.0,Improved,2000,75 years 04 months,638000.0
2024-07-01,YISHUN,5 ROOM,511A,YISHUN ST 51,04 TO 06,113.0,Improved,2017,92 years 02 months,675000.0
2024-07-01,YISHUN,5 ROOM,504C,YISHUN ST 51,10 TO 12,113.0,Improved,2016,90 years 09 months,730000.0
2024-07-01,YISHUN,5 ROOM,613,YISHUN ST 61,01 TO 03,121.0,Improved,1987,61 years 10 months,630000.0
2024-07-01,YISHUN,5 ROOM,607,YISHUN ST 61,01 TO 03,121.0,Improved,1987,62 years 02 months,620000.0
2024-07-01,YISHUN,5 ROOM,755,YISHUN ST 72,04 TO 06,122.0,Improved,1986,61 years 05 months,670000.0
2024-07-01,YISHUN,5 ROOM,820,YISHUN ST 81,01 TO 03,121.0,Improved,1988,63 years 02 months,632000.0
2024-07-01,YISHUN,5 ROOM,865,YISHUN ST 81,01 TO 03,127.0,Improved,1988,62 years 09 months,680000.0
2024-07-01,YISHUN,EXECUTIVE,350A,YISHUN AVE 11,01 TO 03,145.0,Maisonette,1988,63 years 01 month,900000.0
2024-07-01,YISHUN,EXECUTIVE,406,YISHUN AVE 6,04 TO 06,148.0,Maisonette,1988,63 years 04 months,830800.0
2024-07-01,YISHUN,EXECUTIVE,406,YISHUN AVE 6,10 TO 12,142.0,Apartment,1988,63 years 03 months,838000.0
2024-07-01,YISHUN,EXECUTIVE,792,YISHUN RING RD,07 TO 09,147.0,Apartment,1987,62 years 03 months,820000.0
2024-07-01,YISHUN,EXECUTIVE,352,YISHUN RING RD,04 TO 06,146.0,Maisonette,1988,63 years 01 month,865000.0
2024-07-01,YISHUN,EXECUTIVE,359,YISHUN RING RD,10 TO 12,145.0,Apartment,1988,63 years 01 month,880000.0
2024-07-01,YISHUN,EXECUTIVE,277,YISHUN ST 22,01 TO 03,146.0,Maisonette,1985,60 years 03 months,770000.0
2024-07-01,YISHUN,EXECUTIVE,277,YISHUN ST 22,04 TO 06,146.0,Maisonette,1985,60 years 02 months,800000.0
2024-07-01,YISHUN,EXECUTIVE,277,YISHUN ST 22,01 TO 03,146.0,Maisonette,1985,60 years 02 months,775000.0
2024-07-01,YISHUN,EXECUTIVE,834,YISHUN ST 81,10 TO 12,142.0,Apartment,1988,62 years 06 months,940000.0
2024-08-01,ANG MO KIO,3 ROOM,220,ANG MO KIO AVE 1,04 TO 06,67.0,New Generation,1977,52 years 01 month,388000.0
2024-08-01,ANG MO KIO,3 ROOM,223,ANG MO KIO AVE 1,01 TO 03,67.0,New Generation,1978,52 years 06 months,375000.0
2024-08-01,ANG MO KIO,3 ROOM,332,ANG MO KIO AVE 1,10 TO 12,68.0,New Generation,1981,55 years 06 months,410000.0
2024-08-01,ANG MO KIO,3 ROOM,331,ANG MO KIO AVE 1,07 TO 09,68.0,New Generation,1981,55 years 06 months,419000.0
2024-08-01,ANG MO KIO,3 ROOM,208,ANG MO KIO AVE 1,07 TO 09,73.0,New Generation,1976,51 years,420000.0
2024-08-01,ANG MO KIO,3 ROOM,332,ANG MO KIO AVE 1,01 TO 03,82.0,New Generation,1981,55 years 06 months,455000.0
2024-08-01,ANG MO KIO,3 ROOM,218,ANG MO KIO AVE 1,10 TO 12,67.0,New Generation,1976,50 years 11 months,383000.0
2024-08-01,ANG MO KIO,3 ROOM,331,ANG MO KIO AVE 1,04 TO 06,68.0,New Generation,1981,55 years 06 months,446000.0
2024-08-01,ANG MO KIO,3 ROOM,310C,ANG MO KIO AVE 1,28 TO 30,70.0,Model A,2012,87 years 02 months,680000.0
2024-08-01,ANG MO KIO,3 ROOM,471,ANG MO KIO AVE 10,04 TO 06,67.0,New Generation,1979,54 years,375000.0
2024-08-01,ANG MO KIO,3 ROOM,463,ANG MO KIO AVE 10,04 TO 06,68.0,New Generation,1980,54 years 08 months,383000.0
2024-08-01,ANG MO KIO,3 ROOM,560,ANG MO KIO AVE 10,04 TO 06,67.0,New Generation,1980,54 years 07 months,378888.0
2024-08-01,ANG MO KIO,3 ROOM,432,ANG MO KIO AVE 10,10 TO 12,67.0,New Generation,1979,53 years 06 months,445000.0
2024-08-01,ANG MO KIO,3 ROOM,561,ANG MO KIO AVE 10,10 TO 12,68.0,New Generation,1980,54 years 06 months,398000.0
2024-08-01,ANG MO KIO,3 ROOM,550,ANG MO KIO AVE 10,13 TO 15,68.0,New Generation,1981,55 years 06 months,428000.0
2024-08-01,ANG MO KIO,3 ROOM,446,ANG MO KIO AVE 10,01 TO 03,68.0,New Generation,1979,54 years,355000.0
2024-08-01,ANG MO KIO,3 ROOM,463,ANG MO KIO AVE 10,07 TO 09,68.0,New Generation,1980,54 years 07 months,396888.0
2024-08-01,ANG MO KIO,3 ROOM,416,ANG MO KIO AVE 10,07 TO 09,74.0,New Generation,1979,54 years 01 month,439000.0
2024-08-01,ANG MO KIO,3 ROOM,542,ANG MO KIO AVE 10,04 TO 06,68.0,New Generation,1981,55 years 06 months,395000.0
2024-08-01,ANG MO KIO,3 ROOM,121,ANG MO KIO AVE 3,01 TO 03,67.0,New Generation,1978,53 years 04 months,355000.0
2024-08-01,ANG MO KIO,3 ROOM,313,ANG MO KIO AVE 3,01 TO 03,73.0,New Generation,1978,52 years 07 months,458000.0
2024-08-01,ANG MO KIO,3 ROOM,128,ANG MO KIO AVE 3,04 TO 06,67.0,New Generation,1978,53 years 02 months,400000.0
2024-08-01,ANG MO KIO,3 ROOM,130,ANG MO KIO AVE 3,04 TO 06,73.0,New Generation,1979,53 years 06 months,408000.0
2024-08-01,ANG MO KIO,3 ROOM,212,ANG MO KIO AVE 3,01 TO 03,67.0,New Generation,1977,51 years 09 months,360000.0
2024-08-01,ANG MO KIO,3 ROOM,328,ANG MO KIO AVE 3,10 TO 12,88.0,New Generation,1978,53 years 02 months,520000.0
2024-08-01,ANG MO KIO,3 ROOM,346,ANG MO KIO AVE 3,07 TO 09,73.0,New Generation,1978,52 years 09 months,448888.0
2024-08-01,ANG MO KIO,3 ROOM,129,ANG MO KIO AVE 3,01 TO 03,73.0,New Generation,1979,53 years 06 months,385000.0
2024-08-01,ANG MO KIO,3 ROOM,570,ANG MO KIO AVE 3,01 TO 03,67.0,New Generation,1979,53 years 10 months,400000.0
2024-08-01,ANG MO KIO,3 ROOM,329,ANG MO KIO AVE 3,01 TO 03,73.0,New Generation,1978,52 years 06 months,415000.0
2024-08-01,ANG MO KIO,3 ROOM,313,ANG MO KIO AVE 3,01 TO 03,73.0,New Generation,1978,52 years 06 months,448000.0
2024-08-01,ANG MO KIO,3 ROOM,235,ANG MO KIO AVE 3,10 TO 12,67.0,New Generation,1977,52 years 02 months,360000.0
2024-08-01,ANG MO KIO,3 ROOM,174,ANG MO KIO AVE 4,10 TO 12,60.0,Improved,1986,60 years 06 months,375000.0
2024-08-01,ANG MO KIO,3 ROOM,163,ANG MO KIO AVE 4,01 TO 03,69.0,New Generation,1980,55 years 04 months,396000.0
2024-08-01,ANG MO KIO,3 ROOM,644,ANG MO KIO AVE 4,07 TO 09,75.0,New Generation,1980,55 years 04 months,465000.0
2024-08-01,ANG MO KIO,3 ROOM,107,ANG MO KIO AVE 4,04 TO 06,89.0,New Generation,1978,52 years 09 months,450000.0
2024-08-01,ANG MO KIO,3 ROOM,152,ANG MO KIO AVE 5,10 TO 12,68.0,New Generation,1981,55 years 10 months,417000.0
2024-08-01,ANG MO KIO,3 ROOM,603,ANG MO KIO AVE 5,07 TO 09,67.0,New Generation,1980,54 years 11 months,380000.0
2024-08-01,ANG MO KIO,3 ROOM,649,ANG MO KIO AVE 5,13 TO 15,75.0,New Generation,1980,55 years 04 months,430000.0
2024-08-01,ANG MO KIO,3 ROOM,535,ANG MO KIO AVE 5,07 TO 09,67.0,New Generation,1980,54 years 07 months,416000.0
2024-08-01,ANG MO KIO,3 ROOM,649,ANG MO KIO AVE 5,10 TO 12,75.0,New Generation,1980,55 years 03 months,432000.0
2024-08-01,ANG MO KIO,3 ROOM,639,ANG MO KIO AVE 6,04 TO 06,68.0,New Generation,1980,55 years 02 months,388000.0
2024-08-01,ANG MO KIO,3 ROOM,646,ANG MO KIO AVE 6,10 TO 12,75.0,New Generation,1980,55 years 04 months,462000.0
2024-08-01,ANG MO KIO,3 ROOM,513,ANG MO KIO AVE 8,01 TO 03,67.0,New Generation,1984,59 years 02 months,432000.0
2024-08-01,ANG MO KIO,3 ROOM,504,ANG MO KIO AVE 8,07 TO 09,68.0,New Generation,1980,55 years 01 month,413888.0
2024-08-01,ANG MO KIO,3 ROOM,591A,ANG MO KIO ST 51,10 TO 12,68.0,Model A,2019,93 years 06 months,738000.0
2024-08-01,ANG MO KIO,4 ROOM,337,ANG MO KIO AVE 1,01 TO 03,91.0,New Generation,1982,56 years 08 months,508000.0
2024-08-01,ANG MO KIO,4 ROOM,547,ANG MO KIO AVE 10,07 TO 09,92.0,New Generation,1981,55 years 07 months,525000.0
2024-08-01,ANG MO KIO,4 ROOM,472,ANG MO KIO AVE 10,04 TO 06,92.0,New Generation,1979,54 years,516888.0
2024-08-01,ANG MO KIO,4 ROOM,556,ANG MO KIO AVE 10,01 TO 03,92.0,New Generation,1980,54 years 07 months,466000.0
2024-08-01,ANG MO KIO,4 ROOM,414,ANG MO KIO AVE 10,10 TO 12,92.0,New Generation,1979,54 years 01 month,520000.0
2024-08-01,ANG MO KIO,4 ROOM,561,ANG MO KIO AVE 10,04 TO 06,92.0,New Generation,1980,54 years 06 months,535000.0
2024-08-01,ANG MO KIO,4 ROOM,474,ANG MO KIO AVE 10,01 TO 03,91.0,New Generation,1984,58 years 07 months,460000.0
2024-08-01,ANG MO KIO,4 ROOM,432,ANG MO KIO AVE 10,04 TO 06,92.0,New Generation,1979,53 years 06 months,515000.0
2024-08-01,ANG MO KIO,4 ROOM,344,ANG MO KIO AVE 3,10 TO 12,98.0,New Generation,1978,52 years 09 months,670000.0
2024-08-01,ANG MO KIO,4 ROOM,313,ANG MO KIO AVE 3,04 TO 06,97.0,New Generation,1978,52 years 06 months,630286.0
2024-08-01,ANG MO KIO,4 ROOM,572,ANG MO KIO AVE 3,04 TO 06,92.0,New Generation,1979,53 years 10 months,506000.0
2024-08-01,ANG MO KIO,4 ROOM,427,ANG MO KIO AVE 3,10 TO 12,92.0,New Generation,1978,53 years 03 months,560000.0
2024-08-01,ANG MO KIO,4 ROOM,428,ANG MO KIO AVE 3,07 TO 09,92.0,New Generation,1978,53 years 03 months,568000.0
2024-08-01,ANG MO KIO,4 ROOM,573,ANG MO KIO AVE 3,07 TO 09,92.0,New Generation,1979,53 years 09 months,565000.0
2024-08-01,ANG MO KIO,4 ROOM,177,ANG MO KIO AVE 4,01 TO 03,91.0,New Generation,1981,55 years 10 months,468000.0
2024-08-01,ANG MO KIO,4 ROOM,254,ANG MO KIO AVE 4,10 TO 12,98.0,New Generation,1977,52 years,590000.0
2024-08-01,ANG MO KIO,4 ROOM,700B,ANG MO KIO AVE 6,04 TO 06,90.0,Model A,2003,78 years 01 month,733000.0
2024-08-01,ANG MO KIO,4 ROOM,700A,ANG MO KIO AVE 6,10 TO 12,90.0,Model A,2003,78 years 02 months,810000.0
2024-08-01,ANG MO KIO,4 ROOM,260B,ANG MO KIO ST 21,04 TO 06,93.0,Model A,2018,92 years 11 months,830000.0
2024-08-01,ANG MO KIO,4 ROOM,315B,ANG MO KIO ST 31,13 TO 15,95.0,Model A,2006,80 years 06 months,818000.0
2024-08-01,ANG MO KIO,4 ROOM,455C,ANG MO KIO ST 44,13 TO 15,93.0,Model A,2018,92 years 08 months,922888.0
2024-08-01,ANG MO KIO,4 ROOM,590B,ANG MO KIO ST 51,04 TO 06,93.0,Model A,2019,93 years 07 months,898888.0
2024-08-01,ANG MO KIO,4 ROOM,590A,ANG MO KIO ST 51,28 TO 30,93.0,Model A,2019,93 years 07 months,1025000.0
2024-08-01,ANG MO KIO,4 ROOM,596D,ANG MO KIO ST 52,16 TO 18,85.0,Model A,2003,77 years 06 months,800000.0
2024-08-01,ANG MO KIO,4 ROOM,596B,ANG MO KIO ST 52,16 TO 18,90.0,Model A,2002,77 years 05 months,798000.0
2024-08-01,ANG MO KIO,5 ROOM,306,ANG MO KIO AVE 1,04 TO 06,123.0,Standard,1977,52 years,698000.0
2024-08-01,ANG MO KIO,5 ROOM,310A,ANG MO KIO AVE 1,04 TO 06,119.0,Improved,2012,87 years 02 months,1065000.0
2024-08-01,ANG MO KIO,5 ROOM,539,ANG MO KIO AVE 10,13 TO 15,118.0,Improved,1980,54 years 08 months,762000.0
2024-08-01,ANG MO KIO,5 ROOM,459,ANG MO KIO AVE 10,07 TO 09,120.0,Improved,1980,54 years 06 months,655000.0
2024-08-01,ANG MO KIO,5 ROOM,460,ANG MO KIO AVE 10,01 TO 03,120.0,Improved,1980,54 years 06 months,650000.0
2024-08-01,ANG MO KIO,5 ROOM,552,ANG MO KIO AVE 10,22 TO 24,119.0,Improved,1980,55 years 02 months,780000.0
2024-08-01,ANG MO KIO,5 ROOM,460,ANG MO KIO AVE 10,10 TO 12,120.0,Improved,1980,54 years 06 months,695000.0
2024-08-01,ANG MO KIO,5 ROOM,401,ANG MO KIO AVE 10,13 TO 15,119.0,Improved,1979,53 years 10 months,708000.0
2024-08-01,ANG MO KIO,5 ROOM,259,ANG MO KIO AVE 2,19 TO 21,135.0,Model A,1982,56 years 09 months,960000.0
2024-08-01,ANG MO KIO,5 ROOM,618,ANG MO KIO AVE 4,16 TO 18,137.0,Model A,1996,70 years 10 months,900000.0
2024-08-01,ANG MO KIO,5 ROOM,642,ANG MO KIO AVE 5,04 TO 06,121.0,Improved,1980,55 years 04 months,649000.0
2024-08-01,ANG MO KIO,5 ROOM,642,ANG MO KIO AVE 5,07 TO 09,121.0,Improved,1980,55 years 04 months,680000.0
2024-08-01,ANG MO KIO,5 ROOM,725,ANG MO KIO AVE 6,10 TO 12,119.0,Improved,1980,54 years 10 months,798000.0
2024-08-01,ANG MO KIO,5 ROOM,710,ANG MO KIO AVE 8,19 TO 21,117.0,Improved,1980,55 years 02 months,848888.0
2024-08-01,ANG MO KIO,5 ROOM,620,ANG MO KIO AVE 9,04 TO 06,121.0,Improved,1980,55 years 02 months,636000.0
2024-08-01,ANG MO KIO,5 ROOM,309A,ANG MO KIO ST 31,28 TO 30,110.0,Improved,2006,80 years 09 months,1188008.0
2024-08-01,ANG MO KIO,5 ROOM,317,ANG MO KIO ST 31,07 TO 09,134.0,Model A,1994,69 years 05 months,940000.0
2024-08-01,ANG MO KIO,5 ROOM,455A,ANG MO KIO ST 44,10 TO 12,113.0,Improved,2018,92 years 08 months,1088000.0
2024-08-01,ANG MO KIO,5 ROOM,596D,ANG MO KIO ST 52,22 TO 24,110.0,Improved,2003,77 years 06 months,1030888.0
2024-08-01,ANG MO KIO,5 ROOM,588C,ANG MO KIO ST 52,13 TO 15,117.0,DBSS,2011,86 years,1228888.0
2024-08-01,ANG MO KIO,EXECUTIVE,419,ANG MO KIO AVE 10,10 TO 12,163.0,Adjoined flat,1979,54 years 02 months,1238888.0
2024-08-01,ANG MO KIO,EXECUTIVE,418,ANG MO KIO AVE 10,07 TO 09,163.0,Adjoined flat,1979,54 years 01 month,1110000.0
2024-08-01,ANG MO KIO,EXECUTIVE,422,ANG MO KIO AVE 3,13 TO 15,174.0,Adjoined flat,1979,53 years 07 months,1320000.0
2024-08-01,ANG MO KIO,EXECUTIVE,616,ANG MO KIO AVE 4,04 TO 06,147.0,Apartment,1996,70 years 10 months,960000.0
2024-08-01,ANG MO KIO,EXECUTIVE,615,ANG MO KIO AVE 4,01 TO 03,149.0,Apartment,1996,70 years 10 months,920000.0
2024-08-01,ANG MO KIO,EXECUTIVE,613,ANG MO KIO AVE 4,01 TO 03,153.0,Apartment,1996,70 years 09 months,950000.0
2024-08-01,ANG MO KIO,EXECUTIVE,616,ANG MO KIO AVE 4,04 TO 06,149.0,Maisonette,1996,70 years 10 months,1130000.0
2024-08-01,BEDOK,2 ROOM,808B,CHAI CHEE RD,04 TO 06,47.0,Model A,2016,91 years 04 months,370000.0
2024-08-01,BEDOK,2 ROOM,807B,CHAI CHEE RD,07 TO 09,47.0,Model A,2016,91 years 04 months,360000.0
2024-08-01,BEDOK,3 ROOM,423,BEDOK NTH AVE 1,10 TO 12,67.0,New Generation,1979,53 years 06 months,410000.0
2024-08-01,BEDOK,3 ROOM,519,BEDOK NTH AVE 1,01 TO 03,67.0,New Generation,1979,53 years 11 months,375000.0
2024-08-01,BEDOK,3 ROOM,402,BEDOK NTH AVE 3,07 TO 09,67.0,New Generation,1979,53 years 11 months,395000.0
2024-08-01,BEDOK,3 ROOM,77,BEDOK NTH RD,10 TO 12,60.0,Improved,1986,60 years 09 months,388000.0
2024-08-01,BEDOK,3 ROOM,74,BEDOK NTH RD,07 TO 09,59.0,Improved,1978,52 years 06 months,360000.0
2024-08-01,BEDOK,3 ROOM,76,BEDOK NTH RD,10 TO 12,59.0,Improved,1978,52 years 06 months,350000.0
2024-08-01,BEDOK,3 ROOM,125,BEDOK NTH RD,07 TO 09,82.0,New Generation,1978,52 years 11 months,460000.0
2024-08-01,BEDOK,3 ROOM,108,BEDOK NTH RD,04 TO 06,67.0,New Generation,1977,52 years,370000.0
2024-08-01,BEDOK,3 ROOM,108,BEDOK NTH RD,04 TO 06,67.0,New Generation,1977,52 years,400000.0
2024-08-01,BEDOK,3 ROOM,74,BEDOK NTH RD,01 TO 03,59.0,Improved,1978,52 years 06 months,380000.0
2024-08-01,BEDOK,3 ROOM,107,BEDOK NTH RD,04 TO 06,67.0,New Generation,1977,51 years 11 months,402000.0
2024-08-01,BEDOK,3 ROOM,124,BEDOK NTH RD,10 TO 12,67.0,New Generation,1978,52 years 09 months,375000.0
2024-08-01,BEDOK,3 ROOM,420,BEDOK NTH ST 1,04 TO 06,68.0,New Generation,1979,53 years 06 months,420000.0
2024-08-01,BEDOK,3 ROOM,202,BEDOK NTH ST 1,07 TO 09,67.0,New Generation,1979,54 years,430000.0
2024-08-01,BEDOK,3 ROOM,420,BEDOK NTH ST 1,01 TO 03,68.0,New Generation,1979,53 years 07 months,400000.0
2024-08-01,BEDOK,3 ROOM,420,BEDOK NTH ST 1,01 TO 03,68.0,New Generation,1979,53 years 05 months,408888.0
2024-08-01,BEDOK,3 ROOM,134,BEDOK NTH ST 2,04 TO 06,82.0,New Generation,1978,52 years 11 months,460000.0
2024-08-01,BEDOK,3 ROOM,135,BEDOK NTH ST 2,07 TO 09,67.0,New Generation,1978,52 years 10 months,390000.0
2024-08-01,BEDOK,3 ROOM,135,BEDOK NTH ST 2,07 TO 09,67.0,New Generation,1978,52 years 10 months,430000.0
2024-08-01,BEDOK,3 ROOM,530,BEDOK NTH ST 3,01 TO 03,68.0,New Generation,1979,54 years 02 months,360000.0
2024-08-01,BEDOK,3 ROOM,525,BEDOK NTH ST 3,10 TO 12,67.0,New Generation,1979,54 years,400000.0
2024-08-01,BEDOK,3 ROOM,501,BEDOK NTH ST 3,10 TO 12,59.0,Improved,1978,52 years 09 months,365000.0
2024-08-01,BEDOK,3 ROOM,526,BEDOK NTH ST 3,13 TO 15,67.0,New Generation,1979,54 years,380000.0
2024-08-01,BEDOK,3 ROOM,501,BEDOK NTH ST 3,04 TO 06,70.0,Improved,1978,52 years 09 months,365000.0
2024-08-01,BEDOK,3 ROOM,554,BEDOK NTH ST 3,04 TO 06,82.0,New Generation,1980,54 years 11 months,420000.0
2024-08-01,BEDOK,3 ROOM,546,BEDOK NTH ST 3,07 TO 09,68.0,New Generation,1980,54 years 10 months,406800.0
2024-08-01,BEDOK,3 ROOM,510,BEDOK NTH ST 3,01 TO 03,67.0,New Generation,1979,54 years 02 months,410000.0
2024-08-01,BEDOK,3 ROOM,502,BEDOK NTH ST 3,07 TO 09,59.0,Improved,1978,52 years 09 months,345000.0
2024-08-01,BEDOK,3 ROOM,620,BEDOK RESERVOIR RD,07 TO 09,68.0,Improved,1986,61 years 02 months,432000.0
2024-08-01,BEDOK,3 ROOM,105,BEDOK RESERVOIR RD,07 TO 09,67.0,New Generation,1985,60 years 01 month,406000.0
2024-08-01,BEDOK,3 ROOM,103,BEDOK RESERVOIR RD,07 TO 09,67.0,New Generation,1985,59 years 11 months,408000.0
2024-08-01,BEDOK,3 ROOM,628,BEDOK RESERVOIR RD,10 TO 12,67.0,New Generation,1983,57 years 06 months,420000.0
2024-08-01,BEDOK,3 ROOM,109,BEDOK RESERVOIR RD,01 TO 03,67.0,New Generation,1985,60 years 01 month,410000.0
2024-08-01,BEDOK,3 ROOM,615,BEDOK RESERVOIR RD,01 TO 03,68.0,New Generation,1981,55 years 09 months,400000.0
2024-08-01,BEDOK,3 ROOM,151,BEDOK RESERVOIR RD,01 TO 03,63.0,Simplified,1988,63 years 02 months,355000.0
2024-08-01,BEDOK,3 ROOM,615,BEDOK RESERVOIR RD,01 TO 03,68.0,New Generation,1981,55 years 09 months,408000.0
2024-08-01,BEDOK,3 ROOM,1,BEDOK STH AVE 1,01 TO 03,59.0,Improved,1976,50 years 07 months,348000.0
2024-08-01,BEDOK,3 ROOM,1,BEDOK STH AVE 1,07 TO 09,59.0,Improved,1976,50 years 07 months,382000.0
2024-08-01,BEDOK,3 ROOM,3,BEDOK STH AVE 1,13 TO 15,59.0,Improved,1976,50 years 06 months,335000.0
2024-08-01,BEDOK,3 ROOM,3,BEDOK STH AVE 1,10 TO 12,59.0,Improved,1976,50 years 06 months,360000.0
2024-08-01,BEDOK,3 ROOM,4,BEDOK STH AVE 1,04 TO 06,65.0,Improved,1976,50 years 05 months,365000.0
2024-08-01,BEDOK,3 ROOM,40,BEDOK STH RD,04 TO 06,67.0,New Generation,1978,53 years 02 months,350000.0
2024-08-01,BEDOK,3 ROOM,36,CHAI CHEE AVE,01 TO 03,65.0,Improved,1974,48 years 07 months,350000.0
2024-08-01,BEDOK,3 ROOM,32,CHAI CHEE AVE,10 TO 12,65.0,Improved,1974,48 years 06 months,375000.0
2024-08-01,BEDOK,3 ROOM,55,CHAI CHEE DR,07 TO 09,76.0,Model A,1984,58 years 10 months,423000.0
2024-08-01,BEDOK,3 ROOM,808A,CHAI CHEE RD,04 TO 06,68.0,Model A,2016,91 years 04 months,595000.0
2024-08-01,BEDOK,3 ROOM,29,NEW UPP CHANGI RD,07 TO 09,65.0,Improved,1977,51 years 10 months,360000.0
2024-08-01,BEDOK,3 ROOM,29,NEW UPP CHANGI RD,13 TO 15,65.0,Improved,1977,51 years 10 months,378000.0
2024-08-01,BEDOK,3 ROOM,25,NEW UPP CHANGI RD,01 TO 03,66.0,Improved,1974,48 years 11 months,345000.0
2024-08-01,BEDOK,3 ROOM,24,NEW UPP CHANGI RD,13 TO 15,73.0,New Generation,1978,53 years 02 months,420000.0
2024-08-01,BEDOK,3 ROOM,57,NEW UPP CHANGI RD,07 TO 09,60.0,Improved,1985,60 years 02 months,398888.0
2024-08-01,BEDOK,3 ROOM,27,NEW UPP CHANGI RD,10 TO 12,65.0,Improved,1982,57 years 01 month,420000.0
2024-08-01,BEDOK,4 ROOM,548,BEDOK NTH AVE 1,01 TO 03,93.0,New Generation,1980,54 years 11 months,495000.0
2024-08-01,BEDOK,4 ROOM,520,BEDOK NTH AVE 1,01 TO 03,92.0,New Generation,1979,54 years,511888.0
2024-08-01,BEDOK,4 ROOM,517,BEDOK NTH AVE 2,04 TO 06,92.0,New Generation,1979,54 years 01 month,560000.0
2024-08-01,BEDOK,4 ROOM,512,BEDOK NTH AVE 2,07 TO 09,92.0,New Generation,1979,54 years,508000.0
2024-08-01,BEDOK,4 ROOM,133,BEDOK NTH AVE 3,13 TO 15,92.0,New Generation,1978,52 years 10 months,522000.0
2024-08-01,BEDOK,4 ROOM,93,BEDOK NTH AVE 4,07 TO 09,92.0,New Generation,1979,53 years 11 months,495000.0
2024-08-01,BEDOK,4 ROOM,102,BEDOK NTH AVE 4,13 TO 15,91.0,New Generation,1977,51 years 11 months,510000.0
2024-08-01,BEDOK,4 ROOM,100,BEDOK NTH AVE 4,04 TO 06,92.0,New Generation,1978,53 years 04 months,465500.0
2024-08-01,BEDOK,4 ROOM,421,BEDOK NTH RD,07 TO 09,92.0,New Generation,1979,53 years 06 months,540000.0
2024-08-01,BEDOK,4 ROOM,80,BEDOK NTH RD,01 TO 03,91.0,New Generation,1978,52 years 11 months,462000.0
2024-08-01,BEDOK,4 ROOM,421,BEDOK NTH RD,01 TO 03,92.0,New Generation,1979,53 years 06 months,490000.0
2024-08-01,BEDOK,4 ROOM,130,BEDOK NTH ST 2,01 TO 03,92.0,New Generation,1978,52 years 09 months,501000.0
2024-08-01,BEDOK,4 ROOM,129,BEDOK NTH ST 2,01 TO 03,92.0,New Generation,1978,52 years 09 months,490000.0
2024-08-01,BEDOK,4 ROOM,523,BEDOK NTH ST 3,10 TO 12,92.0,New Generation,1979,54 years,498000.0
2024-08-01,BEDOK,4 ROOM,523,BEDOK NTH ST 3,07 TO 09,92.0,New Generation,1979,54 years,490000.0
2024-08-01,BEDOK,4 ROOM,542,BEDOK NTH ST 3,04 TO 06,93.0,New Generation,1985,60 years 01 month,502000.0
2024-08-01,BEDOK,4 ROOM,188C,BEDOK NTH ST 4,04 TO 06,93.0,Model A,2020,94 years 06 months,778000.0
2024-08-01,BEDOK,4 ROOM,106,BEDOK RESERVOIR RD,01 TO 03,91.0,New Generation,1985,60 years 01 month,512000.0
2024-08-01,BEDOK,4 ROOM,125,BEDOK RESERVOIR RD,01 TO 03,84.0,Simplified,1987,62 years,530000.0
2024-08-01,BEDOK,4 ROOM,106,BEDOK RESERVOIR RD,04 TO 06,91.0,New Generation,1985,60 years 03 months,530000.0
2024-08-01,BEDOK,4 ROOM,110,BEDOK RESERVOIR RD,10 TO 12,93.0,New Generation,1985,60 years 01 month,555000.0
2024-08-01,BEDOK,4 ROOM,139,BEDOK RESERVOIR RD,04 TO 06,84.0,Simplified,1988,62 years 09 months,530000.0
2024-08-01,BEDOK,4 ROOM,613B,BEDOK RESERVOIR RD,04 TO 06,101.0,Model A,1998,72 years 07 months,633000.0
2024-08-01,BEDOK,4 ROOM,704,BEDOK RESERVOIR RD,04 TO 06,93.0,New Generation,1981,56 years,536000.0
2024-08-01,BEDOK,4 ROOM,626,BEDOK RESERVOIR RD,01 TO 03,91.0,New Generation,1981,55 years 08 months,488000.0
2024-08-01,BEDOK,4 ROOM,133,BEDOK RESERVOIR RD,07 TO 09,84.0,Simplified,1987,61 years 05 months,568000.0
2024-08-01,BEDOK,4 ROOM,767,BEDOK RESERVOIR VIEW,07 TO 09,105.0,Premium Apartment,2000,75 years 05 months,700000.0
2024-08-01,BEDOK,4 ROOM,765,BEDOK RESERVOIR VIEW,10 TO 12,107.0,Premium Apartment,2000,75 years 05 months,772000.0
2024-08-01,BEDOK,4 ROOM,765,BEDOK RESERVOIR VIEW,04 TO 06,105.0,Premium Apartment,2000,75 years 05 months,715000.0
2024-08-01,BEDOK,4 ROOM,23,BEDOK STH AVE 1,13 TO 15,98.0,New Generation,1977,51 years 10 months,588000.0
2024-08-01,BEDOK,4 ROOM,22,BEDOK STH AVE 1,10 TO 12,98.0,New Generation,1977,51 years 09 months,570000.0
2024-08-01,BEDOK,4 ROOM,7,BEDOK STH AVE 2,13 TO 15,82.0,Improved,1976,50 years 07 months,472888.0
2024-08-01,BEDOK,4 ROOM,39,BEDOK STH RD,07 TO 09,92.0,New Generation,1978,53 years 02 months,508888.0
2024-08-01,BEDOK,4 ROOM,163,BEDOK STH RD,04 TO 06,83.0,Simplified,1985,59 years 09 months,535000.0
2024-08-01,BEDOK,4 ROOM,35,CHAI CHEE AVE,16 TO 18,82.0,Improved,1975,49 years 06 months,530888.0
2024-08-01,BEDOK,4 ROOM,808C,CHAI CHEE RD,10 TO 12,93.0,Model A,2016,91 years 04 months,815000.0
2024-08-01,BEDOK,4 ROOM,807C,CHAI CHEE RD,04 TO 06,93.0,Model A,2016,91 years 04 months,736000.0
2024-08-01,BEDOK,4 ROOM,43,CHAI CHEE ST,10 TO 12,92.0,New Generation,1980,54 years 10 months,508000.0
2024-08-01,BEDOK,4 ROOM,658,JLN TENAGA,10 TO 12,106.0,Model A,1996,71 years 03 months,708000.0
2024-08-01,BEDOK,4 ROOM,52,NEW UPP CHANGI RD,01 TO 03,84.0,Improved,1977,52 years 02 months,455000.0
2024-08-01,BEDOK,5 ROOM,516,BEDOK NTH AVE 2,22 TO 24,119.0,Improved,1979,54 years 01 month,775000.0
2024-08-01,BEDOK,5 ROOM,516,BEDOK NTH AVE 2,16 TO 18,119.0,Improved,1979,54 years 01 month,720000.0
2024-08-01,BEDOK,5 ROOM,98,BEDOK NTH AVE 4,16 TO 18,120.0,Standard,1978,53 years 04 months,685000.0
2024-08-01,BEDOK,5 ROOM,120,BEDOK NTH ST 2,04 TO 06,117.0,Standard,1978,52 years 08 months,600000.0
2024-08-01,BEDOK,5 ROOM,120,BEDOK NTH ST 2,16 TO 18,117.0,Standard,1978,52 years 08 months,678000.0
2024-08-01,BEDOK,5 ROOM,747A,BEDOK RESERVOIR CRES,04 TO 06,105.0,DBSS,2014,89 years 01 month,980000.0
2024-08-01,BEDOK,5 ROOM,104,BEDOK RESERVOIR RD,13 TO 15,121.0,Improved,1985,60 years,660000.0
2024-08-01,BEDOK,5 ROOM,601,BEDOK RESERVOIR RD,04 TO 06,121.0,Improved,1982,56 years 10 months,638888.0
2024-08-01,BEDOK,5 ROOM,717,BEDOK RESERVOIR RD,04 TO 06,140.0,Model A-Maisonette,1984,58 years 07 months,878888.0
2024-08-01,BEDOK,5 ROOM,714,BEDOK RESERVOIR RD,01 TO 03,121.0,Improved,1980,55 years 04 months,605000.0
2024-08-01,BEDOK,5 ROOM,601,BEDOK RESERVOIR RD,10 TO 12,123.0,Improved,1982,56 years 10 months,730000.0
2024-08-01,BEDOK,5 ROOM,601,BEDOK RESERVOIR RD,04 TO 06,121.0,Improved,1982,56 years 10 months,640000.0
2024-08-01,BEDOK,5 ROOM,714,BEDOK RESERVOIR RD,07 TO 09,121.0,Improved,1980,55 years 04 months,700000.0
2024-08-01,BEDOK,5 ROOM,774,BEDOK RESERVOIR VIEW,10 TO 12,115.0,Premium Apartment,2000,75 years 05 months,823000.0
2024-08-01,BEDOK,5 ROOM,766,BEDOK RESERVOIR VIEW,07 TO 09,115.0,Premium Apartment,2000,75 years 06 months,810000.0
2024-08-01,BEDOK,5 ROOM,766,BEDOK RESERVOIR VIEW,16 TO 18,117.0,Premium Apartment,2000,75 years 05 months,835000.0
2024-08-01,BEDOK,5 ROOM,774,BEDOK RESERVOIR VIEW,04 TO 06,115.0,Premium Apartment,2000,75 years 05 months,810000.0
2024-08-01,BEDOK,5 ROOM,773,BEDOK RESERVOIR VIEW,19 TO 21,115.0,Premium Apartment,2000,75 years 05 months,850000.0
2024-08-01,BEDOK,5 ROOM,72,BEDOK STH AVE 3,04 TO 06,123.0,Standard,1978,53 years 02 months,693000.0
2024-08-01,BEDOK,5 ROOM,19,BEDOK STH RD,04 TO 06,114.0,Standard,1976,50 years 06 months,675000.0
2024-08-01,BEDOK,5 ROOM,51,CHAI CHEE ST,04 TO 06,121.0,Improved,1981,55 years 11 months,655000.0
2024-08-01,BEDOK,5 ROOM,656,JLN TENAGA,04 TO 06,126.0,Improved,1996,71 years 04 months,788000.0
2024-08-01,BEDOK,EXECUTIVE,114,BEDOK RESERVOIR RD,04 TO 06,148.0,Maisonette,1985,60 years 04 months,890000.0
2024-08-01,BEDOK,EXECUTIVE,725,BEDOK RESERVOIR RD,16 TO 18,151.0,Maisonette,1984,59 years 02 months,970000.0
2024-08-01,BEDOK,EXECUTIVE,145,BEDOK RESERVOIR RD,01 TO 03,143.0,Maisonette,1987,61 years 07 months,850000.0
2024-08-01,BEDOK,EXECUTIVE,644,BEDOK RESERVOIR RD,04 TO 06,144.0,Apartment,1993,67 years 10 months,920000.0
2024-08-01,BEDOK,EXECUTIVE,725,BEDOK RESERVOIR RD,10 TO 12,151.0,Maisonette,1984,59 years 01 month,950000.0
2024-08-01,BEDOK,EXECUTIVE,721,BEDOK RESERVOIR RD,13 TO 15,144.0,Apartment,1984,58 years 06 months,990000.0
2024-08-01,BEDOK,EXECUTIVE,636,BEDOK RESERVOIR RD,04 TO 06,142.0,Apartment,1993,67 years 09 months,1080000.0
2024-08-01,BEDOK,EXECUTIVE,115,BEDOK RESERVOIR RD,04 TO 06,150.0,Maisonette,1985,60 years 03 months,900000.0
2024-08-01,BEDOK,EXECUTIVE,665,JLN DAMAI,04 TO 06,146.0,Maisonette,1996,71 years 02 months,970000.0
2024-08-01,BEDOK,EXECUTIVE,104,LENGKONG TIGA,07 TO 09,146.0,Maisonette,1989,63 years 07 months,1080000.0
2024-08-01,BISHAN,3 ROOM,150A,BISHAN ST 11,01 TO 03,64.0,Simplified,1989,63 years 06 months,465000.0
2024-08-01,BISHAN,3 ROOM,115,BISHAN ST 12,01 TO 03,64.0,Simplified,1986,60 years 06 months,540000.0
2024-08-01,BISHAN,3 ROOM,171,BISHAN ST 13,04 TO 06,64.0,Simplified,1988,62 years 06 months,507000.0
2024-08-01,BISHAN,3 ROOM,403,SIN MING AVE,10 TO 12,64.0,Simplified,1986,61 years 01 month,540000.0
2024-08-01,BISHAN,3 ROOM,22,SIN MING RD,07 TO 09,68.0,Improved,1973,48 years 03 months,345000.0
2024-08-01,BISHAN,3 ROOM,24,SIN MING RD,10 TO 12,65.0,Improved,1973,48 years 03 months,378888.0
2024-08-01,BISHAN,4 ROOM,149,BISHAN ST 11,04 TO 06,103.0,Model A,1987,61 years 06 months,677888.0
2024-08-01,BISHAN,4 ROOM,113,BISHAN ST 12,10 TO 12,84.0,Simplified,1986,60 years 06 months,745000.0
2024-08-01,BISHAN,4 ROOM,184,BISHAN ST 13,04 TO 06,84.0,Simplified,1988,62 years 07 months,730000.0
2024-08-01,BISHAN,4 ROOM,188,BISHAN ST 13,10 TO 12,84.0,Simplified,1988,62 years 08 months,802000.0
2024-08-01,BISHAN,4 ROOM,184,BISHAN ST 13,10 TO 12,84.0,Simplified,1988,62 years 07 months,660000.0
2024-08-01,BISHAN,4 ROOM,164,BISHAN ST 13,04 TO 06,104.0,Model A,1988,63 years,720000.0
2024-08-01,BISHAN,4 ROOM,172,BISHAN ST 13,04 TO 06,83.0,Simplified,1987,62 years 05 months,680000.0
2024-08-01,BISHAN,4 ROOM,262,BISHAN ST 22,04 TO 06,104.0,Model A,1992,66 years 11 months,785000.0
2024-08-01,BISHAN,4 ROOM,232,BISHAN ST 22,01 TO 03,105.0,Model A,1992,66 years 10 months,710000.0
2024-08-01,BISHAN,4 ROOM,285,BISHAN ST 22,13 TO 15,108.0,Model A,1992,67 years,905000.0
2024-08-01,BISHAN,4 ROOM,214,BISHAN ST 23,01 TO 03,111.0,Model A,1992,66 years 10 months,780000.0
2024-08-01,BISHAN,4 ROOM,228,BISHAN ST 23,13 TO 15,104.0,Model A,1992,66 years 09 months,850000.0
2024-08-01,BISHAN,4 ROOM,288,BISHAN ST 24,10 TO 12,100.0,Premium Apartment,1998,72 years 11 months,808888.0
2024-08-01,BISHAN,4 ROOM,272,BISHAN ST 24,04 TO 06,104.0,Model A,1992,67 years,705000.0
2024-08-01,BISHAN,4 ROOM,406,SIN MING AVE,07 TO 09,89.0,Simplified,1987,61 years 09 months,768000.0
2024-08-01,BISHAN,5 ROOM,138,BISHAN ST 12,07 TO 09,122.0,Improved,1987,62 years,950000.0
2024-08-01,BISHAN,5 ROOM,183,BISHAN ST 13,16 TO 18,121.0,Improved,1987,61 years 09 months,1045000.0
2024-08-01,BISHAN,5 ROOM,156,BISHAN ST 13,16 TO 18,128.0,Improved,1988,63 years 01 month,1008000.0
2024-08-01,BISHAN,5 ROOM,213,BISHAN ST 23,10 TO 12,139.0,Model A,1992,66 years 10 months,1060000.0
2024-08-01,BISHAN,5 ROOM,209,BISHAN ST 23,07 TO 09,135.0,Model A,1992,66 years 09 months,989888.0
2024-08-01,BISHAN,5 ROOM,226,BISHAN ST 23,13 TO 15,135.0,Model A,1992,66 years 09 months,1038000.0
2024-08-01,BISHAN,5 ROOM,291,BISHAN ST 24,16 TO 18,121.0,Premium Apartment,1998,72 years 11 months,1028888.0
2024-08-01,BISHAN,5 ROOM,290,BISHAN ST 24,13 TO 15,123.0,Premium Apartment,1998,72 years 11 months,1100000.0
2024-08-01,BISHAN,5 ROOM,447,BRIGHT HILL DR,10 TO 12,125.0,Improved,1990,64 years 05 months,915000.0
2024-08-01,BISHAN,EXECUTIVE,240,BISHAN ST 22,01 TO 03,146.0,Maisonette,1992,67 years 01 month,1188888.0
2024-08-01,BISHAN,EXECUTIVE,245,BISHAN ST 22,10 TO 12,154.0,Maisonette,1992,67 years,1280000.0
2024-08-01,BISHAN,EXECUTIVE,245,BISHAN ST 22,04 TO 06,148.0,Maisonette,1992,67 years,1280000.0
2024-08-01,BISHAN,EXECUTIVE,257,BISHAN ST 22,04 TO 06,148.0,Maisonette,1992,67 years,1015000.0
2024-08-01,BISHAN,EXECUTIVE,301,SHUNFU RD,01 TO 03,146.0,Maisonette,1985,60 years,1120000.0
2024-08-01,BUKIT BATOK,2 ROOM,435B,BT BATOK WEST AVE 5,13 TO 15,47.0,Model A,2020,94 years 07 months,370000.0
2024-08-01,BUKIT BATOK,2 ROOM,450A,BT BATOK WEST AVE 6,10 TO 12,47.0,Model A,2019,93 years 08 months,382000.0
2024-08-01,BUKIT BATOK,2 ROOM,450A,BT BATOK WEST AVE 6,10 TO 12,38.0,Model A,2019,93 years 08 months,345000.0
2024-08-01,BUKIT BATOK,2 ROOM,438B,BT BATOK WEST AVE 8,04 TO 06,38.0,Model A,2020,94 years 07 months,330000.0
2024-08-01,BUKIT BATOK,2 ROOM,438A,BT BATOK WEST AVE 8,10 TO 12,47.0,Model A,2020,94 years 07 months,380888.0
2024-08-01,BUKIT BATOK,2 ROOM,445B,BT BATOK WEST AVE 8,04 TO 06,47.0,Model A,2019,93 years 07 months,358888.0
2024-08-01,BUKIT BATOK,2 ROOM,439A,BT BATOK WEST AVE 8,10 TO 12,47.0,Model A,2020,94 years 07 months,360000.0
2024-08-01,BUKIT BATOK,2 ROOM,438A,BT BATOK WEST AVE 8,13 TO 15,47.0,Model A,2020,94 years 07 months,370000.0
2024-08-01,BUKIT BATOK,2 ROOM,445B,BT BATOK WEST AVE 8,10 TO 12,47.0,Model A,2019,93 years 06 months,360000.0
2024-08-01,BUKIT BATOK,2 ROOM,438A,BT BATOK WEST AVE 8,13 TO 15,47.0,Model A,2020,94 years 07 months,418000.0
2024-08-01,BUKIT BATOK,2 ROOM,440A,BT BATOK WEST AVE 8,10 TO 12,47.0,2-room,2019,93 years 07 months,353000.0
2024-08-01,BUKIT BATOK,2 ROOM,460C,BT BATOK WEST AVE 9,07 TO 09,48.0,2-room,2020,94 years 10 months,355000.0
2024-08-01,BUKIT BATOK,2 ROOM,460C,BT BATOK WEST AVE 9,01 TO 03,48.0,2-room,2020,94 years 10 months,330000.0
2024-08-01,BUKIT BATOK,2 ROOM,460D,BT BATOK WEST AVE 9,01 TO 03,48.0,2-room,2020,94 years 10 months,350000.0
2024-08-01,BUKIT BATOK,3 ROOM,225,BT BATOK CTRL,04 TO 06,67.0,New Generation,1985,60 years 01 month,410000.0
2024-08-01,BUKIT BATOK,3 ROOM,227,BT BATOK CTRL,01 TO 03,67.0,New Generation,1985,59 years 08 months,385000.0
2024-08-01,BUKIT BATOK,3 ROOM,230,BT BATOK EAST AVE 3,04 TO 06,67.0,New Generation,1985,60 years 03 months,388000.0
2024-08-01,BUKIT BATOK,3 ROOM,283,BT BATOK EAST AVE 3,10 TO 12,64.0,Simplified,1988,62 years 08 months,380000.0
2024-08-01,BUKIT BATOK,3 ROOM,272,BT BATOK EAST AVE 4,07 TO 09,64.0,Simplified,1986,61 years 03 months,390000.0
2024-08-01,BUKIT BATOK,3 ROOM,272,BT BATOK EAST AVE 4,07 TO 09,64.0,Simplified,1986,61 years 01 month,390000.0
2024-08-01,BUKIT BATOK,3 ROOM,233,BT BATOK EAST AVE 5,01 TO 03,67.0,New Generation,1985,59 years 10 months,400000.0
2024-08-01,BUKIT BATOK,3 ROOM,239,BT BATOK EAST AVE 5,10 TO 12,67.0,New Generation,1985,59 years 07 months,385000.0
2024-08-01,BUKIT BATOK,3 ROOM,249,BT BATOK EAST AVE 5,10 TO 12,73.0,Model A,1985,59 years 08 months,410000.0
2024-08-01,BUKIT BATOK,3 ROOM,163,BT BATOK ST 11,10 TO 12,73.0,Model A,1985,59 years 06 months,401000.0
2024-08-01,BUKIT BATOK,3 ROOM,304,BT BATOK ST 31,10 TO 12,68.0,New Generation,1985,60 years,410000.0
2024-08-01,BUKIT BATOK,3 ROOM,377,BT BATOK ST 31,04 TO 06,67.0,Model A,2019,93 years 09 months,498000.0
2024-08-01,BUKIT BATOK,3 ROOM,377,BT BATOK ST 31,16 TO 18,67.0,Model A,2019,93 years 09 months,560000.0
2024-08-01,BUKIT BATOK,3 ROOM,368,BT BATOK ST 31,01 TO 03,68.0,New Generation,1987,61 years 06 months,368000.0
2024-08-01,BUKIT BATOK,3 ROOM,377,BT BATOK ST 31,04 TO 06,67.0,Model A,2019,93 years 09 months,510000.0
2024-08-01,BUKIT BATOK,3 ROOM,305,BT BATOK ST 31,04 TO 06,68.0,New Generation,1985,59 years 11 months,420000.0
2024-08-01,BUKIT BATOK,3 ROOM,342,BT BATOK ST 34,04 TO 06,64.0,Simplified,1987,62 years 05 months,360000.0
2024-08-01,BUKIT BATOK,3 ROOM,340,BT BATOK ST 34,10 TO 12,73.0,Model A,1987,61 years 11 months,421000.0
2024-08-01,BUKIT BATOK,3 ROOM,509,BT BATOK ST 52,01 TO 03,64.0,Simplified,1987,61 years 11 months,380000.0
2024-08-01,BUKIT BATOK,3 ROOM,509,BT BATOK ST 52,04 TO 06,64.0,Simplified,1987,61 years 11 months,380000.0
2024-08-01,BUKIT BATOK,3 ROOM,421,BT BATOK WEST AVE 2,10 TO 12,68.0,New Generation,1988,62 years 09 months,383000.0
2024-08-01,BUKIT BATOK,3 ROOM,423,BT BATOK WEST AVE 2,04 TO 06,68.0,New Generation,1988,63 years,390000.0
2024-08-01,BUKIT BATOK,3 ROOM,407,BT BATOK WEST AVE 4,01 TO 03,68.0,New Generation,1988,62 years 09 months,365000.0
2024-08-01,BUKIT BATOK,3 ROOM,409,BT BATOK WEST AVE 4,01 TO 03,68.0,New Generation,1988,62 years 08 months,365000.0
2024-08-01,BUKIT BATOK,3 ROOM,436A,BT BATOK WEST AVE 5,13 TO 15,68.0,Model A,2020,94 years 07 months,495000.0
2024-08-01,BUKIT BATOK,3 ROOM,436A,BT BATOK WEST AVE 5,04 TO 06,68.0,Model A,2020,94 years 07 months,460000.0
2024-08-01,BUKIT BATOK,3 ROOM,450D,BT BATOK WEST AVE 6,07 TO 09,67.0,Model A,2019,93 years 08 months,480000.0
2024-08-01,BUKIT BATOK,3 ROOM,450D,BT BATOK WEST AVE 6,19 TO 21,67.0,Model A,2019,93 years 08 months,505505.0
2024-08-01,BUKIT BATOK,3 ROOM,450D,BT BATOK WEST AVE 6,13 TO 15,67.0,Model A,2019,93 years 08 months,508000.0
2024-08-01,BUKIT BATOK,3 ROOM,194B,BT BATOK WEST AVE 6,22 TO 24,68.0,Premium Apartment,2017,92 years,550000.0
2024-08-01,BUKIT BATOK,3 ROOM,135,BT BATOK WEST AVE 6,01 TO 03,68.0,New Generation,1984,59 years 05 months,375000.0
2024-08-01,BUKIT BATOK,3 ROOM,450D,BT BATOK WEST AVE 6,10 TO 12,67.0,Model A,2019,93 years 08 months,483000.0
2024-08-01,BUKIT BATOK,3 ROOM,127,BT BATOK WEST AVE 6,10 TO 12,73.0,Model A,1985,59 years 06 months,430000.0
2024-08-01,BUKIT BATOK,3 ROOM,138,BT BATOK WEST AVE 6,01 TO 03,68.0,New Generation,1984,59 years 01 month,360000.0
2024-08-01,BUKIT BATOK,3 ROOM,177,BT BATOK WEST AVE 8,07 TO 09,73.0,Model A,1985,59 years 06 months,415888.0
2024-08-01,BUKIT BATOK,3 ROOM,167,BT BATOK WEST AVE 8,04 TO 06,74.0,Model A,1984,59 years 06 months,425000.0
2024-08-01,BUKIT BATOK,3 ROOM,438B,BT BATOK WEST AVE 8,13 TO 15,68.0,Model A,2020,94 years 07 months,515000.0
2024-08-01,BUKIT BATOK,3 ROOM,441C,BT BATOK WEST AVE 8,10 TO 12,67.0,Model A,2019,93 years 08 months,480888.0
2024-08-01,BUKIT BATOK,3 ROOM,440A,BT BATOK WEST AVE 8,10 TO 12,67.0,Model A,2019,93 years 08 months,506000.0
2024-08-01,BUKIT BATOK,3 ROOM,448A,BT BATOK WEST AVE 9,04 TO 06,68.0,Model A,2019,93 years 08 months,480000.0
2024-08-01,BUKIT BATOK,4 ROOM,123,BT BATOK CTRL,01 TO 03,97.0,New Generation,1985,59 years 08 months,540000.0
2024-08-01,BUKIT BATOK,4 ROOM,264,BT BATOK EAST AVE 4,07 TO 09,103.0,Model A,1985,59 years 08 months,508000.0
2024-08-01,BUKIT BATOK,4 ROOM,240,BT BATOK EAST AVE 5,10 TO 12,91.0,New Generation,1985,60 years 04 months,522888.0
2024-08-01,BUKIT BATOK,4 ROOM,253,BT BATOK EAST AVE 5,04 TO 06,93.0,New Generation,1985,59 years 09 months,481000.0
2024-08-01,BUKIT BATOK,4 ROOM,292C,BT BATOK EAST AVE 6,16 TO 18,92.0,Model A,2019,93 years 06 months,718000.0
2024-08-01,BUKIT BATOK,4 ROOM,292C,BT BATOK EAST AVE 6,22 TO 24,92.0,Model A,2019,93 years 06 months,738000.0
2024-08-01,BUKIT BATOK,4 ROOM,292B,BT BATOK EAST AVE 6,31 TO 33,93.0,Model A,2019,93 years 06 months,768000.0
2024-08-01,BUKIT BATOK,4 ROOM,292C,BT BATOK EAST AVE 6,19 TO 21,92.0,Model A,2019,93 years 06 months,760178.0
2024-08-01,BUKIT BATOK,4 ROOM,293A,BT BATOK ST 21,13 TO 15,93.0,Model A,2019,93 years 07 months,710000.0
2024-08-01,BUKIT BATOK,4 ROOM,293D,BT BATOK ST 21,13 TO 15,93.0,Model A,2019,93 years 06 months,740000.0
2024-08-01,BUKIT BATOK,4 ROOM,293D,BT BATOK ST 21,01 TO 03,93.0,Model A,2019,93 years 06 months,600000.0
2024-08-01,BUKIT BATOK,4 ROOM,293C,BT BATOK ST 21,28 TO 30,92.0,Model A,2019,93 years 05 months,788888.0
2024-08-01,BUKIT BATOK,4 ROOM,296C,BT BATOK ST 22,07 TO 09,92.0,Premium Apartment,2018,92 years 07 months,685999.0
2024-08-01,BUKIT BATOK,4 ROOM,298,BT BATOK ST 22,19 TO 21,100.0,Model A,1997,71 years 11 months,688000.0
2024-08-01,BUKIT BATOK,4 ROOM,291B,BT BATOK ST 24,04 TO 06,103.0,Model A,1998,72 years 06 months,533000.0
2024-08-01,BUKIT BATOK,4 ROOM,288E,BT BATOK ST 25,04 TO 06,102.0,Model A,1998,73 years,562888.0
2024-08-01,BUKIT BATOK,4 ROOM,318,BT BATOK ST 32,04 TO 06,93.0,New Generation,1986,60 years 09 months,495000.0
2024-08-01,BUKIT BATOK,4 ROOM,336,BT BATOK ST 32,04 TO 06,84.0,Simplified,1986,61 years 04 months,468000.0
2024-08-01,BUKIT BATOK,4 ROOM,320,BT BATOK ST 33,04 TO 06,89.0,Simplified,1987,62 years 02 months,465000.0
2024-08-01,BUKIT BATOK,4 ROOM,341,BT BATOK ST 34,10 TO 12,103.0,Model A,1986,60 years 09 months,535000.0
2024-08-01,BUKIT BATOK,4 ROOM,525,BT BATOK ST 52,01 TO 03,84.0,Simplified,1987,62 years 01 month,475000.0
2024-08-01,BUKIT BATOK,4 ROOM,525,BT BATOK ST 52,01 TO 03,84.0,Simplified,1987,62 years 01 month,468000.0
2024-08-01,BUKIT BATOK,4 ROOM,420,BT BATOK WEST AVE 2,10 TO 12,94.0,New Generation,1988,62 years 10 months,480000.0
2024-08-01,BUKIT BATOK,4 ROOM,394,BT BATOK WEST AVE 5,01 TO 03,92.0,Model A,2004,79 years 02 months,513000.0
2024-08-01,BUKIT BATOK,4 ROOM,437A,BT BATOK WEST AVE 5,04 TO 06,93.0,Model A,2020,94 years 08 months,618000.0
2024-08-01,BUKIT BATOK,4 ROOM,385,BT BATOK WEST AVE 5,07 TO 09,92.0,Model A,2005,79 years 06 months,535000.0
2024-08-01,BUKIT BATOK,4 ROOM,435B,BT BATOK WEST AVE 5,13 TO 15,93.0,Model A,2020,94 years 07 months,630000.0
2024-08-01,BUKIT BATOK,4 ROOM,435B,BT BATOK WEST AVE 5,13 TO 15,93.0,Model A,2020,94 years 07 months,648000.0
2024-08-01,BUKIT BATOK,4 ROOM,393,BT BATOK WEST AVE 5,19 TO 21,92.0,Model A,2004,79 years 03 months,542888.0
2024-08-01,BUKIT BATOK,4 ROOM,435C,BT BATOK WEST AVE 5,01 TO 03,93.0,Model A,2020,94 years 07 months,575000.0
2024-08-01,BUKIT BATOK,4 ROOM,386,BT BATOK WEST AVE 5,13 TO 15,90.0,Model A,2004,79 years 05 months,568888.0
2024-08-01,BUKIT BATOK,4 ROOM,437A,BT BATOK WEST AVE 5,10 TO 12,93.0,Model A,2020,94 years 07 months,670000.0
2024-08-01,BUKIT BATOK,4 ROOM,186,BT BATOK WEST AVE 6,07 TO 09,105.0,Model A,1989,63 years 07 months,595000.0
2024-08-01,BUKIT BATOK,4 ROOM,453A,BT BATOK WEST AVE 6,04 TO 06,93.0,Model A,2019,93 years 09 months,558000.0
2024-08-01,BUKIT BATOK,4 ROOM,450C,BT BATOK WEST AVE 6,10 TO 12,93.0,Model A,2019,93 years 08 months,645000.0
2024-08-01,BUKIT BATOK,4 ROOM,112,BT BATOK WEST AVE 6,01 TO 03,106.0,Model A,1984,59 years 03 months,512000.0
2024-08-01,BUKIT BATOK,4 ROOM,131,BT BATOK WEST AVE 6,01 TO 03,103.0,Model A,1984,59 years 05 months,555000.0
2024-08-01,BUKIT BATOK,4 ROOM,101,BT BATOK WEST AVE 6,01 TO 03,105.0,Model A,1985,59 years 11 months,540000.0
2024-08-01,BUKIT BATOK,4 ROOM,439B,BT BATOK WEST AVE 8,04 TO 06,93.0,Model A,2020,94 years 07 months,605000.0
2024-08-01,BUKIT BATOK,4 ROOM,443B,BT BATOK WEST AVE 8,10 TO 12,92.0,Model A,2019,93 years 09 months,625000.0
2024-08-01,BUKIT BATOK,4 ROOM,439C,BT BATOK WEST AVE 8,04 TO 06,93.0,Model A,2020,94 years 07 months,602000.0
2024-08-01,BUKIT BATOK,4 ROOM,176,BT BATOK WEST AVE 8,07 TO 09,103.0,Model A,1984,59 years 05 months,500000.0
2024-08-01,BUKIT BATOK,4 ROOM,441C,BT BATOK WEST AVE 8,10 TO 12,92.0,Model A,2019,93 years 08 months,650000.0
2024-08-01,BUKIT BATOK,4 ROOM,172,BT BATOK WEST AVE 8,13 TO 15,103.0,Model A,1985,59 years 10 months,542000.0
2024-08-01,BUKIT BATOK,4 ROOM,442C,BT BATOK WEST AVE 8,04 TO 06,92.0,Model A,2019,93 years 08 months,620000.0
2024-08-01,BUKIT BATOK,4 ROOM,461A,BT BATOK WEST AVE 8,04 TO 06,93.0,Model A,2019,94 years 02 months,610000.0
2024-08-01,BUKIT BATOK,4 ROOM,443C,BT BATOK WEST AVE 8,13 TO 15,92.0,Model A,2019,93 years 08 months,645888.0
2024-08-01,BUKIT BATOK,4 ROOM,438B,BT BATOK WEST AVE 8,04 TO 06,93.0,Model A,2020,94 years 07 months,598000.0
2024-08-01,BUKIT BATOK,4 ROOM,440D,BT BATOK WEST AVE 8,07 TO 09,92.0,Model A,2019,93 years 08 months,615000.0
2024-08-01,BUKIT BATOK,4 ROOM,438A,BT BATOK WEST AVE 8,01 TO 03,93.0,Model A,2020,94 years 07 months,577000.0
2024-08-01,BUKIT BATOK,4 ROOM,439C,BT BATOK WEST AVE 8,13 TO 15,93.0,Model A,2020,94 years 07 months,655000.0
2024-08-01,BUKIT BATOK,4 ROOM,176,BT BATOK WEST AVE 8,01 TO 03,103.0,Model A,1984,59 years 05 months,523323.0
2024-08-01,BUKIT BATOK,4 ROOM,438A,BT BATOK WEST AVE 8,04 TO 06,93.0,Model A,2020,94 years 06 months,650000.0
2024-08-01,BUKIT BATOK,4 ROOM,440D,BT BATOK WEST AVE 8,04 TO 06,92.0,Model A,2019,93 years 08 months,610000.0
2024-08-01,BUKIT BATOK,4 ROOM,439B,BT BATOK WEST AVE 8,13 TO 15,93.0,Model A,2020,94 years 06 months,675888.0
2024-08-01,BUKIT BATOK,4 ROOM,446A,BT BATOK WEST AVE 8,04 TO 06,92.0,Model A,2019,93 years 06 months,620000.0
2024-08-01,BUKIT BATOK,4 ROOM,439A,BT BATOK WEST AVE 8,07 TO 09,93.0,Model A,2020,94 years 06 months,645000.0
2024-08-01,BUKIT BATOK,4 ROOM,439B,BT BATOK WEST AVE 8,13 TO 15,93.0,Model A,2020,94 years 07 months,662000.0
2024-08-01,BUKIT BATOK,4 ROOM,461A,BT BATOK WEST AVE 8,01 TO 03,93.0,Model A,2019,94 years 01 month,575000.0
2024-08-01,BUKIT BATOK,4 ROOM,449A,BT BATOK WEST AVE 9,07 TO 09,93.0,Model A,2019,93 years 08 months,618000.0
2024-08-01,BUKIT BATOK,4 ROOM,448C,BT BATOK WEST AVE 9,10 TO 12,93.0,Model A,2019,93 years 08 months,622000.0
2024-08-01,BUKIT BATOK,4 ROOM,460D,BT BATOK WEST AVE 9,07 TO 09,93.0,Model A,2020,94 years 10 months,650000.0
2024-08-01,BUKIT BATOK,4 ROOM,449B,BT BATOK WEST AVE 9,07 TO 09,93.0,Model A,2019,93 years 08 months,653888.0
2024-08-01,BUKIT BATOK,4 ROOM,460A,BT BATOK WEST AVE 9,13 TO 15,93.0,Model A,2020,94 years 10 months,640000.0
2024-08-01,BUKIT BATOK,4 ROOM,460D,BT BATOK WEST AVE 9,19 TO 21,93.0,Model A,2020,94 years 10 months,680000.0
2024-08-01,BUKIT BATOK,4 ROOM,448C,BT BATOK WEST AVE 9,13 TO 15,93.0,Model A,2019,93 years 08 months,638000.0
2024-08-01,BUKIT BATOK,4 ROOM,449A,BT BATOK WEST AVE 9,10 TO 12,93.0,Model A,2019,93 years 08 months,630000.0
2024-08-01,BUKIT BATOK,4 ROOM,460A,BT BATOK WEST AVE 9,01 TO 03,93.0,Model A,2020,94 years 10 months,580000.0
2024-08-01,BUKIT BATOK,4 ROOM,460B,BT BATOK WEST AVE 9,01 TO 03,93.0,Model A,2020,94 years 10 months,570000.0
2024-08-01,BUKIT BATOK,4 ROOM,460C,BT BATOK WEST AVE 9,13 TO 15,93.0,Model A,2020,94 years 10 months,645000.0
2024-08-01,BUKIT BATOK,4 ROOM,449B,BT BATOK WEST AVE 9,16 TO 18,93.0,Model A,2019,93 years 08 months,680000.0
2024-08-01,BUKIT BATOK,4 ROOM,460D,BT BATOK WEST AVE 9,07 TO 09,93.0,Model A,2020,94 years 10 months,630000.0
2024-08-01,BUKIT BATOK,4 ROOM,460D,BT BATOK WEST AVE 9,16 TO 18,93.0,Model A,2020,94 years 10 months,660888.0
2024-08-01,BUKIT BATOK,4 ROOM,460D,BT BATOK WEST AVE 9,04 TO 06,93.0,Model A,2020,94 years 11 months,595500.0
2024-08-01,BUKIT BATOK,4 ROOM,449A,BT BATOK WEST AVE 9,13 TO 15,93.0,Model A,2019,93 years 08 months,650000.0
2024-08-01,BUKIT BATOK,4 ROOM,460A,BT BATOK WEST AVE 9,10 TO 12,93.0,Model A,2020,94 years 10 months,639888.0
2024-08-01,BUKIT BATOK,4 ROOM,460D,BT BATOK WEST AVE 9,04 TO 06,93.0,Model A,2020,94 years 10 months,605888.0
2024-08-01,BUKIT BATOK,4 ROOM,449B,BT BATOK WEST AVE 9,04 TO 06,93.0,Model A,2019,93 years 07 months,608000.0
2024-08-01,BUKIT BATOK,4 ROOM,449B,BT BATOK WEST AVE 9,13 TO 15,93.0,Model A,2019,93 years 07 months,630000.0
2024-08-01,BUKIT BATOK,5 ROOM,623,BT BATOK CTRL,01 TO 03,118.0,Improved,1997,72 years,790000.0
2024-08-01,BUKIT BATOK,5 ROOM,292B,BT BATOK EAST AVE 6,16 TO 18,113.0,Improved,2019,93 years 06 months,865000.0
2024-08-01,BUKIT BATOK,5 ROOM,216,BT BATOK ST 21,04 TO 06,121.0,Improved,1985,59 years 11 months,638000.0
2024-08-01,BUKIT BATOK,5 ROOM,293A,BT BATOK ST 21,22 TO 24,113.0,Improved,2019,93 years 06 months,890000.0
2024-08-01,BUKIT BATOK,5 ROOM,293A,BT BATOK ST 21,16 TO 18,113.0,Improved,2019,93 years 06 months,890000.0
2024-08-01,BUKIT BATOK,5 ROOM,293C,BT BATOK ST 21,10 TO 12,113.0,Improved,2019,93 years 06 months,805000.0
2024-08-01,BUKIT BATOK,5 ROOM,296C,BT BATOK ST 22,34 TO 36,112.0,Premium Apartment,2018,92 years 09 months,980000.0
2024-08-01,BUKIT BATOK,5 ROOM,296A,BT BATOK ST 22,28 TO 30,113.0,Premium Apartment,2018,92 years 08 months,900000.0
2024-08-01,BUKIT BATOK,5 ROOM,289E,BT BATOK ST 25,07 TO 09,122.0,Improved,1998,72 years 06 months,702500.0
2024-08-01,BUKIT BATOK,5 ROOM,301,BT BATOK ST 31,07 TO 09,122.0,Improved,1985,60 years 03 months,615000.0
2024-08-01,BUKIT BATOK,5 ROOM,336,BT BATOK ST 32,07 TO 09,122.0,Improved,1986,61 years 04 months,570000.0
2024-08-01,BUKIT BATOK,5 ROOM,510,BT BATOK ST 52,01 TO 03,122.0,Improved,1986,61 years 05 months,590000.0
2024-08-01,BUKIT BATOK,5 ROOM,437A,BT BATOK WEST AVE 5,04 TO 06,113.0,Improved,2020,94 years 07 months,718000.0
2024-08-01,BUKIT BATOK,5 ROOM,388,BT BATOK WEST AVE 5,13 TO 15,118.0,Improved,2005,79 years 06 months,675000.0
2024-08-01,BUKIT BATOK,5 ROOM,435C,BT BATOK WEST AVE 5,01 TO 03,113.0,Improved,2020,94 years 07 months,655000.0
2024-08-01,BUKIT BATOK,5 ROOM,115,BT BATOK WEST AVE 6,04 TO 06,132.0,Model A,1985,59 years 10 months,695000.0
2024-08-01,BUKIT BATOK,5 ROOM,452A,BT BATOK WEST AVE 6,10 TO 12,113.0,Improved,2019,93 years 08 months,815000.0
2024-08-01,BUKIT BATOK,5 ROOM,452A,BT BATOK WEST AVE 6,01 TO 03,113.0,Improved,2019,93 years 08 months,670000.0
2024-08-01,BUKIT BATOK,5 ROOM,194B,BT BATOK WEST AVE 6,25 TO 27,115.0,Premium Apartment,2017,92 years,965000.0
2024-08-01,BUKIT BATOK,5 ROOM,194B,BT BATOK WEST AVE 6,19 TO 21,112.0,Premium Apartment,2017,92 years,948000.0
2024-08-01,BUKIT BATOK,5 ROOM,445A,BT BATOK WEST AVE 8,22 TO 24,112.0,Improved,2019,93 years 07 months,850000.0
2024-08-01,BUKIT BATOK,5 ROOM,171,BT BATOK WEST AVE 8,10 TO 12,134.0,Model A,1985,59 years 09 months,700000.0
2024-08-01,BUKIT BATOK,5 ROOM,442B,BT BATOK WEST AVE 8,13 TO 15,112.0,Improved,2019,93 years 08 months,830000.0
2024-08-01,BUKIT BATOK,5 ROOM,440D,BT BATOK WEST AVE 8,04 TO 06,112.0,Improved,2019,93 years 08 months,706000.0
2024-08-01,BUKIT BATOK,5 ROOM,443A,BT BATOK WEST AVE 8,07 TO 09,112.0,Improved,2019,93 years 08 months,761000.0
2024-08-01,BUKIT BATOK,5 ROOM,443A,BT BATOK WEST AVE 8,10 TO 12,112.0,Improved,2019,93 years 08 months,800000.0
2024-08-01,BUKIT BATOK,5 ROOM,442B,BT BATOK WEST AVE 8,13 TO 15,112.0,Improved,2019,93 years 08 months,800000.0
2024-08-01,BUKIT BATOK,5 ROOM,441B,BT BATOK WEST AVE 8,07 TO 09,112.0,Improved,2019,93 years 08 months,735000.0
2024-08-01,BUKIT BATOK,EXECUTIVE,125,BT BATOK CTRL,10 TO 12,150.0,Maisonette,1985,60 years,938000.0
2024-08-01,BUKIT BATOK,EXECUTIVE,221,BT BATOK EAST AVE 3,01 TO 03,147.0,Maisonette,1985,60 years,768000.0
2024-08-01,BUKIT BATOK,EXECUTIVE,290C,BT BATOK EAST AVE 3,10 TO 12,141.0,Apartment,1997,72 years 04 months,858000.0
2024-08-01,BUKIT MERAH,1 ROOM,7,TELOK BLANGAH CRES,07 TO 09,31.0,Improved,1975,49 years 11 months,255000.0
2024-08-01,BUKIT MERAH,2 ROOM,45,TELOK BLANGAH DR,04 TO 06,45.0,Improved,1976,50 years 06 months,285000.0
2024-08-01,BUKIT MERAH,2 ROOM,45,TELOK BLANGAH DR,04 TO 06,45.0,Improved,1976,50 years 06 months,318000.0
2024-08-01,BUKIT MERAH,2 ROOM,76,TELOK BLANGAH DR,10 TO 12,44.0,Improved,1978,52 years 05 months,330000.0
2024-08-01,BUKIT MERAH,3 ROOM,40,BEO CRES,07 TO 09,59.0,Standard,1971,45 years 06 months,375000.0
2024-08-01,BUKIT MERAH,3 ROOM,10A,BOON TIONG RD,34 TO 36,62.0,Model A,2016,90 years 06 months,860000.0
2024-08-01,BUKIT MERAH,3 ROOM,108,BT PURMEI RD,01 TO 03,75.0,Model A,1984,59 years,450000.0
2024-08-01,BUKIT MERAH,3 ROOM,1,EVERTON PK,07 TO 09,72.0,New Generation,1980,55 years 04 months,558888.0
2024-08-01,BUKIT MERAH,3 ROOM,22,HAVELOCK RD,13 TO 15,64.0,Standard,1969,44 years,370000.0
2024-08-01,BUKIT MERAH,3 ROOM,57,HAVELOCK RD,19 TO 21,69.0,Model A,2013,87 years 10 months,800000.0
2024-08-01,BUKIT MERAH,3 ROOM,52,HAVELOCK RD,10 TO 12,69.0,Model A,2013,87 years 10 months,710000.0
2024-08-01,BUKIT MERAH,3 ROOM,105,HENDERSON CRES,19 TO 21,76.0,Improved,1975,49 years 06 months,400000.0
2024-08-01,BUKIT MERAH,3 ROOM,96B,HENDERSON RD,04 TO 06,68.0,Model A,2019,93 years 10 months,650000.0
2024-08-01,BUKIT MERAH,3 ROOM,28,HOY FATT RD,16 TO 18,60.0,Standard,1967,41 years 11 months,338000.0
2024-08-01,BUKIT MERAH,3 ROOM,2,JLN BT MERAH,04 TO 06,63.0,Improved,1975,49 years 11 months,345000.0
2024-08-01,BUKIT MERAH,3 ROOM,107,JLN BT MERAH,04 TO 06,63.0,Standard,1970,44 years 08 months,315000.0
2024-08-01,BUKIT MERAH,3 ROOM,113,JLN BT MERAH,04 TO 06,60.0,Standard,1969,43 years 07 months,342000.0
2024-08-01,BUKIT MERAH,3 ROOM,28,JLN KLINIK,07 TO 09,58.0,Standard,1969,44 years,338000.0
2024-08-01,BUKIT MERAH,3 ROOM,33,LIM LIAK ST,01 TO 03,88.0,Standard,1973,47 years 06 months,745000.0
2024-08-01,BUKIT MERAH,3 ROOM,15,TELOK BLANGAH CRES,07 TO 09,65.0,Improved,1975,49 years 09 months,360000.0
2024-08-01,BUKIT MERAH,3 ROOM,6,TELOK BLANGAH CRES,04 TO 06,65.0,Improved,1975,49 years 06 months,368000.0
2024-08-01,BUKIT MERAH,3 ROOM,8,TELOK BLANGAH CRES,04 TO 06,59.0,Improved,1975,49 years 08 months,338000.0
2024-08-01,BUKIT MERAH,3 ROOM,65,TELOK BLANGAH DR,10 TO 12,67.0,New Generation,1978,53 years,428000.0
2024-08-01,BUKIT MERAH,3 ROOM,44,TELOK BLANGAH DR,04 TO 06,65.0,Improved,1976,50 years 06 months,370000.0
2024-08-01,BUKIT MERAH,3 ROOM,44,TELOK BLANGAH DR,01 TO 03,76.0,Improved,1976,50 years 06 months,408000.0
2024-08-01,BUKIT MERAH,3 ROOM,75,TELOK BLANGAH DR,10 TO 12,67.0,New Generation,1978,52 years 06 months,408888.0
2024-08-01,BUKIT MERAH,3 ROOM,70A,TELOK BLANGAH HTS,19 TO 21,68.0,Model A,2017,91 years 10 months,725000.0
2024-08-01,BUKIT MERAH,3 ROOM,60,TELOK BLANGAH HTS,10 TO 12,67.0,New Generation,1976,51 years 02 months,393000.0
2024-08-01,BUKIT MERAH,3 ROOM,61,TELOK BLANGAH HTS,10 TO 12,67.0,New Generation,1976,51 years 02 months,388000.0
2024-08-01,BUKIT MERAH,3 ROOM,35,TELOK BLANGAH RISE,01 TO 03,71.0,Improved,1976,51 years 03 months,353000.0
2024-08-01,BUKIT MERAH,3 ROOM,31,TELOK BLANGAH RISE,01 TO 03,59.0,Improved,1976,50 years 10 months,340000.0
2024-08-01,BUKIT MERAH,3 ROOM,91A,TELOK BLANGAH ST 31,04 TO 06,68.0,Model A,2018,93 years 05 months,600000.0
2024-08-01,BUKIT MERAH,3 ROOM,91A,TELOK BLANGAH ST 31,04 TO 06,68.0,Model A,2018,93 years 05 months,655000.0
2024-08-01,BUKIT MERAH,3 ROOM,92A,TELOK BLANGAH ST 31,22 TO 24,68.0,Model A,2018,93 years 05 months,710000.0
2024-08-01,BUKIT MERAH,3 ROOM,91A,TELOK BLANGAH ST 31,22 TO 24,68.0,Model A,2018,93 years 05 months,747000.0
2024-08-01,BUKIT MERAH,3 ROOM,90A,TELOK BLANGAH ST 31,10 TO 12,68.0,Model A,2018,93 years 05 months,680000.0
2024-08-01,BUKIT MERAH,3 ROOM,93B,TELOK BLANGAH ST 31,04 TO 06,68.0,Model A,2018,93 years 04 months,685000.0
2024-08-01,BUKIT MERAH,3 ROOM,17,TIONG BAHRU RD,01 TO 03,88.0,Standard,1973,47 years 05 months,675000.0
2024-08-01,BUKIT MERAH,4 ROOM,4B,BOON TIONG RD,19 TO 21,100.0,Model A,2005,80 years 03 months,988000.0
2024-08-01,BUKIT MERAH,4 ROOM,110,BT PURMEI RD,04 TO 06,104.0,Model A,1984,59 years 01 month,620000.0
2024-08-01,BUKIT MERAH,4 ROOM,4,DELTA AVE,13 TO 15,92.0,New Generation,1985,60 years 02 months,770000.0
2024-08-01,BUKIT MERAH,4 ROOM,106B,DEPOT RD,16 TO 18,100.0,Model A,2000,75 years,750000.0
2024-08-01,BUKIT MERAH,4 ROOM,109B,DEPOT RD,22 TO 24,100.0,Model A,2006,80 years 07 months,915000.0
2024-08-01,BUKIT MERAH,4 ROOM,102,HENDERSON CRES,10 TO 12,80.0,Standard,1970,45 years,490000.0
2024-08-01,BUKIT MERAH,4 ROOM,96A,HENDERSON RD,31 TO 33,83.0,Model A,2019,93 years 10 months,1000000.0
2024-08-01,BUKIT MERAH,4 ROOM,12,JLN BT MERAH,01 TO 03,103.0,Model A,1996,71 years 04 months,710000.0
2024-08-01,BUKIT MERAH,4 ROOM,118A,JLN MEMBINA,25 TO 27,90.0,Model A,2003,77 years 06 months,920000.0
2024-08-01,BUKIT MERAH,4 ROOM,25A,JLN MEMBINA,04 TO 06,90.0,Model A,2008,83 years 02 months,928000.0
2024-08-01,BUKIT MERAH,4 ROOM,25B,JLN MEMBINA,04 TO 06,90.0,Model A,2009,83 years 06 months,890000.0
2024-08-01,BUKIT MERAH,4 ROOM,26C,JLN MEMBINA,19 TO 21,90.0,Model A,2009,83 years 06 months,970000.0
2024-08-01,BUKIT MERAH,4 ROOM,21,JLN MEMBINA,13 TO 15,90.0,Model A,2003,78 years 02 months,930000.0
2024-08-01,BUKIT MERAH,4 ROOM,26D,JLN MEMBINA,19 TO 21,90.0,Model A,2009,83 years 06 months,943000.0
2024-08-01,BUKIT MERAH,4 ROOM,38,JLN RUMAH TINGGI,16 TO 18,100.0,Model A,1997,71 years 11 months,880000.0
2024-08-01,BUKIT MERAH,4 ROOM,126C,KIM TIAN RD,31 TO 33,88.0,Model A,2013,87 years 07 months,1032000.0
2024-08-01,BUKIT MERAH,4 ROOM,131B,KIM TIAN RD,13 TO 15,90.0,Model A,2002,76 years 07 months,895000.0
2024-08-01,BUKIT MERAH,4 ROOM,126A,KIM TIAN RD,37 TO 39,93.0,Model A,2013,87 years 07 months,915000.0
2024-08-01,BUKIT MERAH,4 ROOM,123,KIM TIAN RD,01 TO 03,103.0,Model A,1995,70 years,815000.0
2024-08-01,BUKIT MERAH,4 ROOM,69,REDHILL CL,01 TO 03,85.0,Model A,2001,75 years 06 months,735000.0
2024-08-01,BUKIT MERAH,4 ROOM,73A,REDHILL RD,19 TO 21,100.0,Model A,2005,80 years 04 months,980000.0
2024-08-01,BUKIT MERAH,4 ROOM,75A,REDHILL RD,19 TO 21,100.0,Model A,2005,80 years 05 months,969000.0
2024-08-01,BUKIT MERAH,4 ROOM,77A,REDHILL RD,01 TO 03,90.0,Model A,2005,80 years 04 months,840000.0
2024-08-01,BUKIT MERAH,4 ROOM,75A,REDHILL RD,13 TO 15,100.0,Model A,2005,80 years 05 months,965000.0
2024-08-01,BUKIT MERAH,4 ROOM,65,TELOK BLANGAH DR,07 TO 09,92.0,New Generation,1978,53 years 01 month,618000.0
2024-08-01,BUKIT MERAH,4 ROOM,58,TELOK BLANGAH HTS,04 TO 06,91.0,New Generation,1976,51 years 02 months,550000.0
2024-08-01,BUKIT MERAH,4 ROOM,70B,TELOK BLANGAH HTS,01 TO 03,93.0,Model A,2017,91 years 10 months,835000.0
2024-08-01,BUKIT MERAH,4 ROOM,90A,TELOK BLANGAH ST 31,25 TO 27,93.0,Model A,2018,93 years 05 months,1012000.0
2024-08-01,BUKIT MERAH,4 ROOM,90A,TELOK BLANGAH ST 31,25 TO 27,93.0,Model A,2018,93 years 05 months,1021000.0
2024-08-01,BUKIT MERAH,4 ROOM,90B,TELOK BLANGAH ST 31,13 TO 15,93.0,Model A,2018,93 years 05 months,940000.0
2024-08-01,BUKIT MERAH,4 ROOM,90B,TELOK BLANGAH ST 31,01 TO 03,93.0,Model A,2018,93 years 05 months,838000.0
2024-08-01,BUKIT MERAH,4 ROOM,80A,TELOK BLANGAH ST 31,25 TO 27,95.0,Premium Apartment,2013,88 years 01 month,1000000.0
2024-08-01,BUKIT MERAH,4 ROOM,80A,TELOK BLANGAH ST 31,16 TO 18,95.0,Premium Apartment,2013,88 years 01 month,1000000.0
2024-08-01,BUKIT MERAH,4 ROOM,34,TELOK BLANGAH WAY,10 TO 12,82.0,Improved,1976,50 years 09 months,485000.0
2024-08-01,BUKIT MERAH,5 ROOM,8B,BOON TIONG RD,13 TO 15,115.0,Improved,2005,80 years 04 months,1313000.0
2024-08-01,BUKIT MERAH,5 ROOM,126,BT MERAH VIEW,10 TO 12,140.0,Model A,1996,71 years 02 months,1303000.0
2024-08-01,BUKIT MERAH,5 ROOM,111B,DEPOT RD,16 TO 18,116.0,Improved,2006,80 years 07 months,918000.0
2024-08-01,BUKIT MERAH,5 ROOM,96A,HENDERSON RD,25 TO 27,113.0,Improved,2019,93 years 10 months,1465000.0
2024-08-01,BUKIT MERAH,5 ROOM,143,JLN BT MERAH,16 TO 18,117.0,Improved,1981,56 years 05 months,780000.0
2024-08-01,BUKIT MERAH,5 ROOM,23,JLN MEMBINA,19 TO 21,110.0,Improved,2003,78 years,1200000.0
2024-08-01,BUKIT MERAH,5 ROOM,36,JLN RUMAH TINGGI,04 TO 06,119.0,Improved,1999,73 years 08 months,783888.0
2024-08-01,BUKIT MERAH,5 ROOM,119B,KIM TIAN RD,25 TO 27,110.0,Improved,2002,77 years 05 months,1053000.0
2024-08-01,BUKIT MERAH,5 ROOM,63A,LENGKOK BAHRU,22 TO 24,121.0,Improved,2001,76 years 04 months,1130000.0
2024-08-01,BUKIT MERAH,5 ROOM,25,TELOK BLANGAH CRES,10 TO 12,114.0,Standard,1975,50 years,750000.0
2024-08-01,BUKIT MERAH,5 ROOM,67,TELOK BLANGAH DR,10 TO 12,120.0,Standard,1978,53 years,868000.0
2024-08-01,BUKIT MERAH,5 ROOM,52,TELOK BLANGAH DR,16 TO 18,118.0,Standard,1978,52 years 06 months,910000.0
2024-08-01,BUKIT MERAH,5 ROOM,49,TELOK BLANGAH DR,04 TO 06,123.0,Standard,1976,51 years 04 months,820000.0
2024-08-01,BUKIT MERAH,5 ROOM,48,TELOK BLANGAH DR,10 TO 12,125.0,Standard,1976,51 years 05 months,850000.0
2024-08-01,BUKIT MERAH,5 ROOM,66,TELOK BLANGAH DR,10 TO 12,115.0,Standard,1978,53 years,838000.0
2024-08-01,BUKIT MERAH,5 ROOM,53,TELOK BLANGAH DR,04 TO 06,118.0,Standard,1978,52 years 06 months,830000.0
2024-08-01,BUKIT MERAH,5 ROOM,87,TELOK BLANGAH HTS,28 TO 30,110.0,Improved,2003,77 years 09 months,978000.0
2024-08-01,BUKIT MERAH,5 ROOM,87,ZION RD,10 TO 12,114.0,Improved,1974,48 years 11 months,960000.0
2024-08-01,BUKIT PANJANG,3 ROOM,252,BANGKIT RD,07 TO 09,73.0,Model A,1989,63 years 10 months,428000.0
2024-08-01,BUKIT PANJANG,3 ROOM,104,GANGSA RD,01 TO 03,73.0,Model A,1988,62 years 08 months,395888.0
2024-08-01,BUKIT PANJANG,3 ROOM,232,PENDING RD,07 TO 09,73.0,Model A,1987,62 years 04 months,425000.0
2024-08-01,BUKIT PANJANG,3 ROOM,113,PENDING RD,04 TO 06,73.0,Model A,1988,62 years 07 months,430000.0
2024-08-01,BUKIT PANJANG,3 ROOM,143,PETIR RD,07 TO 09,73.0,Model A,1988,63 years 04 months,453000.0
2024-08-01,BUKIT PANJANG,3 ROOM,486,SEGAR RD,04 TO 06,67.0,Model A,2014,89 years 05 months,445000.0
2024-08-01,BUKIT PANJANG,3 ROOM,548A,SEGAR RD,10 TO 12,67.0,Model A,2015,90 years 05 months,463000.0
2024-08-01,BUKIT PANJANG,3 ROOM,633D,SENJA RD,25 TO 27,67.0,Model A,2013,88 years 06 months,505000.0
2024-08-01,BUKIT PANJANG,4 ROOM,257,BANGKIT RD,13 TO 15,104.0,Model A,1989,64 years,538000.0
2024-08-01,BUKIT PANJANG,4 ROOM,250,BANGKIT RD,10 TO 12,103.0,Model A,1988,63 years 04 months,540000.0
2024-08-01,BUKIT PANJANG,4 ROOM,248,BANGKIT RD,07 TO 09,104.0,Model A,1988,63 years 02 months,525000.0
2024-08-01,BUKIT PANJANG,4 ROOM,272,BANGKIT RD,10 TO 12,104.0,Model A,1988,63 years 05 months,565000.0
2024-08-01,BUKIT PANJANG,4 ROOM,237,BT PANJANG RING RD,10 TO 12,106.0,Model A,1988,63 years 03 months,550000.0
2024-08-01,BUKIT PANJANG,4 ROOM,613,BT PANJANG RING RD,16 TO 18,90.0,Model A,2002,76 years 10 months,550000.0
2024-08-01,BUKIT PANJANG,4 ROOM,236,BT PANJANG RING RD,04 TO 06,104.0,Model A,1988,62 years 07 months,516888.0
2024-08-01,BUKIT PANJANG,4 ROOM,435,BT PANJANG RING RD,04 TO 06,84.0,Simplified,1988,63 years 05 months,450000.0
2024-08-01,BUKIT PANJANG,4 ROOM,171,GANGSA RD,04 TO 06,101.0,Model A,1997,72 years 05 months,628888.0
2024-08-01,BUKIT PANJANG,4 ROOM,108,GANGSA RD,07 TO 09,103.0,Model A,1986,61 years 04 months,538000.0
2024-08-01,BUKIT PANJANG,4 ROOM,104,GANGSA RD,07 TO 09,103.0,Model A,1988,62 years 08 months,510000.0
2024-08-01,BUKIT PANJANG,4 ROOM,108,GANGSA RD,01 TO 03,103.0,Model A,1986,61 years 04 months,500000.0
2024-08-01,BUKIT PANJANG,4 ROOM,166,GANGSA RD,10 TO 12,100.0,Model A,1998,72 years 09 months,700000.0
2024-08-01,BUKIT PANJANG,4 ROOM,512,JELAPANG RD,01 TO 03,102.0,Model A,1998,72 years 10 months,530000.0
2024-08-01,BUKIT PANJANG,4 ROOM,534,JELAPANG RD,10 TO 12,101.0,Model A,1999,73 years 10 months,532000.0
2024-08-01,BUKIT PANJANG,4 ROOM,508,JELAPANG RD,10 TO 12,90.0,Model A2,1998,72 years 10 months,520000.0
2024-08-01,BUKIT PANJANG,4 ROOM,530,JELAPANG RD,01 TO 03,102.0,Model A,1999,73 years 07 months,490000.0
2024-08-01,BUKIT PANJANG,4 ROOM,540,JELAPANG RD,13 TO 15,100.0,Model A,1999,73 years 10 months,548000.0
2024-08-01,BUKIT PANJANG,4 ROOM,521,JELAPANG RD,07 TO 09,103.0,Model A,1998,73 years 04 months,568888.0
2024-08-01,BUKIT PANJANG,4 ROOM,510,JELAPANG RD,13 TO 15,92.0,Model A2,1998,72 years 10 months,530000.0
2024-08-01,BUKIT PANJANG,4 ROOM,121,PENDING RD,01 TO 03,84.0,Simplified,1987,62 years 05 months,450000.0
2024-08-01,BUKIT PANJANG,4 ROOM,116,PENDING RD,01 TO 03,103.0,Model A,1987,62 years 02 months,495000.0
2024-08-01,BUKIT PANJANG,4 ROOM,126,PENDING RD,04 TO 06,103.0,Model A,1987,62 years 05 months,510000.0
2024-08-01,BUKIT PANJANG,4 ROOM,167,PETIR RD,10 TO 12,100.0,Model A,1998,73 years 01 month,745000.0
2024-08-01,BUKIT PANJANG,4 ROOM,412,SAUJANA RD,01 TO 03,84.0,Simplified,1988,63 years 04 months,438000.0
2024-08-01,BUKIT PANJANG,4 ROOM,458,SEGAR RD,10 TO 12,93.0,Premium Apartment,2012,87 years 04 months,600000.0
2024-08-01,BUKIT PANJANG,4 ROOM,546A,SEGAR RD,04 TO 06,92.0,Model A,2015,90 years,560000.0
2024-08-01,BUKIT PANJANG,4 ROOM,456,SEGAR RD,01 TO 03,93.0,Premium Apartment,2012,87 years 04 months,500000.0
2024-08-01,BUKIT PANJANG,4 ROOM,455,SEGAR RD,10 TO 12,93.0,Premium Apartment,2012,87 years 04 months,593888.0
2024-08-01,BUKIT PANJANG,4 ROOM,476,SEGAR RD,04 TO 06,91.0,Premium Apartment,2002,77 years 04 months,510000.0
2024-08-01,BUKIT PANJANG,4 ROOM,457,SEGAR RD,07 TO 09,93.0,Premium Apartment,2012,87 years 04 months,568000.0
2024-08-01,BUKIT PANJANG,4 ROOM,487,SEGAR RD,10 TO 12,93.0,Model A,2014,89 years 05 months,570000.0
2024-08-01,BUKIT PANJANG,4 ROOM,456,SEGAR RD,07 TO 09,93.0,Premium Apartment,2012,87 years 04 months,570000.0
2024-08-01,BUKIT PANJANG,4 ROOM,460,SEGAR RD,10 TO 12,93.0,Premium Apartment,2015,90 years,600000.0
2024-08-01,BUKIT PANJANG,4 ROOM,633C,SENJA RD,07 TO 09,93.0,Model A,2013,88 years 05 months,600000.0
2024-08-01,BUKIT PANJANG,4 ROOM,636C,SENJA RD,07 TO 09,92.0,Model A,2015,90 years 04 months,595000.0
2024-08-01,BUKIT PANJANG,4 ROOM,635B,SENJA RD,01 TO 03,92.0,Model A,2015,90 years 03 months,530000.0
2024-08-01,BUKIT PANJANG,4 ROOM,625,SENJA RD,19 TO 21,93.0,Premium Apartment,2004,79 years 04 months,550000.0
2024-08-01,BUKIT PANJANG,4 ROOM,633C,SENJA RD,31 TO 33,93.0,Model A,2013,88 years 05 months,668888.0
2024-08-01,BUKIT PANJANG,4 ROOM,633B,SENJA RD,16 TO 18,93.0,Model A,2013,88 years 05 months,658000.0
2024-08-01,BUKIT PANJANG,4 ROOM,634A,SENJA RD,19 TO 21,93.0,Model A,2015,90 years 03 months,646888.0
2024-08-01,BUKIT PANJANG,4 ROOM,636C,SENJA RD,16 TO 18,92.0,Model A,2015,90 years 03 months,641000.0
2024-08-01,BUKIT PANJANG,4 ROOM,654,SENJA RD,10 TO 12,91.0,Premium Apartment,2001,76 years 02 months,558000.0
2024-08-01,BUKIT PANJANG,4 ROOM,627,SENJA RD,22 TO 24,93.0,Premium Apartment,2004,79 years 03 months,592000.0
2024-08-01,BUKIT PANJANG,5 ROOM,611,BT PANJANG RING RD,04 TO 06,110.0,Improved,2002,76 years 10 months,630000.0
2024-08-01,BUKIT PANJANG,5 ROOM,609,BT PANJANG RING RD,13 TO 15,111.0,Improved,2001,76 years 05 months,695000.0
2024-08-01,BUKIT PANJANG,5 ROOM,537,BT PANJANG RING RD,16 TO 18,121.0,Improved,1999,73 years 11 months,765000.0
2024-08-01,BUKIT PANJANG,5 ROOM,447,BT PANJANG RING RD,10 TO 12,120.0,Improved,1997,71 years 11 months,590000.0
2024-08-01,BUKIT PANJANG,5 ROOM,243,BT PANJANG RING RD,01 TO 03,122.0,Improved,1988,63 years 03 months,600000.0
2024-08-01,BUKIT PANJANG,5 ROOM,417,FAJAR RD,01 TO 03,121.0,Improved,1989,63 years 07 months,628000.0
2024-08-01,BUKIT PANJANG,5 ROOM,443D,FAJAR RD,13 TO 15,113.0,Improved,2016,91 years 05 months,748888.0
2024-08-01,BUKIT PANJANG,5 ROOM,111,GANGSA RD,01 TO 03,121.0,Improved,1987,62 years 02 months,600000.0
2024-08-01,BUKIT PANJANG,5 ROOM,165,GANGSA RD,19 TO 21,121.0,Improved,1998,72 years 10 months,860000.0
2024-08-01,BUKIT PANJANG,5 ROOM,152,GANGSA RD,04 TO 06,121.0,Improved,1998,73 years 04 months,720000.0
2024-08-01,BUKIT PANJANG,5 ROOM,173,GANGSA RD,13 TO 15,123.0,Improved,1997,72 years 05 months,825000.0
2024-08-01,BUKIT PANJANG,5 ROOM,538,JELAPANG RD,10 TO 12,120.0,Improved,1999,73 years 10 months,723000.0
2024-08-01,BUKIT PANJANG,5 ROOM,530,JELAPANG RD,19 TO 21,121.0,Improved,1999,73 years 07 months,735000.0
2024-08-01,BUKIT PANJANG,5 ROOM,181,JELEBU RD,28 TO 30,111.0,Premium Apartment,2003,77 years 10 months,865000.0
2024-08-01,BUKIT PANJANG,5 ROOM,184,JELEBU RD,19 TO 21,113.0,Premium Apartment,2003,77 years 10 months,890000.0
2024-08-01,BUKIT PANJANG,5 ROOM,473,SEGAR RD,04 TO 06,112.0,Premium Apartment,2003,77 years 06 months,580000.0
2024-08-01,BUKIT PANJANG,5 ROOM,624,SENJA RD,10 TO 12,110.0,Improved,2001,76 years 05 months,598000.0
2024-08-01,BUKIT PANJANG,5 ROOM,631,SENJA RD,01 TO 03,110.0,Premium Apartment,2004,79 years 03 months,620000.0
2024-08-01,BUKIT PANJANG,5 ROOM,622,SENJA RD,10 TO 12,110.0,Improved,2001,76 years 05 months,615000.0
2024-08-01,BUKIT PANJANG,EXECUTIVE,276,BANGKIT RD,01 TO 03,146.0,Maisonette,1988,63 years 04 months,888000.0
2024-08-01,BUKIT PANJANG,EXECUTIVE,155,GANGSA RD,22 TO 24,140.0,Apartment,1998,73 years 04 months,915000.0
2024-08-01,BUKIT PANJANG,EXECUTIVE,543,JELAPANG RD,04 TO 06,140.0,Apartment,1999,74 years,875000.0
2024-08-01,BUKIT PANJANG,EXECUTIVE,532,JELAPANG RD,10 TO 12,143.0,Maisonette,1999,73 years 08 months,920000.0
2024-08-01,BUKIT PANJANG,EXECUTIVE,544,JELAPANG RD,16 TO 18,142.0,Maisonette,1999,73 years 11 months,1098888.0
2024-08-01,BUKIT PANJANG,EXECUTIVE,532,JELAPANG RD,01 TO 03,143.0,Maisonette,1999,73 years 08 months,820000.0
2024-08-01,BUKIT PANJANG,EXECUTIVE,180,LOMPANG RD,22 TO 24,130.0,Apartment,2002,76 years 06 months,974000.0
2024-08-01,BUKIT PANJANG,EXECUTIVE,650,SENJA LINK,13 TO 15,130.0,Premium Apartment,2001,76 years 03 months,785000.0
2024-08-01,BUKIT PANJANG,EXECUTIVE,655,SENJA RD,04 TO 06,130.0,Premium Apartment,2001,76 years 03 months,778000.0
2024-08-01,BUKIT TIMAH,3 ROOM,2,QUEEN'S RD,10 TO 12,74.0,Improved,1974,48 years 09 months,528000.0
2024-08-01,BUKIT TIMAH,3 ROOM,4,QUEEN'S RD,04 TO 06,74.0,Improved,1974,48 years 08 months,496888.0
2024-08-01,BUKIT TIMAH,4 ROOM,5,TOH YI DR,13 TO 15,104.0,Model A,1989,63 years 11 months,895000.0
2024-08-01,BUKIT TIMAH,4 ROOM,11,TOH YI DR,01 TO 03,104.0,Model A,1989,63 years 10 months,830000.0
2024-08-01,BUKIT TIMAH,5 ROOM,1,QUEEN'S RD,22 TO 24,123.0,Standard,1974,48 years 09 months,920000.0
2024-08-01,BUKIT TIMAH,5 ROOM,9,TOH YI DR,04 TO 06,122.0,Improved,1989,63 years 09 months,1180000.0
2024-08-01,BUKIT TIMAH,5 ROOM,5,TOH YI DR,10 TO 12,122.0,Improved,1989,63 years 11 months,1100000.0
2024-08-01,BUKIT TIMAH,EXECUTIVE,6,TOH YI DR,10 TO 12,146.0,Maisonette,1989,64 years,1392000.0
2024-08-01,CENTRAL AREA,3 ROOM,32,NEW MKT RD,07 TO 09,66.0,Standard,1983,57 years 08 months,466000.0
2024-08-01,CENTRAL AREA,3 ROOM,640,ROWELL RD,07 TO 09,74.0,Model A,1984,58 years 11 months,520000.0
2024-08-01,CENTRAL AREA,3 ROOM,9,SELEGIE RD,13 TO 15,56.0,Standard,1974,48 years 06 months,425000.0
2024-08-01,CENTRAL AREA,3 ROOM,1,TG PAGAR PLAZA,07 TO 09,59.0,Improved,1977,51 years 07 months,450000.0
2024-08-01,CENTRAL AREA,3 ROOM,34,UPP CROSS ST,10 TO 12,65.0,Improved,1975,49 years 11 months,448000.0
2024-08-01,CENTRAL AREA,3 ROOM,263,WATERLOO ST,10 TO 12,68.0,Improved,1978,53 years,400000.0
2024-08-01,CENTRAL AREA,4 ROOM,662,BUFFALO RD,16 TO 18,85.0,Improved,1982,56 years 09 months,580000.0
2024-08-01,CENTRAL AREA,4 ROOM,1G,CANTONMENT RD,19 TO 21,93.0,Type S1,2011,85 years 06 months,1288000.0
2024-08-01,CENTRAL AREA,4 ROOM,1B,CANTONMENT RD,10 TO 12,93.0,Type S1,2011,85 years 06 months,1288000.0
2024-08-01,CENTRAL AREA,4 ROOM,26,JLN BERSEH,07 TO 09,87.0,Improved,1979,53 years 11 months,600000.0
2024-08-01,CENTRAL AREA,4 ROOM,334,KRETA AYER RD,19 TO 21,83.0,Improved,1981,55 years 08 months,835000.0
2024-08-01,CENTRAL AREA,4 ROOM,9,SELEGIE RD,13 TO 15,84.0,Standard,1974,48 years 06 months,570000.0
2024-08-01,CENTRAL AREA,4 ROOM,7,TG PAGAR PLAZA,25 TO 27,83.0,Improved,1980,54 years 10 months,830000.0
2024-08-01,CENTRAL AREA,5 ROOM,1E,CANTONMENT RD,34 TO 36,105.0,Type S2,2011,85 years 06 months,1420000.0
2024-08-01,CENTRAL AREA,5 ROOM,1F,CANTONMENT RD,40 TO 42,106.0,Type S2,2011,85 years 06 months,1480000.0
2024-08-01,CENTRAL AREA,5 ROOM,1C,CANTONMENT RD,13 TO 15,105.0,Type S2,2011,85 years 06 months,1380000.0
2024-08-01,CHOA CHU KANG,2 ROOM,807A,CHOA CHU KANG AVE 1,01 TO 03,47.0,Model A,2017,91 years 09 months,320000.0
2024-08-01,CHOA CHU KANG,3 ROOM,811B,CHOA CHU KANG AVE 7,13 TO 15,68.0,Model A,2017,92 years 04 months,464288.0
2024-08-01,CHOA CHU KANG,3 ROOM,811B,CHOA CHU KANG AVE 7,10 TO 12,68.0,Model A,2017,92 years 04 months,465000.0
2024-08-01,CHOA CHU KANG,3 ROOM,570,CHOA CHU KANG ST 52,07 TO 09,67.0,Model A,2015,89 years 06 months,460000.0
2024-08-01,CHOA CHU KANG,3 ROOM,803B,KEAT HONG CL,10 TO 12,68.0,Model A,2017,91 years 11 months,470000.0
2024-08-01,CHOA CHU KANG,3 ROOM,5,TECK WHYE AVE,07 TO 09,74.0,Model A,1984,58 years 08 months,395000.0
2024-08-01,CHOA CHU KANG,3 ROOM,6,TECK WHYE AVE,07 TO 09,74.0,Model A,1984,58 years 08 months,395000.0
2024-08-01,CHOA CHU KANG,3 ROOM,115,TECK WHYE LANE,07 TO 09,73.0,Model A,1989,63 years 10 months,395000.0
2024-08-01,CHOA CHU KANG,3 ROOM,114,TECK WHYE LANE,01 TO 03,73.0,Model A,1989,64 years 02 months,400000.0
2024-08-01,CHOA CHU KANG,3 ROOM,110,TECK WHYE LANE,07 TO 09,73.0,Model A,1989,64 years 03 months,415000.0
2024-08-01,CHOA CHU KANG,3 ROOM,114,TECK WHYE LANE,04 TO 06,73.0,Model A,1989,64 years 01 month,422000.0
2024-08-01,CHOA CHU KANG,4 ROOM,809B,CHOA CHU KANG AVE 1,10 TO 12,92.0,Model A,2017,91 years 09 months,559999.0
2024-08-01,CHOA CHU KANG,4 ROOM,818B,CHOA CHU KANG AVE 1,04 TO 06,92.0,Model A,2017,92 years 03 months,575000.0
2024-08-01,CHOA CHU KANG,4 ROOM,808C,CHOA CHU KANG AVE 1,07 TO 09,92.0,Model A,2017,91 years 08 months,588000.0
2024-08-01,CHOA CHU KANG,4 ROOM,294,CHOA CHU KANG AVE 2,04 TO 06,104.0,Model A,1990,64 years 10 months,515888.0
2024-08-01,CHOA CHU KANG,4 ROOM,293,CHOA CHU KANG AVE 3,07 TO 09,104.0,Model A,1993,67 years 11 months,523000.0
2024-08-01,CHOA CHU KANG,4 ROOM,293,CHOA CHU KANG AVE 3,01 TO 03,104.0,Model A,1993,67 years 11 months,470000.0
2024-08-01,CHOA CHU KANG,4 ROOM,283,CHOA CHU KANG AVE 3,04 TO 06,104.0,Model A,1992,67 years,565000.0
2024-08-01,CHOA CHU KANG,4 ROOM,410,CHOA CHU KANG AVE 3,10 TO 12,104.0,Model A,1992,67 years,530000.0
2024-08-01,CHOA CHU KANG,4 ROOM,281,CHOA CHU KANG AVE 3,10 TO 12,106.0,Model A,1992,67 years,565000.0
2024-08-01,CHOA CHU KANG,4 ROOM,473,CHOA CHU KANG AVE 3,13 TO 15,100.0,Model A,1999,73 years 09 months,520000.0
2024-08-01,CHOA CHU KANG,4 ROOM,281,CHOA CHU KANG AVE 3,13 TO 15,104.0,Model A,1992,67 years,546888.0
2024-08-01,CHOA CHU KANG,4 ROOM,451,CHOA CHU KANG AVE 4,04 TO 06,104.0,Premium Apartment,2000,74 years 08 months,506000.0
2024-08-01,GEYLANG,3 ROOM,39,CIRCUIT RD,07 TO 09,57.0,Standard,1971,45 years 06 months,340000.0
2024-08-01,CHOA CHU KANG,4 ROOM,435,CHOA CHU KANG AVE 4,10 TO 12,104.0,Model A,1993,67 years 11 months,530888.0
2024-08-01,CHOA CHU KANG,4 ROOM,440,CHOA CHU KANG AVE 4,04 TO 06,104.0,Model A,1993,67 years 11 months,480000.0
2024-08-01,CHOA CHU KANG,4 ROOM,489C,CHOA CHU KANG AVE 5,04 TO 06,93.0,Model A,2016,90 years 11 months,538000.0
2024-08-01,CHOA CHU KANG,4 ROOM,476A,CHOA CHU KANG AVE 5,07 TO 09,92.0,Model A,2013,88 years,548000.0
2024-08-01,CHOA CHU KANG,4 ROOM,489A,CHOA CHU KANG AVE 5,13 TO 15,93.0,Model A,2016,90 years 11 months,600000.0
2024-08-01,CHOA CHU KANG,4 ROOM,489A,CHOA CHU KANG AVE 5,07 TO 09,93.0,Model A,2016,90 years 11 months,540000.0
2024-08-01,CHOA CHU KANG,4 ROOM,484A,CHOA CHU KANG AVE 5,10 TO 12,92.0,Model A2,1999,73 years 08 months,488000.0
2024-08-01,CHOA CHU KANG,4 ROOM,476D,CHOA CHU KANG AVE 5,13 TO 15,92.0,Model A,2013,87 years 11 months,560000.0
2024-08-01,CHOA CHU KANG,4 ROOM,484B,CHOA CHU KANG AVE 5,13 TO 15,101.0,Model A,1999,73 years 08 months,520888.0
2024-08-01,CHOA CHU KANG,4 ROOM,815C,CHOA CHU KANG AVE 7,13 TO 15,93.0,Model A,2017,91 years 08 months,573000.0
2024-08-01,CHOA CHU KANG,4 ROOM,815A,CHOA CHU KANG AVE 7,16 TO 18,93.0,Model A,2017,91 years 08 months,623888.0
2024-08-01,CHOA CHU KANG,4 ROOM,692B,CHOA CHU KANG CRES,01 TO 03,90.0,Model A,2003,77 years 07 months,490000.0
2024-08-01,CHOA CHU KANG,4 ROOM,683C,CHOA CHU KANG CRES,01 TO 03,91.0,Model A,2002,77 years 02 months,476000.0
2024-08-01,CHOA CHU KANG,4 ROOM,686C,CHOA CHU KANG CRES,13 TO 15,85.0,Model A2,2002,77 years 03 months,475000.0
2024-08-01,CHOA CHU KANG,4 ROOM,659,CHOA CHU KANG CRES,07 TO 09,100.0,Premium Apartment,1999,73 years 09 months,538000.0
2024-08-01,CHOA CHU KANG,4 ROOM,684D,CHOA CHU KANG CRES,04 TO 06,90.0,Model A,2002,77 years 02 months,468000.0
2024-08-01,CHOA CHU KANG,4 ROOM,691B,CHOA CHU KANG CRES,13 TO 15,90.0,Model A,2003,77 years 10 months,495000.0
2024-08-01,CHOA CHU KANG,4 ROOM,679,CHOA CHU KANG CRES,01 TO 03,106.0,Premium Apartment,1999,74 years 04 months,525000.0
2024-08-01,CHOA CHU KANG,4 ROOM,676,CHOA CHU KANG CRES,04 TO 06,103.0,Premium Apartment,1999,74 years 05 months,525000.0
2024-08-01,CHOA CHU KANG,4 ROOM,684C,CHOA CHU KANG CRES,10 TO 12,90.0,Model A,2002,77 years 03 months,490000.0
2024-08-01,CHOA CHU KANG,4 ROOM,658,CHOA CHU KANG CRES,07 TO 09,104.0,Premium Apartment,1999,73 years 09 months,520000.0
2024-08-01,CHOA CHU KANG,4 ROOM,215,CHOA CHU KANG CTRL,04 TO 06,104.0,Model A,1990,64 years 07 months,545000.0
2024-08-01,CHOA CHU KANG,4 ROOM,231,CHOA CHU KANG CTRL,01 TO 03,115.0,Model A,1990,64 years 08 months,535000.0
2024-08-01,CHOA CHU KANG,4 ROOM,228,CHOA CHU KANG CTRL,07 TO 09,104.0,Model A,1989,63 years 10 months,580000.0
2024-08-01,CHOA CHU KANG,4 ROOM,762,CHOA CHU KANG NTH 5,13 TO 15,106.0,Model A,1996,71 years 02 months,545000.0
2024-08-01,CHOA CHU KANG,4 ROOM,542,CHOA CHU KANG ST 52,04 TO 06,107.0,Model A,1995,70 years 01 month,510000.0
2024-08-01,CHOA CHU KANG,4 ROOM,541,CHOA CHU KANG ST 52,01 TO 03,106.0,Model A,1994,68 years 08 months,533000.0
2024-08-01,CHOA CHU KANG,4 ROOM,706,CHOA CHU KANG ST 53,07 TO 09,109.0,Model A,1995,69 years 10 months,560000.0
2024-08-01,CHOA CHU KANG,4 ROOM,626,CHOA CHU KANG ST 62,07 TO 09,101.0,Model A,1997,71 years 10 months,565000.0
2024-08-01,CHOA CHU KANG,4 ROOM,157,JLN TECK WHYE,04 TO 06,91.0,Model A2,1998,72 years 06 months,463888.0
2024-08-01,CHOA CHU KANG,4 ROOM,151,JLN TECK WHYE,04 TO 06,100.0,Model A,1998,72 years 07 months,530000.0
2024-08-01,CHOA CHU KANG,4 ROOM,803B,KEAT HONG CL,07 TO 09,93.0,Model A,2017,91 years 10 months,555000.0
2024-08-01,CHOA CHU KANG,4 ROOM,802C,KEAT HONG CL,13 TO 15,92.0,Model A,2018,92 years 07 months,585000.0
2024-08-01,CHOA CHU KANG,4 ROOM,802B,KEAT HONG CL,04 TO 06,92.0,Model A,2018,92 years 07 months,550000.0
2024-08-01,CHOA CHU KANG,4 ROOM,802C,KEAT HONG CL,10 TO 12,92.0,Model A,2018,92 years 07 months,580000.0
2024-08-01,CHOA CHU KANG,4 ROOM,802C,KEAT HONG CL,07 TO 09,92.0,Model A,2018,92 years 07 months,575000.0
2024-08-01,CHOA CHU KANG,4 ROOM,805A,KEAT HONG CL,07 TO 09,93.0,Model A,2017,91 years 10 months,540000.0
2024-08-01,CHOA CHU KANG,4 ROOM,817C,KEAT HONG LINK,22 TO 24,92.0,Model A,2017,92 years 02 months,646888.0
2024-08-01,CHOA CHU KANG,4 ROOM,6,TECK WHYE AVE,10 TO 12,106.0,Model A,1984,58 years 08 months,530000.0
2024-08-01,CHOA CHU KANG,4 ROOM,25,TECK WHYE LANE,04 TO 06,92.0,New Generation,1979,53 years 09 months,430000.0
2024-08-01,CHOA CHU KANG,4 ROOM,124,TECK WHYE LANE,04 TO 06,106.0,Model A,1989,63 years 07 months,485000.0
2024-08-01,CHOA CHU KANG,5 ROOM,807B,CHOA CHU KANG AVE 1,01 TO 03,112.0,Improved,2017,91 years 09 months,645000.0
2024-08-01,CHOA CHU KANG,5 ROOM,807C,CHOA CHU KANG AVE 1,16 TO 18,112.0,Improved,2017,91 years 10 months,728888.0
2024-08-01,CHOA CHU KANG,5 ROOM,130,CHOA CHU KANG AVE 1,04 TO 06,124.0,Improved,1993,67 years 11 months,600000.0
2024-08-01,CHOA CHU KANG,5 ROOM,807C,CHOA CHU KANG AVE 1,04 TO 06,112.0,Improved,2017,91 years 09 months,655000.0
2024-08-01,CHOA CHU KANG,5 ROOM,809A,CHOA CHU KANG AVE 1,07 TO 09,112.0,Improved,2017,91 years 09 months,673000.0
2024-08-01,CHOA CHU KANG,5 ROOM,248,CHOA CHU KANG AVE 2,07 TO 09,123.0,Improved,1993,67 years 11 months,662000.0
2024-08-01,CHOA CHU KANG,5 ROOM,469,CHOA CHU KANG AVE 3,13 TO 15,121.0,Improved,1999,73 years 08 months,630000.0
2024-08-01,CHOA CHU KANG,5 ROOM,441,CHOA CHU KANG AVE 4,10 TO 12,123.0,Improved,1993,67 years 11 months,650000.0
2024-08-01,CHOA CHU KANG,5 ROOM,459,CHOA CHU KANG AVE 4,07 TO 09,123.0,Premium Apartment,2000,74 years 09 months,648000.0
2024-08-01,CHOA CHU KANG,5 ROOM,489A,CHOA CHU KANG AVE 5,10 TO 12,113.0,Improved,2016,90 years 11 months,660000.0
2024-08-01,CHOA CHU KANG,5 ROOM,487C,CHOA CHU KANG AVE 5,01 TO 03,113.0,Improved,2016,90 years 11 months,625000.0
2024-08-01,CHOA CHU KANG,5 ROOM,489A,CHOA CHU KANG AVE 5,10 TO 12,113.0,Improved,2016,90 years 11 months,670000.0
2024-08-01,CHOA CHU KANG,5 ROOM,485A,CHOA CHU KANG AVE 5,01 TO 03,115.0,Improved,1999,73 years 10 months,550000.0
2024-08-01,CHOA CHU KANG,5 ROOM,810A,CHOA CHU KANG AVE 7,04 TO 06,113.0,Improved,2017,92 years 04 months,650000.0
2024-08-01,CHOA CHU KANG,5 ROOM,812A,CHOA CHU KANG AVE 7,07 TO 09,113.0,Improved,2017,92 years 04 months,645000.0
2024-08-01,CHOA CHU KANG,5 ROOM,812C,CHOA CHU KANG AVE 7,01 TO 03,113.0,Improved,2017,92 years 04 months,650000.0
2024-08-01,CHOA CHU KANG,5 ROOM,810B,CHOA CHU KANG AVE 7,16 TO 18,113.0,Improved,2017,92 years 04 months,738000.0
2024-08-01,CHOA CHU KANG,5 ROOM,810A,CHOA CHU KANG AVE 7,19 TO 21,113.0,Improved,2017,92 years 04 months,718000.0
2024-08-01,CHOA CHU KANG,5 ROOM,692A,CHOA CHU KANG CRES,10 TO 12,110.0,Improved,2003,77 years 07 months,570000.0
2024-08-01,CHOA CHU KANG,5 ROOM,683C,CHOA CHU KANG CRES,04 TO 06,110.0,Improved,2002,77 years 01 month,530000.0
2024-08-01,CHOA CHU KANG,5 ROOM,685B,CHOA CHU KANG CRES,07 TO 09,110.0,Improved,2002,77 years 02 months,545000.0
2024-08-01,CHOA CHU KANG,5 ROOM,673A,CHOA CHU KANG CRES,04 TO 06,124.0,Premium Apartment,1999,74 years 05 months,630000.0
2024-08-01,CHOA CHU KANG,5 ROOM,658,CHOA CHU KANG CRES,07 TO 09,125.0,Premium Apartment,1999,73 years 09 months,615000.0
2024-08-01,CHOA CHU KANG,5 ROOM,690B,CHOA CHU KANG CRES,22 TO 24,110.0,Improved,2003,77 years 09 months,582000.0
2024-08-01,CHOA CHU KANG,5 ROOM,683A,CHOA CHU KANG CRES,04 TO 06,110.0,Improved,2002,77 years,548000.0
2024-08-01,CHOA CHU KANG,5 ROOM,692B,CHOA CHU KANG CRES,13 TO 15,110.0,Improved,2003,77 years 07 months,588000.0
2024-08-01,CHOA CHU KANG,5 ROOM,684A,CHOA CHU KANG CRES,10 TO 12,110.0,Improved,2002,77 years 02 months,540000.0
2024-08-01,CHOA CHU KANG,5 ROOM,690A,CHOA CHU KANG CRES,04 TO 06,110.0,Improved,2003,77 years 10 months,560000.0
2024-08-01,CHOA CHU KANG,5 ROOM,677,CHOA CHU KANG CRES,01 TO 03,122.0,Premium Apartment,1999,74 years 03 months,560000.0
2024-08-01,CHOA CHU KANG,5 ROOM,669,CHOA CHU KANG CRES,07 TO 09,124.0,Premium Apartment,1999,74 years 03 months,637000.0
2024-08-01,CHOA CHU KANG,5 ROOM,225,CHOA CHU KANG CTRL,04 TO 06,124.0,Improved,1993,67 years 11 months,640000.0
2024-08-01,CHOA CHU KANG,5 ROOM,236,CHOA CHU KANG CTRL,04 TO 06,122.0,Improved,1989,63 years 09 months,596888.0
2024-08-01,CHOA CHU KANG,5 ROOM,236,CHOA CHU KANG CTRL,07 TO 09,122.0,Improved,1989,63 years 09 months,630000.0
2024-08-01,CHOA CHU KANG,5 ROOM,687A,CHOA CHU KANG DR,07 TO 09,110.0,Improved,2002,76 years 11 months,558000.0
2024-08-01,CHOA CHU KANG,5 ROOM,345,CHOA CHU KANG LOOP,10 TO 12,129.0,Improved,1993,67 years 11 months,725000.0
2024-08-01,CHOA CHU KANG,5 ROOM,517,CHOA CHU KANG ST 51,10 TO 12,125.0,Improved,1995,70 years 02 months,655000.0
2024-08-01,CHOA CHU KANG,5 ROOM,513,CHOA CHU KANG ST 51,01 TO 03,134.0,Model A,1995,70 years 02 months,588000.0
2024-08-01,CHOA CHU KANG,5 ROOM,540,CHOA CHU KANG ST 52,04 TO 06,123.0,Improved,1994,68 years 09 months,640000.0
2024-08-01,CHOA CHU KANG,5 ROOM,770,CHOA CHU KANG ST 54,04 TO 06,121.0,Improved,1996,71 years 02 months,618000.0
2024-08-01,CHOA CHU KANG,5 ROOM,613,CHOA CHU KANG ST 62,01 TO 03,133.0,Model A,1996,70 years 11 months,665000.0
2024-08-01,CHOA CHU KANG,5 ROOM,607,CHOA CHU KANG ST 62,10 TO 12,132.0,Model A,1996,70 years 08 months,750000.0
2024-08-01,CHOA CHU KANG,5 ROOM,162,JLN TECK WHYE,13 TO 15,122.0,Improved,1998,72 years 07 months,690000.0
2024-08-01,CHOA CHU KANG,5 ROOM,801A,KEAT HONG CL,01 TO 03,113.0,Improved,2018,92 years 07 months,623000.0
2024-08-01,CHOA CHU KANG,5 ROOM,817C,KEAT HONG LINK,04 TO 06,112.0,Improved,2017,92 years 01 month,678000.0
2024-08-01,CHOA CHU KANG,5 ROOM,141,TECK WHYE LANE,04 TO 06,122.0,Improved,1989,64 years 01 month,570000.0
2024-08-01,CHOA CHU KANG,EXECUTIVE,287,CHOA CHU KANG AVE 2,07 TO 09,146.0,Maisonette,1990,65 years 01 month,858888.0
2024-08-01,CHOA CHU KANG,EXECUTIVE,287,CHOA CHU KANG AVE 2,04 TO 06,149.0,Maisonette,1990,65 years 01 month,790000.0
2024-08-01,CHOA CHU KANG,EXECUTIVE,437,CHOA CHU KANG AVE 4,01 TO 03,144.0,Apartment,1993,68 years,760000.0
2024-08-01,CHOA CHU KANG,EXECUTIVE,461,CHOA CHU KANG AVE 4,13 TO 15,142.0,Premium Apartment,2000,74 years 09 months,741000.0
2024-08-01,CHOA CHU KANG,EXECUTIVE,208,CHOA CHU KANG CTRL,07 TO 09,146.0,Maisonette,1989,64 years 01 month,860000.0
2024-08-01,CHOA CHU KANG,EXECUTIVE,341,CHOA CHU KANG LOOP,04 TO 06,143.0,Apartment,1993,67 years 11 months,869000.0
2024-08-01,CHOA CHU KANG,EXECUTIVE,342,CHOA CHU KANG LOOP,10 TO 12,142.0,Apartment,1993,67 years 11 months,915000.0
2024-08-01,CHOA CHU KANG,EXECUTIVE,759,CHOA CHU KANG NTH 5,01 TO 03,145.0,Maisonette,1995,70 years 01 month,750000.0
2024-08-01,CHOA CHU KANG,EXECUTIVE,557,CHOA CHU KANG NTH 6,10 TO 12,147.0,Apartment,1996,70 years 07 months,888000.0
2024-08-01,CHOA CHU KANG,EXECUTIVE,553,CHOA CHU KANG NTH 6,04 TO 06,146.0,Apartment,1996,70 years 07 months,790000.0
2024-08-01,CHOA CHU KANG,EXECUTIVE,525,CHOA CHU KANG ST 51,04 TO 06,142.0,Apartment,1995,69 years 08 months,708000.0
2024-08-01,CHOA CHU KANG,EXECUTIVE,528,CHOA CHU KANG ST 51,01 TO 03,145.0,Apartment,1995,69 years 09 months,690000.0
2024-08-01,CHOA CHU KANG,EXECUTIVE,108,TECK WHYE LANE,04 TO 06,154.0,Maisonette,1989,63 years 09 months,868000.0
2024-08-01,CHOA CHU KANG,EXECUTIVE,120,TECK WHYE LANE,04 TO 06,146.0,Maisonette,1989,63 years 10 months,850000.0
2024-08-01,CLEMENTI,3 ROOM,424,CLEMENTI AVE 1,13 TO 15,73.0,Model A,2013,88 years 01 month,670000.0
2024-08-01,CLEMENTI,3 ROOM,351,CLEMENTI AVE 2,01 TO 03,67.0,New Generation,1978,53 years 02 months,400000.0
2024-08-01,CLEMENTI,3 ROOM,365,CLEMENTI AVE 2,07 TO 09,67.0,New Generation,1978,52 years 06 months,385000.0
2024-08-01,CLEMENTI,3 ROOM,363,CLEMENTI AVE 2,04 TO 06,67.0,New Generation,1978,52 years 06 months,390000.0
2024-08-01,CLEMENTI,3 ROOM,440A,CLEMENTI AVE 3,10 TO 12,69.0,Model A,2018,93 years 02 months,780188.0
2024-08-01,CLEMENTI,3 ROOM,428,CLEMENTI AVE 3,04 TO 06,67.0,New Generation,1978,52 years 11 months,405000.0
2024-08-01,CLEMENTI,3 ROOM,304,CLEMENTI AVE 4,04 TO 06,67.0,New Generation,1979,53 years 08 months,373000.0
2024-08-01,CLEMENTI,3 ROOM,309,CLEMENTI AVE 4,04 TO 06,67.0,New Generation,1980,54 years 06 months,383500.0
2024-08-01,CLEMENTI,3 ROOM,305,CLEMENTI AVE 4,01 TO 03,67.0,New Generation,1979,53 years 08 months,360000.0
2024-08-01,CLEMENTI,3 ROOM,307,CLEMENTI AVE 4,10 TO 12,67.0,New Generation,1979,54 years 03 months,458888.0
2024-08-01,CLEMENTI,3 ROOM,308,CLEMENTI AVE 4,07 TO 09,67.0,New Generation,1980,54 years 06 months,410000.0
2024-08-01,CLEMENTI,3 ROOM,325,CLEMENTI AVE 5,04 TO 06,67.0,New Generation,1978,53 years 01 month,448000.0
2024-08-01,CLEMENTI,3 ROOM,346,CLEMENTI AVE 5,04 TO 06,67.0,New Generation,1979,53 years 09 months,365000.0
2024-08-01,CLEMENTI,3 ROOM,339,CLEMENTI AVE 5,04 TO 06,67.0,New Generation,1979,54 years 04 months,345000.0
2024-08-01,CLEMENTI,3 ROOM,326,CLEMENTI AVE 5,01 TO 03,67.0,New Generation,1978,53 years 01 month,430000.0
2024-08-01,CLEMENTI,3 ROOM,607,CLEMENTI WEST ST 1,04 TO 06,67.0,New Generation,1979,54 years 04 months,370000.0
2024-08-01,CLEMENTI,3 ROOM,607,CLEMENTI WEST ST 1,04 TO 06,67.0,New Generation,1979,54 years 04 months,375000.0
2024-08-01,CLEMENTI,3 ROOM,730,CLEMENTI WEST ST 2,10 TO 12,68.0,New Generation,1980,55 years 01 month,380000.0
2024-08-01,CLEMENTI,3 ROOM,510,WEST COAST DR,07 TO 09,67.0,New Generation,1978,52 years 06 months,360000.0
2024-08-01,CLEMENTI,3 ROOM,702,WEST COAST RD,04 TO 06,67.0,New Generation,1980,55 years 02 months,331000.0
2024-08-01,CLEMENTI,3 ROOM,702,WEST COAST RD,07 TO 09,67.0,New Generation,1980,55 years 02 months,363888.0
2024-08-01,CLEMENTI,3 ROOM,704,WEST COAST RD,04 TO 06,67.0,New Generation,1980,55 years 02 months,365000.0
2024-08-01,CLEMENTI,3 ROOM,703,WEST COAST RD,07 TO 09,67.0,New Generation,1980,55 years 02 months,375000.0
2024-08-01,CLEMENTI,3 ROOM,703,WEST COAST RD,04 TO 06,67.0,New Generation,1980,55 years 02 months,370000.0
2024-08-01,CLEMENTI,4 ROOM,411,C'WEALTH AVE WEST,01 TO 03,97.0,New Generation,1978,52 years 08 months,500000.0
2024-08-01,CLEMENTI,4 ROOM,425,CLEMENTI AVE 1,28 TO 30,100.0,Model A,2013,88 years 02 months,1006666.0
2024-08-01,CLEMENTI,4 ROOM,425,CLEMENTI AVE 1,07 TO 09,100.0,Model A,2013,88 years 02 months,870000.0
2024-08-01,CLEMENTI,4 ROOM,420,CLEMENTI AVE 1,22 TO 24,91.0,Model A,2013,88 years 02 months,915000.0
2024-08-01,CLEMENTI,4 ROOM,416,CLEMENTI AVE 1,31 TO 33,100.0,Model A,2013,88 years 01 month,958000.0
2024-08-01,CLEMENTI,4 ROOM,350,CLEMENTI AVE 2,04 TO 06,92.0,New Generation,1978,53 years 03 months,573000.0
2024-08-01,CLEMENTI,4 ROOM,358,CLEMENTI AVE 2,07 TO 09,92.0,New Generation,1978,52 years 05 months,562000.0
2024-08-01,CLEMENTI,4 ROOM,332,CLEMENTI AVE 2,04 TO 06,92.0,New Generation,1978,53 years,605000.0
2024-08-01,CLEMENTI,4 ROOM,454,CLEMENTI AVE 3,01 TO 03,90.0,Model A,2002,77 years 05 months,650000.0
2024-08-01,CLEMENTI,4 ROOM,441B,CLEMENTI AVE 3,10 TO 12,93.0,Model A,2012,87 years,1120000.0
2024-08-01,CLEMENTI,4 ROOM,373,CLEMENTI AVE 4,01 TO 03,91.0,New Generation,1981,56 years 02 months,520000.0
2024-08-01,CLEMENTI,4 ROOM,301,CLEMENTI AVE 4,10 TO 12,92.0,New Generation,1979,53 years 08 months,602000.0
2024-08-01,CLEMENTI,4 ROOM,376,CLEMENTI AVE 4,07 TO 09,91.0,New Generation,1980,55 years 03 months,630000.0
2024-08-01,CLEMENTI,4 ROOM,311C,CLEMENTI AVE 4,07 TO 09,82.0,DBSS,2014,89 years 05 months,888000.0
2024-08-01,CLEMENTI,4 ROOM,208A,CLEMENTI AVE 6,16 TO 18,93.0,Model A,2017,92 years 03 months,930000.0
2024-08-01,CLEMENTI,4 ROOM,202,CLEMENTI AVE 6,04 TO 06,94.0,New Generation,1985,59 years 06 months,575000.0
2024-08-01,CLEMENTI,4 ROOM,208B,CLEMENTI AVE 6,04 TO 06,93.0,Model A,2017,92 years 03 months,800000.0
2024-08-01,CLEMENTI,4 ROOM,208A,CLEMENTI AVE 6,10 TO 12,93.0,Model A,2017,92 years 02 months,906888.0
2024-08-01,CLEMENTI,4 ROOM,117,CLEMENTI ST 13,04 TO 06,104.0,Model A,1984,59 years 03 months,745000.0
2024-08-01,CLEMENTI,4 ROOM,601,CLEMENTI WEST ST 1,10 TO 12,92.0,New Generation,1979,54 years 05 months,560000.0
2024-08-01,CLEMENTI,4 ROOM,610,CLEMENTI WEST ST 1,07 TO 09,105.0,Model A,1983,58 years 01 month,585000.0
2024-08-01,CLEMENTI,4 ROOM,716,CLEMENTI WEST ST 2,10 TO 12,91.0,New Generation,1981,56 years 02 months,525000.0
2024-08-01,CLEMENTI,5 ROOM,413,C'WEALTH AVE WEST,07 TO 09,125.0,Improved,1978,53 years,680000.0
2024-08-01,CLEMENTI,5 ROOM,312B,CLEMENTI AVE 4,04 TO 06,113.0,Improved,2017,92 years 01 month,1180000.0
2024-08-01,CLEMENTI,5 ROOM,204,CLEMENTI AVE 6,10 TO 12,121.0,Improved,1984,59 years 05 months,810000.0
2024-08-01,CLEMENTI,5 ROOM,204,CLEMENTI AVE 6,01 TO 03,121.0,Improved,1984,59 years 05 months,750000.0
2024-08-01,CLEMENTI,5 ROOM,605,CLEMENTI WEST ST 1,13 TO 15,119.0,Improved,1979,54 years 04 months,675000.0
2024-08-01,CLEMENTI,5 ROOM,717,CLEMENTI WEST ST 2,13 TO 15,118.0,Improved,1981,55 years 08 months,705000.0
2024-08-01,CLEMENTI,EXECUTIVE,201,CLEMENTI AVE 6,10 TO 12,150.0,Maisonette,1985,59 years 09 months,1066000.0
2024-08-01,CLEMENTI,EXECUTIVE,112,CLEMENTI ST 13,01 TO 03,151.0,Maisonette,1984,59 years 01 month,1100888.0
2024-08-01,CLEMENTI,EXECUTIVE,116,CLEMENTI ST 13,10 TO 12,147.0,Maisonette,1984,59 years,1070000.0
2024-08-01,CLEMENTI,EXECUTIVE,115,CLEMENTI ST 13,04 TO 06,146.0,Maisonette,1985,59 years 06 months,1105000.0
2024-08-01,GEYLANG,2 ROOM,62,CIRCUIT RD,01 TO 03,44.0,Standard,1967,41 years 06 months,270000.0
2024-08-01,GEYLANG,2 ROOM,45,CIRCUIT RD,04 TO 06,42.0,Standard,1971,45 years 05 months,270000.0
2024-08-01,GEYLANG,2 ROOM,51,CIRCUIT RD,07 TO 09,42.0,Standard,1969,43 years 06 months,250000.0
2024-08-01,GEYLANG,3 ROOM,109,ALJUNIED CRES,07 TO 09,60.0,Improved,1986,60 years 07 months,415000.0
2024-08-01,GEYLANG,3 ROOM,98,ALJUNIED CRES,10 TO 12,65.0,Improved,1975,50 years 01 month,418000.0
2024-08-01,GEYLANG,3 ROOM,97,ALJUNIED CRES,04 TO 06,65.0,Improved,1975,50 years 01 month,385000.0
2024-08-01,GEYLANG,3 ROOM,109,ALJUNIED CRES,10 TO 12,60.0,Improved,1986,60 years 06 months,415000.0
2024-08-01,GEYLANG,3 ROOM,36,CASSIA CRES,07 TO 09,68.0,Improved,1986,60 years 07 months,460000.0
2024-08-01,GEYLANG,3 ROOM,34,CASSIA CRES,10 TO 12,68.0,New Generation,1981,56 years,498000.0
2024-08-01,GEYLANG,3 ROOM,64,CIRCUIT RD,01 TO 03,59.0,Standard,1967,41 years 07 months,330000.0
2024-08-01,GEYLANG,3 ROOM,43,CIRCUIT RD,01 TO 03,52.0,Standard,1971,45 years 06 months,299000.0
2024-08-01,GEYLANG,3 ROOM,40,CIRCUIT RD,01 TO 03,55.0,Standard,1971,45 years 06 months,308000.0
2024-08-01,GEYLANG,3 ROOM,48,CIRCUIT RD,01 TO 03,60.0,Standard,1969,43 years 06 months,318000.0
2024-08-01,GEYLANG,3 ROOM,83A,CIRCUIT RD,07 TO 09,68.0,Model A,2020,94 years 10 months,730000.0
2024-08-01,GEYLANG,3 ROOM,60,CIRCUIT RD,07 TO 09,56.0,Standard,1969,43 years 06 months,308000.0
2024-08-01,GEYLANG,3 ROOM,65,CIRCUIT RD,04 TO 06,59.0,Standard,1967,41 years 06 months,315000.0
2024-08-01,GEYLANG,3 ROOM,45,CIRCUIT RD,01 TO 03,52.0,Standard,1971,45 years 06 months,308000.0
2024-08-01,GEYLANG,3 ROOM,82B,CIRCUIT RD,04 TO 06,68.0,Model A,2020,94 years 10 months,685000.0
2024-08-01,GEYLANG,3 ROOM,49,CIRCUIT RD,04 TO 06,56.0,Standard,1969,43 years 05 months,320000.0
2024-08-01,GEYLANG,3 ROOM,34,CIRCUIT RD,01 TO 03,60.0,Standard,1967,41 years 05 months,315000.0
2024-08-01,GEYLANG,3 ROOM,83B,CIRCUIT RD,01 TO 03,68.0,Model A,2020,94 years 09 months,705000.0
2024-08-01,GEYLANG,3 ROOM,33,EUNOS CRES,01 TO 03,60.0,Model A,2007,81 years 06 months,608000.0
2024-08-01,GEYLANG,3 ROOM,416,EUNOS RD 5,01 TO 03,75.0,Model A,1984,59 years 03 months,300000.0
2024-08-01,GEYLANG,3 ROOM,10,HAIG RD,07 TO 09,65.0,Improved,1976,51 years,390000.0
2024-08-01,GEYLANG,3 ROOM,45,SIMS DR,04 TO 06,65.0,Improved,1977,51 years 10 months,378000.0
2024-08-01,GEYLANG,3 ROOM,317,UBI AVE 1,04 TO 06,64.0,Simplified,1985,60 years 05 months,418000.0
2024-08-01,GEYLANG,4 ROOM,56,CASSIA CRES,04 TO 06,102.0,Model A,1998,72 years 07 months,830000.0
2024-08-01,GEYLANG,4 ROOM,82B,CIRCUIT RD,07 TO 09,93.0,Model A,2020,94 years 10 months,972000.0
2024-08-01,GEYLANG,4 ROOM,42,CIRCUIT RD,07 TO 09,106.0,Model A,1996,70 years 11 months,738888.0
2024-08-01,GEYLANG,4 ROOM,82B,CIRCUIT RD,01 TO 03,93.0,Model A,2020,94 years 10 months,850000.0
2024-08-01,GEYLANG,4 ROOM,82B,CIRCUIT RD,10 TO 12,93.0,Model A,2020,94 years 10 months,985000.0
2024-08-01,GEYLANG,4 ROOM,82B,CIRCUIT RD,16 TO 18,93.0,Model A,2020,94 years 10 months,1000000.0
2024-08-01,GEYLANG,4 ROOM,18D,CIRCUIT RD,04 TO 06,93.0,Model A,2016,91 years 05 months,920000.0
2024-08-01,GEYLANG,4 ROOM,82A,CIRCUIT RD,01 TO 03,93.0,Model A,2020,94 years 10 months,915000.0
2024-08-01,GEYLANG,4 ROOM,82A,CIRCUIT RD,07 TO 09,93.0,Model A,2020,94 years 10 months,960931.9
2024-08-01,GEYLANG,4 ROOM,82A,CIRCUIT RD,01 TO 03,93.0,Model A,2020,94 years 11 months,850000.0
2024-08-01,GEYLANG,4 ROOM,82B,CIRCUIT RD,13 TO 15,93.0,Model A,2020,94 years 10 months,995000.0
2024-08-01,GEYLANG,4 ROOM,82B,CIRCUIT RD,01 TO 03,93.0,Model A,2020,94 years 10 months,930000.0
2024-08-01,GEYLANG,4 ROOM,82A,CIRCUIT RD,16 TO 18,93.0,Model A,2020,94 years 10 months,1022000.0
2024-08-01,GEYLANG,4 ROOM,82B,CIRCUIT RD,07 TO 09,93.0,Model A,2020,94 years 10 months,960000.0
2024-08-01,GEYLANG,4 ROOM,82A,CIRCUIT RD,01 TO 03,93.0,Model A,2020,94 years 09 months,926000.0
2024-08-01,GEYLANG,4 ROOM,82B,CIRCUIT RD,13 TO 15,93.0,Model A,2020,94 years 09 months,985000.0
2024-08-01,GEYLANG,4 ROOM,15,EUNOS CRES,07 TO 09,89.0,New Generation,1977,51 years 10 months,547000.0
2024-08-01,GEYLANG,4 ROOM,34,EUNOS CRES,01 TO 03,85.0,Model A,2006,81 years 04 months,785000.0
2024-08-01,GEYLANG,4 ROOM,36,EUNOS CRES,10 TO 12,85.0,Model A,2006,81 years 05 months,888000.0
2024-08-01,GEYLANG,4 ROOM,45,JLN TIGA,01 TO 03,93.0,Model A,2005,79 years 10 months,828000.0
2024-08-01,GEYLANG,4 ROOM,122,PAYA LEBAR WAY,10 TO 12,91.0,New Generation,1980,55 years 01 month,570000.0
2024-08-01,GEYLANG,4 ROOM,5,PINE CL,01 TO 03,95.0,Model A,2000,74 years 11 months,780000.0
2024-08-01,GEYLANG,4 ROOM,320,UBI AVE 1,04 TO 06,84.0,Simplified,1985,59 years 11 months,520000.0
2024-08-01,GEYLANG,4 ROOM,349,UBI AVE 1,01 TO 03,84.0,Simplified,1986,60 years 06 months,563000.0
2024-08-01,GEYLANG,4 ROOM,318,UBI AVE 1,04 TO 06,104.0,Model A,1985,60 years,628000.0
2024-08-01,GEYLANG,4 ROOM,313,UBI AVE 1,07 TO 09,104.0,Model A,1985,60 years,630000.0
2024-08-01,GEYLANG,5 ROOM,60,DAKOTA CRES,04 TO 06,137.0,Model A-Maisonette,1983,58 years 03 months,1128000.0
2024-08-01,GEYLANG,5 ROOM,6,HAIG RD,10 TO 12,118.0,Improved,1976,51 years,793888.0
2024-08-01,GEYLANG,5 ROOM,123,PAYA LEBAR WAY,04 TO 06,118.0,Improved,1980,55 years 01 month,670000.0
2024-08-01,GEYLANG,5 ROOM,3,PINE CL,07 TO 09,110.0,Improved,2000,74 years 11 months,1030000.0
2024-08-01,GEYLANG,5 ROOM,5,PINE CL,13 TO 15,111.0,Improved,2000,74 years 11 months,1028888.0
2024-08-01,GEYLANG,5 ROOM,9,PINE CL,10 TO 12,120.0,Improved,1997,72 years 03 months,1150000.0
2024-08-01,GEYLANG,5 ROOM,51,SIMS DR,22 TO 24,117.0,Standard,1977,51 years 07 months,802888.0
2024-08-01,GEYLANG,EXECUTIVE,133,GEYLANG EAST AVE 1,10 TO 12,144.0,Apartment,1987,61 years 10 months,1038000.0
2024-08-01,GEYLANG,EXECUTIVE,53,PIPIT RD,07 TO 09,146.0,Maisonette,1986,61 years 03 months,1000000.0
2024-08-01,HOUGANG,2 ROOM,998B,BUANGKOK CRES,07 TO 09,47.0,Model A,2019,94 years 05 months,358888.0
2024-08-01,HOUGANG,2 ROOM,998A,BUANGKOK CRES,07 TO 09,47.0,Model A,2019,94 years 05 months,386888.0
2024-08-01,HOUGANG,2 ROOM,987B,BUANGKOK GREEN,13 TO 15,47.0,Model A,2015,89 years 07 months,348000.0
2024-08-01,HOUGANG,2 ROOM,987B,BUANGKOK GREEN,13 TO 15,47.0,Model A,2015,89 years 07 months,354000.0
2024-08-01,HOUGANG,2 ROOM,991A,BUANGKOK LINK,10 TO 12,47.0,Model A,2019,93 years 11 months,388000.0
2024-08-01,HOUGANG,2 ROOM,991A,BUANGKOK LINK,13 TO 15,47.0,Model A,2019,93 years 11 months,380000.0
2024-08-01,HOUGANG,2 ROOM,991B,BUANGKOK LINK,13 TO 15,47.0,Model A,2019,93 years 11 months,390000.0
2024-08-01,HOUGANG,3 ROOM,995C,BUANGKOK CRES,13 TO 15,68.0,Model A,2019,94 years 02 months,520000.0
2024-08-01,HOUGANG,3 ROOM,986B,BUANGKOK CRES,07 TO 09,67.0,Model A,2012,86 years 10 months,475000.0
2024-08-01,HOUGANG,3 ROOM,125,HOUGANG AVE 1,01 TO 03,82.0,New Generation,1981,56 years 01 month,460000.0
2024-08-01,HOUGANG,3 ROOM,110,HOUGANG AVE 1,04 TO 06,67.0,New Generation,1982,57 years 03 months,401000.0
2024-08-01,HOUGANG,3 ROOM,174B,HOUGANG AVE 1,04 TO 06,66.0,Model A,2014,88 years 06 months,460000.0
2024-08-01,HOUGANG,3 ROOM,119,HOUGANG AVE 1,01 TO 03,81.0,New Generation,1981,56 years 02 months,430000.0
2024-08-01,HOUGANG,3 ROOM,124,HOUGANG AVE 1,07 TO 09,67.0,New Generation,1981,56 years 03 months,432000.0
2024-08-01,HOUGANG,3 ROOM,401,HOUGANG AVE 10,13 TO 15,68.0,New Generation,1985,59 years 10 months,445000.0
2024-08-01,HOUGANG,3 ROOM,2,HOUGANG AVE 3,01 TO 03,59.0,Improved,1975,50 years 01 month,305000.0
2024-08-01,HOUGANG,3 ROOM,2,HOUGANG AVE 3,13 TO 15,59.0,Improved,1975,50 years 01 month,328000.0
2024-08-01,HOUGANG,3 ROOM,19,HOUGANG AVE 3,04 TO 06,88.0,New Generation,1978,52 years 10 months,455000.0
2024-08-01,HOUGANG,3 ROOM,7,HOUGANG AVE 3,04 TO 06,59.0,Improved,1975,50 years,350000.0
2024-08-01,HOUGANG,3 ROOM,328,HOUGANG AVE 5,04 TO 06,67.0,New Generation,1983,58 years,430000.0
2024-08-01,HOUGANG,3 ROOM,304,HOUGANG AVE 5,07 TO 09,74.0,Model A,1983,58 years 01 month,458000.0
2024-08-01,HOUGANG,3 ROOM,311,HOUGANG AVE 5,10 TO 12,68.0,New Generation,1983,57 years 10 months,433888.0
2024-08-01,HOUGANG,3 ROOM,313,HOUGANG AVE 5,10 TO 12,71.0,Improved,1993,67 years 09 months,437000.0
2024-08-01,HOUGANG,3 ROOM,313,HOUGANG AVE 5,10 TO 12,59.0,Improved,1993,67 years 09 months,380000.0
2024-08-01,HOUGANG,3 ROOM,524,HOUGANG AVE 6,01 TO 03,74.0,Model A,1987,61 years 08 months,440000.0
2024-08-01,HOUGANG,3 ROOM,523,HOUGANG AVE 6,01 TO 03,74.0,Model A,1986,61 years 03 months,445000.0
2024-08-01,HOUGANG,3 ROOM,674,HOUGANG AVE 8,01 TO 03,64.0,Simplified,1987,61 years 06 months,380000.0
2024-08-01,HOUGANG,3 ROOM,632,HOUGANG AVE 8,01 TO 03,64.0,Simplified,1986,60 years 11 months,367500.0
2024-08-01,HOUGANG,3 ROOM,626,HOUGANG AVE 8,10 TO 12,64.0,Simplified,1986,61 years 04 months,418000.0
2024-08-01,HOUGANG,3 ROOM,652,HOUGANG AVE 8,04 TO 06,60.0,Improved,1988,62 years 10 months,390000.0
2024-08-01,HOUGANG,3 ROOM,620,HOUGANG AVE 8,07 TO 09,69.0,Improved,1985,60 years 01 month,415000.0
2024-08-01,HOUGANG,3 ROOM,645,HOUGANG AVE 8,01 TO 03,69.0,Improved,1987,61 years 06 months,400000.0
2024-08-01,HOUGANG,3 ROOM,154,HOUGANG ST 11,01 TO 03,67.0,New Generation,1984,59 years 05 months,433000.0
2024-08-01,HOUGANG,3 ROOM,473B,UPP SERANGOON CRES,13 TO 15,68.0,Model A,2017,91 years 10 months,520000.0
2024-08-01,HOUGANG,4 ROOM,996C,BUANGKOK CRES,07 TO 09,92.0,Model A,2019,94 years 02 months,640000.0
2024-08-01,HOUGANG,4 ROOM,996B,BUANGKOK CRES,13 TO 15,92.0,Model A,2019,94 years 02 months,645000.0
2024-08-01,HOUGANG,4 ROOM,996C,BUANGKOK CRES,04 TO 06,93.0,Model A,2019,94 years 02 months,637000.0
2024-08-01,HOUGANG,4 ROOM,996C,BUANGKOK CRES,10 TO 12,93.0,Model A,2019,94 years 02 months,650000.0
2024-08-01,HOUGANG,4 ROOM,996A,BUANGKOK CRES,10 TO 12,93.0,Model A,2019,94 years 02 months,620000.0
2024-08-01,HOUGANG,4 ROOM,996A,BUANGKOK CRES,13 TO 15,92.0,Model A,2019,94 years 02 months,650888.0
2024-08-01,HOUGANG,4 ROOM,997A,BUANGKOK CRES,04 TO 06,93.0,Model A,2018,93 years 04 months,595000.0
2024-08-01,HOUGANG,4 ROOM,998A,BUANGKOK CRES,04 TO 06,93.0,Model A,2019,94 years 05 months,640000.0
2024-08-01,HOUGANG,4 ROOM,996A,BUANGKOK CRES,07 TO 09,92.0,Model A,2019,94 years 02 months,653888.0
2024-08-01,HOUGANG,4 ROOM,979B,BUANGKOK CRES,04 TO 06,90.0,Model A,2003,78 years,515000.0
2024-08-01,HOUGANG,4 ROOM,981B,BUANGKOK CRES,01 TO 03,90.0,Model A,2003,77 years 11 months,515000.0
2024-08-01,HOUGANG,4 ROOM,997A,BUANGKOK CRES,04 TO 06,93.0,Model A,2018,93 years 04 months,595000.0
2024-08-01,HOUGANG,4 ROOM,987A,BUANGKOK GREEN,10 TO 12,93.0,Model A,2015,89 years 07 months,625888.0
2024-08-01,HOUGANG,4 ROOM,987A,BUANGKOK GREEN,13 TO 15,93.0,Model A,2015,89 years 07 months,645000.0
2024-08-01,HOUGANG,4 ROOM,987A,BUANGKOK GREEN,04 TO 06,93.0,Model A,2015,89 years 07 months,577000.0
2024-08-01,HOUGANG,4 ROOM,991B,BUANGKOK LINK,10 TO 12,93.0,Model A,2019,93 years 11 months,653000.0
2024-08-01,HOUGANG,4 ROOM,992A,BUANGKOK LINK,04 TO 06,93.0,Model A,2019,93 years 11 months,632000.0
2024-08-01,HOUGANG,4 ROOM,991B,BUANGKOK LINK,07 TO 09,93.0,Model A,2019,93 years 11 months,658888.0
2024-08-01,HOUGANG,4 ROOM,984A,BUANGKOK LINK,10 TO 12,85.0,Model A2,2004,78 years 08 months,540000.0
2024-08-01,HOUGANG,4 ROOM,992B,BUANGKOK LINK,10 TO 12,93.0,Model A,2019,93 years 11 months,645000.0
2024-08-01,HOUGANG,4 ROOM,112,HOUGANG AVE 1,01 TO 03,91.0,New Generation,1981,56 years 05 months,498000.0
2024-08-01,HOUGANG,4 ROOM,101,HOUGANG AVE 1,01 TO 03,103.0,Model A,1984,58 years 08 months,570000.0
2024-08-01,HOUGANG,4 ROOM,103,HOUGANG AVE 1,10 TO 12,108.0,Model A,1983,58 years 05 months,668000.0
2024-08-01,HOUGANG,4 ROOM,169,HOUGANG AVE 1,01 TO 03,103.0,Model A,1997,72 years 05 months,570000.0
2024-08-01,HOUGANG,4 ROOM,403,HOUGANG AVE 10,01 TO 03,98.0,New Generation,1985,60 years 03 months,508000.0
2024-08-01,HOUGANG,4 ROOM,414,HOUGANG AVE 10,07 TO 09,91.0,New Generation,1986,60 years 06 months,560000.0
2024-08-01,HOUGANG,4 ROOM,20,HOUGANG AVE 3,07 TO 09,98.0,New Generation,1978,52 years 11 months,508888.0
2024-08-01,HOUGANG,4 ROOM,252,HOUGANG AVE 3,07 TO 09,99.0,New Generation,1985,59 years 07 months,578000.0
2024-08-01,HOUGANG,4 ROOM,606,HOUGANG AVE 4,04 TO 06,104.0,Model A,1985,60 years 02 months,530000.0
2024-08-01,HOUGANG,4 ROOM,605,HOUGANG AVE 4,10 TO 12,104.0,Model A,1985,60 years 02 months,660000.0
2024-08-01,HOUGANG,4 ROOM,304,HOUGANG AVE 5,04 TO 06,105.0,Model A,1983,58 years 01 month,560000.0
2024-08-01,HOUGANG,4 ROOM,319,HOUGANG AVE 5,04 TO 06,93.0,New Generation,1983,58 years,500000.0
2024-08-01,HOUGANG,4 ROOM,332,HOUGANG AVE 5,10 TO 12,104.0,Model A,1983,57 years 09 months,580000.0
2024-08-01,HOUGANG,4 ROOM,529,HOUGANG AVE 6,04 TO 06,104.0,Model A,1987,61 years 11 months,600000.0
2024-08-01,HOUGANG,4 ROOM,423,HOUGANG AVE 6,04 TO 06,109.0,Model A,1989,64 years 04 months,650000.0
2024-08-01,HOUGANG,4 ROOM,675,HOUGANG AVE 8,13 TO 15,84.0,Simplified,1986,61 years 05 months,482888.0
2024-08-01,HOUGANG,4 ROOM,636,HOUGANG AVE 8,10 TO 12,84.0,Simplified,1987,62 years 05 months,508000.0
2024-08-01,HOUGANG,4 ROOM,630,HOUGANG AVE 8,01 TO 03,84.0,Simplified,1986,61 years 05 months,483000.0
2024-08-01,HOUGANG,4 ROOM,418,HOUGANG AVE 8,04 TO 06,108.0,Model A,1989,63 years 09 months,595000.0
2024-08-01,HOUGANG,4 ROOM,613,HOUGANG AVE 8,01 TO 03,84.0,Simplified,1986,60 years 11 months,493000.0
2024-08-01,HOUGANG,4 ROOM,637,HOUGANG AVE 8,07 TO 09,84.0,Simplified,1987,62 years 01 month,490000.0
2024-08-01,HOUGANG,4 ROOM,418,HOUGANG AVE 8,04 TO 06,94.0,New Generation,1989,63 years 09 months,568000.0
2024-08-01,HOUGANG,4 ROOM,916,HOUGANG AVE 9,07 TO 09,100.0,Model A,1998,73 years,610000.0
2024-08-01,HOUGANG,4 ROOM,932A,HOUGANG AVE 9,10 TO 12,92.0,Model A,2017,92 years 04 months,695000.0
2024-08-01,HOUGANG,4 ROOM,923,HOUGANG AVE 9,07 TO 09,100.0,Model A,1998,72 years 07 months,580000.0
2024-08-01,HOUGANG,4 ROOM,916,HOUGANG AVE 9,10 TO 12,101.0,Model A,1998,73 years,605000.0
2024-08-01,HOUGANG,4 ROOM,932B,HOUGANG AVE 9,07 TO 09,92.0,Model A,2017,92 years 03 months,705000.0
2024-08-01,HOUGANG,4 ROOM,924,HOUGANG AVE 9,10 TO 12,101.0,Model A,1998,73 years 01 month,636888.0
2024-08-01,HOUGANG,4 ROOM,835,HOUGANG CTRL,01 TO 03,106.0,Model A,1992,67 years 03 months,700000.0
2024-08-01,HOUGANG,4 ROOM,832,HOUGANG CTRL,01 TO 03,104.0,Model A,1992,67 years 02 months,645000.0
2024-08-01,HOUGANG,4 ROOM,242,HOUGANG ST 22,10 TO 12,92.0,New Generation,1984,59 years 04 months,560000.0
2024-08-01,HOUGANG,4 ROOM,242,HOUGANG ST 22,04 TO 06,93.0,New Generation,1984,59 years 03 months,503000.0
2024-08-01,HOUGANG,4 ROOM,550,HOUGANG ST 51,01 TO 03,111.0,Model A,1992,67 years 03 months,650000.0
2024-08-01,HOUGANG,4 ROOM,575,HOUGANG ST 51,04 TO 06,98.0,Model A,1997,71 years 07 months,578000.0
2024-08-01,HOUGANG,4 ROOM,572,HOUGANG ST 51,01 TO 03,101.0,Model A,1997,71 years 07 months,550800.0
2024-08-01,HOUGANG,4 ROOM,550,HOUGANG ST 51,10 TO 12,103.0,Model A,1992,67 years 02 months,618888.0
2024-08-01,HOUGANG,4 ROOM,537,HOUGANG ST 52,01 TO 03,107.0,Model A,1992,67 years 03 months,550000.0
2024-08-01,HOUGANG,4 ROOM,693,HOUGANG ST 61,07 TO 09,89.0,Simplified,1987,61 years 11 months,530000.0
2024-08-01,HOUGANG,4 ROOM,915,HOUGANG ST 91,01 TO 03,101.0,Model A,1998,72 years 07 months,535000.0
2024-08-01,HOUGANG,4 ROOM,911,HOUGANG ST 91,01 TO 03,92.0,Model A2,1998,72 years 07 months,510000.0
2024-08-01,HOUGANG,4 ROOM,137,LOR AH SOO,01 TO 03,104.0,Model A,1985,59 years 09 months,545000.0
2024-08-01,HOUGANG,4 ROOM,471B,UPP SERANGOON CRES,13 TO 15,92.0,Model A,2015,89 years 10 months,676000.0
2024-08-01,HOUGANG,4 ROOM,475D,UPP SERANGOON CRES,10 TO 12,92.0,DBSS,2014,89 years 04 months,765000.0
2024-08-01,HOUGANG,4 ROOM,473B,UPP SERANGOON CRES,04 TO 06,93.0,Model A,2017,91 years 11 months,612000.0
2024-08-01,HOUGANG,4 ROOM,475D,UPP SERANGOON CRES,04 TO 06,92.0,DBSS,2014,89 years 03 months,680000.0
2024-08-01,HOUGANG,4 ROOM,365D,UPP SERANGOON RD,13 TO 15,92.0,Model A,2018,92 years 07 months,803888.0
2024-08-01,HOUGANG,4 ROOM,365A,UPP SERANGOON RD,10 TO 12,92.0,Model A,2018,92 years 07 months,770000.0
2024-08-01,HOUGANG,4 ROOM,477A,UPP SERANGOON VIEW,13 TO 15,95.0,Premium Apartment,2016,90 years 09 months,762800.0
2024-08-01,HOUGANG,4 ROOM,477C,UPP SERANGOON VIEW,16 TO 18,92.0,Premium Apartment,2016,90 years 08 months,700000.0
2024-08-01,HOUGANG,5 ROOM,997B,BUANGKOK CRES,01 TO 03,120.0,3Gen,2018,93 years 04 months,710000.0
2024-08-01,HOUGANG,5 ROOM,997A,BUANGKOK CRES,13 TO 15,113.0,Improved,2018,93 years 04 months,770000.0
2024-08-01,HOUGANG,5 ROOM,997C,BUANGKOK CRES,10 TO 12,113.0,Improved,2018,93 years 03 months,792000.0
2024-08-01,HOUGANG,5 ROOM,997A,BUANGKOK CRES,01 TO 03,120.0,3Gen,2018,93 years 03 months,736000.0
2024-08-01,HOUGANG,5 ROOM,984B,BUANGKOK LINK,01 TO 03,110.0,Improved,2004,78 years 08 months,650000.0
2024-08-01,HOUGANG,5 ROOM,238,HOUGANG AVE 1,10 TO 12,138.0,Model A-Maisonette,1984,59 years 01 month,988000.0
2024-08-01,HOUGANG,5 ROOM,416,HOUGANG AVE 10,04 TO 06,120.0,Improved,1985,60 years 03 months,720000.0
2024-08-01,HOUGANG,5 ROOM,580,HOUGANG AVE 4,13 TO 15,119.0,Improved,1997,72 years 05 months,720000.0
2024-08-01,HOUGANG,5 ROOM,310,HOUGANG AVE 5,04 TO 06,126.0,Improved,1984,58 years 07 months,640000.0
2024-08-01,HOUGANG,5 ROOM,312,HOUGANG AVE 5,01 TO 03,137.0,Improved-Maisonette,1983,57 years 09 months,940000.0
2024-08-01,HOUGANG,5 ROOM,525,HOUGANG AVE 6,01 TO 03,122.0,Improved,1987,62 years 05 months,605000.0
2024-08-01,HOUGANG,5 ROOM,432,HOUGANG AVE 6,10 TO 12,130.0,Improved,1989,63 years 09 months,820000.0
2024-08-01,HOUGANG,5 ROOM,325,HOUGANG AVE 7,04 TO 06,121.0,Improved,1983,57 years 09 months,610000.0
2024-08-01,HOUGANG,5 ROOM,339,HOUGANG AVE 7,10 TO 12,121.0,Improved,1985,60 years 01 month,650000.0
2024-08-01,HOUGANG,5 ROOM,624,HOUGANG AVE 8,01 TO 03,122.0,Improved,1986,61 years 03 months,660000.0
2024-08-01,HOUGANG,5 ROOM,466,HOUGANG AVE 8,07 TO 09,125.0,Improved,1992,67 years 03 months,783000.0
2024-08-01,HOUGANG,5 ROOM,439,HOUGANG AVE 8,04 TO 06,127.0,Improved,1990,65 years 02 months,745000.0
2024-08-01,HOUGANG,5 ROOM,918,HOUGANG AVE 9,16 TO 18,120.0,Improved,1998,72 years 08 months,770000.0
2024-08-01,HOUGANG,5 ROOM,964,HOUGANG AVE 9,04 TO 06,121.0,Improved,1999,74 years 02 months,675000.0
2024-08-01,HOUGANG,5 ROOM,231,HOUGANG ST 21,10 TO 12,142.0,Model A-Maisonette,1984,59 years 02 months,1150000.0
2024-08-01,HOUGANG,5 ROOM,373,HOUGANG ST 31,10 TO 12,121.0,Improved,2000,74 years 06 months,848000.0
2024-08-01,HOUGANG,5 ROOM,552,HOUGANG ST 51,04 TO 06,121.0,Improved,1990,64 years 06 months,675000.0
2024-08-01,HOUGANG,5 ROOM,567,HOUGANG ST 51,10 TO 12,118.0,Improved,1997,71 years 10 months,740000.0
2024-08-01,HOUGANG,5 ROOM,575,HOUGANG ST 51,16 TO 18,118.0,Improved,1997,71 years 07 months,720000.0
2024-08-01,HOUGANG,5 ROOM,699A,HOUGANG ST 52,07 TO 09,121.0,Improved,1999,73 years 07 months,750000.0
2024-08-01,HOUGANG,5 ROOM,686,HOUGANG ST 61,04 TO 06,121.0,Improved,1987,62 years,650000.0
2024-08-01,HOUGANG,5 ROOM,921,HOUGANG ST 91,07 TO 09,120.0,Improved,1998,72 years 09 months,715000.0
2024-08-01,HOUGANG,5 ROOM,928,HOUGANG ST 91,04 TO 06,120.0,Improved,1998,73 years 03 months,705000.0
2024-08-01,HOUGANG,5 ROOM,922,HOUGANG ST 91,13 TO 15,120.0,Improved,1998,72 years 07 months,800000.0
2024-08-01,HOUGANG,5 ROOM,973,HOUGANG ST 91,07 TO 09,116.0,Improved,1999,74 years 04 months,700000.0
2024-08-01,HOUGANG,5 ROOM,926,HOUGANG ST 91,13 TO 15,120.0,Improved,1998,73 years,820000.0
2024-08-01,HOUGANG,5 ROOM,936,HOUGANG ST 92,07 TO 09,123.0,Improved,1998,72 years 07 months,770000.0
2024-08-01,HOUGANG,5 ROOM,942,HOUGANG ST 92,01 TO 03,121.0,Improved,1998,73 years 01 month,680000.0
2024-08-01,HOUGANG,5 ROOM,475D,UPP SERANGOON CRES,04 TO 06,112.0,DBSS,2014,89 years 04 months,910000.0
2024-08-01,HOUGANG,EXECUTIVE,449,HOUGANG AVE 10,01 TO 03,150.0,Maisonette,1991,65 years 06 months,918000.0
2024-08-01,HOUGANG,EXECUTIVE,407,HOUGANG AVE 10,07 TO 09,153.0,Maisonette,1986,61 years 02 months,1025000.0
2024-08-01,HOUGANG,EXECUTIVE,449,HOUGANG AVE 10,10 TO 12,148.0,Maisonette,1991,65 years 06 months,1020000.0
2024-08-01,HOUGANG,EXECUTIVE,578,HOUGANG AVE 4,04 TO 06,139.0,Apartment,1997,72 years 03 months,860000.0
2024-08-01,HOUGANG,EXECUTIVE,634,HOUGANG AVE 8,10 TO 12,148.0,Maisonette,1987,62 years 03 months,900000.0
2024-08-01,HOUGANG,EXECUTIVE,628,HOUGANG AVE 8,04 TO 06,148.0,Maisonette,1986,61 years 01 month,888888.0
2024-08-01,HOUGANG,EXECUTIVE,851,HOUGANG CTRL,01 TO 03,141.0,Apartment,1997,71 years 07 months,1005000.0
2024-08-01,HOUGANG,EXECUTIVE,558,HOUGANG ST 51,04 TO 06,154.0,Maisonette,1992,67 years 02 months,1021888.0
2024-08-01,HOUGANG,EXECUTIVE,560,HOUGANG ST 51,13 TO 15,144.0,Apartment,1992,67 years 02 months,950000.0
2024-08-01,HOUGANG,EXECUTIVE,698D,HOUGANG ST 52,07 TO 09,141.0,Apartment,1999,73 years 07 months,900000.0
2024-08-01,HOUGANG,EXECUTIVE,128,LOR AH SOO,10 TO 12,149.0,Maisonette,1984,59 years,950000.0
2024-08-01,JURONG EAST,2 ROOM,372,JURONG EAST ST 32,01 TO 03,43.0,Model A,2014,88 years 07 months,335000.0
2024-08-01,JURONG EAST,2 ROOM,371,JURONG EAST ST 32,01 TO 03,44.0,Model A,2014,88 years 07 months,305000.0
2024-08-01,JURONG EAST,3 ROOM,330,JURONG EAST AVE 1,10 TO 12,74.0,Model A,1983,57 years 11 months,418000.0
2024-08-01,JURONG EAST,3 ROOM,240A,JURONG EAST AVE 1,04 TO 06,68.0,Model A,2020,94 years 10 months,510000.0
2024-08-01,JURONG EAST,3 ROOM,329,JURONG EAST AVE 1,10 TO 12,74.0,Model A,1983,57 years 11 months,390000.0
2024-08-01,JURONG EAST,3 ROOM,240A,JURONG EAST AVE 1,10 TO 12,68.0,Model A,2020,94 years 10 months,531000.0
2024-08-01,JURONG EAST,3 ROOM,329,JURONG EAST AVE 1,04 TO 06,74.0,Model A,1983,57 years 11 months,410000.0
2024-08-01,JURONG EAST,3 ROOM,101,JURONG EAST ST 13,04 TO 06,68.0,New Generation,1983,57 years 08 months,405888.0
2024-08-01,JURONG EAST,3 ROOM,115,JURONG EAST ST 13,04 TO 06,67.0,New Generation,1981,55 years 10 months,375000.0
2024-08-01,JURONG EAST,3 ROOM,101,JURONG EAST ST 13,04 TO 06,68.0,New Generation,1983,57 years 07 months,420000.0
2024-08-01,JURONG EAST,3 ROOM,225A,JURONG EAST ST 21,07 TO 09,67.0,New Generation,1984,59 years 04 months,395000.0
2024-08-01,JURONG EAST,3 ROOM,210,JURONG EAST ST 21,07 TO 09,67.0,New Generation,1983,57 years 11 months,410000.0
2024-08-01,JURONG EAST,3 ROOM,206,JURONG EAST ST 21,01 TO 03,67.0,New Generation,1982,57 years 04 months,385000.0
2024-08-01,JURONG EAST,3 ROOM,225A,JURONG EAST ST 21,04 TO 06,67.0,New Generation,1984,59 years 04 months,380000.0
2024-08-01,JURONG EAST,3 ROOM,241,JURONG EAST ST 24,10 TO 12,68.0,New Generation,1983,57 years 07 months,398000.0
2024-08-01,JURONG EAST,3 ROOM,252,JURONG EAST ST 24,04 TO 06,67.0,New Generation,1985,59 years 11 months,370000.0
2024-08-01,JURONG EAST,3 ROOM,250,JURONG EAST ST 24,07 TO 09,67.0,New Generation,1986,60 years 11 months,393000.0
2024-08-01,JURONG EAST,3 ROOM,318,JURONG EAST ST 31,01 TO 03,74.0,Model A,1984,58 years 10 months,382000.0
2024-08-01,JURONG EAST,3 ROOM,303,JURONG EAST ST 32,01 TO 03,84.0,New Generation,1983,58 years 01 month,408000.0
2024-08-01,JURONG EAST,3 ROOM,308,JURONG EAST ST 32,07 TO 09,74.0,Model A,1984,58 years 08 months,370000.0
2024-08-01,JURONG EAST,3 ROOM,304,JURONG EAST ST 32,10 TO 12,67.0,New Generation,1983,58 years 02 months,402000.0
2024-08-01,JURONG EAST,3 ROOM,301,JURONG EAST ST 32,04 TO 06,67.0,New Generation,1983,57 years 09 months,390000.0
2024-08-01,JURONG EAST,3 ROOM,301,JURONG EAST ST 32,10 TO 12,67.0,New Generation,1983,57 years 09 months,368000.0
2024-08-01,JURONG EAST,3 ROOM,315,JURONG EAST ST 32,01 TO 03,74.0,Model A,1984,58 years 10 months,395000.0
2024-08-01,JURONG EAST,3 ROOM,410,PANDAN GDNS,13 TO 15,72.0,Improved,1979,53 years 09 months,358000.0
2024-08-01,JURONG EAST,3 ROOM,40,TEBAN GDNS RD,01 TO 03,74.0,Improved,1978,52 years 09 months,358000.0
2024-08-01,JURONG EAST,3 ROOM,20,TEBAN GDNS RD,34 TO 36,72.0,Model A,2013,88 years 03 months,498000.0
2024-08-01,JURONG EAST,3 ROOM,20,TEBAN GDNS RD,25 TO 27,72.0,Model A,2013,88 years 02 months,490000.0
2024-08-01,JURONG EAST,4 ROOM,207,JURONG EAST ST 21,01 TO 03,95.0,New Generation,1983,57 years 08 months,495000.0
2024-08-01,JURONG EAST,4 ROOM,236,JURONG EAST ST 21,04 TO 06,93.0,New Generation,1982,56 years 06 months,513800.0
2024-08-01,JURONG EAST,4 ROOM,248,JURONG EAST ST 24,07 TO 09,99.0,New Generation,1983,57 years 08 months,460000.0
2024-08-01,JURONG EAST,4 ROOM,409,PANDAN GDNS,07 TO 09,97.0,New Generation,1978,53 years 04 months,466888.0
2024-08-01,JURONG EAST,4 ROOM,402,PANDAN GDNS,01 TO 03,97.0,New Generation,1978,53 years 04 months,446000.0
2024-08-01,JURONG EAST,4 ROOM,21,TEBAN GDNS RD,01 TO 03,92.0,Model A,2013,88 years 02 months,568000.0
2024-08-01,JURONG EAST,4 ROOM,55,TEBAN GDNS RD,31 TO 33,92.0,Model A,2016,91 years 04 months,665000.0
2024-08-01,JURONG EAST,4 ROOM,21,TEBAN GDNS RD,25 TO 27,92.0,Model A,2013,88 years 02 months,668000.0
2024-08-01,JURONG EAST,4 ROOM,30,TEBAN GDNS RD,04 TO 06,99.0,New Generation,1981,56 years,450000.0
2024-08-01,JURONG EAST,4 ROOM,56,TEBAN GDNS RD,19 TO 21,92.0,Model A,2016,91 years 04 months,620000.0
2024-08-01,JURONG EAST,4 ROOM,60,TEBAN GDNS RD,04 TO 06,90.0,Model A,2003,78 years 01 month,510000.0
2024-08-01,JURONG EAST,4 ROOM,25,TEBAN GDNS RD,01 TO 03,107.0,Model A,1993,68 years,480000.0
2024-08-01,JURONG EAST,4 ROOM,64,TEBAN GDNS RD,01 TO 03,91.0,Model A,2003,77 years 10 months,490000.0
2024-08-01,JURONG EAST,4 ROOM,271,TOH GUAN RD,16 TO 18,101.0,Model A,1999,73 years 08 months,645000.0
2024-08-01,JURONG EAST,4 ROOM,273,TOH GUAN RD,07 TO 09,101.0,Model A,1999,73 years 07 months,588000.0
2024-08-01,JURONG EAST,5 ROOM,111,JURONG EAST ST 13,01 TO 03,120.0,Improved,1981,56 years 02 months,599000.0
2024-08-01,JURONG EAST,5 ROOM,288A,JURONG EAST ST 21,22 TO 24,120.0,Improved,2000,75 years,891008.0
2024-08-01,JURONG EAST,5 ROOM,212,JURONG EAST ST 21,19 TO 21,120.0,Improved,1982,57 years 06 months,705000.0
2024-08-01,JURONG EAST,5 ROOM,213,JURONG EAST ST 21,19 TO 21,120.0,Improved,1982,57 years 02 months,710000.0
2024-08-01,JURONG EAST,5 ROOM,228,JURONG EAST ST 21,01 TO 03,122.0,Improved,1987,62 years 04 months,615000.0
2024-08-01,JURONG EAST,5 ROOM,314,JURONG EAST ST 32,04 TO 06,132.0,Model A,1984,59 years,630000.0
2024-08-01,JURONG EAST,5 ROOM,53,TEBAN GDNS RD,04 TO 06,121.0,Improved,1986,61 years 05 months,535000.0
2024-08-01,JURONG EAST,5 ROOM,63,TEBAN GDNS RD,01 TO 03,115.0,Improved,2003,77 years 11 months,598000.0
2024-08-01,JURONG EAST,5 ROOM,63,TEBAN GDNS RD,01 TO 03,115.0,Improved,2003,77 years 11 months,600000.0
2024-08-01,JURONG EAST,5 ROOM,63,TEBAN GDNS RD,07 TO 09,115.0,Improved,2003,77 years 11 months,630000.0
2024-08-01,JURONG EAST,5 ROOM,271,TOH GUAN RD,16 TO 18,120.0,Improved,1999,73 years 09 months,750000.0
2024-08-01,JURONG EAST,5 ROOM,272,TOH GUAN RD,19 TO 21,120.0,Improved,1999,73 years 09 months,753000.0
2024-08-01,JURONG EAST,5 ROOM,279,TOH GUAN RD,07 TO 09,121.0,Improved,1998,73 years 05 months,742000.0
2024-08-01,JURONG EAST,5 ROOM,272,TOH GUAN RD,22 TO 24,120.0,Improved,1999,73 years 09 months,740000.0
2024-08-01,JURONG EAST,5 ROOM,277,TOH GUAN RD,07 TO 09,121.0,Improved,1998,73 years 03 months,705000.0
2024-08-01,JURONG EAST,5 ROOM,284,TOH GUAN RD,16 TO 18,120.0,Improved,1998,73 years 05 months,787888.0
2024-08-01,JURONG EAST,5 ROOM,271,TOH GUAN RD,04 TO 06,120.0,Improved,1999,73 years 08 months,765000.0
2024-08-01,JURONG EAST,5 ROOM,270,TOH GUAN RD,01 TO 03,120.0,Improved,1999,73 years 08 months,625000.0
2024-08-01,JURONG EAST,EXECUTIVE,336,JURONG EAST AVE 1,10 TO 12,149.0,Maisonette,1985,60 years 02 months,800000.0
2024-08-01,JURONG EAST,EXECUTIVE,334,JURONG EAST AVE 1,01 TO 03,154.0,Maisonette,1984,58 years 10 months,742888.0
2024-08-01,JURONG EAST,EXECUTIVE,337,JURONG EAST AVE 1,04 TO 06,149.0,Maisonette,1985,60 years,765000.0
2024-08-01,JURONG EAST,EXECUTIVE,287A,JURONG EAST ST 21,07 TO 09,144.0,Apartment,1998,73 years 02 months,995000.0
2024-08-01,JURONG WEST,2 ROOM,181B,BOON LAY DR,04 TO 06,47.0,Model A,2014,88 years 10 months,320000.0
2024-08-01,JURONG WEST,3 ROOM,216B,BOON LAY AVE,13 TO 15,68.0,Model A,2018,93 years 01 month,476000.0
2024-08-01,JURONG WEST,3 ROOM,216B,BOON LAY AVE,10 TO 12,68.0,Model A,2018,93 years 01 month,466000.0
2024-08-01,JURONG WEST,3 ROOM,186,BOON LAY AVE,01 TO 03,68.0,Improved,1975,50 years 03 months,300000.0
2024-08-01,JURONG WEST,3 ROOM,185,BOON LAY AVE,10 TO 12,59.0,Improved,1975,50 years 03 months,330000.0
2024-08-01,JURONG WEST,3 ROOM,185,BOON LAY AVE,19 TO 21,59.0,Improved,1975,50 years 03 months,313000.0
2024-08-01,JURONG WEST,3 ROOM,174,BOON LAY DR,07 TO 09,59.0,Improved,1978,53 years 01 month,300000.0
2024-08-01,JURONG WEST,3 ROOM,180C,BOON LAY DR,01 TO 03,68.0,Model A,2014,88 years 10 months,430000.0
2024-08-01,JURONG WEST,3 ROOM,197B,BOON LAY DR,07 TO 09,68.0,Model A,2015,89 years 09 months,456000.0
2024-08-01,JURONG WEST,3 ROOM,180A,BOON LAY DR,16 TO 18,68.0,Model A,2014,88 years 10 months,480000.0
2024-08-01,JURONG WEST,3 ROOM,175,BOON LAY DR,04 TO 06,59.0,Improved,1978,53 years,316000.0
2024-08-01,JURONG WEST,3 ROOM,180C,BOON LAY DR,01 TO 03,68.0,Model A,2014,88 years 10 months,420000.0
2024-08-01,JURONG WEST,3 ROOM,211,BOON LAY PL,01 TO 03,65.0,Improved,1976,51 years 05 months,315000.0
2024-08-01,JURONG WEST,3 ROOM,209,BOON LAY PL,04 TO 06,65.0,Improved,1976,50 years 10 months,328000.0
2024-08-01,JURONG WEST,3 ROOM,210,BOON LAY PL,01 TO 03,65.0,Improved,1977,52 years 02 months,320000.0
2024-08-01,JURONG WEST,3 ROOM,211,BOON LAY PL,13 TO 15,65.0,Improved,1976,51 years 04 months,330000.0
2024-08-01,JURONG WEST,3 ROOM,209,BOON LAY PL,01 TO 03,65.0,Improved,1976,50 years 10 months,330000.0
2024-08-01,JURONG WEST,3 ROOM,208,BOON LAY PL,19 TO 21,65.0,Improved,1976,51 years 03 months,348000.0
2024-08-01,JURONG WEST,3 ROOM,211,BOON LAY PL,07 TO 09,65.0,Improved,1976,51 years 03 months,330000.0
2024-08-01,JURONG WEST,3 ROOM,487,JURONG WEST AVE 1,04 TO 06,73.0,Model A,1984,59 years 01 month,395000.0
2024-08-01,JURONG WEST,3 ROOM,425,JURONG WEST AVE 1,01 TO 03,74.0,Model A,1984,59 years 03 months,360000.0
2024-08-01,JURONG WEST,3 ROOM,484,JURONG WEST AVE 1,07 TO 09,67.0,New Generation,1985,60 years,375000.0
2024-08-01,JURONG WEST,3 ROOM,481,JURONG WEST ST 41,07 TO 09,67.0,New Generation,1985,59 years 10 months,445000.0
2024-08-01,JURONG WEST,3 ROOM,474,JURONG WEST ST 41,10 TO 12,73.0,Model A,1984,59 years 03 months,380000.0
2024-08-01,JURONG WEST,3 ROOM,481,JURONG WEST ST 41,01 TO 03,67.0,New Generation,1985,59 years 10 months,370000.0
2024-08-01,JURONG WEST,3 ROOM,463,JURONG WEST ST 41,04 TO 06,67.0,New Generation,1985,59 years 11 months,370000.0
2024-08-01,JURONG WEST,3 ROOM,544,JURONG WEST ST 42,04 TO 06,74.0,Model A,1984,59 years 04 months,396000.0
2024-08-01,JURONG WEST,3 ROOM,518,JURONG WEST ST 52,10 TO 12,79.0,Model A,1984,59 years 05 months,456888.0
2024-08-01,JURONG WEST,3 ROOM,513,JURONG WEST ST 52,10 TO 12,74.0,Model A,1984,58 years 09 months,460000.0
2024-08-01,JURONG WEST,3 ROOM,534,JURONG WEST ST 52,07 TO 09,67.0,New Generation,1982,56 years 10 months,380000.0
2024-08-01,JURONG WEST,3 ROOM,916,JURONG WEST ST 91,04 TO 06,73.0,Model A,1988,63 years,375000.0
2024-08-01,JURONG WEST,3 ROOM,914,JURONG WEST ST 91,07 TO 09,73.0,Model A,1988,63 years,390000.0
2024-08-01,JURONG WEST,3 ROOM,916,JURONG WEST ST 91,10 TO 12,73.0,Model A,1988,62 years 11 months,388000.0
2024-08-01,JURONG WEST,3 ROOM,925,JURONG WEST ST 92,07 TO 09,73.0,Model A,1988,63 years 02 months,390000.0
2024-08-01,JURONG WEST,3 ROOM,339C,KANG CHING RD,10 TO 12,67.0,Model A,2012,86 years 08 months,468000.0
2024-08-01,JURONG WEST,4 ROOM,183A,BOON LAY AVE,07 TO 09,92.0,Model A,2015,89 years 06 months,572000.0
2024-08-01,JURONG WEST,4 ROOM,216B,BOON LAY AVE,07 TO 09,94.0,Model A,2018,93 years,600000.0
2024-08-01,JURONG WEST,4 ROOM,216B,BOON LAY AVE,10 TO 12,94.0,Model A,2018,93 years,635000.0
2024-08-01,JURONG WEST,4 ROOM,217A,BOON LAY AVE,13 TO 15,94.0,Model A,2018,93 years,635000.0
2024-08-01,JURONG WEST,4 ROOM,268A,BOON LAY DR,13 TO 15,90.0,Model A,2002,76 years 07 months,500000.0
2024-08-01,JURONG WEST,4 ROOM,140C,CORPORATION DR,16 TO 18,93.0,Model A,2019,93 years 11 months,680000.0
2024-08-01,JURONG WEST,4 ROOM,491,JURONG WEST AVE 1,04 TO 06,93.0,New Generation,1985,60 years 02 months,451000.0
2024-08-01,JURONG WEST,4 ROOM,489,JURONG WEST AVE 1,07 TO 09,103.0,Model A,1984,59 years 01 month,445000.0
2024-08-01,JURONG WEST,4 ROOM,431,JURONG WEST AVE 1,01 TO 03,103.0,Model A,1985,59 years 06 months,443000.0
2024-08-01,JURONG WEST,4 ROOM,485,JURONG WEST AVE 1,04 TO 06,103.0,Model A,1984,59 years 01 month,498000.0
2024-08-01,JURONG WEST,4 ROOM,681C,JURONG WEST CTRL 1,13 TO 15,95.0,Premium Apartment,2000,74 years 11 months,530000.0
2024-08-01,JURONG WEST,4 ROOM,275A,JURONG WEST ST 25,01 TO 03,90.0,Model A,2002,76 years 05 months,455000.0
2024-08-01,JURONG WEST,4 ROOM,465,JURONG WEST ST 41,07 TO 09,92.0,New Generation,1984,59 years 05 months,500000.0
2024-08-01,JURONG WEST,4 ROOM,448,JURONG WEST ST 42,07 TO 09,103.0,Model A,1984,59 years 02 months,527000.0
2024-08-01,JURONG WEST,4 ROOM,447,JURONG WEST ST 42,07 TO 09,103.0,Model A,1984,58 years 11 months,480000.0
2024-08-01,JURONG WEST,4 ROOM,406,JURONG WEST ST 42,10 TO 12,106.0,Model A,1984,59 years 01 month,470000.0
2024-08-01,JURONG WEST,4 ROOM,450,JURONG WEST ST 42,01 TO 03,107.0,Model A,1985,59 years 10 months,468000.0
2024-08-01,JURONG WEST,4 ROOM,557,JURONG WEST ST 42,07 TO 09,104.0,Model A,1985,59 years 07 months,488000.0
2024-08-01,JURONG WEST,4 ROOM,419,JURONG WEST ST 42,10 TO 12,84.0,Simplified,1985,59 years 10 months,465000.0
2024-08-01,JURONG WEST,4 ROOM,639,JURONG WEST ST 61,13 TO 15,100.0,Model A,1998,73 years,551000.0
2024-08-01,JURONG WEST,4 ROOM,651A,JURONG WEST ST 61,07 TO 09,91.0,Model A,2002,76 years 10 months,550000.0
2024-08-01,JURONG WEST,4 ROOM,649A,JURONG WEST ST 61,07 TO 09,91.0,Model A,2000,75 years 03 months,518000.0
2024-08-01,JURONG WEST,4 ROOM,641,JURONG WEST ST 61,13 TO 15,100.0,Model A,1998,73 years,525000.0
2024-08-01,JURONG WEST,4 ROOM,639,JURONG WEST ST 61,07 TO 09,100.0,Model A,1998,73 years,550000.0
2024-08-01,JURONG WEST,4 ROOM,624,JURONG WEST ST 61,01 TO 03,91.0,Model A,2001,75 years 07 months,475000.0
2024-08-01,JURONG WEST,4 ROOM,643,JURONG WEST ST 61,04 TO 06,90.0,Model A2,1998,72 years 11 months,490000.0
2024-08-01,JURONG WEST,4 ROOM,643,JURONG WEST ST 61,01 TO 03,93.0,Model A2,1998,72 years 10 months,500000.0
2024-08-01,JURONG WEST,4 ROOM,613,JURONG WEST ST 62,10 TO 12,94.0,Premium Apartment,2001,75 years 05 months,545000.0
2024-08-01,JURONG WEST,4 ROOM,675A,JURONG WEST ST 64,07 TO 09,91.0,Premium Apartment,2008,82 years 11 months,495000.0
2024-08-01,JURONG WEST,4 ROOM,621,JURONG WEST ST 65,13 TO 15,85.0,Model A2,2000,75 years 04 months,515000.0
2024-08-01,JURONG WEST,4 ROOM,717,JURONG WEST ST 71,04 TO 06,104.0,Model A,1991,65 years 06 months,468000.0
2024-08-01,JURONG WEST,4 ROOM,749,JURONG WEST ST 73,04 TO 06,104.0,Model A,1990,65 years 01 month,482000.0
2024-08-01,JURONG WEST,4 ROOM,759,JURONG WEST ST 74,04 TO 06,109.0,Model A,1996,71 years 02 months,518000.0
2024-08-01,JURONG WEST,4 ROOM,866,JURONG WEST ST 81,07 TO 09,105.0,Model A,1996,71 years 03 months,505000.0
2024-08-01,JURONG WEST,4 ROOM,811,JURONG WEST ST 81,04 TO 06,107.0,Model A,1993,68 years 05 months,500000.0
2024-08-01,JURONG WEST,4 ROOM,946,JURONG WEST ST 91,01 TO 03,105.0,Model A,1989,64 years,477000.0
2024-08-01,JURONG WEST,4 ROOM,929,JURONG WEST ST 92,04 TO 06,103.0,Model A,1989,63 years 07 months,460000.0
2024-08-01,JURONG WEST,4 ROOM,355,KANG CHING RD,10 TO 12,101.0,Model A,1997,71 years 06 months,550000.0
2024-08-01,JURONG WEST,4 ROOM,347,KANG CHING RD,07 TO 09,102.0,Model A,1997,71 years 10 months,580000.0
2024-08-01,JURONG WEST,4 ROOM,337C,TAH CHING RD,07 TO 09,94.0,Model A,2010,84 years 09 months,588000.0
2024-08-01,JURONG WEST,4 ROOM,138A,YUAN CHING RD,07 TO 09,86.0,DBSS,2014,89 years 02 months,680000.0
2024-08-01,JURONG WEST,4 ROOM,138B,YUAN CHING RD,13 TO 15,91.0,DBSS,2014,89 years 02 months,710000.0
2024-08-01,JURONG WEST,4 ROOM,138D,YUAN CHING RD,10 TO 12,89.0,DBSS,2014,89 years 02 months,738000.0
2024-08-01,JURONG WEST,4 ROOM,152,YUNG HO RD,10 TO 12,104.0,Model A,1990,65 years 01 month,500000.0
2024-08-01,JURONG WEST,4 ROOM,158,YUNG LOH RD,04 TO 06,107.0,Model A,1996,70 years 07 months,495000.0
2024-08-01,JURONG WEST,4 ROOM,180,YUNG SHENG RD,10 TO 12,90.0,Model A,2001,75 years 10 months,508000.0
2024-08-01,JURONG WEST,5 ROOM,183C,BOON LAY AVE,13 TO 15,112.0,Improved,2015,89 years 06 months,720000.0
2024-08-01,JURONG WEST,5 ROOM,217A,BOON LAY AVE,13 TO 15,114.0,Improved,2018,93 years 01 month,760000.0
2024-08-01,JURONG WEST,5 ROOM,217A,BOON LAY AVE,07 TO 09,121.0,3Gen,2018,93 years,670000.0
2024-08-01,JURONG WEST,5 ROOM,208,BOON LAY PL,13 TO 15,149.0,Adjoined flat,1976,51 years 04 months,628000.0
2024-08-01,JURONG WEST,5 ROOM,367,CORPORATION DR,07 TO 09,123.0,Improved,1997,72 years 01 month,630000.0
2024-08-01,JURONG WEST,5 ROOM,683A,JURONG WEST CTRL 1,13 TO 15,111.0,Premium Apartment,2000,75 years 03 months,690888.0
2024-08-01,JURONG WEST,5 ROOM,689,JURONG WEST CTRL 1,07 TO 09,118.0,Premium Apartment,1998,72 years 10 months,690000.0
2024-08-01,JURONG WEST,5 ROOM,686C,JURONG WEST CTRL 1,07 TO 09,111.0,Premium Apartment,2000,75 years 03 months,623000.0
2024-08-01,JURONG WEST,5 ROOM,679B,JURONG WEST CTRL 1,10 TO 12,115.0,Premium Apartment,2000,75 years 01 month,675000.0
2024-08-01,JURONG WEST,5 ROOM,697C,JURONG WEST CTRL 3,13 TO 15,113.0,Improved,2017,92 years 04 months,880000.0
2024-08-01,JURONG WEST,5 ROOM,271C,JURONG WEST ST 24,10 TO 12,113.0,Premium Apartment,2003,78 years 03 months,585000.0
2024-08-01,JURONG WEST,5 ROOM,272D,JURONG WEST ST 24,10 TO 12,112.0,Premium Apartment,2003,78 years 03 months,550000.0
2024-08-01,JURONG WEST,5 ROOM,468,JURONG WEST ST 41,01 TO 03,130.0,Improved,1985,59 years 11 months,585000.0
2024-08-01,JURONG WEST,5 ROOM,553,JURONG WEST ST 42,01 TO 03,133.0,Model A,1985,59 years 08 months,600000.0
2024-08-01,JURONG WEST,5 ROOM,408,JURONG WEST ST 42,04 TO 06,137.0,Model A-Maisonette,1984,58 years 08 months,660000.0
2024-08-01,JURONG WEST,5 ROOM,559,JURONG WEST ST 42,04 TO 06,139.0,Model A-Maisonette,1985,59 years 10 months,650000.0
2024-08-01,JURONG WEST,5 ROOM,547,JURONG WEST ST 42,07 TO 09,140.0,Model A-Maisonette,1984,59 years 01 month,675000.0
2024-08-01,JURONG WEST,5 ROOM,652C,JURONG WEST ST 61,07 TO 09,110.0,Improved,2002,76 years 11 months,629000.0
2024-08-01,JURONG WEST,5 ROOM,652C,JURONG WEST ST 61,10 TO 12,110.0,Improved,2002,76 years 11 months,625000.0
2024-08-01,JURONG WEST,5 ROOM,650A,JURONG WEST ST 61,04 TO 06,111.0,Improved,2000,75 years 03 months,638000.0
2024-08-01,JURONG WEST,5 ROOM,622,JURONG WEST ST 61,01 TO 03,110.0,Improved,2001,75 years 07 months,538000.0
2024-08-01,JURONG WEST,5 ROOM,652A,JURONG WEST ST 61,04 TO 06,111.0,Improved,2002,76 years 10 months,605000.0
2024-08-01,JURONG WEST,5 ROOM,654C,JURONG WEST ST 61,01 TO 03,111.0,Improved,2002,77 years 02 months,585000.0
2024-08-01,JURONG WEST,5 ROOM,661C,JURONG WEST ST 64,16 TO 18,110.0,Improved,2001,76 years 01 month,720000.0
2024-08-01,JURONG WEST,5 ROOM,678D,JURONG WEST ST 64,13 TO 15,110.0,Premium Apartment,2008,82 years 11 months,560000.0
2024-08-01,JURONG WEST,5 ROOM,677A,JURONG WEST ST 64,16 TO 18,110.0,Premium Apartment,2008,82 years 11 months,615000.0
2024-08-01,JURONG WEST,5 ROOM,662A,JURONG WEST ST 64,13 TO 15,110.0,Improved,2001,75 years 10 months,645000.0
2024-08-01,JURONG WEST,5 ROOM,659C,JURONG WEST ST 65,07 TO 09,110.0,Improved,2001,76 years,612888.0
2024-08-01,JURONG WEST,5 ROOM,658A,JURONG WEST ST 65,04 TO 06,110.0,Improved,2001,75 years 10 months,597000.0
2024-08-01,JURONG WEST,5 ROOM,631,JURONG WEST ST 65,04 TO 06,110.0,Improved,2001,76 years 04 months,580000.0
2024-08-01,JURONG WEST,5 ROOM,618,JURONG WEST ST 65,07 TO 09,110.0,Improved,2000,75 years 05 months,595000.0
2024-08-01,JURONG WEST,5 ROOM,632,JURONG WEST ST 65,07 TO 09,110.0,Improved,2001,76 years 04 months,573000.0
2024-08-01,JURONG WEST,5 ROOM,663B,JURONG WEST ST 65,04 TO 06,110.0,Improved,2000,75 years,600000.0
2024-08-01,JURONG WEST,5 ROOM,633,JURONG WEST ST 65,16 TO 18,110.0,Improved,2001,76 years 04 months,590000.0
2024-08-01,JURONG WEST,5 ROOM,735,JURONG WEST ST 75,04 TO 06,135.0,Model A,1995,70 years,640000.0
2024-08-01,JURONG WEST,5 ROOM,833,JURONG WEST ST 81,13 TO 15,126.0,Improved,1993,67 years 11 months,618000.0
2024-08-01,JURONG WEST,5 ROOM,849,JURONG WEST ST 81,07 TO 09,127.0,Improved,1996,70 years 08 months,560000.0
2024-08-01,JURONG WEST,5 ROOM,815,JURONG WEST ST 81,01 TO 03,121.0,Improved,1990,64 years 06 months,520000.0
2024-08-01,JURONG WEST,5 ROOM,942,JURONG WEST ST 91,04 TO 06,122.0,Improved,1989,64 years 01 month,560000.0
2024-08-01,JURONG WEST,5 ROOM,989C,JURONG WEST ST 93,01 TO 03,112.0,Premium Apartment,2008,83 years 02 months,550000.0
2024-08-01,JURONG WEST,5 ROOM,977,JURONG WEST ST 93,07 TO 09,121.0,Improved,1989,63 years 08 months,583000.0
2024-08-01,JURONG WEST,5 ROOM,987C,JURONG WEST ST 93,16 TO 18,110.0,Premium Apartment,2006,80 years 09 months,622888.0
2024-08-01,JURONG WEST,5 ROOM,358,YUNG AN RD,10 TO 12,137.0,Model A,1995,70 years 04 months,630000.0
2024-08-01,JURONG WEST,5 ROOM,175A,YUNG KUANG RD,13 TO 15,113.0,Premium Apartment,2015,89 years 10 months,678000.0
2024-08-01,JURONG WEST,EXECUTIVE,683B,JURONG WEST CTRL 1,07 TO 09,132.0,Premium Apartment,2000,75 years 03 months,860000.0
2024-08-01,JURONG WEST,EXECUTIVE,274B,JURONG WEST ST 25,07 TO 09,126.0,Apartment,2002,76 years 06 months,610000.0
2024-08-01,JURONG WEST,EXECUTIVE,469,JURONG WEST ST 41,04 TO 06,151.0,Maisonette,1985,59 years 10 months,885000.0
2024-08-01,JURONG WEST,EXECUTIVE,472,JURONG WEST ST 41,07 TO 09,151.0,Maisonette,1985,60 years 02 months,861888.0
2024-08-01,JURONG WEST,EXECUTIVE,549,JURONG WEST ST 42,01 TO 03,151.0,Maisonette,1986,60 years 10 months,740000.0
2024-08-01,JURONG WEST,EXECUTIVE,656B,JURONG WEST ST 61,10 TO 12,132.0,Apartment,2001,76 years,730000.0
2024-08-01,JURONG WEST,EXECUTIVE,665A,JURONG WEST ST 64,13 TO 15,130.0,Apartment,2000,74 years 09 months,780000.0
2024-08-01,JURONG WEST,EXECUTIVE,685B,JURONG WEST ST 64,04 TO 06,132.0,Premium Apartment,2000,75 years 01 month,770000.0
2024-08-01,JURONG WEST,EXECUTIVE,628,JURONG WEST ST 65,04 TO 06,130.0,Apartment,2001,76 years 01 month,735100.0
2024-08-01,JURONG WEST,EXECUTIVE,627,JURONG WEST ST 65,13 TO 15,130.0,Apartment,2001,76 years 01 month,746888.0
2024-08-01,JURONG WEST,EXECUTIVE,626,JURONG WEST ST 65,04 TO 06,130.0,Apartment,2001,76 years 01 month,715000.0
2024-08-01,JURONG WEST,EXECUTIVE,859,JURONG WEST ST 81,13 TO 15,141.0,Apartment,1997,71 years 06 months,760000.0
2024-08-01,JURONG WEST,EXECUTIVE,830A,JURONG WEST ST 81,01 TO 03,145.0,Apartment,1993,67 years 11 months,650000.0
2024-08-01,JURONG WEST,EXECUTIVE,363,YUNG AN RD,04 TO 06,146.0,Apartment,1995,70 years 01 month,788000.0
2024-08-01,JURONG WEST,EXECUTIVE,162,YUNG PING RD,13 TO 15,148.0,Apartment,1997,71 years 06 months,830000.0
2024-08-01,KALLANG/WHAMPOA,2 ROOM,7,JLN BATU,04 TO 06,48.0,Standard,1970,44 years 11 months,275000.0
2024-08-01,KALLANG/WHAMPOA,3 ROOM,44,BENDEMEER RD,01 TO 03,63.0,Standard,1981,55 years 06 months,365000.0
2024-08-01,KALLANG/WHAMPOA,3 ROOM,10A,BENDEMEER RD,10 TO 12,68.0,Model A,2017,92 years 05 months,778000.0
2024-08-01,KALLANG/WHAMPOA,3 ROOM,44,BENDEMEER RD,04 TO 06,63.0,Standard,1981,55 years 06 months,365000.0
2024-08-01,KALLANG/WHAMPOA,3 ROOM,23,BENDEMEER RD,04 TO 06,78.0,Improved,1972,46 years 06 months,465000.0
2024-08-01,KALLANG/WHAMPOA,3 ROOM,10A,BENDEMEER RD,37 TO 39,68.0,Model A,2017,92 years 04 months,820000.0
2024-08-01,KALLANG/WHAMPOA,3 ROOM,463,CRAWFORD LANE,10 TO 12,60.0,Improved,1982,57 years 03 months,438888.0
2024-08-01,KALLANG/WHAMPOA,3 ROOM,50,DORSET RD,04 TO 06,68.0,New Generation,1979,53 years 11 months,428888.0
2024-08-01,KALLANG/WHAMPOA,3 ROOM,49,DORSET RD,01 TO 03,68.0,New Generation,1979,53 years 11 months,275000.0
2024-08-01,KALLANG/WHAMPOA,3 ROOM,12,FARRER PK RD,25 TO 27,62.0,Model A,2004,78 years 11 months,640000.0
2024-08-01,KALLANG/WHAMPOA,3 ROOM,12,FARRER PK RD,19 TO 21,62.0,Model A,2004,78 years 11 months,635000.0
2024-08-01,KALLANG/WHAMPOA,3 ROOM,801,FRENCH RD,10 TO 12,59.0,Improved,1979,53 years 07 months,430000.0
2024-08-01,KALLANG/WHAMPOA,3 ROOM,68,GEYLANG BAHRU,10 TO 12,65.0,Improved,1974,49 years 01 month,385000.0
2024-08-01,KALLANG/WHAMPOA,3 ROOM,72,GEYLANG BAHRU,01 TO 03,59.0,Improved,1974,48 years 08 months,355000.0
2024-08-01,KALLANG/WHAMPOA,3 ROOM,34,JLN BAHAGIA,04 TO 06,56.0,Standard,1970,44 years 11 months,338000.0
2024-08-01,KALLANG/WHAMPOA,3 ROOM,35,JLN BAHAGIA,07 TO 09,56.0,Standard,1971,45 years 06 months,315000.0
2024-08-01,KALLANG/WHAMPOA,3 ROOM,27,JLN BAHAGIA,01 TO 03,53.0,Standard,1970,44 years 10 months,265000.0
2024-08-01,KALLANG/WHAMPOA,3 ROOM,59,JLN MA'MOR,01 TO 03,181.0,Terrace,1972,47 years,1330000.0
2024-08-01,KALLANG/WHAMPOA,3 ROOM,116A,JLN TENTERAM,19 TO 21,67.0,Model A,2017,92 years 04 months,620000.0
2024-08-01,KALLANG/WHAMPOA,3 ROOM,117A,JLN TENTERAM,01 TO 03,67.0,Model A,2017,92 years 04 months,510000.0
2024-08-01,KALLANG/WHAMPOA,3 ROOM,117B,JLN TENTERAM,04 TO 06,67.0,Model A,2017,92 years 04 months,545000.0
2024-08-01,KALLANG/WHAMPOA,3 ROOM,65,KALLANG BAHRU,07 TO 09,65.0,Improved,1981,55 years 06 months,408888.0
2024-08-01,KALLANG/WHAMPOA,3 ROOM,63,KALLANG BAHRU,07 TO 09,65.0,Improved,1974,48 years 06 months,377000.0
2024-08-01,KALLANG/WHAMPOA,3 ROOM,12,KG ARANG RD,01 TO 03,103.0,New Generation,1982,56 years 10 months,618000.0
2024-08-01,KALLANG/WHAMPOA,3 ROOM,76,LOR LIMAU,01 TO 03,65.0,Improved,1973,48 years,325000.0
2024-08-01,KALLANG/WHAMPOA,3 ROOM,76,LOR LIMAU,04 TO 06,65.0,Improved,1973,48 years,350000.0
2024-08-01,KALLANG/WHAMPOA,3 ROOM,113C,MCNAIR RD,13 TO 15,68.0,Premium Apartment,2017,92 years 05 months,800000.0
2024-08-01,KALLANG/WHAMPOA,3 ROOM,26A,ST. GEORGE'S LANE,25 TO 27,68.0,Model A,2020,94 years 10 months,814000.0
2024-08-01,KALLANG/WHAMPOA,3 ROOM,7,ST. GEORGE'S LANE,04 TO 06,69.0,Improved,1986,60 years 10 months,460000.0
2024-08-01,KALLANG/WHAMPOA,3 ROOM,25A,ST. GEORGE'S LANE,31 TO 33,68.0,Model A,2020,94 years 10 months,825000.0
2024-08-01,KALLANG/WHAMPOA,3 ROOM,26A,ST. GEORGE'S LANE,04 TO 06,68.0,Model A,2020,94 years 10 months,770000.0
2024-08-01,KALLANG/WHAMPOA,3 ROOM,26A,ST. GEORGE'S LANE,22 TO 24,68.0,Model A,2020,94 years 10 months,813000.0
2024-08-01,KALLANG/WHAMPOA,3 ROOM,25A,ST. GEORGE'S LANE,25 TO 27,68.0,Model A,2020,94 years 10 months,819000.0
2024-08-01,KALLANG/WHAMPOA,3 ROOM,25A,ST. GEORGE'S LANE,28 TO 30,68.0,Model A,2020,94 years 10 months,815000.0
2024-08-01,KALLANG/WHAMPOA,3 ROOM,20,ST. GEORGE'S RD,10 TO 12,67.0,New Generation,1984,59 years 03 months,438500.0
2024-08-01,KALLANG/WHAMPOA,3 ROOM,3,ST. GEORGE'S RD,10 TO 12,59.0,Improved,1976,50 years 11 months,370000.0
2024-08-01,KALLANG/WHAMPOA,3 ROOM,105,TOWNER RD,07 TO 09,76.0,Model A,1984,59 years 05 months,628000.0
2024-08-01,KALLANG/WHAMPOA,3 ROOM,8A,UPP BOON KENG RD,13 TO 15,70.0,Premium Apartment,2017,92 years,760000.0
2024-08-01,KALLANG/WHAMPOA,3 ROOM,5A,UPP BOON KENG RD,19 TO 21,67.0,Model A,2012,86 years 10 months,710000.0
2024-08-01,KALLANG/WHAMPOA,3 ROOM,97,WHAMPOA DR,01 TO 03,66.0,Improved,1980,55 years 01 month,368000.0
2024-08-01,KALLANG/WHAMPOA,3 ROOM,75,WHAMPOA DR,13 TO 15,65.0,Improved,1974,48 years 07 months,350000.0
2024-08-01,KALLANG/WHAMPOA,3 ROOM,98,WHAMPOA DR,13 TO 15,65.0,Improved,1974,48 years 08 months,378000.0
2024-08-01,KALLANG/WHAMPOA,3 ROOM,34,WHAMPOA WEST,07 TO 09,68.0,Improved,1972,46 years 06 months,395000.0
2024-08-01,KALLANG/WHAMPOA,4 ROOM,38D,BENDEMEER RD,10 TO 12,89.0,Model A,2012,86 years 10 months,900000.0
2024-08-01,KALLANG/WHAMPOA,4 ROOM,39A,BENDEMEER RD,22 TO 24,92.0,Model A,2012,86 years 10 months,975000.0
2024-08-01,KALLANG/WHAMPOA,4 ROOM,38C,BENDEMEER RD,16 TO 18,89.0,Model A,2012,86 years 10 months,940000.0
2024-08-01,KALLANG/WHAMPOA,4 ROOM,10B,BENDEMEER RD,25 TO 27,93.0,Model A,2017,92 years 05 months,1116000.0
2024-08-01,KALLANG/WHAMPOA,4 ROOM,4,BOON KENG RD,04 TO 06,104.0,Model A,1996,71 years 02 months,812000.0
2024-08-01,KALLANG/WHAMPOA,4 ROOM,43,CAMBRIDGE RD,07 TO 09,91.0,New Generation,1982,56 years 11 months,670000.0
2024-08-01,KALLANG/WHAMPOA,4 ROOM,42,CAMBRIDGE RD,07 TO 09,91.0,New Generation,1982,56 years 11 months,550000.0
2024-08-01,KALLANG/WHAMPOA,4 ROOM,10,GLOUCESTER RD,07 TO 09,92.0,New Generation,1976,51 years 04 months,650000.0
2024-08-01,KALLANG/WHAMPOA,4 ROOM,101,JLN RAJAH,10 TO 12,94.0,New Generation,1980,55 years 05 months,550000.0
2024-08-01,KALLANG/WHAMPOA,4 ROOM,117B,JLN TENTERAM,28 TO 30,93.0,Model A,2017,92 years 04 months,868000.0
2024-08-01,KALLANG/WHAMPOA,4 ROOM,16,JLN TENTERAM,04 TO 06,86.0,Model A,2002,77 years 02 months,615000.0
2024-08-01,KALLANG/WHAMPOA,4 ROOM,116B,JLN TENTERAM,16 TO 18,93.0,Model A,2017,92 years 04 months,828000.0
2024-08-01,KALLANG/WHAMPOA,4 ROOM,19,JLN TENTERAM,07 TO 09,85.0,Model A,2004,79 years,650477.0
2024-08-01,KALLANG/WHAMPOA,4 ROOM,117B,JLN TENTERAM,04 TO 06,93.0,Model A,2017,92 years 04 months,755000.0
2024-08-01,KALLANG/WHAMPOA,4 ROOM,116B,JLN TENTERAM,25 TO 27,93.0,Model A,2017,92 years 04 months,870000.0
2024-08-01,KALLANG/WHAMPOA,4 ROOM,117B,JLN TENTERAM,28 TO 30,93.0,Model A,2017,92 years 04 months,910000.0
2024-08-01,KALLANG/WHAMPOA,4 ROOM,116A,JLN TENTERAM,28 TO 30,93.0,Model A,2017,92 years 04 months,890000.0
2024-08-01,KALLANG/WHAMPOA,4 ROOM,116B,JLN TENTERAM,04 TO 06,93.0,Model A,2017,92 years 03 months,790000.0
2024-08-01,KALLANG/WHAMPOA,4 ROOM,113B,MCNAIR RD,16 TO 18,93.0,Premium Apartment,2017,92 years 05 months,940000.0
2024-08-01,KALLANG/WHAMPOA,4 ROOM,109,MCNAIR RD,07 TO 09,104.0,Model A,1987,62 years 02 months,715000.0
2024-08-01,KALLANG/WHAMPOA,4 ROOM,108C,MCNAIR RD,13 TO 15,90.0,Model A,2005,79 years 05 months,905000.0
2024-08-01,KALLANG/WHAMPOA,4 ROOM,120,MCNAIR RD,07 TO 09,104.0,Model A,1987,61 years 09 months,728000.0
2024-08-01,KALLANG/WHAMPOA,4 ROOM,26A,ST. GEORGE'S LANE,04 TO 06,92.0,Model A,2020,94 years 10 months,1000000.0
2024-08-01,KALLANG/WHAMPOA,4 ROOM,26A,ST. GEORGE'S LANE,16 TO 18,92.0,Model A,2020,94 years 10 months,1045000.0
2024-08-01,KALLANG/WHAMPOA,4 ROOM,26A,ST. GEORGE'S LANE,10 TO 12,92.0,Model A,2020,94 years 10 months,1000000.0
2024-08-01,KALLANG/WHAMPOA,4 ROOM,25A,ST. GEORGE'S LANE,01 TO 03,92.0,Model A,2020,94 years 10 months,950000.0
2024-08-01,KALLANG/WHAMPOA,4 ROOM,26B,ST. GEORGE'S LANE,25 TO 27,92.0,Model A,2020,94 years 10 months,1098000.0
2024-08-01,KALLANG/WHAMPOA,4 ROOM,26B,ST. GEORGE'S LANE,10 TO 12,92.0,Model A,2020,94 years 10 months,988888.0
2024-08-01,KALLANG/WHAMPOA,4 ROOM,26A,ST. GEORGE'S LANE,10 TO 12,92.0,Model A,2020,94 years 10 months,998000.0
2024-08-01,KALLANG/WHAMPOA,4 ROOM,26B,ST. GEORGE'S LANE,31 TO 33,92.0,Model A,2020,94 years 10 months,1250000.0
2024-08-01,KALLANG/WHAMPOA,4 ROOM,15,ST. GEORGE'S RD,07 TO 09,91.0,New Generation,1985,59 years 06 months,618000.0
2024-08-01,KALLANG/WHAMPOA,4 ROOM,3D,UPP BOON KENG RD,25 TO 27,90.0,Model A,2006,81 years 01 month,815000.0
2024-08-01,KALLANG/WHAMPOA,4 ROOM,8C,UPP BOON KENG RD,16 TO 18,88.0,Premium Apartment,2017,92 years,1050000.0
2024-08-01,KALLANG/WHAMPOA,4 ROOM,3A,UPP BOON KENG RD,10 TO 12,85.0,Model A,2006,81 years 03 months,880000.0
2024-08-01,KALLANG/WHAMPOA,4 ROOM,95,WHAMPOA DR,01 TO 03,91.0,Improved,1974,48 years 07 months,470000.0
2024-08-01,KALLANG/WHAMPOA,4 ROOM,99,WHAMPOA DR,07 TO 09,91.0,Improved,1974,48 years 08 months,528000.0
2024-08-01,KALLANG/WHAMPOA,4 ROOM,100,WHAMPOA DR,10 TO 12,91.0,Improved,1974,48 years 07 months,470000.0
2024-08-01,KALLANG/WHAMPOA,4 ROOM,84,WHAMPOA DR,13 TO 15,91.0,Improved,1974,48 years 05 months,485000.0
2024-08-01,KALLANG/WHAMPOA,4 ROOM,49,WHAMPOA STH,10 TO 12,87.0,Improved,1974,49 years 04 months,508000.0
2024-08-01,KALLANG/WHAMPOA,5 ROOM,7,BOON KENG RD,22 TO 24,107.0,DBSS,2011,85 years 06 months,1250000.0
2024-08-01,KALLANG/WHAMPOA,5 ROOM,5,BOON KENG RD,07 TO 09,126.0,Improved,1996,71 years 02 months,1020000.0
2024-08-01,KALLANG/WHAMPOA,5 ROOM,38,CAMBRIDGE RD,10 TO 12,120.0,Improved,1997,72 years 04 months,928000.0
2024-08-01,KALLANG/WHAMPOA,5 ROOM,56,GEYLANG BAHRU,16 TO 18,117.0,Standard,1974,49 years,766000.0
2024-08-01,KALLANG/WHAMPOA,5 ROOM,53,GEYLANG BAHRU,16 TO 18,114.0,Standard,1974,49 years,700000.0
2024-08-01,KALLANG/WHAMPOA,5 ROOM,19,JLN TENTERAM,19 TO 21,105.0,Improved,2004,79 years,780000.0
2024-08-01,KALLANG/WHAMPOA,5 ROOM,807,KING GEORGE'S AVE,19 TO 21,115.0,Improved,1981,56 years 01 month,918000.0
2024-08-01,KALLANG/WHAMPOA,5 ROOM,108,MCNAIR RD,10 TO 12,130.0,Improved,1987,62 years,955000.0
2024-08-01,KALLANG/WHAMPOA,5 ROOM,21,ST. GEORGE'S RD,13 TO 15,118.0,Improved,1984,59 years 05 months,815000.0
2024-08-01,KALLANG/WHAMPOA,5 ROOM,2B,UPP BOON KENG RD,13 TO 15,110.0,Improved,2006,81 years 03 months,1051888.0
2024-08-01,KALLANG/WHAMPOA,EXECUTIVE,46,BENDEMEER RD,19 TO 21,146.0,Apartment,1994,69 years 04 months,1318000.0
2024-08-01,KALLANG/WHAMPOA,EXECUTIVE,10,JLN BATU,01 TO 03,141.0,Apartment,1986,60 years 06 months,925000.0
2024-08-01,MARINE PARADE,3 ROOM,32,MARINE CRES,04 TO 06,76.0,Improved,1975,49 years 10 months,555000.0
2024-08-01,MARINE PARADE,3 ROOM,32,MARINE CRES,13 TO 15,76.0,Improved,1975,49 years 10 months,563000.0
2024-08-01,MARINE PARADE,3 ROOM,30,MARINE CRES,13 TO 15,65.0,Improved,1975,49 years 10 months,440000.0
2024-08-01,MARINE PARADE,3 ROOM,31,MARINE CRES,07 TO 09,65.0,Improved,1975,49 years 10 months,485000.0
2024-08-01,MARINE PARADE,3 ROOM,47,MARINE CRES,07 TO 09,65.0,Improved,1975,49 years 11 months,442000.0
2024-08-01,MARINE PARADE,3 ROOM,35,MARINE CRES,01 TO 03,59.0,Improved,1975,49 years 09 months,373000.0
2024-08-01,MARINE PARADE,3 ROOM,67,MARINE DR,13 TO 15,65.0,Improved,1976,50 years 08 months,478000.0
2024-08-01,MARINE PARADE,3 ROOM,64,MARINE DR,01 TO 03,68.0,Improved,1976,50 years 08 months,418000.0
2024-08-01,MARINE PARADE,3 ROOM,59,MARINE TER,10 TO 12,65.0,Improved,1975,49 years 10 months,455000.0
2024-08-01,MARINE PARADE,3 ROOM,4,MARINE TER,07 TO 09,76.0,Improved,1975,49 years 06 months,510000.0
2024-08-01,MARINE PARADE,3 ROOM,4,MARINE TER,04 TO 06,65.0,Improved,1975,49 years 06 months,438000.0
2024-08-01,MARINE PARADE,3 ROOM,7,MARINE TER,01 TO 03,70.0,Improved,1975,49 years 06 months,480000.0
2024-08-01,MARINE PARADE,3 ROOM,20,MARINE TER,01 TO 03,76.0,Improved,1975,49 years 05 months,426000.0
2024-08-01,MARINE PARADE,4 ROOM,35,MARINE CRES,07 TO 09,82.0,Improved,1975,49 years 10 months,580000.0
2024-08-01,MARINE PARADE,4 ROOM,76,MARINE DR,13 TO 15,82.0,Improved,1976,50 years 11 months,660000.0
2024-08-01,MARINE PARADE,4 ROOM,63,MARINE DR,07 TO 09,87.0,Improved,1976,50 years 05 months,660000.0
2024-08-01,MARINE PARADE,5 ROOM,73,MARINE DR,10 TO 12,122.0,Standard,1977,51 years 06 months,890000.0
2024-08-01,PASIR RIS,3 ROOM,1,CHANGI VILLAGE RD,04 TO 06,67.0,Improved,1980,55 years,355000.0
2024-08-01,PASIR RIS,3 ROOM,527C,PASIR RIS ST 51,01 TO 03,68.0,Model A,2015,90 years,525000.0
2024-08-01,PASIR RIS,4 ROOM,737,PASIR RIS DR 10,04 TO 06,104.0,Model A,1996,71 years,580000.0
2024-08-01,PASIR RIS,4 ROOM,633,PASIR RIS DR 3,07 TO 09,104.0,Model A,1995,69 years 10 months,588000.0
2024-08-01,PASIR RIS,4 ROOM,482,PASIR RIS DR 4,10 TO 12,103.0,Model A,1989,64 years 04 months,565000.0
2024-08-01,PASIR RIS,4 ROOM,426,PASIR RIS DR 6,07 TO 09,84.0,Simplified,1988,63 years 03 months,540000.0
2024-08-01,PASIR RIS,4 ROOM,411,PASIR RIS DR 6,01 TO 03,107.0,Model A,1990,64 years 06 months,558000.0
2024-08-01,PASIR RIS,4 ROOM,414,PASIR RIS DR 6,10 TO 12,105.0,Model A,1990,64 years 08 months,598000.0
2024-08-01,PASIR RIS,4 ROOM,121,PASIR RIS ST 11,07 TO 09,106.0,Model A,1989,63 years 09 months,606800.0
2024-08-01,PASIR RIS,4 ROOM,113,PASIR RIS ST 11,01 TO 03,106.0,Model A,1990,64 years 09 months,565000.0
2024-08-01,PASIR RIS,4 ROOM,109,PASIR RIS ST 11,01 TO 03,106.0,Model A,1990,65 years 02 months,590000.0
2024-08-01,PASIR RIS,4 ROOM,124,PASIR RIS ST 11,01 TO 03,105.0,Model A,1989,63 years 08 months,547888.0
2024-08-01,PASIR RIS,4 ROOM,228,PASIR RIS ST 21,07 TO 09,105.0,Model A,1993,68 years,550000.0
2024-08-01,PASIR RIS,4 ROOM,526A,PASIR RIS ST 51,01 TO 03,93.0,Model A,2015,90 years,630000.0
2024-08-01,PASIR RIS,4 ROOM,528C,PASIR RIS ST 51,04 TO 06,93.0,Model A,2015,90 years,725000.0
2024-08-01,PASIR RIS,4 ROOM,558,PASIR RIS ST 51,04 TO 06,104.0,Model A,1993,68 years,575000.0
2024-08-01,PASIR RIS,4 ROOM,524A,PASIR RIS ST 51,04 TO 06,93.0,Model A,2015,90 years,705000.0
2024-08-01,PASIR RIS,4 ROOM,526D,PASIR RIS ST 51,07 TO 09,93.0,Model A,2015,90 years,732000.0
2024-08-01,PASIR RIS,4 ROOM,525C,PASIR RIS ST 51,04 TO 06,93.0,Model A,2015,90 years,745000.0
2024-08-01,PASIR RIS,4 ROOM,521,PASIR RIS ST 52,07 TO 09,104.0,Model A,1993,68 years 05 months,620000.0
2024-08-01,PASIR RIS,4 ROOM,511,PASIR RIS ST 52,07 TO 09,108.0,Model A,1993,68 years 05 months,620000.0
2024-08-01,PASIR RIS,4 ROOM,514,PASIR RIS ST 52,01 TO 03,106.0,Model A,1993,68 years 05 months,615000.0
2024-08-01,PASIR RIS,4 ROOM,571,PASIR RIS ST 53,01 TO 03,108.0,Model A,1995,70 years 03 months,625000.0
2024-08-01,PASIR RIS,4 ROOM,763,PASIR RIS ST 71,01 TO 03,105.0,Model A,1996,71 years 03 months,538000.0
2024-08-01,PASIR RIS,4 ROOM,747,PASIR RIS ST 71,10 TO 12,104.0,Model A,1996,71 years 05 months,602888.0
2024-08-01,PASIR RIS,4 ROOM,763,PASIR RIS ST 71,10 TO 12,106.0,Model A,1996,71 years 02 months,610000.0
2024-08-01,PASIR RIS,5 ROOM,530C,PASIR RIS DR 1,10 TO 12,105.0,DBSS,2015,89 years 11 months,900888.0
2024-08-01,PASIR RIS,5 ROOM,637,PASIR RIS DR 1,07 TO 09,121.0,Improved,1995,69 years 09 months,690000.0
2024-08-01,PASIR RIS,5 ROOM,232,PASIR RIS DR 4,07 TO 09,127.0,Improved,1993,68 years,670000.0
2024-08-01,PASIR RIS,5 ROOM,233,PASIR RIS DR 4,04 TO 06,127.0,Improved,1993,68 years,665000.0
2024-08-01,PASIR RIS,5 ROOM,458,PASIR RIS DR 4,07 TO 09,136.0,Model A,1992,67 years 04 months,780000.0
2024-08-01,PASIR RIS,5 ROOM,470,PASIR RIS DR 6,10 TO 12,123.0,Improved,1989,64 years 02 months,680000.0
2024-08-01,PASIR RIS,5 ROOM,472,PASIR RIS DR 6,04 TO 06,122.0,Improved,1989,64 years,630000.0
2024-08-01,PASIR RIS,5 ROOM,425,PASIR RIS DR 6,07 TO 09,128.0,Improved,1989,64 years 04 months,780000.0
2024-08-01,PASIR RIS,5 ROOM,180,PASIR RIS ST 11,07 TO 09,126.0,Improved,1993,68 years 01 month,675000.0
2024-08-01,PASIR RIS,5 ROOM,140,PASIR RIS ST 11,07 TO 09,127.0,Improved,1994,68 years 09 months,668000.0
2024-08-01,PASIR RIS,5 ROOM,112,PASIR RIS ST 11,07 TO 09,131.0,Improved,1990,64 years 09 months,730000.0
2024-08-01,PASIR RIS,5 ROOM,181,PASIR RIS ST 11,07 TO 09,123.0,Improved,1993,68 years,668888.0
2024-08-01,PASIR RIS,5 ROOM,180,PASIR RIS ST 11,04 TO 06,123.0,Improved,1993,68 years,670000.0
2024-08-01,PASIR RIS,5 ROOM,196,PASIR RIS ST 12,10 TO 12,124.0,Improved,1993,68 years 02 months,695000.0
2024-08-01,PASIR RIS,5 ROOM,253,PASIR RIS ST 21,07 TO 09,120.0,Improved,1993,68 years 06 months,671320.0
2024-08-01,PASIR RIS,5 ROOM,568,PASIR RIS ST 51,07 TO 09,123.0,Improved,1992,67 years 05 months,820000.0
2024-08-01,PASIR RIS,5 ROOM,551,PASIR RIS ST 51,04 TO 06,123.0,Improved,1992,67 years 05 months,710000.0
2024-08-01,PASIR RIS,5 ROOM,554,PASIR RIS ST 51,07 TO 09,121.0,Improved,1992,67 years 04 months,728000.0
2024-08-01,PASIR RIS,5 ROOM,513,PASIR RIS ST 52,07 TO 09,129.0,Improved,1993,68 years 06 months,768000.0
2024-08-01,PASIR RIS,5 ROOM,514,PASIR RIS ST 52,07 TO 09,128.0,Improved,1993,68 years 05 months,798000.0
2024-08-01,PASIR RIS,5 ROOM,521,PASIR RIS ST 52,13 TO 15,128.0,Improved,1993,68 years 05 months,800000.0
2024-08-01,PASIR RIS,5 ROOM,764,PASIR RIS ST 71,01 TO 03,128.0,Improved,1996,70 years 11 months,690000.0
2024-08-01,PASIR RIS,5 ROOM,743,PASIR RIS ST 71,04 TO 06,127.0,Improved,1996,71 years 02 months,725000.0
2024-08-01,PASIR RIS,5 ROOM,767,PASIR RIS ST 71,04 TO 06,128.0,Improved,1996,71 years 02 months,708000.0
2024-08-01,PASIR RIS,EXECUTIVE,532,PASIR RIS DR 1,04 TO 06,144.0,Apartment,1992,67 years 05 months,952000.0
2024-08-01,PASIR RIS,EXECUTIVE,648,PASIR RIS DR 10,10 TO 12,150.0,Apartment,1995,70 years 01 month,880000.0
2024-08-01,PASIR RIS,EXECUTIVE,129,PASIR RIS ST 11,07 TO 09,142.0,Apartment,1988,63 years 05 months,830000.0
2024-08-01,PASIR RIS,EXECUTIVE,132,PASIR RIS ST 11,07 TO 09,149.0,Apartment,1994,69 years 03 months,865800.0
2024-08-01,PASIR RIS,EXECUTIVE,131,PASIR RIS ST 11,07 TO 09,147.0,Apartment,1994,69 years 03 months,810000.0
2024-08-01,PASIR RIS,EXECUTIVE,129,PASIR RIS ST 11,07 TO 09,151.0,Maisonette,1988,63 years 04 months,938000.0
2024-08-01,PASIR RIS,EXECUTIVE,134,PASIR RIS ST 11,07 TO 09,149.0,Apartment,1994,68 years 09 months,850000.0
2024-08-01,PASIR RIS,EXECUTIVE,101,PASIR RIS ST 12,04 TO 06,146.0,Maisonette,1988,63 years 04 months,880000.0
2024-08-01,PASIR RIS,EXECUTIVE,268,PASIR RIS ST 21,07 TO 09,146.0,Apartment,1994,69 years 04 months,828000.0
2024-08-01,PASIR RIS,EXECUTIVE,224,PASIR RIS ST 21,04 TO 06,148.0,Apartment,1993,68 years,820000.0
2024-08-01,PASIR RIS,EXECUTIVE,240,PASIR RIS ST 21,04 TO 06,147.0,Apartment,1993,68 years,848000.0
2024-08-01,PASIR RIS,EXECUTIVE,210,PASIR RIS ST 21,07 TO 09,148.0,Apartment,1993,68 years 01 month,808000.0
2024-08-01,PASIR RIS,EXECUTIVE,537,PASIR RIS ST 51,13 TO 15,144.0,Apartment,1992,67 years 05 months,980000.0
2024-08-01,PASIR RIS,EXECUTIVE,544,PASIR RIS ST 51,10 TO 12,144.0,Apartment,1992,67 years 04 months,1000000.0
2024-08-01,PASIR RIS,EXECUTIVE,508,PASIR RIS ST 52,04 TO 06,146.0,Apartment,1993,68 years 02 months,858888.0
2024-08-01,PASIR RIS,EXECUTIVE,717,PASIR RIS ST 72,13 TO 15,148.0,Apartment,1996,70 years 11 months,888888.0
2024-08-01,PUNGGOL,2 ROOM,672C,EDGEFIELD PLAINS,10 TO 12,44.0,Model A,2015,90 years 06 months,352000.0
2024-08-01,PUNGGOL,2 ROOM,672B,EDGEFIELD PLAINS,01 TO 03,44.0,Model A,2015,90 years 05 months,340000.0
2024-08-01,PUNGGOL,2 ROOM,623A,PUNGGOL CTRL,16 TO 18,46.0,Model A,2014,88 years 09 months,382000.0
2024-08-01,PUNGGOL,2 ROOM,233A,SUMANG LANE,13 TO 15,38.0,Model A,2018,93 years 05 months,340000.0
2024-08-01,PUNGGOL,2 ROOM,233A,SUMANG LANE,10 TO 12,38.0,Model A,2018,93 years 05 months,350000.0
2024-08-01,PUNGGOL,2 ROOM,220A,SUMANG LANE,07 TO 09,48.0,Model A,2018,93 years 05 months,360000.0
2024-08-01,PUNGGOL,2 ROOM,256B,SUMANG WALK,10 TO 12,47.0,Model A,2016,91 years 05 months,350000.0
2024-08-01,PUNGGOL,2 ROOM,256B,SUMANG WALK,16 TO 18,47.0,Model A,2016,91 years 05 months,375000.0
2024-08-01,PUNGGOL,3 ROOM,683A,EDGEDALE PLAINS,10 TO 12,68.0,Premium Apartment,2018,93 years 01 month,515000.0
2024-08-01,PUNGGOL,3 ROOM,683A,EDGEDALE PLAINS,10 TO 12,68.0,Premium Apartment,2018,93 years 01 month,500888.0
2024-08-01,PUNGGOL,3 ROOM,120B,EDGEDALE PLAINS,13 TO 15,68.0,Model A,2017,91 years 10 months,518888.0
2024-08-01,PUNGGOL,3 ROOM,662A,EDGEDALE PLAINS,10 TO 12,68.0,Premium Apartment,2017,91 years 10 months,505000.0
2024-08-01,PUNGGOL,3 ROOM,670C,EDGEFIELD PLAINS,04 TO 06,67.0,Premium Apartment,2016,90 years 11 months,500000.0
2024-08-01,PUNGGOL,3 ROOM,622C,PUNGGOL CTRL,10 TO 12,69.0,Model A,2014,88 years 09 months,520000.0
2024-08-01,PUNGGOL,3 ROOM,622A,PUNGGOL CTRL,13 TO 15,69.0,Model A,2014,88 years 09 months,540000.0
2024-08-01,PUNGGOL,3 ROOM,208C,PUNGGOL PL,04 TO 06,67.0,Model A,2014,88 years 11 months,501000.0
2024-08-01,PUNGGOL,3 ROOM,211B,PUNGGOL WALK,07 TO 09,67.0,Model A,2014,88 years 09 months,500000.0
2024-08-01,PUNGGOL,3 ROOM,212A,PUNGGOL WALK,04 TO 06,67.0,Model A,2015,89 years 09 months,510000.0
2024-08-01,PUNGGOL,3 ROOM,308B,PUNGGOL WALK,04 TO 06,67.0,Premium Apartment,2016,90 years 08 months,530000.0
2024-08-01,PUNGGOL,3 ROOM,266C,PUNGGOL WAY,10 TO 12,67.0,Model A,2015,89 years 11 months,538000.0
2024-08-01,PUNGGOL,3 ROOM,314A,PUNGGOL WAY,04 TO 06,68.0,Premium Apartment,2017,92 years 02 months,542888.0
2024-08-01,PUNGGOL,3 ROOM,222A,SUMANG LANE,04 TO 06,68.0,Model A,2018,93 years 05 months,470000.0
2024-08-01,PUNGGOL,3 ROOM,232C,SUMANG LANE,07 TO 09,68.0,Model A,2018,93 years 04 months,486000.0
2024-08-01,PUNGGOL,3 ROOM,327C,SUMANG WALK,10 TO 12,68.0,Model A,2018,93 years 04 months,510000.0
2024-08-01,PUNGGOL,3 ROOM,325A,SUMANG WALK,07 TO 09,68.0,Premium Apartment,2020,94 years 06 months,540000.0
2024-08-01,PUNGGOL,3 ROOM,325A,SUMANG WALK,19 TO 21,68.0,Premium Apartment,2020,94 years 06 months,555000.0
2024-08-01,PUNGGOL,3 ROOM,326C,SUMANG WALK,19 TO 21,68.0,Model A,2018,93 years 04 months,550000.0
2024-08-01,PUNGGOL,3 ROOM,326C,SUMANG WALK,10 TO 12,68.0,Model A,2018,93 years 03 months,500000.0
2024-08-01,PUNGGOL,4 ROOM,683C,EDGEDALE PLAINS,10 TO 12,93.0,Premium Apartment,2018,93 years 01 month,650000.0
2024-08-01,PUNGGOL,4 ROOM,120A,EDGEDALE PLAINS,16 TO 18,93.0,Model A,2017,91 years 11 months,640000.0
2024-08-01,PUNGGOL,4 ROOM,682B,EDGEDALE PLAINS,04 TO 06,93.0,Premium Apartment,2018,93 years 01 month,605000.0
2024-08-01,PUNGGOL,4 ROOM,662A,EDGEDALE PLAINS,10 TO 12,92.0,Premium Apartment,2017,91 years 10 months,628888.0
2024-08-01,PUNGGOL,4 ROOM,121B,EDGEDALE PLAINS,10 TO 12,93.0,Model A,2017,91 years 10 months,580000.0
2024-08-01,PUNGGOL,4 ROOM,662A,EDGEDALE PLAINS,16 TO 18,92.0,Premium Apartment,2017,91 years 10 months,660000.0
2024-08-01,PUNGGOL,4 ROOM,132,EDGEDALE PLAINS,07 TO 09,91.0,Premium Apartment,2003,78 years 04 months,530888.0
2024-08-01,PUNGGOL,4 ROOM,614A,EDGEFIELD PLAINS,13 TO 15,92.0,Model A,2012,87 years 05 months,668000.0
2024-08-01,PUNGGOL,4 ROOM,668A,EDGEFIELD PLAINS,01 TO 03,93.0,Premium Apartment,2016,90 years 11 months,590000.0
2024-08-01,PUNGGOL,4 ROOM,673A,EDGEFIELD PLAINS,10 TO 12,90.0,Model A,2015,90 years 05 months,643888.0
2024-08-01,PUNGGOL,4 ROOM,673A,EDGEFIELD PLAINS,10 TO 12,90.0,Model A,2015,90 years 05 months,635000.0
2024-08-01,PUNGGOL,4 ROOM,670B,EDGEFIELD PLAINS,10 TO 12,93.0,Premium Apartment,2016,90 years 11 months,670000.0
2024-08-01,PUNGGOL,4 ROOM,614A,EDGEFIELD PLAINS,10 TO 12,92.0,Model A,2012,87 years 05 months,650000.0
2024-08-01,PUNGGOL,4 ROOM,178,EDGEFIELD PLAINS,13 TO 15,90.0,Premium Apartment,2003,78 years 04 months,558888.0
2024-08-01,PUNGGOL,4 ROOM,673A,EDGEFIELD PLAINS,04 TO 06,90.0,Model A,2015,90 years 05 months,600000.0
2024-08-01,PUNGGOL,4 ROOM,670A,EDGEFIELD PLAINS,10 TO 12,93.0,Premium Apartment,2016,90 years 10 months,665000.0
2024-08-01,PUNGGOL,4 ROOM,295,PUNGGOL CTRL,16 TO 18,90.0,Premium Apartment,2003,78 years 04 months,580000.0
2024-08-01,PUNGGOL,4 ROOM,647,PUNGGOL CTRL,07 TO 09,90.0,Premium Apartment,2005,79 years 07 months,570888.0
2024-08-01,PUNGGOL,4 ROOM,297,PUNGGOL CTRL,07 TO 09,95.0,Premium Apartment,2003,78 years 04 months,598000.0
2024-08-01,PUNGGOL,4 ROOM,602A,PUNGGOL CTRL,13 TO 15,93.0,Model A,2012,87 years,650000.0
2024-08-01,PUNGGOL,4 ROOM,297,PUNGGOL CTRL,10 TO 12,97.0,Premium Apartment,2003,78 years 03 months,620000.0
2024-08-01,PUNGGOL,4 ROOM,166B,PUNGGOL CTRL,04 TO 06,95.0,Premium Apartment,2004,78 years 10 months,575000.0
2024-08-01,PUNGGOL,4 ROOM,642D,PUNGGOL DR,13 TO 15,92.0,Premium Apartment,2005,79 years 06 months,585000.0
2024-08-01,PUNGGOL,4 ROOM,613C,PUNGGOL DR,04 TO 06,93.0,Model A,2012,87 years 05 months,610888.0
2024-08-01,PUNGGOL,4 ROOM,617D,PUNGGOL DR,16 TO 18,93.0,Premium Apartment,2013,88 years 02 months,712000.0
2024-08-01,PUNGGOL,4 ROOM,676A,PUNGGOL DR,10 TO 12,93.0,Premium Apartment,2016,91 years 02 months,670000.0
2024-08-01,PUNGGOL,4 ROOM,677C,PUNGGOL DR,13 TO 15,93.0,Premium Apartment,2016,91 years 02 months,715000.0
2024-08-01,PUNGGOL,4 ROOM,637A,PUNGGOL DR,07 TO 09,92.0,Premium Apartment,2005,79 years 06 months,570000.0
2024-08-01,PUNGGOL,4 ROOM,305D,PUNGGOL DR,07 TO 09,93.0,Premium Apartment,2012,87 years,728000.0
2024-08-01,PUNGGOL,4 ROOM,632A,PUNGGOL DR,07 TO 09,92.0,Premium Apartment,2007,82 years 05 months,598000.0
2024-08-01,PUNGGOL,4 ROOM,617A,PUNGGOL DR,13 TO 15,95.0,Premium Apartment,2013,88 years 02 months,688000.0
2024-08-01,PUNGGOL,4 ROOM,635B,PUNGGOL DR,10 TO 12,91.0,Premium Apartment,2007,82 years 05 months,610888.0
2024-08-01,PUNGGOL,4 ROOM,633B,PUNGGOL DR,10 TO 12,93.0,Premium Apartment,2007,82 years 05 months,605000.0
2024-08-01,PUNGGOL,4 ROOM,664A,PUNGGOL DR,01 TO 03,90.0,Model A,2016,90 years 11 months,610000.0
2024-08-01,PUNGGOL,4 ROOM,678B,PUNGGOL DR,07 TO 09,93.0,Premium Apartment,2016,91 years 02 months,707000.0
2024-08-01,PUNGGOL,4 ROOM,666B,PUNGGOL DR,07 TO 09,93.0,Premium Apartment,2016,90 years 07 months,676888.0
2024-08-01,PUNGGOL,4 ROOM,619B,PUNGGOL DR,04 TO 06,93.0,Premium Apartment,2013,88 years 01 month,636000.0
2024-08-01,PUNGGOL,4 ROOM,306D,PUNGGOL DR,07 TO 09,93.0,Premium Apartment,2012,86 years 11 months,696000.0
2024-08-01,PUNGGOL,4 ROOM,663B,PUNGGOL DR,10 TO 12,90.0,Model A,2016,90 years 10 months,650000.0
2024-08-01,PUNGGOL,4 ROOM,167C,PUNGGOL EAST,07 TO 09,92.0,Premium Apartment,2009,83 years 09 months,568000.0
2024-08-01,PUNGGOL,4 ROOM,659C,PUNGGOL EAST,04 TO 06,93.0,Model A,2018,93 years 04 months,594000.0
2024-08-01,PUNGGOL,4 ROOM,267B,PUNGGOL FIELD,16 TO 18,97.0,Premium Apartment,2013,87 years 06 months,760000.0
2024-08-01,PUNGGOL,4 ROOM,101A,PUNGGOL FIELD,04 TO 06,90.0,Model A,2002,77 years 02 months,525000.0
2024-08-01,PUNGGOL,4 ROOM,168D,PUNGGOL FIELD,13 TO 15,92.0,Model A,2014,88 years 09 months,625000.0
2024-08-01,PUNGGOL,4 ROOM,169B,PUNGGOL FIELD,13 TO 15,93.0,Model A,2014,88 years 09 months,615000.0
2024-08-01,PUNGGOL,4 ROOM,269A,PUNGGOL FIELD,07 TO 09,93.0,Premium Apartment,2013,87 years 06 months,691000.0
2024-08-01,PUNGGOL,4 ROOM,269C,PUNGGOL FIELD,10 TO 12,93.0,Premium Apartment,2013,87 years 06 months,715000.0
2024-08-01,PUNGGOL,4 ROOM,175C,PUNGGOL FIELD,07 TO 09,90.0,Model A,2003,78 years 01 month,538000.0
2024-08-01,PUNGGOL,4 ROOM,268C,PUNGGOL FIELD,13 TO 15,97.0,Premium Apartment,2013,87 years 06 months,763000.0
2024-08-01,PUNGGOL,4 ROOM,128A,PUNGGOL FIELD WALK,13 TO 15,85.0,Model A,2003,78 years,560000.0
2024-08-01,PUNGGOL,4 ROOM,210B,PUNGGOL PL,10 TO 12,92.0,Model A,2014,89 years 05 months,656888.0
2024-08-01,PUNGGOL,4 ROOM,288B,PUNGGOL PL,10 TO 12,98.0,Premium Apartment,2013,87 years 08 months,765000.0
2024-08-01,PUNGGOL,4 ROOM,273C,PUNGGOL PL,10 TO 12,93.0,Premium Apartment,2013,88 years,723000.0
2024-08-01,PUNGGOL,4 ROOM,302C,PUNGGOL PL,04 TO 06,93.0,Premium Apartment,2011,85 years 08 months,688888.0
2024-08-01,PUNGGOL,4 ROOM,289C,PUNGGOL PL,04 TO 06,98.0,Premium Apartment,2013,87 years 08 months,725000.0
2024-08-01,PUNGGOL,4 ROOM,302D,PUNGGOL PL,10 TO 12,93.0,Premium Apartment,2011,85 years 08 months,743000.0
2024-08-01,PUNGGOL,4 ROOM,289C,PUNGGOL PL,13 TO 15,96.0,Premium Apartment,2013,87 years 08 months,750168.0
2024-08-01,PUNGGOL,4 ROOM,289A,PUNGGOL PL,01 TO 03,97.0,Premium Apartment,2013,87 years 08 months,645000.0
2024-08-01,PUNGGOL,4 ROOM,306B,PUNGGOL PL,04 TO 06,95.0,Premium Apartment,2012,87 years,675000.0
2024-08-01,PUNGGOL,4 ROOM,289B,PUNGGOL PL,10 TO 12,98.0,Premium Apartment,2013,87 years 08 months,718000.0
2024-08-01,PUNGGOL,4 ROOM,302A,PUNGGOL PL,16 TO 18,93.0,Premium Apartment,2011,85 years 08 months,700000.0
2024-08-01,PUNGGOL,4 ROOM,604B,PUNGGOL RD,01 TO 03,92.0,Model A,2012,87 years 02 months,598000.0
2024-08-01,PUNGGOL,4 ROOM,603A,PUNGGOL RD,07 TO 09,92.0,Model A,2012,87 years 02 months,620000.0
2024-08-01,PUNGGOL,4 ROOM,195C,PUNGGOL RD,10 TO 12,90.0,Premium Apartment,2007,82 years 01 month,618000.0
2024-08-01,PUNGGOL,4 ROOM,305A,PUNGGOL RD,10 TO 12,93.0,Premium Apartment,2012,87 years,695000.0
2024-08-01,PUNGGOL,4 ROOM,195B,PUNGGOL RD,10 TO 12,90.0,Premium Apartment,2007,82 years,630000.0
2024-08-01,PUNGGOL,4 ROOM,604A,PUNGGOL RD,04 TO 06,92.0,Model A,2012,87 years 01 month,645000.0
2024-08-01,PUNGGOL,4 ROOM,310C,PUNGGOL WALK,07 TO 09,92.0,Premium Apartment,2016,90 years 11 months,660888.0
2024-08-01,PUNGGOL,4 ROOM,308C,PUNGGOL WALK,10 TO 12,92.0,Premium Apartment,2016,90 years 08 months,710000.0
2024-08-01,PUNGGOL,4 ROOM,271C,PUNGGOL WALK,13 TO 15,93.0,Premium Apartment,2014,88 years 09 months,770000.0
2024-08-01,PUNGGOL,4 ROOM,310A,PUNGGOL WALK,04 TO 06,92.0,Premium Apartment,2016,90 years 11 months,664888.0
2024-08-01,PUNGGOL,4 ROOM,272A,PUNGGOL WALK,07 TO 09,93.0,Premium Apartment,2014,88 years 09 months,748888.0
2024-08-01,PUNGGOL,4 ROOM,271A,PUNGGOL WALK,13 TO 15,93.0,Premium Apartment,2014,88 years 09 months,778666.0
2024-08-01,PUNGGOL,4 ROOM,272B,PUNGGOL WALK,13 TO 15,93.0,Premium Apartment,2014,88 years 09 months,755000.0
2024-08-01,PUNGGOL,4 ROOM,211C,PUNGGOL WALK,10 TO 12,92.0,Model A,2014,88 years 09 months,655000.0
2024-08-01,PUNGGOL,4 ROOM,272B,PUNGGOL WALK,01 TO 03,93.0,Premium Apartment,2014,88 years 09 months,653000.0
2024-08-01,PUNGGOL,4 ROOM,308C,PUNGGOL WALK,01 TO 03,92.0,Premium Apartment,2016,90 years 07 months,620000.0
2024-08-01,PUNGGOL,4 ROOM,265D,PUNGGOL WAY,04 TO 06,92.0,Model A,2015,89 years 11 months,630000.0
2024-08-01,PUNGGOL,4 ROOM,314B,PUNGGOL WAY,16 TO 18,93.0,Premium Apartment,2017,92 years 02 months,730000.0
2024-08-01,PUNGGOL,4 ROOM,314A,PUNGGOL WAY,13 TO 15,93.0,Premium Apartment,2017,92 years 02 months,712688.0
2024-08-01,PUNGGOL,4 ROOM,314A,PUNGGOL WAY,13 TO 15,93.0,Premium Apartment,2017,92 years 02 months,720000.0
2024-08-01,PUNGGOL,4 ROOM,220A,SUMANG LANE,13 TO 15,93.0,Model A,2018,93 years 05 months,645000.0
2024-08-01,PUNGGOL,4 ROOM,224B,SUMANG LANE,10 TO 12,93.0,Model A,2018,93 years 05 months,600000.0
2024-08-01,PUNGGOL,4 ROOM,220B,SUMANG LANE,07 TO 09,93.0,Model A,2018,93 years 05 months,645000.0
2024-08-01,PUNGGOL,4 ROOM,231A,SUMANG LANE,13 TO 15,93.0,Model A,2018,93 years 04 months,632000.0
2024-08-01,PUNGGOL,4 ROOM,220B,SUMANG LANE,07 TO 09,93.0,Model A,2018,93 years 05 months,645000.0
2024-08-01,PUNGGOL,4 ROOM,232A,SUMANG LANE,04 TO 06,93.0,Model A,2018,93 years 04 months,610000.0
2024-08-01,PUNGGOL,4 ROOM,221B,SUMANG LANE,01 TO 03,93.0,Model A,2018,93 years 05 months,570000.0
2024-08-01,PUNGGOL,4 ROOM,220C,SUMANG LANE,04 TO 06,93.0,Model A,2018,93 years 05 months,600000.0
2024-08-01,PUNGGOL,4 ROOM,226A,SUMANG LANE,07 TO 09,92.0,Premium Apartment,2018,92 years 08 months,630000.0
2024-08-01,PUNGGOL,4 ROOM,313C,SUMANG LINK,07 TO 09,92.0,Model A,2015,89 years 11 months,680000.0
2024-08-01,PUNGGOL,4 ROOM,256A,SUMANG WALK,16 TO 18,93.0,Model A,2016,91 years 05 months,690888.0
2024-08-01,PUNGGOL,4 ROOM,217A,SUMANG WALK,13 TO 15,92.0,Model A,2017,92 years,645000.0
2024-08-01,PUNGGOL,4 ROOM,323C,SUMANG WALK,10 TO 12,93.0,Premium Apartment,2020,94 years 06 months,685000.0
2024-08-01,PUNGGOL,4 ROOM,217B,SUMANG WALK,07 TO 09,92.0,Model A,2017,92 years,630000.0
2024-08-01,PUNGGOL,4 ROOM,256C,SUMANG WALK,04 TO 06,93.0,Model A,2016,91 years 05 months,620000.0
2024-08-01,PUNGGOL,4 ROOM,325B,SUMANG WALK,04 TO 06,96.0,Premium Apartment,2020,94 years 06 months,670000.0
2024-08-01,PUNGGOL,4 ROOM,325A,SUMANG WALK,13 TO 15,93.0,Premium Apartment,2020,94 years 06 months,700000.0
2024-08-01,PUNGGOL,4 ROOM,322C,SUMANG WALK,04 TO 06,93.0,Premium Apartment,2019,93 years 08 months,655000.0
2024-08-01,PUNGGOL,4 ROOM,323A,SUMANG WALK,19 TO 21,93.0,Premium Apartment,2020,94 years 06 months,740000.0
2024-08-01,PUNGGOL,4 ROOM,256D,SUMANG WALK,04 TO 06,93.0,Model A,2016,91 years 05 months,610000.0
2024-08-01,PUNGGOL,4 ROOM,323B,SUMANG WALK,19 TO 21,93.0,Premium Apartment,2020,94 years 05 months,702000.0
2024-08-01,PUNGGOL,5 ROOM,109C,EDGEDALE PLAINS,07 TO 09,110.0,Improved,2003,77 years 10 months,615000.0
2024-08-01,PUNGGOL,5 ROOM,138,EDGEDALE PLAINS,04 TO 06,112.0,Premium Apartment,2003,78 years 05 months,560000.0
2024-08-01,PUNGGOL,5 ROOM,684B,EDGEDALE PLAINS,07 TO 09,113.0,Premium Apartment,2018,93 years 02 months,818888.0
2024-08-01,PUNGGOL,5 ROOM,138,EDGEDALE PLAINS,07 TO 09,111.0,Premium Apartment,2003,78 years 04 months,572000.0
2024-08-01,PUNGGOL,5 ROOM,130,EDGEDALE PLAINS,04 TO 06,112.0,Premium Apartment,2003,78 years 04 months,563000.0
2024-08-01,PUNGGOL,5 ROOM,126B,EDGEDALE PLAINS,01 TO 03,110.0,Improved,2003,77 years 07 months,582300.0
2024-08-01,PUNGGOL,5 ROOM,109C,EDGEDALE PLAINS,04 TO 06,110.0,Improved,2003,77 years 10 months,595000.0
2024-08-01,PUNGGOL,5 ROOM,171B,EDGEDALE PLAINS,13 TO 15,110.0,Improved,2004,78 years 06 months,638000.0
2024-08-01,PUNGGOL,5 ROOM,662C,EDGEDALE PLAINS,07 TO 09,112.0,Premium Apartment,2017,91 years 10 months,803000.0
2024-08-01,PUNGGOL,5 ROOM,138,EDGEDALE PLAINS,04 TO 06,111.0,Premium Apartment,2003,78 years 04 months,585000.0
2024-08-01,PUNGGOL,5 ROOM,134,EDGEDALE PLAINS,13 TO 15,111.0,Premium Apartment,2003,78 years 04 months,570000.0
2024-08-01,PUNGGOL,5 ROOM,109A,EDGEDALE PLAINS,04 TO 06,110.0,Improved,2003,77 years 09 months,580000.0
2024-08-01,PUNGGOL,5 ROOM,682A,EDGEDALE PLAINS,16 TO 18,113.0,Premium Apartment,2018,93 years 01 month,810888.0
2024-08-01,PUNGGOL,5 ROOM,684C,EDGEDALE PLAINS,10 TO 12,113.0,Premium Apartment,2018,93 years 01 month,820000.0
2024-08-01,PUNGGOL,5 ROOM,132,EDGEDALE PLAINS,10 TO 12,112.0,Premium Apartment,2003,78 years 04 months,620000.0
2024-08-01,PUNGGOL,5 ROOM,171B,EDGEDALE PLAINS,16 TO 18,110.0,Improved,2004,78 years 06 months,660888.0
2024-08-01,PUNGGOL,5 ROOM,684C,EDGEDALE PLAINS,10 TO 12,113.0,Premium Apartment,2018,93 years 01 month,828000.0
2024-08-01,PUNGGOL,5 ROOM,662C,EDGEDALE PLAINS,10 TO 12,112.0,Premium Apartment,2017,91 years 09 months,818000.0
2024-08-01,PUNGGOL,5 ROOM,172B,EDGEDALE PLAINS,07 TO 09,110.0,Improved,2004,78 years 08 months,625000.0
2024-08-01,PUNGGOL,5 ROOM,174A,EDGEDALE PLAINS,13 TO 15,111.0,Improved,2003,78 years 02 months,650000.0
2024-08-01,PUNGGOL,5 ROOM,103A,EDGEFIELD PLAINS,10 TO 12,110.0,Improved,2003,77 years 10 months,622000.0
2024-08-01,PUNGGOL,5 ROOM,103A,EDGEFIELD PLAINS,04 TO 06,110.0,Improved,2003,77 years 10 months,595000.0
2024-08-01,PUNGGOL,5 ROOM,193,EDGEFIELD PLAINS,07 TO 09,112.0,Premium Apartment,2003,78 years 04 months,620000.0
2024-08-01,PUNGGOL,5 ROOM,668B,EDGEFIELD PLAINS,04 TO 06,113.0,Premium Apartment,2016,90 years 11 months,800000.0
2024-08-01,PUNGGOL,5 ROOM,117,EDGEFIELD PLAINS,10 TO 12,113.0,Premium Apartment,2003,77 years 11 months,680000.0
2024-08-01,PUNGGOL,5 ROOM,105D,EDGEFIELD PLAINS,16 TO 18,110.0,Improved,2003,77 years 10 months,630000.0
2024-08-01,PUNGGOL,5 ROOM,176D,EDGEFIELD PLAINS,13 TO 15,110.0,Improved,2003,78 years 02 months,660000.0
2024-08-01,PUNGGOL,5 ROOM,294,PUNGGOL CTRL,07 TO 09,110.0,Premium Apartment,2003,78 years 04 months,647000.0
2024-08-01,PUNGGOL,5 ROOM,299,PUNGGOL CTRL,10 TO 12,110.0,Premium Apartment,2003,78 years 03 months,683888.0
2024-08-01,PUNGGOL,5 ROOM,647,PUNGGOL CTRL,10 TO 12,110.0,Premium Apartment,2005,79 years 06 months,660000.0
2024-08-01,PUNGGOL,5 ROOM,192,PUNGGOL CTRL,16 TO 18,110.0,Premium Apartment,2004,78 years 09 months,650000.0
2024-08-01,PUNGGOL,5 ROOM,166B,PUNGGOL CTRL,04 TO 06,114.0,Premium Apartment,2004,78 years 10 months,660000.0
2024-08-01,PUNGGOL,5 ROOM,676B,PUNGGOL DR,13 TO 15,113.0,Premium Apartment,2016,91 years 03 months,860000.0
2024-08-01,PUNGGOL,5 ROOM,637A,PUNGGOL DR,16 TO 18,111.0,Premium Apartment,2005,79 years 06 months,688800.0
2024-08-01,PUNGGOL,5 ROOM,642B,PUNGGOL DR,07 TO 09,110.0,Premium Apartment,2005,79 years 07 months,630000.0
2024-08-01,PUNGGOL,5 ROOM,642C,PUNGGOL DR,16 TO 18,110.0,Premium Apartment,2005,79 years 07 months,668000.0
2024-08-01,PUNGGOL,5 ROOM,638B,PUNGGOL DR,07 TO 09,112.0,Premium Apartment,2005,79 years 07 months,660000.0
2024-08-01,PUNGGOL,5 ROOM,679C,PUNGGOL DR,01 TO 03,113.0,Premium Apartment,2016,91 years 02 months,777888.0
2024-08-01,PUNGGOL,5 ROOM,666A,PUNGGOL DR,10 TO 12,113.0,Premium Apartment,2016,90 years 08 months,823000.0
2024-08-01,PUNGGOL,5 ROOM,678B,PUNGGOL DR,01 TO 03,113.0,Premium Apartment,2016,91 years 02 months,825888.0
2024-08-01,PUNGGOL,5 ROOM,638B,PUNGGOL DR,10 TO 12,111.0,Premium Apartment,2005,79 years 06 months,648888.0
2024-08-01,PUNGGOL,5 ROOM,637B,PUNGGOL DR,10 TO 12,110.0,Premium Apartment,2005,79 years 06 months,642000.0
2024-08-01,PUNGGOL,5 ROOM,678C,PUNGGOL DR,01 TO 03,113.0,Premium Apartment,2016,91 years 02 months,833000.0
2024-08-01,PUNGGOL,5 ROOM,642D,PUNGGOL DR,10 TO 12,110.0,Premium Apartment,2005,79 years 06 months,650000.0
2024-08-01,PUNGGOL,5 ROOM,678C,PUNGGOL DR,01 TO 03,113.0,Premium Apartment,2016,91 years 01 month,815000.0
2024-08-01,PUNGGOL,5 ROOM,203A,PUNGGOL FIELD,16 TO 18,110.0,Improved,2004,79 years 04 months,645000.0
2024-08-01,PUNGGOL,5 ROOM,102A,PUNGGOL FIELD,01 TO 03,110.0,Improved,2002,77 years 04 months,603888.0
2024-08-01,PUNGGOL,5 ROOM,201A,PUNGGOL FIELD,07 TO 09,110.0,Improved,2004,78 years 11 months,635000.0
2024-08-01,PUNGGOL,5 ROOM,102D,PUNGGOL FIELD,10 TO 12,110.0,Improved,2002,77 years 05 months,620000.0
2024-08-01,PUNGGOL,5 ROOM,173A,PUNGGOL FIELD,10 TO 12,110.0,Improved,2003,78 years 05 months,665888.0
2024-08-01,PUNGGOL,5 ROOM,259C,PUNGGOL FIELD,13 TO 15,113.0,Improved,2016,90 years 11 months,778888.0
2024-08-01,PUNGGOL,5 ROOM,267B,PUNGGOL FIELD,16 TO 18,149.0,Premium Apartment Loft,2013,87 years 06 months,1223880.0
2024-08-01,PUNGGOL,5 ROOM,170C,PUNGGOL FIELD,10 TO 12,112.0,Improved,2014,88 years 08 months,720000.0
2024-08-01,PUNGGOL,5 ROOM,170C,PUNGGOL FIELD,07 TO 09,112.0,Improved,2014,88 years 08 months,731888.0
2024-08-01,PUNGGOL,5 ROOM,110A,PUNGGOL FIELD,07 TO 09,110.0,Improved,2003,77 years 11 months,610000.0
2024-08-01,PUNGGOL,5 ROOM,173C,PUNGGOL FIELD,07 TO 09,110.0,Improved,2003,78 years 04 months,610000.0
2024-08-01,PUNGGOL,5 ROOM,128B,PUNGGOL FIELD WALK,01 TO 03,110.0,Improved,2003,77 years 11 months,592000.0
2024-08-01,PUNGGOL,5 ROOM,213C,PUNGGOL WALK,10 TO 12,113.0,Improved,2015,89 years 09 months,743000.0
2024-08-01,PUNGGOL,5 ROOM,271B,PUNGGOL WALK,13 TO 15,116.0,Premium Apartment,2014,88 years 09 months,950000.0
2024-08-01,PUNGGOL,5 ROOM,260B,PUNGGOL WAY,13 TO 15,113.0,Improved,2016,90 years 11 months,800000.0
2024-08-01,PUNGGOL,5 ROOM,232A,SUMANG LANE,07 TO 09,113.0,Improved,2018,93 years 04 months,738888.0
2024-08-01,PUNGGOL,5 ROOM,232A,SUMANG LANE,07 TO 09,113.0,Improved,2018,93 years 04 months,820000.0
2024-08-01,PUNGGOL,5 ROOM,226B,SUMANG LANE,10 TO 12,114.0,Premium Apartment,2018,92 years 07 months,798000.0
2024-08-01,PUNGGOL,5 ROOM,312B,SUMANG LINK,10 TO 12,112.0,Improved,2015,89 years 11 months,858888.0
2024-08-01,PUNGGOL,5 ROOM,323A,SUMANG WALK,16 TO 18,113.0,Premium Apartment,2020,94 years 07 months,850000.0
2024-08-01,PUNGGOL,5 ROOM,323A,SUMANG WALK,01 TO 03,113.0,Premium Apartment,2020,94 years 06 months,732000.0
2024-08-01,PUNGGOL,5 ROOM,322A,SUMANG WALK,04 TO 06,113.0,Premium Apartment,2019,93 years 08 months,828888.0
2024-08-01,PUNGGOL,5 ROOM,325A,SUMANG WALK,04 TO 06,116.0,Premium Apartment,2020,94 years 06 months,940000.0
2024-08-01,PUNGGOL,5 ROOM,323C,SUMANG WALK,10 TO 12,113.0,Premium Apartment,2020,94 years 06 months,830000.0
2024-08-01,PUNGGOL,5 ROOM,323C,SUMANG WALK,04 TO 06,121.0,Premium Apartment,2020,94 years 06 months,940000.0
2024-08-01,PUNGGOL,EXECUTIVE,111,EDGEFIELD PLAINS,10 TO 12,130.0,Premium Apartment,2003,78 years 01 month,815000.0
2024-08-01,PUNGGOL,EXECUTIVE,116,EDGEFIELD PLAINS,13 TO 15,130.0,Premium Apartment,2003,77 years 11 months,808000.0
2024-08-01,PUNGGOL,EXECUTIVE,183,EDGEFIELD PLAINS,07 TO 09,128.0,Premium Apartment,2003,78 years 04 months,780000.0
2024-08-01,PUNGGOL,EXECUTIVE,183,EDGEFIELD PLAINS,04 TO 06,128.0,Premium Apartment,2003,78 years 04 months,780000.0
2024-08-01,QUEENSTOWN,2 ROOM,83,C'WEALTH CL,10 TO 12,46.0,Standard,1967,41 years 06 months,288000.0
2024-08-01,QUEENSTOWN,2 ROOM,27,GHIM MOH LINK,01 TO 03,47.0,Model A,2013,87 years 09 months,430000.0
2024-08-01,QUEENSTOWN,3 ROOM,83,C'WEALTH CL,07 TO 09,60.0,Standard,1967,41 years 06 months,360000.0
2024-08-01,QUEENSTOWN,3 ROOM,82,C'WEALTH CL,04 TO 06,60.0,Standard,1967,41 years 06 months,335000.0
2024-08-01,QUEENSTOWN,3 ROOM,83,C'WEALTH CL,13 TO 15,60.0,Standard,1967,41 years 06 months,330000.0
2024-08-01,QUEENSTOWN,3 ROOM,102,C'WEALTH CRES,04 TO 06,64.0,Standard,1970,44 years 11 months,350888.0
2024-08-01,QUEENSTOWN,3 ROOM,111,C'WEALTH CRES,01 TO 03,71.0,Standard,1969,43 years 06 months,335000.0
2024-08-01,QUEENSTOWN,3 ROOM,99,C'WEALTH CRES,01 TO 03,64.0,Standard,1970,44 years 11 months,324888.0
2024-08-01,QUEENSTOWN,3 ROOM,109,C'WEALTH CRES,07 TO 09,60.0,Standard,1969,43 years 06 months,358000.0
2024-08-01,QUEENSTOWN,3 ROOM,53,C'WEALTH DR,04 TO 06,63.0,Model A,2015,89 years 07 months,600000.0
2024-08-01,QUEENSTOWN,3 ROOM,93,C'WEALTH DR,04 TO 06,60.0,Standard,1967,41 years 06 months,335000.0
2024-08-01,QUEENSTOWN,3 ROOM,95,C'WEALTH DR,04 TO 06,69.0,Standard,1967,41 years 06 months,345000.0
2024-08-01,QUEENSTOWN,3 ROOM,21,DOVER CRES,13 TO 15,73.0,Improved,1976,51 years,435000.0
2024-08-01,QUEENSTOWN,3 ROOM,3,DOVER RD,10 TO 12,65.0,Improved,1975,50 years,385000.0
2024-08-01,QUEENSTOWN,3 ROOM,3,DOVER RD,10 TO 12,73.0,Improved,1975,50 years,442000.0
2024-08-01,QUEENSTOWN,3 ROOM,3,DOVER RD,07 TO 09,73.0,Improved,1975,50 years,438000.0
2024-08-01,QUEENSTOWN,3 ROOM,33,GHIM MOH LINK,19 TO 21,68.0,Model A,2018,92 years 11 months,750000.0
2024-08-01,QUEENSTOWN,3 ROOM,27,GHIM MOH LINK,10 TO 12,67.0,Model A,2013,87 years 09 months,678000.0
2024-08-01,QUEENSTOWN,3 ROOM,32,GHIM MOH LINK,28 TO 30,68.0,Model A,2018,92 years 11 months,790000.0
2024-08-01,QUEENSTOWN,3 ROOM,6,GHIM MOH RD,01 TO 03,65.0,Improved,1976,51 years,355000.0
2024-08-01,QUEENSTOWN,3 ROOM,21,GHIM MOH RD,01 TO 03,65.0,Improved,1977,51 years 10 months,388000.0
2024-08-01,QUEENSTOWN,3 ROOM,2,GHIM MOH RD,07 TO 09,65.0,Improved,1976,51 years,378000.0
2024-08-01,QUEENSTOWN,3 ROOM,6,GHIM MOH RD,04 TO 06,65.0,Improved,1976,51 years,360000.0
2024-08-01,QUEENSTOWN,3 ROOM,3,GHIM MOH RD,13 TO 15,65.0,Improved,1976,51 years,400800.0
2024-08-01,QUEENSTOWN,3 ROOM,19,GHIM MOH RD,10 TO 12,65.0,Improved,1977,51 years 10 months,410000.0
2024-08-01,QUEENSTOWN,3 ROOM,19,GHIM MOH RD,10 TO 12,65.0,Improved,1977,51 years 10 months,408000.0
2024-08-01,QUEENSTOWN,3 ROOM,12,HOLLAND AVE,04 TO 06,73.0,Improved,1975,49 years 06 months,450000.0
2024-08-01,QUEENSTOWN,3 ROOM,2,HOLLAND AVE,07 TO 09,65.0,Improved,1974,48 years 10 months,420000.0
2024-08-01,QUEENSTOWN,3 ROOM,8,HOLLAND AVE,19 TO 21,67.0,Improved,1974,48 years 10 months,438888.0
2024-08-01,QUEENSTOWN,3 ROOM,4,HOLLAND CL,01 TO 03,65.0,Improved,1974,48 years 10 months,405000.0
2024-08-01,QUEENSTOWN,3 ROOM,6,HOLLAND CL,19 TO 21,73.0,Improved,1974,48 years 11 months,538000.0
2024-08-01,QUEENSTOWN,3 ROOM,11,HOLLAND DR,19 TO 21,65.0,Improved,1975,49 years 06 months,460000.0
2024-08-01,QUEENSTOWN,3 ROOM,13,HOLLAND DR,10 TO 12,73.0,Improved,1975,49 years 07 months,510000.0
2024-08-01,QUEENSTOWN,3 ROOM,152,MEI LING ST,07 TO 09,67.0,Improved,1970,44 years 06 months,368000.0
2024-08-01,QUEENSTOWN,3 ROOM,154,MEI LING ST,13 TO 15,67.0,Improved,1970,44 years 06 months,416000.0
2024-08-01,QUEENSTOWN,3 ROOM,165,STIRLING RD,04 TO 06,70.0,Improved,1970,45 years,347000.0
2024-08-01,QUEENSTOWN,3 ROOM,168,STIRLING RD,04 TO 06,69.0,Improved,1971,45 years 06 months,390000.0
2024-08-01,QUEENSTOWN,3 ROOM,61A,STRATHMORE AVE,04 TO 06,69.0,Model A,2011,86 years 01 month,688888.0
2024-08-01,QUEENSTOWN,4 ROOM,50,C'WEALTH DR,01 TO 03,88.0,Model A,2015,89 years 06 months,900000.0
2024-08-01,QUEENSTOWN,4 ROOM,90,DAWSON RD,34 TO 36,95.0,Premium Apartment Loft,2016,90 years 09 months,1380000.0
2024-08-01,QUEENSTOWN,4 ROOM,27,GHIM MOH LINK,34 TO 36,87.0,Model A,2013,87 years 09 months,937000.0
2024-08-01,QUEENSTOWN,4 ROOM,30,GHIM MOH LINK,19 TO 21,93.0,Model A,2018,92 years 11 months,970000.0
2024-08-01,QUEENSTOWN,4 ROOM,29,GHIM MOH LINK,07 TO 09,93.0,Model A,2018,92 years 11 months,933888.0
2024-08-01,QUEENSTOWN,4 ROOM,23,GHIM MOH LINK,34 TO 36,87.0,Model A,2013,87 years 09 months,980000.0
2024-08-01,QUEENSTOWN,4 ROOM,22,GHIM MOH LINK,34 TO 36,92.0,Model A,2013,87 years 09 months,1030000.0
2024-08-01,QUEENSTOWN,4 ROOM,22,GHIM MOH LINK,16 TO 18,92.0,Model A,2013,87 years 09 months,928000.0
2024-08-01,QUEENSTOWN,4 ROOM,15,GHIM MOH RD,10 TO 12,82.0,Improved,1977,51 years 06 months,593000.0
2024-08-01,QUEENSTOWN,4 ROOM,2,HOLLAND AVE,19 TO 21,88.0,Improved,1974,48 years 10 months,610388.0
2024-08-01,QUEENSTOWN,4 ROOM,3A,HOLLAND CL,07 TO 09,106.0,Model A,1998,73 years 03 months,968000.0
2024-08-01,QUEENSTOWN,4 ROOM,181,STIRLING RD,01 TO 03,95.0,Model A,2000,75 years 02 months,880000.0
2024-08-01,QUEENSTOWN,4 ROOM,181,STIRLING RD,07 TO 09,95.0,Model A,2000,75 years 02 months,858000.0
2024-08-01,QUEENSTOWN,4 ROOM,82,STRATHMORE AVE,07 TO 09,104.0,Model A,1997,72 years 03 months,980000.0
2024-08-01,QUEENSTOWN,4 ROOM,61C,STRATHMORE AVE,07 TO 09,97.0,Model A,2011,86 years,933888.0
2024-08-01,QUEENSTOWN,4 ROOM,49,STRATHMORE AVE,04 TO 06,90.0,Model A,2006,81 years,928000.0
2024-08-01,QUEENSTOWN,4 ROOM,90,TANGLIN HALT RD,22 TO 24,90.0,Model A,2008,83 years 01 month,928000.0
2024-08-01,QUEENSTOWN,4 ROOM,90,TANGLIN HALT RD,04 TO 06,90.0,Model A,2008,83 years 01 month,779000.0
2024-08-01,QUEENSTOWN,4 ROOM,90,TANGLIN HALT RD,34 TO 36,90.0,Model A,2008,83 years 01 month,1039000.0
2024-08-01,QUEENSTOWN,5 ROOM,13,GHIM MOH RD,13 TO 15,120.0,Standard,1977,51 years 06 months,860000.0
2024-08-01,QUEENSTOWN,5 ROOM,5,HOLLAND CL,16 TO 18,124.0,Improved,1998,73 years 05 months,1026000.0
2024-08-01,QUEENSTOWN,5 ROOM,21,QUEEN'S CL,07 TO 09,125.0,Improved,1996,71 years 03 months,980000.0
2024-08-01,QUEENSTOWN,5 ROOM,21,QUEEN'S CL,13 TO 15,128.0,Improved,1996,71 years 03 months,950000.0
2024-08-01,QUEENSTOWN,5 ROOM,62A,STRATHMORE AVE,22 TO 24,117.0,Improved,2011,86 years 02 months,1210000.0
2024-08-01,QUEENSTOWN,5 ROOM,56,STRATHMORE AVE,04 TO 06,111.0,Improved,2002,76 years 10 months,987000.0
2024-08-01,QUEENSTOWN,5 ROOM,56,STRATHMORE AVE,10 TO 12,110.0,Improved,2002,76 years 11 months,1068800.0
2024-08-01,QUEENSTOWN,5 ROOM,55,STRATHMORE AVE,01 TO 03,110.0,Improved,2002,76 years 10 months,980000.0
2024-08-01,SEMBAWANG,2 ROOM,118A,CANBERRA CRES,04 TO 06,38.0,Model A,2020,94 years 10 months,330000.0
2024-08-01,SEMBAWANG,2 ROOM,117B,CANBERRA CRES,07 TO 09,47.0,Model A,2020,94 years 10 months,420000.0
2024-08-01,SEMBAWANG,2 ROOM,593B,MONTREAL LINK,07 TO 09,47.0,Model A,2015,89 years 09 months,360000.0
2024-08-01,SEMBAWANG,2 ROOM,363B,SEMBAWANG CRES,01 TO 03,47.0,Model A,2019,93 years 10 months,330000.0
2024-08-01,SEMBAWANG,2 ROOM,365A,SEMBAWANG CRES,04 TO 06,38.0,2-room,2019,93 years 09 months,345000.0
2024-08-01,SEMBAWANG,2 ROOM,513,WELLINGTON CIRCLE,13 TO 15,40.0,Model A,2011,85 years 10 months,325000.0
2024-08-01,SEMBAWANG,3 ROOM,118B,CANBERRA CRES,10 TO 12,68.0,Model A,2020,94 years 10 months,508000.0
2024-08-01,SEMBAWANG,3 ROOM,118B,CANBERRA CRES,07 TO 09,68.0,Model A,2020,94 years 10 months,540008.0
2024-08-01,SEMBAWANG,3 ROOM,128B,CANBERRA ST,07 TO 09,68.0,Model A,2018,93 years 03 months,495000.0
2024-08-01,SEMBAWANG,3 ROOM,128B,CANBERRA ST,10 TO 12,68.0,Model A,2018,93 years 03 months,510080.0
2024-08-01,SEMBAWANG,3 ROOM,115D,CANBERRA WALK,04 TO 06,68.0,Model A,2018,93 years,495000.0
2024-08-01,SEMBAWANG,3 ROOM,115C,CANBERRA WALK,01 TO 03,68.0,Model A,2018,93 years,502888.0
2024-08-01,SEMBAWANG,3 ROOM,362B,SEMBAWANG CRES,01 TO 03,68.0,Model A,2019,93 years 10 months,450000.0
2024-08-01,SEMBAWANG,4 ROOM,357,ADMIRALTY DR,01 TO 03,94.0,Premium Apartment,2001,75 years 11 months,530000.0
2024-08-01,SEMBAWANG,4 ROOM,359,ADMIRALTY DR,07 TO 09,96.0,Premium Apartment,2001,76 years 02 months,565000.0
2024-08-01,SEMBAWANG,4 ROOM,357B,ADMIRALTY DR,04 TO 06,95.0,Premium Apartment,2001,75 years 11 months,570888.0
2024-08-01,SEMBAWANG,4 ROOM,469,ADMIRALTY DR,07 TO 09,102.0,Premium Apartment,2001,76 years 01 month,542000.0
2024-08-01,SEMBAWANG,4 ROOM,359,ADMIRALTY DR,01 TO 03,96.0,Premium Apartment,2001,76 years 02 months,520000.0
2024-08-01,SEMBAWANG,4 ROOM,489,ADMIRALTY LINK,07 TO 09,96.0,Model A,2010,85 years 01 month,530000.0
2024-08-01,SEMBAWANG,4 ROOM,489,ADMIRALTY LINK,16 TO 18,94.0,Model A,2010,85 years 01 month,560888.0
2024-08-01,SEMBAWANG,4 ROOM,484,ADMIRALTY LINK,13 TO 15,91.0,Model A,2003,78 years,500000.0
2024-08-01,SEMBAWANG,4 ROOM,488,ADMIRALTY LINK,16 TO 18,96.0,Model A,2010,85 years 01 month,580000.0
2024-08-01,SEMBAWANG,4 ROOM,404,ADMIRALTY LINK,07 TO 09,90.0,Model A,2001,75 years 08 months,530000.0
2024-08-01,SEMBAWANG,4 ROOM,118B,CANBERRA CRES,04 TO 06,95.0,Model A,2020,94 years 10 months,720000.0
2024-08-01,SEMBAWANG,4 ROOM,118B,CANBERRA CRES,04 TO 06,92.0,Model A,2020,94 years 10 months,685000.0
2024-08-01,SEMBAWANG,4 ROOM,117A,CANBERRA CRES,01 TO 03,92.0,Model A,2020,94 years 10 months,700000.0
2024-08-01,SEMBAWANG,4 ROOM,130B,CANBERRA CRES,10 TO 12,93.0,Model A,2018,93 years 03 months,698000.0
2024-08-01,SEMBAWANG,4 ROOM,118B,CANBERRA CRES,07 TO 09,92.0,Model A,2020,94 years 10 months,705077.0
2024-08-01,SEMBAWANG,4 ROOM,118A,CANBERRA CRES,07 TO 09,92.0,Model A,2020,94 years 10 months,787000.0
2024-08-01,SEMBAWANG,4 ROOM,120B,CANBERRA CRES,01 TO 03,93.0,Model A,2018,92 years 07 months,560000.0
2024-08-01,SEMBAWANG,4 ROOM,119B,CANBERRA CRES,07 TO 09,93.0,Model A,2018,92 years 07 months,675000.0
2024-08-01,SEMBAWANG,4 ROOM,118B,CANBERRA CRES,07 TO 09,95.0,Model A,2020,94 years 09 months,750000.0
2024-08-01,SEMBAWANG,4 ROOM,118A,CANBERRA CRES,01 TO 03,92.0,Model A,2020,94 years 10 months,690000.0
2024-08-01,SEMBAWANG,4 ROOM,424,CANBERRA RD,10 TO 12,90.0,Model A,2001,75 years 09 months,520000.0
2024-08-01,SEMBAWANG,4 ROOM,311,CANBERRA RD,01 TO 03,101.0,Model A,1998,73 years 04 months,545000.0
2024-08-01,SEMBAWANG,4 ROOM,107A,CANBERRA ST,10 TO 12,93.0,Model A,2018,93 years,620000.0
2024-08-01,SEMBAWANG,4 ROOM,104B,CANBERRA ST,07 TO 09,93.0,Model A,2018,93 years,627000.0
2024-08-01,SEMBAWANG,4 ROOM,121D,CANBERRA ST,04 TO 06,93.0,Model A,2018,92 years 06 months,625000.0
2024-08-01,SEMBAWANG,4 ROOM,104A,CANBERRA ST,01 TO 03,93.0,Model A,2018,93 years,550000.0
2024-08-01,SEMBAWANG,4 ROOM,121C,CANBERRA ST,04 TO 06,93.0,Model A,2018,92 years 06 months,615000.0
2024-08-01,SEMBAWANG,4 ROOM,504B,MONTREAL DR,04 TO 06,91.0,Model A,2001,75 years 11 months,515000.0
2024-08-01,SEMBAWANG,4 ROOM,592C,MONTREAL LINK,16 TO 18,93.0,Model A,2015,89 years 09 months,565000.0
2024-08-01,SEMBAWANG,4 ROOM,593A,MONTREAL LINK,01 TO 03,93.0,Model A,2015,89 years 09 months,525000.0
2024-08-01,SEMBAWANG,4 ROOM,330,SEMBAWANG CL,13 TO 15,100.0,Model A,1999,74 years,575000.0
2024-08-01,SEMBAWANG,4 ROOM,333,SEMBAWANG CL,01 TO 03,101.0,Model A,1999,74 years,540000.0
2024-08-01,SEMBAWANG,4 ROOM,330,SEMBAWANG CL,04 TO 06,101.0,Model A,1999,73 years 11 months,545000.0
2024-08-01,SEMBAWANG,4 ROOM,328,SEMBAWANG CRES,07 TO 09,101.0,Model A,1999,73 years 10 months,568000.0
2024-08-01,SEMBAWANG,4 ROOM,362A,SEMBAWANG CRES,13 TO 15,93.0,Model A,2019,93 years 11 months,628000.0
2024-08-01,SEMBAWANG,4 ROOM,336,SEMBAWANG CRES,07 TO 09,101.0,Model A,1999,74 years,550000.0
2024-08-01,SEMBAWANG,4 ROOM,362A,SEMBAWANG CRES,10 TO 12,93.0,Model A,2019,93 years 10 months,630000.0
2024-08-01,SEMBAWANG,4 ROOM,362C,SEMBAWANG CRES,10 TO 12,93.0,Model A,2019,93 years 10 months,623000.0
2024-08-01,SEMBAWANG,4 ROOM,365C,SEMBAWANG CRES,13 TO 15,93.0,Model A,2019,93 years 09 months,630000.0
2024-08-01,SEMBAWANG,4 ROOM,365C,SEMBAWANG CRES,07 TO 09,93.0,Model A,2019,93 years 09 months,650000.0
2024-08-01,SEMBAWANG,4 ROOM,362A,SEMBAWANG CRES,01 TO 03,93.0,Model A,2019,93 years 10 months,560000.0
2024-08-01,SEMBAWANG,4 ROOM,314,SEMBAWANG DR,01 TO 03,90.0,Model A2,1999,73 years 08 months,528000.0
2024-08-01,SEMBAWANG,4 ROOM,477,SEMBAWANG DR,04 TO 06,88.0,Model A2,2000,75 years,530000.0
2024-08-01,SEMBAWANG,4 ROOM,463C,SEMBAWANG DR,01 TO 03,92.0,Model A,2015,89 years 10 months,548000.0
2024-08-01,SEMBAWANG,4 ROOM,411,SEMBAWANG DR,01 TO 03,90.0,Model A,2001,75 years 09 months,480000.0
2024-08-01,SEMBAWANG,4 ROOM,477,SEMBAWANG DR,13 TO 15,88.0,Model A2,2000,75 years,520000.0
2024-08-01,SEMBAWANG,4 ROOM,508C,WELLINGTON CIRCLE,07 TO 09,85.0,Model A,2004,79 years 01 month,520000.0
2024-08-01,SEMBAWANG,4 ROOM,508C,WELLINGTON CIRCLE,07 TO 09,85.0,Model A,2004,79 years 01 month,520000.0
2024-08-01,SEMBAWANG,4 ROOM,507C,WELLINGTON CIRCLE,04 TO 06,91.0,Model A,2001,76 years 05 months,530000.0
2024-08-01,SEMBAWANG,5 ROOM,467B,ADMIRALTY DR,07 TO 09,118.0,Premium Apartment,2001,76 years,590000.0
2024-08-01,SEMBAWANG,5 ROOM,468D,ADMIRALTY DR,04 TO 06,118.0,Premium Apartment,2001,75 years 10 months,575000.0
2024-08-01,SEMBAWANG,5 ROOM,469A,ADMIRALTY DR,04 TO 06,115.0,Premium Apartment,2001,76 years 01 month,661000.0
2024-08-01,SEMBAWANG,5 ROOM,483,ADMIRALTY LINK,07 TO 09,111.0,Improved,2004,78 years 10 months,610000.0
2024-08-01,SEMBAWANG,5 ROOM,404,ADMIRALTY LINK,01 TO 03,110.0,Improved,2001,75 years 08 months,550000.0
2024-08-01,SEMBAWANG,5 ROOM,120D,CANBERRA CRES,07 TO 09,113.0,Improved,2018,92 years 07 months,738000.0
2024-08-01,SEMBAWANG,5 ROOM,120B,CANBERRA CRES,04 TO 06,113.0,Improved,2018,92 years 07 months,730000.0
2024-08-01,SEMBAWANG,5 ROOM,350A,CANBERRA RD,01 TO 03,110.0,Improved,2001,76 years 02 months,620000.0
2024-08-01,SEMBAWANG,5 ROOM,421,CANBERRA RD,10 TO 12,110.0,Improved,2001,75 years 08 months,555000.0
2024-08-01,SEMBAWANG,5 ROOM,352A,CANBERRA RD,13 TO 15,113.0,Improved,2001,76 years 04 months,680000.0
2024-08-01,SEMBAWANG,5 ROOM,419,CANBERRA RD,10 TO 12,110.0,Improved,2001,75 years 08 months,583000.0
2024-08-01,SEMBAWANG,5 ROOM,121B,CANBERRA ST,10 TO 12,113.0,Improved,2018,92 years 06 months,770000.0
2024-08-01,SEMBAWANG,5 ROOM,128A,CANBERRA ST,10 TO 12,113.0,Improved,2018,93 years 03 months,792500.0
2024-08-01,SEMBAWANG,5 ROOM,588A,MONTREAL DR,07 TO 09,110.0,Improved,2002,77 years 04 months,622888.0
2024-08-01,SEMBAWANG,5 ROOM,332,SEMBAWANG CL,04 TO 06,120.0,Improved,1999,74 years,630000.0
2024-08-01,SEMBAWANG,5 ROOM,334,SEMBAWANG CL,04 TO 06,116.0,Improved,1999,74 years 04 months,615000.0
2024-08-01,SEMBAWANG,5 ROOM,326,SEMBAWANG CRES,01 TO 03,122.0,Improved,1999,73 years 11 months,600000.0
2024-08-01,SEMBAWANG,5 ROOM,480,SEMBAWANG DR,07 TO 09,110.0,Improved,2000,75 years 01 month,540888.0
2024-08-01,SEMBAWANG,5 ROOM,313,SEMBAWANG DR,04 TO 06,121.0,Improved,1999,73 years 07 months,660000.0
2024-08-01,SEMBAWANG,5 ROOM,412,SEMBAWANG DR,10 TO 12,110.0,Improved,2001,75 years 09 months,610000.0
2024-08-01,SEMBAWANG,5 ROOM,313,SEMBAWANG DR,07 TO 09,120.0,Improved,1999,73 years 06 months,630000.0
2024-08-01,SEMBAWANG,5 ROOM,509B,WELLINGTON CIRCLE,01 TO 03,110.0,Improved,2004,79 years 01 month,542000.0
2024-08-01,SEMBAWANG,5 ROOM,509A,WELLINGTON CIRCLE,01 TO 03,110.0,Improved,2004,79 years 01 month,573000.0
2024-08-01,SEMBAWANG,EXECUTIVE,469,ADMIRALTY DR,13 TO 15,137.0,Premium Apartment,2001,76 years 01 month,680000.0
2024-08-01,SEMBAWANG,EXECUTIVE,416,CANBERRA RD,01 TO 03,130.0,Apartment,2001,75 years 08 months,700000.0
2024-08-01,SEMBAWANG,EXECUTIVE,423,CANBERRA RD,04 TO 06,130.0,Apartment,2001,75 years 08 months,680000.0
2024-08-01,SEMBAWANG,EXECUTIVE,416,CANBERRA RD,10 TO 12,130.0,Apartment,2001,75 years 08 months,783888.0
2024-08-01,SEMBAWANG,EXECUTIVE,423,CANBERRA RD,10 TO 12,130.0,Apartment,2001,75 years 08 months,730000.0
2024-08-01,SEMBAWANG,EXECUTIVE,333,SEMBAWANG CL,01 TO 03,136.0,Apartment,1999,74 years,720000.0
2024-08-01,SEMBAWANG,EXECUTIVE,332,SEMBAWANG CL,13 TO 15,139.0,Apartment,1999,74 years,740000.0
2024-08-01,SEMBAWANG,EXECUTIVE,507D,WELLINGTON CIRCLE,04 TO 06,130.0,Apartment,2001,76 years,740000.0
2024-08-01,SENGKANG,2 ROOM,351B,ANCHORVALE RD,04 TO 06,47.0,Model A,2019,93 years 10 months,368000.0
2024-08-01,SENGKANG,2 ROOM,418A,FERNVALE LINK,04 TO 06,38.0,Model A,2018,93 years,330000.0
2024-08-01,SENGKANG,2 ROOM,441C,FERNVALE RD,19 TO 21,50.0,Model A,2012,86 years 08 months,390000.0
2024-08-01,SENGKANG,2 ROOM,453A,FERNVALE RD,25 TO 27,46.0,Model A,2015,90 years,372000.0
2024-08-01,SENGKANG,2 ROOM,180B,RIVERVALE CRES,01 TO 03,47.0,Model A,2015,89 years 07 months,344888.0
2024-08-01,SENGKANG,2 ROOM,457B,SENGKANG WEST RD,01 TO 03,38.0,2-room,2020,95 years 01 month,360000.0
2024-08-01,SENGKANG,2 ROOM,450C,SENGKANG WEST WAY,13 TO 15,46.0,Model A,2014,89 years,350000.0
2024-08-01,SENGKANG,2 ROOM,448B,SENGKANG WEST WAY,07 TO 09,46.0,Model A,2014,89 years,340000.0
2024-08-01,SENGKANG,2 ROOM,450B,SENGKANG WEST WAY,13 TO 15,46.0,Model A,2014,88 years 11 months,370000.0
2024-08-01,SENGKANG,3 ROOM,334B,ANCHORVALE CRES,13 TO 15,67.0,Premium Apartment,2015,90 years 05 months,540000.0
2024-08-01,SENGKANG,3 ROOM,289B,COMPASSVALE CRES,01 TO 03,68.0,Premium Apartment,2017,92 years 04 months,480188.0
2024-08-01,SENGKANG,3 ROOM,217B,COMPASSVALE DR,04 TO 06,68.0,Premium Apartment,2017,91 years 10 months,560000.0
2024-08-01,SENGKANG,3 ROOM,418B,FERNVALE LINK,10 TO 12,68.0,Model A,2018,93 years,498000.0
2024-08-01,SENGKANG,3 ROOM,430B,FERNVALE LINK,01 TO 03,67.0,Model A,2015,89 years 10 months,445000.0
2024-08-01,SENGKANG,3 ROOM,430B,FERNVALE LINK,01 TO 03,67.0,Model A,2015,89 years 10 months,460000.0
2024-08-01,SENGKANG,3 ROOM,470B,FERNVALE LINK,07 TO 09,68.0,Model A,2016,91 years 02 months,490000.0
2024-08-01,SENGKANG,3 ROOM,414B,FERNVALE LINK,04 TO 06,68.0,Model A,2016,90 years 06 months,495000.0
2024-08-01,SENGKANG,3 ROOM,414A,FERNVALE LINK,19 TO 21,68.0,Model A,2016,90 years 06 months,540000.0
2024-08-01,SENGKANG,3 ROOM,470A,FERNVALE LINK,04 TO 06,68.0,Model A,2016,91 years 02 months,470000.0
2024-08-01,SENGKANG,3 ROOM,470B,FERNVALE LINK,13 TO 15,68.0,Model A,2016,91 years 01 month,510000.0
2024-08-01,SENGKANG,3 ROOM,418B,FERNVALE LINK,16 TO 18,68.0,Model A,2018,92 years 11 months,545000.0
2024-08-01,SENGKANG,3 ROOM,441A,FERNVALE RD,22 TO 24,69.0,Model A,2012,86 years 07 months,520000.0
2024-08-01,SENGKANG,3 ROOM,473A,FERNVALE ST,13 TO 15,68.0,Model A,2016,91 years 02 months,500000.0
2024-08-01,SENGKANG,3 ROOM,180D,RIVERVALE CRES,13 TO 15,67.0,Model A,2015,89 years 08 months,520888.0
2024-08-01,SENGKANG,3 ROOM,180B,RIVERVALE CRES,10 TO 12,67.0,Model A,2015,89 years 08 months,483888.0
2024-08-01,SENGKANG,3 ROOM,164B,RIVERVALE CRES,16 TO 18,68.0,Model A,2017,91 years 10 months,501888.0
2024-08-01,SENGKANG,3 ROOM,279A,SENGKANG EAST AVE,10 TO 12,67.0,Premium Apartment,2015,90 years 01 month,560000.0
2024-08-01,SENGKANG,3 ROOM,439C,SENGKANG WEST AVE,10 TO 12,69.0,Model A,2011,85 years 08 months,523000.0
2024-08-01,SENGKANG,3 ROOM,438A,SENGKANG WEST AVE,07 TO 09,69.0,Model A,2011,85 years 07 months,521000.0
2024-08-01,SENGKANG,3 ROOM,450B,SENGKANG WEST WAY,25 TO 27,67.0,Model A,2014,89 years 01 month,522888.0
2024-08-01,SENGKANG,3 ROOM,448A,SENGKANG WEST WAY,13 TO 15,67.0,Model A,2014,89 years,508000.0
2024-08-01,SENGKANG,3 ROOM,432B,SENGKANG WEST WAY,22 TO 24,67.0,Model A,2014,89 years 03 months,550000.0
2024-08-01,SENGKANG,4 ROOM,335C,ANCHORVALE CRES,07 TO 09,95.0,Premium Apartment,2015,90 years 05 months,768000.0
2024-08-01,SENGKANG,4 ROOM,338C,ANCHORVALE CRES,07 TO 09,93.0,Model A,2018,92 years 10 months,610000.0
2024-08-01,SENGKANG,4 ROOM,334C,ANCHORVALE CRES,04 TO 06,95.0,Premium Apartment,2015,90 years 05 months,628000.0
2024-08-01,SENGKANG,4 ROOM,336D,ANCHORVALE CRES,13 TO 15,92.0,Premium Apartment,2015,90 years 05 months,660888.0
2024-08-01,SENGKANG,4 ROOM,336D,ANCHORVALE CRES,13 TO 15,92.0,Premium Apartment,2015,90 years 04 months,668888.0
2024-08-01,SENGKANG,4 ROOM,322A,ANCHORVALE DR,10 TO 12,85.0,Model A2,2002,76 years 10 months,560000.0
2024-08-01,SENGKANG,4 ROOM,311B,ANCHORVALE LANE,10 TO 12,90.0,Premium Apartment,2002,77 years 02 months,560000.0
2024-08-01,SENGKANG,4 ROOM,318D,ANCHORVALE LINK,01 TO 03,92.0,Premium Apartment,2003,77 years 08 months,515000.0
2024-08-01,SENGKANG,4 ROOM,314B,ANCHORVALE LINK,04 TO 06,92.0,Premium Apartment,2003,78 years 02 months,520000.0
2024-08-01,SENGKANG,4 ROOM,333A,ANCHORVALE LINK,10 TO 12,92.0,Model A,2015,89 years 11 months,650000.0
2024-08-01,SENGKANG,4 ROOM,333D,ANCHORVALE LINK,16 TO 18,92.0,Model A,2015,89 years 11 months,670000.0
2024-08-01,SENGKANG,4 ROOM,332B,ANCHORVALE LINK,10 TO 12,92.0,Model A,2015,89 years 11 months,655000.0
2024-08-01,SENGKANG,4 ROOM,326D,ANCHORVALE RD,13 TO 15,92.0,Premium Apartment,2015,89 years 09 months,665000.0
2024-08-01,SENGKANG,4 ROOM,313A,ANCHORVALE RD,10 TO 12,92.0,Premium Apartment,2003,78 years 01 month,585000.0
2024-08-01,SENGKANG,4 ROOM,327C,ANCHORVALE RD,10 TO 12,92.0,Premium Apartment,2015,89 years 09 months,675888.0
2024-08-01,SENGKANG,4 ROOM,326B,ANCHORVALE RD,13 TO 15,92.0,Premium Apartment,2015,89 years 08 months,663000.0
2024-08-01,SENGKANG,4 ROOM,330A,ANCHORVALE ST,10 TO 12,92.0,Model A,2015,90 years 01 month,642000.0
2024-08-01,SENGKANG,4 ROOM,274A,COMPASSVALE BOW,13 TO 15,92.0,Model A,2017,92 years 04 months,831888.0
2024-08-01,SENGKANG,4 ROOM,278B,COMPASSVALE BOW,16 TO 18,92.0,Model A,2017,92 years 04 months,790000.0
2024-08-01,SENGKANG,4 ROOM,287A,COMPASSVALE CRES,07 TO 09,93.0,Premium Apartment,2017,92 years 04 months,656000.0
2024-08-01,SENGKANG,4 ROOM,289B,COMPASSVALE CRES,04 TO 06,93.0,Premium Apartment,2017,92 years 04 months,606000.0
2024-08-01,SENGKANG,4 ROOM,294A,COMPASSVALE CRES,01 TO 03,93.0,Model A,2016,91 years 04 months,620000.0
2024-08-01,SENGKANG,4 ROOM,294A,COMPASSVALE CRES,10 TO 12,93.0,Model A,2016,91 years 04 months,672500.0
2024-08-01,SENGKANG,4 ROOM,289A,COMPASSVALE CRES,10 TO 12,93.0,Premium Apartment,2017,92 years 04 months,664500.0
2024-08-01,SENGKANG,4 ROOM,294A,COMPASSVALE CRES,01 TO 03,93.0,Model A,2016,91 years 04 months,625000.0
2024-08-01,SENGKANG,4 ROOM,217B,COMPASSVALE DR,13 TO 15,92.0,Premium Apartment,2017,91 years 10 months,762000.0
2024-08-01,SENGKANG,4 ROOM,217A,COMPASSVALE DR,10 TO 12,92.0,Premium Apartment,2017,91 years 11 months,805000.0
2024-08-01,SENGKANG,4 ROOM,217A,COMPASSVALE DR,04 TO 06,92.0,Premium Apartment,2017,91 years 10 months,762888.0
2024-08-01,SENGKANG,4 ROOM,215A,COMPASSVALE DR,10 TO 12,92.0,Premium Apartment,2017,91 years 10 months,815000.0
2024-08-01,SENGKANG,4 ROOM,217A,COMPASSVALE DR,16 TO 18,92.0,Premium Apartment,2017,91 years 10 months,825000.0
2024-08-01,SENGKANG,4 ROOM,211B,COMPASSVALE LANE,16 TO 18,95.0,Model A,2013,87 years 07 months,663888.0
2024-08-01,SENGKANG,4 ROOM,209C,COMPASSVALE LANE,07 TO 09,92.0,Model A,2011,86 years 04 months,635000.0
2024-08-01,SENGKANG,4 ROOM,211D,COMPASSVALE LANE,16 TO 18,95.0,Model A,2013,87 years 07 months,685000.0
2024-08-01,SENGKANG,4 ROOM,277D,COMPASSVALE LINK,13 TO 15,90.0,Premium Apartment,2009,83 years 11 months,870000.0
2024-08-01,SENGKANG,4 ROOM,269C,COMPASSVALE LINK,01 TO 03,90.0,Premium Apartment,2006,80 years 07 months,668000.0
2024-08-01,SENGKANG,4 ROOM,247,COMPASSVALE RD,07 TO 09,90.0,Model A2,2000,74 years 10 months,568000.0
2024-08-01,SENGKANG,4 ROOM,257C,COMPASSVALE RD,04 TO 06,90.0,Model A,2001,75 years 07 months,585000.0
2024-08-01,SENGKANG,4 ROOM,257B,COMPASSVALE RD,07 TO 09,85.0,Model A2,2001,75 years 08 months,636000.0
2024-08-01,SENGKANG,4 ROOM,257B,COMPASSVALE RD,04 TO 06,85.0,Model A2,2001,75 years 07 months,593888.0
2024-08-01,SENGKANG,4 ROOM,249,COMPASSVALE RD,04 TO 06,90.0,Model A2,2000,74 years 10 months,555000.0
2024-08-01,SENGKANG,4 ROOM,226A,COMPASSVALE WALK,04 TO 06,102.0,Model A,1999,74 years 05 months,558000.0
2024-08-01,SENGKANG,4 ROOM,416C,FERNVALE LINK,10 TO 12,93.0,Model A,2016,90 years 07 months,620000.0
2024-08-01,SENGKANG,4 ROOM,416B,FERNVALE LINK,01 TO 03,93.0,Model A,2016,90 years 06 months,560000.0
2024-08-01,SENGKANG,4 ROOM,412A,FERNVALE LINK,01 TO 03,95.0,Premium Apartment,2004,78 years 08 months,532000.0
2024-08-01,SENGKANG,4 ROOM,440A,FERNVALE LINK,16 TO 18,92.0,Model A,2015,90 years,652888.0
2024-08-01,SENGKANG,4 ROOM,417A,FERNVALE LINK,16 TO 18,94.0,Model A,2018,93 years,667888.0
2024-08-01,SENGKANG,4 ROOM,416A,FERNVALE LINK,13 TO 15,93.0,Model A,2016,90 years 06 months,639288.0
2024-08-01,SENGKANG,4 ROOM,440B,FERNVALE LINK,07 TO 09,92.0,Model A,2015,90 years,615000.0
2024-08-01,SENGKANG,4 ROOM,417A,FERNVALE LINK,01 TO 03,94.0,Model A,2018,92 years 11 months,610000.0
2024-08-01,SENGKANG,4 ROOM,443C,FERNVALE RD,19 TO 21,94.0,Model A,2012,87 years 05 months,660000.0
2024-08-01,SENGKANG,4 ROOM,441A,FERNVALE RD,01 TO 03,93.0,Model A,2012,86 years 06 months,567000.0
2024-08-01,SENGKANG,4 ROOM,443A,FERNVALE RD,07 TO 09,94.0,Model A,2012,87 years 04 months,630000.0
2024-08-01,SENGKANG,4 ROOM,409A,FERNVALE RD,10 TO 12,95.0,Premium Apartment,2004,79 years 05 months,600000.0
2024-08-01,SENGKANG,4 ROOM,411A,FERNVALE RD,13 TO 15,95.0,Premium Apartment,2012,87 years 04 months,649000.0
2024-08-01,SENGKANG,4 ROOM,407A,FERNVALE RD,10 TO 12,90.0,Premium Apartment,2005,79 years 06 months,548000.0
2024-08-01,SENGKANG,4 ROOM,436B,FERNVALE RD,19 TO 21,96.0,Model A,2010,84 years 08 months,643000.0
2024-08-01,SENGKANG,4 ROOM,445B,FERNVALE RD,16 TO 18,94.0,Model A,2012,87 years 03 months,665000.0
2024-08-01,SENGKANG,4 ROOM,441A,FERNVALE RD,10 TO 12,93.0,Model A,2012,86 years 07 months,612000.0
2024-08-01,SENGKANG,4 ROOM,436A,FERNVALE RD,01 TO 03,96.0,Model A,2010,84 years 08 months,575000.0
2024-08-01,SENGKANG,4 ROOM,178C,RIVERVALE CRES,07 TO 09,93.0,Model A,2015,89 years 09 months,550000.0
2024-08-01,SENGKANG,4 ROOM,178A,RIVERVALE CRES,07 TO 09,93.0,Model A,2015,89 years 08 months,582000.0
2024-08-01,SENGKANG,4 ROOM,183D,RIVERVALE CRES,13 TO 15,85.0,Model A2,2003,77 years 11 months,550000.0
2024-08-01,SENGKANG,4 ROOM,180C,RIVERVALE CRES,10 TO 12,93.0,Model A,2015,89 years 08 months,608888.0
2024-08-01,SENGKANG,4 ROOM,178B,RIVERVALE CRES,01 TO 03,93.0,Model A,2015,89 years 08 months,550000.0
2024-08-01,SENGKANG,4 ROOM,180C,RIVERVALE CRES,16 TO 18,93.0,Model A,2015,89 years 08 months,610000.0
2024-08-01,SENGKANG,4 ROOM,178C,RIVERVALE CRES,16 TO 18,93.0,Model A,2015,89 years 08 months,588000.0
2024-08-01,SENGKANG,4 ROOM,148,RIVERVALE CRES,13 TO 15,100.0,Model A,1999,74 years 01 month,585000.0
2024-08-01,SENGKANG,4 ROOM,184B,RIVERVALE CRES,01 TO 03,90.0,Model A,2003,77 years 11 months,533000.0
2024-08-01,SENGKANG,4 ROOM,157C,RIVERVALE CRES,13 TO 15,94.0,Premium Apartment,2003,78 years 03 months,535000.0
2024-08-01,SENGKANG,4 ROOM,185B,RIVERVALE CRES,04 TO 06,88.0,Model A2,2000,75 years 05 months,545000.0
2024-08-01,SENGKANG,4 ROOM,178D,RIVERVALE CRES,13 TO 15,93.0,Model A,2015,89 years 08 months,578000.0
2024-08-01,SENGKANG,4 ROOM,185B,RIVERVALE CRES,16 TO 18,90.0,Model A2,2000,75 years 04 months,585000.0
2024-08-01,SENGKANG,4 ROOM,149,RIVERVALE CRES,04 TO 06,100.0,Model A,1999,74 years 01 month,552000.0
2024-08-01,SENGKANG,4 ROOM,122E,RIVERVALE DR,13 TO 15,90.0,Model A,2000,75 years,530000.0
2024-08-01,SENGKANG,4 ROOM,108,RIVERVALE WALK,07 TO 09,101.0,Model A,1999,73 years 07 months,565888.0
2024-08-01,SENGKANG,4 ROOM,270A,SENGKANG CTRL,13 TO 15,93.0,Premium Apartment,2010,84 years 10 months,740000.0
2024-08-01,SENGKANG,4 ROOM,271B,SENGKANG CTRL,10 TO 12,93.0,Premium Apartment,2010,84 years 10 months,745000.0
2024-08-01,SENGKANG,4 ROOM,272D,SENGKANG CTRL,01 TO 03,90.0,Premium Apartment,2009,84 years 05 months,688000.0
2024-08-01,SENGKANG,4 ROOM,270A,SENGKANG CTRL,13 TO 15,93.0,Premium Apartment,2010,84 years 09 months,770000.0
2024-08-01,SENGKANG,4 ROOM,324A,SENGKANG EAST WAY,13 TO 15,85.0,Model A2,2003,77 years 09 months,603000.0
2024-08-01,SENGKANG,4 ROOM,121C,SENGKANG EAST WAY,07 TO 09,91.0,Model A,2000,75 years 02 months,532888.0
2024-08-01,SENGKANG,4 ROOM,121D,SENGKANG EAST WAY,16 TO 18,91.0,Model A,2000,75 years 02 months,539000.0
2024-08-01,SENGKANG,4 ROOM,323B,SENGKANG EAST WAY,01 TO 03,90.0,Model A,2002,76 years 11 months,575000.0
2024-08-01,SENGKANG,4 ROOM,324A,SENGKANG EAST WAY,04 TO 06,85.0,Model A2,2003,77 years 08 months,550000.0
2024-08-01,SENGKANG,4 ROOM,439C,SENGKANG WEST AVE,10 TO 12,94.0,Model A,2011,85 years 08 months,590000.0
2024-08-01,SENGKANG,4 ROOM,451A,SENGKANG WEST WAY,01 TO 03,92.0,Model A,2015,89 years 10 months,555000.0
2024-08-01,SENGKANG,4 ROOM,432A,SENGKANG WEST WAY,07 TO 09,93.0,Model A,2014,89 years 03 months,595000.0
2024-08-01,SENGKANG,4 ROOM,433A,SENGKANG WEST WAY,16 TO 18,93.0,Model A,2014,89 years 03 months,635888.0
2024-08-01,SENGKANG,4 ROOM,432A,SENGKANG WEST WAY,22 TO 24,93.0,Model A,2014,89 years 03 months,640000.0
2024-08-01,SENGKANG,4 ROOM,451B,SENGKANG WEST WAY,13 TO 15,92.0,Model A,2015,89 years 11 months,650000.0
2024-08-01,SENGKANG,4 ROOM,432A,SENGKANG WEST WAY,10 TO 12,93.0,Model A,2014,89 years 02 months,620000.0
2024-08-01,SENGKANG,5 ROOM,336B,ANCHORVALE CRES,13 TO 15,111.0,Premium Apartment,2015,90 years 05 months,835000.0
2024-08-01,SENGKANG,5 ROOM,335A,ANCHORVALE CRES,01 TO 03,112.0,Premium Apartment,2015,90 years 04 months,690000.0
2024-08-01,SENGKANG,5 ROOM,336B,ANCHORVALE CRES,01 TO 03,111.0,Premium Apartment,2015,90 years 05 months,685000.0
2024-08-01,SENGKANG,5 ROOM,321A,ANCHORVALE DR,10 TO 12,110.0,Improved,2002,77 years 03 months,693000.0
2024-08-01,SENGKANG,5 ROOM,322B,ANCHORVALE DR,07 TO 09,110.0,Improved,2002,76 years 09 months,680000.0
2024-08-01,SENGKANG,5 ROOM,301D,ANCHORVALE DR,07 TO 09,110.0,Improved,2001,76 years 01 month,643000.0
2024-08-01,SENGKANG,5 ROOM,318A,ANCHORVALE LINK,04 TO 06,110.0,Premium Apartment,2003,77 years 10 months,615000.0
2024-08-01,SENGKANG,5 ROOM,333B,ANCHORVALE LINK,07 TO 09,112.0,Improved,2015,89 years 11 months,811000.0
2024-08-01,SENGKANG,5 ROOM,314C,ANCHORVALE LINK,01 TO 03,110.0,Premium Apartment,2003,77 years 10 months,545000.0
2024-08-01,SENGKANG,5 ROOM,302A,ANCHORVALE LINK,13 TO 15,110.0,Improved,2001,76 years,685000.0
2024-08-01,SENGKANG,5 ROOM,304A,ANCHORVALE LINK,10 TO 12,110.0,Improved,2002,76 years 06 months,610000.0
2024-08-01,SENGKANG,5 ROOM,309B,ANCHORVALE RD,07 TO 09,111.0,Premium Apartment,2002,77 years 02 months,600000.0
2024-08-01,SENGKANG,5 ROOM,315B,ANCHORVALE RD,07 TO 09,110.0,Premium Apartment,2003,77 years 10 months,638000.0
2024-08-01,SENGKANG,5 ROOM,309A,ANCHORVALE RD,16 TO 18,111.0,Premium Apartment,2002,77 years 02 months,628000.0
2024-08-01,SENGKANG,5 ROOM,274A,COMPASSVALE BOW,16 TO 18,113.0,Improved,2017,92 years 04 months,898000.0
2024-08-01,SENGKANG,5 ROOM,295C,COMPASSVALE CRES,07 TO 09,110.0,Improved,2002,76 years 08 months,620000.0
2024-08-01,SENGKANG,5 ROOM,288A,COMPASSVALE CRES,07 TO 09,113.0,Premium Apartment,2017,92 years 05 months,765888.0
2024-08-01,SENGKANG,5 ROOM,286B,COMPASSVALE CRES,13 TO 15,113.0,Premium Apartment,2017,92 years 04 months,838000.0
2024-08-01,SENGKANG,5 ROOM,287A,COMPASSVALE CRES,07 TO 09,113.0,Premium Apartment,2017,92 years 04 months,766888.0
2024-08-01,SENGKANG,5 ROOM,290B,COMPASSVALE CRES,13 TO 15,110.0,Improved,2001,76 years 05 months,640000.0
2024-08-01,SENGKANG,5 ROOM,286A,COMPASSVALE CRES,07 TO 09,113.0,Premium Apartment,2017,92 years 04 months,810000.0
2024-08-01,SENGKANG,5 ROOM,293D,COMPASSVALE CRES,07 TO 09,113.0,Improved,2016,91 years 04 months,760000.0
2024-08-01,SENGKANG,5 ROOM,286A,COMPASSVALE CRES,10 TO 12,113.0,Premium Apartment,2017,92 years 04 months,820000.0
2024-08-01,SENGKANG,5 ROOM,290C,COMPASSVALE CRES,13 TO 15,110.0,Improved,2001,76 years 05 months,610000.0
2024-08-01,SENGKANG,5 ROOM,293C,COMPASSVALE CRES,13 TO 15,113.0,Improved,2016,91 years 03 months,830000.0
2024-08-01,SENGKANG,5 ROOM,216D,COMPASSVALE DR,04 TO 06,112.0,Premium Apartment,2017,91 years 10 months,962500.0
2024-08-01,SENGKANG,5 ROOM,215B,COMPASSVALE DR,16 TO 18,112.0,Premium Apartment,2017,91 years 10 months,973000.0
2024-08-01,SENGKANG,5 ROOM,216A,COMPASSVALE DR,10 TO 12,112.0,Premium Apartment,2017,91 years 10 months,985000.0
2024-08-01,SENGKANG,5 ROOM,217C,COMPASSVALE DR,01 TO 03,112.0,Premium Apartment,2017,91 years 09 months,860000.0
2024-08-01,SENGKANG,5 ROOM,216A,COMPASSVALE DR,10 TO 12,112.0,Premium Apartment,2017,91 years 09 months,992288.0
2024-08-01,SENGKANG,5 ROOM,205C,COMPASSVALE LANE,07 TO 09,122.0,Improved,1999,73 years 11 months,700000.0
2024-08-01,SENGKANG,5 ROOM,206C,COMPASSVALE LANE,07 TO 09,122.0,Improved,1999,74 years 01 month,650000.0
2024-08-01,SENGKANG,5 ROOM,206D,COMPASSVALE LANE,07 TO 09,122.0,Improved,1999,74 years 02 months,688000.0
2024-08-01,SENGKANG,5 ROOM,268C,COMPASSVALE LINK,04 TO 06,110.0,Premium Apartment,2006,80 years 07 months,680000.0
2024-08-01,SENGKANG,5 ROOM,269A,COMPASSVALE LINK,07 TO 09,110.0,Premium Apartment,2006,80 years 06 months,750000.0
2024-08-01,SENGKANG,5 ROOM,259A,COMPASSVALE RD,01 TO 03,110.0,Improved,2001,75 years 07 months,727000.0
2024-08-01,SENGKANG,5 ROOM,258B,COMPASSVALE RD,07 TO 09,110.0,Improved,2001,75 years 06 months,715000.0
2024-08-01,SENGKANG,5 ROOM,262D,COMPASSVALE ST,13 TO 15,110.0,Improved,2001,75 years 06 months,725000.0
2024-08-01,SENGKANG,5 ROOM,262D,COMPASSVALE ST,04 TO 06,110.0,Improved,2001,75 years 06 months,688000.0
2024-08-01,SENGKANG,5 ROOM,237,COMPASSVALE WALK,04 TO 06,122.0,Improved,1999,74 years 03 months,630000.0
2024-08-01,SENGKANG,5 ROOM,224B,COMPASSVALE WALK,01 TO 03,121.0,Improved,1999,73 years 09 months,638000.0
2024-08-01,SENGKANG,5 ROOM,404B,FERNVALE LANE,25 TO 27,114.0,Premium Apartment,2004,78 years 10 months,668888.0
2024-08-01,SENGKANG,5 ROOM,440C,FERNVALE LINK,07 TO 09,113.0,Improved,2015,90 years,711888.0
2024-08-01,SENGKANG,5 ROOM,415A,FERNVALE LINK,07 TO 09,113.0,Improved,2016,90 years 06 months,747000.0
2024-08-01,SENGKANG,5 ROOM,412B,FERNVALE LINK,22 TO 24,114.0,Premium Apartment,2004,78 years 10 months,708000.0
2024-08-01,SENGKANG,5 ROOM,408C,FERNVALE RD,10 TO 12,112.0,Premium Apartment,2005,79 years 07 months,668888.0
2024-08-01,SENGKANG,5 ROOM,408C,FERNVALE RD,07 TO 09,115.0,Premium Apartment,2005,79 years 07 months,660000.0
2024-08-01,SENGKANG,5 ROOM,408B,FERNVALE RD,19 TO 21,115.0,Premium Apartment,2004,79 years,658000.0
2024-08-01,SENGKANG,5 ROOM,407B,FERNVALE RD,25 TO 27,110.0,Premium Apartment,2005,79 years 05 months,658888.0
2024-08-01,SENGKANG,5 ROOM,471B,FERNVALE ST,16 TO 18,113.0,Improved,2016,91 years 02 months,770000.0
2024-08-01,SENGKANG,5 ROOM,158A,RIVERVALE CRES,16 TO 18,111.0,Premium Apartment,2003,78 years 04 months,625000.0
2024-08-01,SENGKANG,5 ROOM,162A,RIVERVALE CRES,04 TO 06,113.0,Improved,2017,91 years 10 months,700000.0
2024-08-01,SENGKANG,5 ROOM,157D,RIVERVALE CRES,01 TO 03,111.0,Premium Apartment,2003,78 years 03 months,605000.0
2024-08-01,SENGKANG,5 ROOM,163A,RIVERVALE CRES,13 TO 15,113.0,Improved,2017,91 years 10 months,710707.0
2024-08-01,SENGKANG,5 ROOM,158D,RIVERVALE CRES,01 TO 03,109.0,Premium Apartment,2003,78 years 02 months,570000.0
2024-08-01,SENGKANG,5 ROOM,149,RIVERVALE CRES,07 TO 09,122.0,Improved,1999,74 years 02 months,648888.0
2024-08-01,SENGKANG,5 ROOM,155,RIVERVALE CRES,13 TO 15,110.0,Improved,2005,80 years 05 months,660000.0
2024-08-01,SENGKANG,5 ROOM,149,RIVERVALE CRES,13 TO 15,116.0,Improved,1999,74 years 02 months,670000.0
2024-08-01,SENGKANG,5 ROOM,158A,RIVERVALE CRES,04 TO 06,110.0,Premium Apartment,2003,78 years 04 months,640000.0
2024-08-01,SENGKANG,5 ROOM,162C,RIVERVALE CRES,10 TO 12,113.0,Improved,2017,91 years 09 months,730888.0
2024-08-01,SENGKANG,5 ROOM,157C,RIVERVALE CRES,04 TO 06,110.0,Premium Apartment,2003,78 years 03 months,615000.0
2024-08-01,SENGKANG,5 ROOM,192B,RIVERVALE DR,04 TO 06,115.0,Improved,2000,75 years 02 months,688000.0
2024-08-01,SENGKANG,5 ROOM,192C,RIVERVALE DR,04 TO 06,115.0,Improved,2000,75 years 02 months,590000.0
2024-08-01,SENGKANG,5 ROOM,188C,RIVERVALE DR,01 TO 03,115.0,Improved,2000,75 years 01 month,598888.0
2024-08-01,SENGKANG,5 ROOM,186A,RIVERVALE DR,16 TO 18,110.0,Improved,2001,75 years 06 months,633888.0
2024-08-01,SENGKANG,5 ROOM,119B,RIVERVALE DR,13 TO 15,121.0,Premium Apartment,2001,75 years 08 months,680000.0
2024-08-01,SENGKANG,5 ROOM,192B,RIVERVALE DR,07 TO 09,115.0,Improved,2000,75 years 02 months,640000.0
2024-08-01,SENGKANG,5 ROOM,121A,RIVERVALE DR,16 TO 18,110.0,Improved,2000,74 years 11 months,618000.0
2024-08-01,SENGKANG,5 ROOM,101,RIVERVALE WALK,04 TO 06,121.0,Improved,1999,73 years 07 months,620000.0
2024-08-01,SENGKANG,5 ROOM,200B,SENGKANG EAST RD,10 TO 12,110.0,Improved,2001,75 years 10 months,676000.0
2024-08-01,SENGKANG,5 ROOM,323A,SENGKANG EAST WAY,10 TO 12,110.0,Improved,2003,77 years 08 months,700000.0
2024-08-01,SENGKANG,5 ROOM,261D,SENGKANG EAST WAY,01 TO 03,110.0,Improved,2001,75 years 06 months,638000.0
2024-08-01,SENGKANG,5 ROOM,325B,SENGKANG EAST WAY,10 TO 12,110.0,Improved,2003,77 years 09 months,708000.0
2024-08-01,SENGKANG,5 ROOM,452A,SENGKANG WEST WAY,13 TO 15,111.0,Improved,2015,89 years 10 months,723500.0
2024-08-01,SENGKANG,EXECUTIVE,320C,ANCHORVALE DR,13 TO 15,127.0,Apartment,2002,76 years 08 months,815000.0
2024-08-01,SENGKANG,EXECUTIVE,312B,ANCHORVALE LANE,01 TO 03,130.0,Premium Apartment,2002,77 years 04 months,640000.0
2024-08-01,SENGKANG,EXECUTIVE,312B,ANCHORVALE LANE,07 TO 09,127.0,Premium Apartment,2002,77 years 04 months,708000.0
2024-08-01,SENGKANG,EXECUTIVE,316A,ANCHORVALE LINK,07 TO 09,125.0,Premium Apartment,2003,77 years 11 months,796000.0
2024-08-01,SENGKANG,EXECUTIVE,314D,ANCHORVALE LINK,01 TO 03,125.0,Premium Apartment,2003,77 years 09 months,778000.0
2024-08-01,SENGKANG,EXECUTIVE,314D,ANCHORVALE LINK,13 TO 15,125.0,Premium Apartment,2003,77 years 09 months,800000.0
2024-08-01,SENGKANG,EXECUTIVE,310A,ANCHORVALE RD,07 TO 09,126.0,Premium Apartment,2003,77 years 05 months,745000.0
2024-08-01,SENGKANG,EXECUTIVE,202A,COMPASSVALE DR,04 TO 06,130.0,Apartment,2001,75 years 11 months,750000.0
2024-08-01,SENGKANG,EXECUTIVE,291C,COMPASSVALE ST,04 TO 06,125.0,Apartment,2001,75 years 11 months,753000.0
2024-08-01,SENGKANG,EXECUTIVE,250C,COMPASSVALE ST,07 TO 09,130.0,Apartment,2000,75 years,755000.0
2024-08-01,SENGKANG,EXECUTIVE,298A,COMPASSVALE ST,04 TO 06,134.0,Premium Apartment,2001,76 years 01 month,768888.0
2024-08-01,SENGKANG,EXECUTIVE,250D,COMPASSVALE ST,04 TO 06,130.0,Apartment,2000,75 years,775000.0
2024-08-01,SENGKANG,EXECUTIVE,250A,COMPASSVALE ST,01 TO 03,130.0,Apartment,2000,75 years,750000.0
2024-08-01,SENGKANG,EXECUTIVE,226C,COMPASSVALE WALK,13 TO 15,135.0,Apartment,1999,74 years 05 months,820000.0
2024-08-01,SENGKANG,EXECUTIVE,143,RIVERVALE DR,01 TO 03,135.0,Apartment,1999,74 years 05 months,770000.0
2024-08-01,SENGKANG,EXECUTIVE,102,RIVERVALE WALK,10 TO 12,142.0,Maisonette,1999,73 years 08 months,1005000.0
2024-08-01,SENGKANG,EXECUTIVE,102,RIVERVALE WALK,04 TO 06,142.0,Apartment,1999,73 years 08 months,860888.0
2024-08-01,SENGKANG,EXECUTIVE,102,RIVERVALE WALK,01 TO 03,142.0,Apartment,1999,73 years 08 months,830000.0
2024-08-01,SENGKANG,EXECUTIVE,102,RIVERVALE WALK,04 TO 06,140.0,Maisonette,1999,73 years 08 months,950000.0
2024-08-01,SERANGOON,3 ROOM,2,LOR LEW LIAN,13 TO 15,73.0,Improved,1983,57 years 11 months,500555.0
2024-08-01,SERANGOON,3 ROOM,305,SERANGOON AVE 2,10 TO 12,60.0,Improved,1985,59 years 09 months,428000.0
2024-08-01,SERANGOON,3 ROOM,222,SERANGOON AVE 4,01 TO 03,67.0,New Generation,1985,60 years 02 months,390000.0
2024-08-01,SERANGOON,3 ROOM,222,SERANGOON AVE 4,01 TO 03,67.0,New Generation,1985,60 years 02 months,420000.0
2024-08-01,SERANGOON,3 ROOM,225,SERANGOON AVE 4,07 TO 09,67.0,New Generation,1985,59 years 08 months,455888.0
2024-08-01,SERANGOON,3 ROOM,221,SERANGOON AVE 4,10 TO 12,67.0,New Generation,1984,59 years 05 months,440000.0
2024-08-01,SERANGOON,3 ROOM,221,SERANGOON AVE 4,01 TO 03,71.0,New Generation,1984,59 years 05 months,408888.0
2024-08-01,SERANGOON,3 ROOM,222,SERANGOON AVE 4,04 TO 06,67.0,New Generation,1985,60 years 02 months,450000.0
2024-08-01,SERANGOON,3 ROOM,203,SERANGOON CTRL,04 TO 06,64.0,Simplified,1986,60 years 06 months,490000.0
2024-08-01,SERANGOON,3 ROOM,210,SERANGOON CTRL,07 TO 09,64.0,Simplified,1985,60 years 02 months,520000.0
2024-08-01,SERANGOON,3 ROOM,209,SERANGOON CTRL,10 TO 12,64.0,Simplified,1985,60 years 03 months,525000.0
2024-08-01,SERANGOON,3 ROOM,261,SERANGOON CTRL DR,01 TO 03,64.0,Simplified,1988,63 years 01 month,455000.0
2024-08-01,SERANGOON,3 ROOM,154,SERANGOON NTH AVE 1,01 TO 03,64.0,Simplified,1986,60 years 11 months,390000.0
2024-08-01,SERANGOON,4 ROOM,7,LOR LEW LIAN,07 TO 09,98.0,New Generation,1978,52 years 11 months,572000.0
2024-08-01,SERANGOON,4 ROOM,425,SERANGOON AVE 1,04 TO 06,106.0,Model A,1989,63 years 11 months,818000.0
2024-08-01,SERANGOON,4 ROOM,309,SERANGOON AVE 2,01 TO 03,95.0,New Generation,1985,59 years 10 months,598000.0
2024-08-01,SERANGOON,4 ROOM,333,SERANGOON AVE 3,07 TO 09,84.0,Simplified,1986,61 years 01 month,640000.0
2024-08-01,SERANGOON,4 ROOM,232,SERANGOON AVE 3,10 TO 12,84.0,Simplified,1985,59 years 11 months,618000.0
2024-08-01,SERANGOON,4 ROOM,219,SERANGOON AVE 4,01 TO 03,91.0,New Generation,1984,59 years 05 months,550000.0
2024-08-01,SERANGOON,4 ROOM,224,SERANGOON AVE 4,04 TO 06,93.0,New Generation,1984,59 years,620000.0
2024-08-01,SERANGOON,4 ROOM,219,SERANGOON AVE 4,04 TO 06,91.0,New Generation,1984,59 years 05 months,590000.0
2024-08-01,SERANGOON,4 ROOM,211,SERANGOON AVE 4,01 TO 03,91.0,New Generation,1985,60 years 01 month,610000.0
2024-08-01,SERANGOON,4 ROOM,223,SERANGOON AVE 4,04 TO 06,94.0,New Generation,1984,59 years 05 months,600000.0
2024-08-01,SERANGOON,4 ROOM,223,SERANGOON AVE 4,07 TO 09,92.0,New Generation,1984,59 years 05 months,638000.0
2024-08-01,SERANGOON,4 ROOM,409,SERANGOON CTRL,04 TO 06,105.0,Model A,1989,63 years 06 months,800000.0
2024-08-01,SERANGOON,4 ROOM,111,SERANGOON NTH AVE 1,04 TO 06,91.0,New Generation,1985,60 years 01 month,535000.0
2024-08-01,SERANGOON,4 ROOM,147,SERANGOON NTH AVE 1,10 TO 12,83.0,Simplified,1988,63 years 01 month,538000.0
2024-08-01,SERANGOON,4 ROOM,124,SERANGOON NTH AVE 1,01 TO 03,96.0,New Generation,1985,59 years 06 months,585000.0
2024-08-01,SERANGOON,4 ROOM,143,SERANGOON NTH AVE 1,13 TO 15,83.0,Simplified,1987,62 years 01 month,540088.0
2024-08-01,SERANGOON,4 ROOM,103,SERANGOON NTH AVE 1,13 TO 15,91.0,New Generation,1985,60 years 01 month,580000.0
2024-08-01,SERANGOON,4 ROOM,141,SERANGOON NTH AVE 2,04 TO 06,103.0,Model A,1989,63 years 10 months,620888.0
2024-08-01,SERANGOON,4 ROOM,518,SERANGOON NTH AVE 4,04 TO 06,104.0,Model A,1992,67 years 04 months,592000.0
2024-08-01,SERANGOON,4 ROOM,531,SERANGOON NTH AVE 4,01 TO 03,103.0,Model A,1992,67 years 04 months,578000.0
2024-08-01,SERANGOON,5 ROOM,404,SERANGOON AVE 1,10 TO 12,123.0,Improved,1989,63 years 07 months,855000.0
2024-08-01,SERANGOON,5 ROOM,257,SERANGOON CTRL DR,01 TO 03,115.0,Improved,1999,73 years 10 months,860000.0
2024-08-01,SERANGOON,5 ROOM,548,SERANGOON NTH AVE 3,07 TO 09,119.0,Improved,1998,72 years 06 months,780000.0
2024-08-01,SERANGOON,5 ROOM,508,SERANGOON NTH AVE 4,10 TO 12,120.0,Improved,1997,71 years 10 months,790000.0
2024-08-01,SERANGOON,EXECUTIVE,321,SERANGOON AVE 2,04 TO 06,146.0,Maisonette,1986,60 years 06 months,1150000.0
2024-08-01,SERANGOON,EXECUTIVE,319,SERANGOON AVE 2,07 TO 09,150.0,Apartment,1985,60 years 04 months,1230000.0
2024-08-01,SERANGOON,EXECUTIVE,319,SERANGOON AVE 2,04 TO 06,146.0,Maisonette,1985,60 years 04 months,1080000.0
2024-08-01,SERANGOON,EXECUTIVE,527,SERANGOON NTH AVE 4,13 TO 15,146.0,Apartment,1992,67 years 03 months,1050000.0
2024-08-01,SERANGOON,EXECUTIVE,537,SERANGOON NTH AVE 4,04 TO 06,149.0,Maisonette,1992,67 years 03 months,990000.0
2024-08-01,TAMPINES,2 ROOM,499B,TAMPINES AVE 9,04 TO 06,46.0,Model A,2014,88 years 08 months,357000.0
2024-08-01,TAMPINES,2 ROOM,523B,TAMPINES CTRL 7,07 TO 09,47.0,Model A,2015,90 years 02 months,386500.0
2024-08-01,TAMPINES,3 ROOM,890C,TAMPINES AVE 1,04 TO 06,69.0,Model A,2015,90 years 02 months,570000.0
2024-08-01,TAMPINES,3 ROOM,810,TAMPINES AVE 4,10 TO 12,73.0,Model A,1984,59 years 02 months,470000.0
2024-08-01,TAMPINES,3 ROOM,803,TAMPINES AVE 4,04 TO 06,67.0,New Generation,1984,59 years 05 months,455000.0
2024-08-01,TAMPINES,3 ROOM,879,TAMPINES AVE 8,01 TO 03,74.0,Model A,1988,63 years,435000.0
2024-08-01,TAMPINES,3 ROOM,878,TAMPINES AVE 8,01 TO 03,74.0,Model A,1988,63 years 04 months,435000.0
2024-08-01,TAMPINES,3 ROOM,604A,TAMPINES AVE 9,01 TO 03,68.0,Model A,2020,94 years 07 months,550000.0
2024-08-01,TAMPINES,3 ROOM,520C,TAMPINES CTRL 8,01 TO 03,62.0,DBSS,2014,89 years,605000.0
2024-08-01,TAMPINES,3 ROOM,111,TAMPINES ST 11,10 TO 12,78.0,Model A,1984,58 years 11 months,460000.0
2024-08-01,TAMPINES,3 ROOM,101,TAMPINES ST 11,04 TO 06,75.0,Model A,1982,56 years 07 months,441000.0
2024-08-01,TAMPINES,3 ROOM,164,TAMPINES ST 12,07 TO 09,74.0,Model A,1984,59 years 04 months,508000.0
2024-08-01,TAMPINES,3 ROOM,259,TAMPINES ST 21,04 TO 06,78.0,Model A,1985,59 years 08 months,420000.0
2024-08-01,TAMPINES,3 ROOM,234,TAMPINES ST 21,04 TO 06,73.0,Model A,1984,59 years 05 months,475000.0
2024-08-01,TAMPINES,3 ROOM,263,TAMPINES ST 21,07 TO 09,74.0,Model A,1984,59 years 02 months,462888.0
2024-08-01,TAMPINES,3 ROOM,251,TAMPINES ST 21,01 TO 03,74.0,Model A,1985,59 years 06 months,491000.0
2024-08-01,TAMPINES,3 ROOM,209,TAMPINES ST 21,04 TO 06,75.0,Model A,1982,57 years 01 month,435000.0
2024-08-01,TAMPINES,3 ROOM,271,TAMPINES ST 21,04 TO 06,75.0,Model A,1984,59 years 02 months,425000.0
2024-08-01,TAMPINES,3 ROOM,262,TAMPINES ST 21,10 TO 12,74.0,Model A,1984,59 years 04 months,475000.0
2024-08-01,TAMPINES,3 ROOM,209,TAMPINES ST 21,04 TO 06,75.0,Model A,1982,57 years,460000.0
2024-08-01,TAMPINES,3 ROOM,274,TAMPINES ST 22,01 TO 03,73.0,Model A,1984,59 years,435000.0
2024-08-01,TAMPINES,3 ROOM,285,TAMPINES ST 22,07 TO 09,74.0,Model A,1984,59 years,450000.0
2024-08-01,TAMPINES,3 ROOM,293,TAMPINES ST 22,07 TO 09,73.0,Model A,1984,58 years 11 months,427000.0
2024-08-01,TAMPINES,3 ROOM,280,TAMPINES ST 22,04 TO 06,74.0,Model A,1984,59 years,440000.0
2024-08-01,TAMPINES,3 ROOM,295,TAMPINES ST 22,10 TO 12,73.0,Model A,1984,58 years 08 months,455000.0
2024-08-01,TAMPINES,3 ROOM,225,TAMPINES ST 23,01 TO 03,73.0,Model A,1984,59 years 05 months,446000.0
2024-08-01,TAMPINES,3 ROOM,214,TAMPINES ST 23,07 TO 09,67.0,New Generation,1985,60 years 05 months,482000.0
2024-08-01,TAMPINES,3 ROOM,406,TAMPINES ST 41,01 TO 03,64.0,Simplified,1986,61 years 03 months,432000.0
2024-08-01,TAMPINES,3 ROOM,418,TAMPINES ST 41,10 TO 12,74.0,Model A,1985,59 years 11 months,465000.0
2024-08-01,TAMPINES,3 ROOM,469,TAMPINES ST 44,07 TO 09,74.0,Model A,1985,60 years 03 months,425000.0
2024-08-01,TAMPINES,3 ROOM,465,TAMPINES ST 44,04 TO 06,74.0,Model A,1987,61 years 09 months,445000.0
2024-08-01,TAMPINES,3 ROOM,492G,TAMPINES ST 45,04 TO 06,67.0,Model A,2018,93 years 04 months,528000.0
2024-08-01,TAMPINES,3 ROOM,606C,TAMPINES ST 61,07 TO 09,68.0,Model A,2020,94 years 08 months,590000.0
2024-08-01,TAMPINES,3 ROOM,606C,TAMPINES ST 61,10 TO 12,68.0,Model A,2020,94 years 08 months,590000.0
2024-08-01,TAMPINES,3 ROOM,606A,TAMPINES ST 61,07 TO 09,68.0,Model A,2020,94 years 07 months,568000.0
2024-08-01,TAMPINES,3 ROOM,606C,TAMPINES ST 61,01 TO 03,68.0,Model A,2020,94 years 06 months,555000.0
2024-08-01,TAMPINES,3 ROOM,819,TAMPINES ST 81,04 TO 06,68.0,New Generation,1984,59 years 05 months,430000.0
2024-08-01,TAMPINES,3 ROOM,853,TAMPINES ST 83,07 TO 09,74.0,Model A,1987,62 years 05 months,450000.0
2024-08-01,TAMPINES,3 ROOM,884,TAMPINES ST 83,04 TO 06,74.0,Model A,1988,62 years 10 months,470000.0
2024-08-01,TAMPINES,4 ROOM,156,SIMEI RD,10 TO 12,104.0,Model A,1989,63 years 06 months,620000.0
2024-08-01,TAMPINES,4 ROOM,123,SIMEI ST 1,01 TO 03,104.0,Model A,1988,63 years 05 months,610000.0
2024-08-01,TAMPINES,4 ROOM,112,SIMEI ST 1,01 TO 03,84.0,Simplified,1988,62 years 07 months,498000.0
2024-08-01,TAMPINES,4 ROOM,106,SIMEI ST 1,01 TO 03,104.0,Model A,1988,63 years 03 months,600000.0
2024-08-01,TAMPINES,4 ROOM,107,SIMEI ST 1,10 TO 12,104.0,Model A,1988,63 years 04 months,650000.0
2024-08-01,TAMPINES,4 ROOM,136,SIMEI ST 1,01 TO 03,84.0,Simplified,1988,63 years 02 months,512000.0
2024-08-01,TAMPINES,4 ROOM,223,SIMEI ST 4,04 TO 06,104.0,Model A,1988,62 years 11 months,628000.0
2024-08-01,TAMPINES,4 ROOM,890A,TAMPINES AVE 1,04 TO 06,93.0,Model A,2015,90 years 02 months,730000.0
2024-08-01,TAMPINES,4 ROOM,890A,TAMPINES AVE 1,13 TO 15,93.0,Model A,2015,90 years 02 months,798888.0
2024-08-01,TAMPINES,4 ROOM,902,TAMPINES AVE 4,04 TO 06,104.0,Model A,1984,59 years 01 month,648888.0
2024-08-01,TAMPINES,4 ROOM,902,TAMPINES AVE 4,04 TO 06,104.0,Model A,1984,59 years 01 month,675000.0
2024-08-01,TAMPINES,4 ROOM,391,TAMPINES AVE 7,04 TO 06,104.0,Model A,1994,68 years 08 months,623000.0
2024-08-01,TAMPINES,4 ROOM,879B,TAMPINES AVE 8,13 TO 15,93.0,Model A,2017,91 years 11 months,762888.0
2024-08-01,TAMPINES,4 ROOM,604B,TAMPINES AVE 9,04 TO 06,92.0,Model A,2020,94 years 08 months,725000.0
2024-08-01,TAMPINES,4 ROOM,485B,TAMPINES AVE 9,07 TO 09,104.0,Model A,1989,63 years 10 months,595000.0
2024-08-01,TAMPINES,4 ROOM,493B,TAMPINES AVE 9,01 TO 03,104.0,Model A,1993,68 years,591000.0
2024-08-01,TAMPINES,4 ROOM,604B,TAMPINES AVE 9,13 TO 15,92.0,Model A,2020,94 years 07 months,762000.0
2024-08-01,TAMPINES,4 ROOM,601A,TAMPINES AVE 9,10 TO 12,92.0,Model A,2020,94 years 07 months,740000.0
2024-08-01,TAMPINES,4 ROOM,601D,TAMPINES AVE 9,04 TO 06,92.0,Model A,2020,94 years 07 months,732000.0
2024-08-01,TAMPINES,4 ROOM,604B,TAMPINES AVE 9,16 TO 18,92.0,Model A,2020,94 years 06 months,760888.0
2024-08-01,TAMPINES,4 ROOM,522A,TAMPINES CTRL 7,13 TO 15,93.0,Model A,2015,90 years 01 month,740000.0
2024-08-01,TAMPINES,4 ROOM,111,TAMPINES ST 11,10 TO 12,120.0,Model A,1984,58 years 10 months,605000.0
2024-08-01,TAMPINES,4 ROOM,140,TAMPINES ST 12,04 TO 06,91.0,New Generation,1984,59 years 05 months,515000.0
2024-08-01,TAMPINES,4 ROOM,159,TAMPINES ST 12,01 TO 03,91.0,New Generation,1984,58 years 11 months,623800.0
2024-08-01,TAMPINES,4 ROOM,140,TAMPINES ST 12,04 TO 06,91.0,New Generation,1984,59 years 05 months,530000.0
2024-08-01,TAMPINES,4 ROOM,236,TAMPINES ST 21,10 TO 12,104.0,Model A,1984,59 years 03 months,652888.0
2024-08-01,TAMPINES,4 ROOM,251,TAMPINES ST 21,04 TO 06,104.0,Model A,1985,59 years 05 months,618000.0
2024-08-01,TAMPINES,4 ROOM,237,TAMPINES ST 21,07 TO 09,105.0,Model A,1984,59 years 03 months,680000.0
2024-08-01,TAMPINES,4 ROOM,286,TAMPINES ST 22,01 TO 03,105.0,Model A,1984,58 years 11 months,590000.0
2024-08-01,TAMPINES,4 ROOM,273,TAMPINES ST 22,04 TO 06,103.0,Model A,1984,59 years,590000.0
2024-08-01,TAMPINES,4 ROOM,276,TAMPINES ST 22,07 TO 09,106.0,Model A,1984,59 years 05 months,600000.0
2024-08-01,TAMPINES,4 ROOM,224,TAMPINES ST 23,01 TO 03,93.0,New Generation,1985,60 years 05 months,530000.0
2024-08-01,TAMPINES,4 ROOM,225,TAMPINES ST 23,01 TO 03,104.0,Model A,1984,59 years 05 months,618000.0
2024-08-01,TAMPINES,4 ROOM,225,TAMPINES ST 23,04 TO 06,105.0,Model A,1984,59 years 05 months,645000.0
2024-08-01,TAMPINES,4 ROOM,230B,TAMPINES ST 24,04 TO 06,107.0,Model A,1993,67 years 11 months,630000.0
2024-08-01,TAMPINES,4 ROOM,221,TAMPINES ST 24,07 TO 09,108.0,Model A,1984,59 years 04 months,632000.0
2024-08-01,TAMPINES,4 ROOM,323,TAMPINES ST 33,01 TO 03,112.0,Model A,1995,70 years 01 month,585000.0
2024-08-01,TAMPINES,4 ROOM,343,TAMPINES ST 33,01 TO 03,107.0,Model A,1995,70 years 05 months,590000.0
2024-08-01,TAMPINES,4 ROOM,323,TAMPINES ST 33,07 TO 09,108.0,Model A,1995,70 years,668000.0
2024-08-01,TAMPINES,4 ROOM,338,TAMPINES ST 33,04 TO 06,107.0,Model A,1995,70 years 05 months,570000.0
2024-08-01,TAMPINES,4 ROOM,347,TAMPINES ST 33,07 TO 09,105.0,Model A,1996,70 years 10 months,600000.0
2024-08-01,TAMPINES,4 ROOM,365,TAMPINES ST 34,07 TO 09,102.0,Model A,1997,71 years 06 months,635000.0
2024-08-01,TAMPINES,4 ROOM,367A,TAMPINES ST 34,04 TO 06,100.0,Model A,1997,71 years 05 months,598000.0
2024-08-01,TAMPINES,4 ROOM,406,TAMPINES ST 41,10 TO 12,89.0,Simplified,1986,61 years 03 months,605000.0
2024-08-01,TAMPINES,4 ROOM,416,TAMPINES ST 41,10 TO 12,104.0,Model A,1987,61 years 09 months,603333.0
2024-08-01,TAMPINES,4 ROOM,414,TAMPINES ST 41,04 TO 06,84.0,Simplified,1987,61 years 11 months,535000.0
2024-08-01,TAMPINES,4 ROOM,458,TAMPINES ST 42,07 TO 09,84.0,Simplified,1988,62 years 07 months,550000.0
2024-08-01,TAMPINES,4 ROOM,449,TAMPINES ST 42,01 TO 03,84.0,Simplified,1985,59 years 10 months,531000.0
2024-08-01,TAMPINES,4 ROOM,433,TAMPINES ST 43,04 TO 06,84.0,Simplified,1987,62 years 02 months,530000.0
2024-08-01,TAMPINES,4 ROOM,438,TAMPINES ST 43,10 TO 12,105.0,Model A,1985,60 years 05 months,620888.0
2024-08-01,TAMPINES,4 ROOM,467,TAMPINES ST 44,07 TO 09,105.0,Model A,1987,61 years 10 months,628000.0
2024-08-01,TAMPINES,4 ROOM,494G,TAMPINES ST 45,04 TO 06,92.0,Model A,2018,93 years 04 months,668888.0
2024-08-01,TAMPINES,4 ROOM,489B,TAMPINES ST 45,04 TO 06,107.0,Model A,1993,68 years 02 months,590000.0
2024-08-01,TAMPINES,4 ROOM,606D,TAMPINES ST 61,10 TO 12,92.0,Model A,2020,94 years 07 months,761000.0
2024-08-01,TAMPINES,4 ROOM,605C,TAMPINES ST 61,10 TO 12,92.0,Model A,2020,94 years 08 months,760000.0
2024-08-01,TAMPINES,4 ROOM,606B,TAMPINES ST 61,16 TO 18,92.0,Model A,2020,94 years 07 months,790000.0
2024-08-01,TAMPINES,4 ROOM,605A,TAMPINES ST 61,07 TO 09,92.0,Model A,2020,94 years 07 months,745000.0
2024-08-01,TAMPINES,4 ROOM,605A,TAMPINES ST 61,07 TO 09,92.0,Model A,2020,94 years 06 months,750000.0
2024-08-01,TAMPINES,4 ROOM,703,TAMPINES ST 71,07 TO 09,100.0,Model A,1997,72 years 02 months,615000.0
2024-08-01,TAMPINES,4 ROOM,715,TAMPINES ST 71,13 TO 15,99.0,Model A,1997,71 years 09 months,650000.0
2024-08-01,TAMPINES,4 ROOM,713,TAMPINES ST 71,01 TO 03,99.0,Model A,1997,71 years 08 months,580000.0
2024-08-01,TAMPINES,4 ROOM,710,TAMPINES ST 71,10 TO 12,100.0,Model A,1997,71 years 11 months,653888.0
2024-08-01,TAMPINES,4 ROOM,707,TAMPINES ST 71,10 TO 12,102.0,Model A,1997,71 years 11 months,640000.0
2024-08-01,TAMPINES,4 ROOM,701,TAMPINES ST 71,01 TO 03,99.0,Model A,1997,71 years 11 months,635000.0
2024-08-01,TAMPINES,4 ROOM,717,TAMPINES ST 72,13 TO 15,100.0,Model A,1997,71 years 10 months,628000.0
2024-08-01,TAMPINES,4 ROOM,722,TAMPINES ST 72,07 TO 09,99.0,Model A,1997,71 years 09 months,625999.0
2024-08-01,TAMPINES,4 ROOM,717,TAMPINES ST 72,01 TO 03,100.0,Model A,1997,71 years 10 months,630000.0
2024-08-01,TAMPINES,4 ROOM,899,TAMPINES ST 81,10 TO 12,104.0,Model A,1988,62 years 10 months,678000.0
2024-08-01,TAMPINES,4 ROOM,897,TAMPINES ST 81,04 TO 06,104.0,Model A,1988,63 years 02 months,640000.0
2024-08-01,TAMPINES,4 ROOM,848,TAMPINES ST 82,10 TO 12,104.0,Model A,1985,60 years 02 months,635000.0
2024-08-01,TAMPINES,4 ROOM,856,TAMPINES ST 82,04 TO 06,84.0,Simplified,1986,60 years 09 months,520000.0
2024-08-01,TAMPINES,4 ROOM,866,TAMPINES ST 83,07 TO 09,103.0,Model A,1989,63 years 10 months,600000.0
2024-08-01,TAMPINES,4 ROOM,847,TAMPINES ST 83,04 TO 06,105.0,Model A,1987,62 years 03 months,615000.0
2024-08-01,TAMPINES,4 ROOM,886,TAMPINES ST 83,04 TO 06,104.0,Model A,1988,62 years 09 months,590000.0
2024-08-01,TAMPINES,4 ROOM,843,TAMPINES ST 83,04 TO 06,103.0,Model A,1988,62 years 06 months,585000.0
2024-08-01,TAMPINES,4 ROOM,871A,TAMPINES ST 84,04 TO 06,105.0,Model A,1989,63 years 09 months,590000.0
2024-08-01,TAMPINES,4 ROOM,870A,TAMPINES ST 86,07 TO 09,94.0,Model A,2017,91 years 07 months,725000.0
2024-08-01,TAMPINES,4 ROOM,916,TAMPINES ST 91,04 TO 06,104.0,Model A,1984,59 years 02 months,588000.0
2024-08-01,TAMPINES,4 ROOM,935,TAMPINES ST 91,01 TO 03,103.0,Model A,1984,59 years 03 months,588000.0
2024-08-01,TAMPINES,4 ROOM,912,TAMPINES ST 91,07 TO 09,103.0,Model A,1984,59 years 02 months,655000.0
2024-08-01,TAMPINES,5 ROOM,167A,SIMEI LANE,04 TO 06,107.0,DBSS,2011,85 years 08 months,899000.0
2024-08-01,TAMPINES,5 ROOM,160,SIMEI RD,01 TO 03,122.0,Improved,1989,63 years 10 months,630000.0
2024-08-01,TAMPINES,5 ROOM,154,SIMEI ST 1,07 TO 09,122.0,Improved,1988,62 years 08 months,740000.0
2024-08-01,TAMPINES,5 ROOM,124,SIMEI ST 1,04 TO 06,121.0,Improved,1988,62 years 07 months,660000.0
2024-08-01,TAMPINES,5 ROOM,112,SIMEI ST 1,07 TO 09,121.0,Improved,1988,62 years 06 months,726000.0
2024-08-01,TAMPINES,5 ROOM,127,SIMEI ST 1,04 TO 06,122.0,Improved,1987,62 years 05 months,700000.0
2024-08-01,TAMPINES,5 ROOM,119,SIMEI ST 1,01 TO 03,128.0,Improved,1988,62 years 10 months,742000.0
2024-08-01,TAMPINES,5 ROOM,148,SIMEI ST 1,04 TO 06,122.0,Improved,1988,62 years 09 months,682000.0
2024-08-01,TAMPINES,5 ROOM,222,SIMEI ST 4,04 TO 06,122.0,Improved,1988,62 years 11 months,680000.0
2024-08-01,TAMPINES,5 ROOM,230,SIMEI ST 4,01 TO 03,122.0,Improved,1988,63 years 01 month,710000.0
2024-08-01,TAMPINES,5 ROOM,804,TAMPINES AVE 4,04 TO 06,121.0,Improved,1984,59 years 05 months,750000.0
2024-08-01,TAMPINES,5 ROOM,393,TAMPINES AVE 7,04 TO 06,128.0,Improved,1994,69 years 04 months,740000.0
2024-08-01,TAMPINES,5 ROOM,601A,TAMPINES AVE 9,04 TO 06,112.0,Improved,2020,94 years 07 months,905000.0
2024-08-01,TAMPINES,5 ROOM,518D,TAMPINES CTRL 7,13 TO 15,109.0,DBSS,2008,83 years 06 months,938000.0
2024-08-01,TAMPINES,5 ROOM,515C,TAMPINES CTRL 7,04 TO 06,107.0,DBSS,2008,83 years 06 months,860000.0
2024-08-01,TAMPINES,5 ROOM,522B,TAMPINES CTRL 7,10 TO 12,113.0,Improved,2015,90 years 01 month,935000.0
2024-08-01,TAMPINES,5 ROOM,518C,TAMPINES CTRL 7,04 TO 06,109.0,DBSS,2008,83 years 06 months,865000.0
2024-08-01,TAMPINES,5 ROOM,518A,TAMPINES CTRL 7,16 TO 18,109.0,DBSS,2008,83 years 05 months,970000.0
2024-08-01,TAMPINES,5 ROOM,524A,TAMPINES CTRL 7,04 TO 06,113.0,Improved,2015,90 years,938000.0
2024-08-01,TAMPINES,5 ROOM,520B,TAMPINES CTRL 8,04 TO 06,108.0,DBSS,2014,88 years 11 months,940000.0
2024-08-01,TAMPINES,5 ROOM,165,TAMPINES ST 12,10 TO 12,133.0,Model A,1984,59 years 01 month,938000.0
2024-08-01,TAMPINES,5 ROOM,143,TAMPINES ST 12,01 TO 03,133.0,Model A,1984,58 years 10 months,808000.0
2024-08-01,TAMPINES,5 ROOM,232,TAMPINES ST 21,01 TO 03,121.0,Improved,1985,59 years 06 months,682000.0
2024-08-01,TAMPINES,5 ROOM,232,TAMPINES ST 21,01 TO 03,121.0,Improved,1985,59 years 06 months,680000.0
2024-08-01,TAMPINES,5 ROOM,254,TAMPINES ST 21,10 TO 12,121.0,Improved,1984,59 years 03 months,720000.0
2024-08-01,TAMPINES,5 ROOM,289,TAMPINES ST 22,10 TO 12,121.0,Improved,1985,59 years 09 months,670000.0
2024-08-01,TAMPINES,5 ROOM,289,TAMPINES ST 22,01 TO 03,126.0,Improved,1985,59 years 09 months,625000.0
2024-08-01,TAMPINES,5 ROOM,384,TAMPINES ST 32,04 TO 06,137.0,Model A,1993,68 years 02 months,740000.0
2024-08-01,TAMPINES,5 ROOM,341,TAMPINES ST 33,01 TO 03,127.0,Improved,1995,70 years 05 months,705000.0
2024-08-01,TAMPINES,5 ROOM,343,TAMPINES ST 33,01 TO 03,137.0,Model A,1995,70 years 05 months,730000.0
2024-08-01,TAMPINES,5 ROOM,351,TAMPINES ST 33,04 TO 06,126.0,Improved,1996,70 years 10 months,695000.0
2024-08-01,TAMPINES,5 ROOM,322,TAMPINES ST 33,10 TO 12,129.0,Improved,1995,70 years 03 months,728000.0
2024-08-01,TAMPINES,5 ROOM,362,TAMPINES ST 34,07 TO 09,129.0,Improved,1996,70 years 08 months,715000.0
2024-08-01,TAMPINES,5 ROOM,411,TAMPINES ST 41,10 TO 12,123.0,Improved,1985,60 years 02 months,770000.0
2024-08-01,TAMPINES,5 ROOM,493C,TAMPINES ST 43,07 TO 09,123.0,Improved,1993,68 years,735000.0
2024-08-01,TAMPINES,5 ROOM,497C,TAMPINES ST 45,01 TO 03,130.0,Premium Apartment,1996,70 years 11 months,695000.0
2024-08-01,TAMPINES,5 ROOM,491D,TAMPINES ST 45,04 TO 06,122.0,Improved,1993,68 years,678000.0
2024-08-01,TAMPINES,5 ROOM,498J,TAMPINES ST 45,07 TO 09,124.0,Premium Apartment,1997,71 years 08 months,749000.0
2024-08-01,TAMPINES,5 ROOM,730,TAMPINES ST 71,01 TO 03,123.0,Improved,1997,72 years 05 months,715000.0
2024-08-01,TAMPINES,5 ROOM,706,TAMPINES ST 71,04 TO 06,119.0,Improved,1997,72 years,730000.0
2024-08-01,TAMPINES,5 ROOM,723,TAMPINES ST 72,04 TO 06,119.0,Improved,1997,71 years 09 months,690000.0
2024-08-01,TAMPINES,5 ROOM,719,TAMPINES ST 72,10 TO 12,119.0,Improved,1997,71 years 10 months,810000.0
2024-08-01,TAMPINES,5 ROOM,870A,TAMPINES ST 86,13 TO 15,114.0,Improved,2017,91 years 07 months,855888.0
2024-08-01,TAMPINES,5 ROOM,871C,TAMPINES ST 86,13 TO 15,114.0,Improved,2017,91 years 07 months,880000.0
2024-08-01,TAMPINES,5 ROOM,912,TAMPINES ST 91,01 TO 03,133.0,Model A,1984,59 years 02 months,715000.0
2024-08-01,TAMPINES,EXECUTIVE,229,SIMEI ST 4,04 TO 06,142.0,Apartment,1988,63 years,928000.0
2024-08-01,TAMPINES,EXECUTIVE,858,TAMPINES AVE 5,10 TO 12,146.0,Maisonette,1988,62 years 07 months,1060000.0
2024-08-01,TAMPINES,EXECUTIVE,146,TAMPINES AVE 5,07 TO 09,142.0,Apartment,1985,59 years 09 months,965000.0
2024-08-01,TAMPINES,EXECUTIVE,151,TAMPINES ST 12,01 TO 03,142.0,Apartment,1984,59 years 01 month,900000.0
2024-08-01,TAMPINES,EXECUTIVE,335,TAMPINES ST 32,07 TO 09,146.0,Maisonette,1996,70 years 06 months,926000.0
2024-08-01,TAMPINES,EXECUTIVE,333,TAMPINES ST 32,01 TO 03,148.0,Apartment,1996,70 years 06 months,850000.0
2024-08-01,TAMPINES,EXECUTIVE,334,TAMPINES ST 32,04 TO 06,149.0,Apartment,1996,70 years 06 months,935000.0
2024-08-01,TAMPINES,EXECUTIVE,430,TAMPINES ST 41,04 TO 06,148.0,Maisonette,1986,60 years 08 months,805000.0
2024-08-01,TAMPINES,EXECUTIVE,430,TAMPINES ST 41,01 TO 03,148.0,Maisonette,1986,60 years 07 months,814000.0
2024-08-01,TAMPINES,EXECUTIVE,428,TAMPINES ST 41,04 TO 06,152.0,Apartment,1986,60 years 05 months,908888.0
2024-08-01,TAMPINES,EXECUTIVE,497F,TAMPINES ST 45,07 TO 09,139.0,Premium Apartment,1996,70 years 11 months,878000.0
2024-08-01,TAMPINES,EXECUTIVE,896A,TAMPINES ST 81,04 TO 06,146.0,Maisonette,1988,63 years 03 months,980000.0
2024-08-01,TAMPINES,EXECUTIVE,857,TAMPINES ST 83,07 TO 09,146.0,Maisonette,1988,62 years 06 months,996000.0
2024-08-01,TAMPINES,EXECUTIVE,867A,TAMPINES ST 83,07 TO 09,146.0,Maisonette,1989,63 years 07 months,968888.0
2024-08-01,TOA PAYOH,2 ROOM,120,LOR 2 TOA PAYOH,04 TO 06,40.0,Standard,1968,42 years 11 months,280000.0
2024-08-01,TOA PAYOH,2 ROOM,56,LOR 4 TOA PAYOH,01 TO 03,42.0,Standard,1967,41 years 10 months,280000.0
2024-08-01,TOA PAYOH,3 ROOM,9,JOO SENG RD,10 TO 12,68.0,Model A,2017,91 years 07 months,665000.0
2024-08-01,TOA PAYOH,3 ROOM,168,LOR 1 TOA PAYOH,01 TO 03,65.0,Improved,1972,47 years,345000.0
2024-08-01,TOA PAYOH,3 ROOM,113,LOR 1 TOA PAYOH,07 TO 09,65.0,Improved,1967,41 years 11 months,368000.0
2024-08-01,TOA PAYOH,3 ROOM,124,LOR 1 TOA PAYOH,04 TO 06,67.0,Improved,1970,44 years 06 months,350000.0
2024-08-01,TOA PAYOH,3 ROOM,125,LOR 1 TOA PAYOH,04 TO 06,67.0,Improved,1970,44 years 07 months,332000.0
2024-08-01,TOA PAYOH,3 ROOM,128,LOR 1 TOA PAYOH,10 TO 12,67.0,Improved,1970,44 years 06 months,385000.0
2024-08-01,TOA PAYOH,3 ROOM,124,LOR 1 TOA PAYOH,04 TO 06,67.0,Improved,1970,44 years 06 months,335000.0
2024-08-01,TOA PAYOH,3 ROOM,159,LOR 1 TOA PAYOH,01 TO 03,65.0,Improved,1972,46 years 06 months,308000.0
2024-08-01,TOA PAYOH,3 ROOM,100,LOR 1 TOA PAYOH,01 TO 03,68.0,Improved,1970,44 years 06 months,341000.0
2024-08-01,TOA PAYOH,3 ROOM,158,LOR 1 TOA PAYOH,10 TO 12,65.0,Improved,1972,46 years 06 months,395000.0
2024-08-01,TOA PAYOH,3 ROOM,112,LOR 1 TOA PAYOH,01 TO 03,65.0,Improved,1967,41 years 11 months,346000.0
2024-08-01,TOA PAYOH,3 ROOM,125,LOR 1 TOA PAYOH,13 TO 15,67.0,Improved,1970,44 years 06 months,388000.0
2024-08-01,TOA PAYOH,3 ROOM,173,LOR 1 TOA PAYOH,07 TO 09,66.0,Improved,1972,47 years,370000.0
2024-08-01,TOA PAYOH,3 ROOM,131A,LOR 1 TOA PAYOH,37 TO 39,68.0,Model A,2018,93 years 01 month,810000.0
2024-08-01,TOA PAYOH,3 ROOM,114,LOR 1 TOA PAYOH,04 TO 06,65.0,Improved,1967,41 years 11 months,388000.0
2024-08-01,TOA PAYOH,3 ROOM,169,LOR 1 TOA PAYOH,01 TO 03,65.0,Improved,1972,46 years 11 months,357000.0
2024-08-01,TOA PAYOH,3 ROOM,115,LOR 1 TOA PAYOH,01 TO 03,65.0,Improved,1967,41 years 10 months,360000.0
2024-08-01,TOA PAYOH,3 ROOM,66,LOR 4 TOA PAYOH,10 TO 12,64.0,Standard,1969,43 years 05 months,377000.0
2024-08-01,TOA PAYOH,3 ROOM,34,LOR 5 TOA PAYOH,07 TO 09,67.0,Improved,1970,44 years 06 months,380000.0
2024-08-01,TOA PAYOH,3 ROOM,38,LOR 5 TOA PAYOH,10 TO 12,67.0,Improved,1970,44 years 06 months,340000.0
2024-08-01,TOA PAYOH,3 ROOM,51,LOR 6 TOA PAYOH,10 TO 12,63.0,Standard,1983,57 years 11 months,392000.0
2024-08-01,TOA PAYOH,3 ROOM,9,LOR 7 TOA PAYOH,10 TO 12,66.0,Improved,1970,45 years,360000.0
2024-08-01,TOA PAYOH,3 ROOM,17,LOR 7 TOA PAYOH,10 TO 12,67.0,Improved,1971,45 years 06 months,372000.0
2024-08-01,TOA PAYOH,3 ROOM,18,LOR 7 TOA PAYOH,04 TO 06,67.0,Improved,1970,45 years,366000.0
2024-08-01,TOA PAYOH,3 ROOM,13,LOR 7 TOA PAYOH,10 TO 12,66.0,Improved,1970,45 years,345000.0
2024-08-01,TOA PAYOH,3 ROOM,1,LOR 7 TOA PAYOH,04 TO 06,67.0,Improved,1969,43 years 10 months,390000.0
2024-08-01,TOA PAYOH,3 ROOM,18,LOR 7 TOA PAYOH,04 TO 06,67.0,Improved,1970,45 years,375000.0
2024-08-01,TOA PAYOH,3 ROOM,113,POTONG PASIR AVE 1,07 TO 09,67.0,New Generation,1984,59 years 04 months,420000.0
2024-08-01,TOA PAYOH,3 ROOM,115,POTONG PASIR AVE 1,13 TO 15,67.0,New Generation,1984,59 years 03 months,428000.0
2024-08-01,TOA PAYOH,3 ROOM,177,TOA PAYOH CTRL,04 TO 06,64.0,Improved,1972,47 years,400000.0
2024-08-01,TOA PAYOH,3 ROOM,262,TOA PAYOH EAST,31 TO 33,68.0,Model A,2019,94 years 05 months,785000.0
2024-08-01,TOA PAYOH,3 ROOM,262,TOA PAYOH EAST,07 TO 09,68.0,Model A,2019,94 years 05 months,688000.0
2024-08-01,TOA PAYOH,3 ROOM,262,TOA PAYOH EAST,34 TO 36,68.0,Model A,2019,94 years 05 months,703000.0
2024-08-01,TOA PAYOH,3 ROOM,262,TOA PAYOH EAST,10 TO 12,68.0,Model A,2019,94 years 05 months,708000.0
2024-08-01,TOA PAYOH,3 ROOM,263,TOA PAYOH EAST,34 TO 36,68.0,Model A,2019,94 years 04 months,748888.0
2024-08-01,TOA PAYOH,3 ROOM,199,TOA PAYOH NTH,07 TO 09,65.0,Improved,1982,56 years 06 months,386000.0
2024-08-01,TOA PAYOH,3 ROOM,205,TOA PAYOH NTH,01 TO 03,65.0,Improved,1973,48 years,355000.0
2024-08-01,TOA PAYOH,3 ROOM,206,TOA PAYOH NTH,07 TO 09,65.0,Improved,1973,48 years,380000.0
2024-08-01,TOA PAYOH,4 ROOM,106B,BIDADARI PK DR,10 TO 12,94.0,Model A,2020,95 years,1080000.0
2024-08-01,TOA PAYOH,4 ROOM,15,JOO SENG RD,01 TO 03,106.0,Model A,1984,58 years 08 months,608888.0
2024-08-01,TOA PAYOH,4 ROOM,17,JOO SENG RD,07 TO 09,103.0,Model A,1983,58 years 05 months,590000.0
2024-08-01,TOA PAYOH,4 ROOM,241,KIM KEAT LINK,04 TO 06,104.0,Model A,1989,63 years 06 months,668000.0
2024-08-01,TOA PAYOH,4 ROOM,246,KIM KEAT LINK,01 TO 03,104.0,Model A,1989,63 years 08 months,648000.0
2024-08-01,TOA PAYOH,4 ROOM,247,KIM KEAT LINK,04 TO 06,104.0,Model A,1989,63 years 07 months,640000.0
2024-08-01,TOA PAYOH,4 ROOM,130B,LOR 1 TOA PAYOH,28 TO 30,93.0,Model A,2018,93 years 01 month,1160000.0
2024-08-01,TOA PAYOH,4 ROOM,130A,LOR 1 TOA PAYOH,34 TO 36,93.0,Model A,2018,93 years,1148888.0
2024-08-01,TOA PAYOH,4 ROOM,138B,LOR 1A TOA PAYOH,37 TO 39,91.0,DBSS,2012,86 years 09 months,1080000.0
2024-08-01,TOA PAYOH,4 ROOM,122,LOR 2 TOA PAYOH,07 TO 09,100.0,Model A,1999,74 years 05 months,838000.0
2024-08-01,TOA PAYOH,4 ROOM,193,LOR 4 TOA PAYOH,01 TO 03,84.0,Improved,1974,49 years,540000.0
2024-08-01,TOA PAYOH,4 ROOM,222,LOR 8 TOA PAYOH,07 TO 09,82.0,Improved,1976,50 years 07 months,507178.0
2024-08-01,TOA PAYOH,4 ROOM,213,LOR 8 TOA PAYOH,07 TO 09,82.0,Improved,1975,49 years 05 months,500000.0
2024-08-01,TOA PAYOH,4 ROOM,220,LOR 8 TOA PAYOH,04 TO 06,82.0,Improved,1976,50 years 10 months,428000.0
2024-08-01,TOA PAYOH,4 ROOM,79D,TOA PAYOH CTRL,13 TO 15,91.0,Model A,2009,83 years 09 months,915888.0
2024-08-01,TOA PAYOH,4 ROOM,177,TOA PAYOH CTRL,04 TO 06,78.0,Improved,1972,46 years 11 months,520000.0
2024-08-01,TOA PAYOH,4 ROOM,261,TOA PAYOH EAST,16 TO 18,93.0,Model A,2019,94 years 06 months,870000.0
2024-08-01,TOA PAYOH,4 ROOM,261,TOA PAYOH EAST,16 TO 18,93.0,Model A,2019,94 years 05 months,962888.0
2024-08-01,TOA PAYOH,4 ROOM,261,TOA PAYOH EAST,22 TO 24,93.0,Model A,2019,94 years 05 months,985000.0
2024-08-01,TOA PAYOH,4 ROOM,261,TOA PAYOH EAST,19 TO 21,93.0,Model A,2019,94 years 05 months,968000.0
2024-08-01,TOA PAYOH,4 ROOM,263,TOA PAYOH EAST,19 TO 21,93.0,Model A,2019,94 years 05 months,943500.0
2024-08-01,TOA PAYOH,4 ROOM,263,TOA PAYOH EAST,28 TO 30,93.0,Model A,2019,94 years 05 months,1000000.0
2024-08-01,TOA PAYOH,4 ROOM,261,TOA PAYOH EAST,19 TO 21,93.0,Model A,2019,94 years 05 months,958000.0
2024-08-01,TOA PAYOH,4 ROOM,200,TOA PAYOH NTH,07 TO 09,87.0,Improved,1973,48 years,491800.0
2024-08-01,TOA PAYOH,4 ROOM,204,TOA PAYOH NTH,04 TO 06,87.0,Improved,1973,47 years 11 months,498000.0
2024-08-01,TOA PAYOH,5 ROOM,259,KIM KEAT AVE,07 TO 09,122.0,Improved,1989,63 years 07 months,785000.0
2024-08-01,TOA PAYOH,5 ROOM,239,LOR 1 TOA PAYOH,04 TO 06,123.0,Improved,1986,61 years 02 months,855000.0
2024-08-01,TOA PAYOH,5 ROOM,239,LOR 1 TOA PAYOH,19 TO 21,120.0,Improved,1986,61 years 01 month,886000.0
2024-08-01,TOA PAYOH,5 ROOM,81A,LOR 4 TOA PAYOH,01 TO 03,121.0,Improved,1997,71 years 08 months,910000.0
2024-08-01,TOA PAYOH,5 ROOM,44,LOR 5 TOA PAYOH,01 TO 03,121.0,Improved,1993,67 years 09 months,858000.0
2024-08-01,TOA PAYOH,5 ROOM,215,LOR 8 TOA PAYOH,10 TO 12,117.0,Standard,1975,50 years,760000.0
2024-08-01,TOA PAYOH,5 ROOM,121,POTONG PASIR AVE 1,10 TO 12,159.0,Model A-Maisonette,1984,58 years 10 months,1250000.0
2024-08-01,TOA PAYOH,EXECUTIVE,99C,LOR 2 TOA PAYOH,01 TO 03,145.0,Apartment,1993,67 years 09 months,1030000.0
2024-08-01,TOA PAYOH,EXECUTIVE,99C,LOR 2 TOA PAYOH,07 TO 09,148.0,Apartment,1993,67 years 09 months,1238888.0
2024-08-01,TOA PAYOH,EXECUTIVE,133,POTONG PASIR AVE 1,01 TO 03,161.0,Maisonette,1984,58 years 07 months,1240000.0
2024-08-01,WOODLANDS,2 ROOM,780A,WOODLANDS CRES,13 TO 15,47.0,Model A,2015,90 years 01 month,338000.0
2024-08-01,WOODLANDS,2 ROOM,780A,WOODLANDS CRES,07 TO 09,47.0,Model A,2015,90 years,348000.0
2024-08-01,WOODLANDS,2 ROOM,780F,WOODLANDS CRES,07 TO 09,47.0,Model A,2015,90 years,335000.0
2024-08-01,WOODLANDS,2 ROOM,780F,WOODLANDS CRES,04 TO 06,47.0,Model A,2015,90 years,336000.0
2024-08-01,WOODLANDS,2 ROOM,780F,WOODLANDS CRES,10 TO 12,47.0,Model A,2015,89 years 11 months,300000.0
2024-08-01,WOODLANDS,2 ROOM,573A,WOODLANDS DR 16,07 TO 09,37.0,Model A,2018,92 years 11 months,315000.0
2024-08-01,WOODLANDS,2 ROOM,573A,WOODLANDS DR 16,01 TO 03,37.0,2-room,2018,92 years 11 months,308000.0
2024-08-01,WOODLANDS,2 ROOM,574B,WOODLANDS DR 16,04 TO 06,47.0,Model A,2018,92 years 11 months,330000.0
2024-08-01,WOODLANDS,2 ROOM,574A,WOODLANDS DR 16,07 TO 09,47.0,Model A,2018,92 years 11 months,340000.0
2024-08-01,WOODLANDS,2 ROOM,574B,WOODLANDS DR 16,10 TO 12,47.0,Model A,2018,92 years 11 months,368000.0
2024-08-01,WOODLANDS,3 ROOM,204,MARSILING DR,01 TO 03,68.0,New Generation,1981,55 years 09 months,353000.0
2024-08-01,WOODLANDS,3 ROOM,23,MARSILING DR,10 TO 12,67.0,New Generation,1977,52 years 04 months,340000.0
2024-08-01,WOODLANDS,3 ROOM,22,MARSILING DR,10 TO 12,82.0,New Generation,1977,51 years 11 months,395000.0
2024-08-01,WOODLANDS,3 ROOM,180A,MARSILING RD,10 TO 12,66.0,Model A,2015,90 years,460000.0
2024-08-01,WOODLANDS,3 ROOM,573B,WOODLANDS DR 16,10 TO 12,68.0,Model A,2018,92 years 11 months,495000.0
2024-08-01,WOODLANDS,3 ROOM,886A,WOODLANDS DR 50,01 TO 03,67.0,Premium Apartment,2015,89 years 07 months,458000.0
2024-08-01,WOODLANDS,3 ROOM,887B,WOODLANDS DR 50,04 TO 06,67.0,Premium Apartment,2015,89 years 07 months,508000.0
2024-08-01,WOODLANDS,3 ROOM,694A,WOODLANDS DR 62,01 TO 03,68.0,Model A,2018,93 years 02 months,465000.0
2024-08-01,WOODLANDS,3 ROOM,145,WOODLANDS ST 13,07 TO 09,68.0,New Generation,1985,59 years 08 months,388000.0
2024-08-01,WOODLANDS,3 ROOM,102,WOODLANDS ST 13,01 TO 03,67.0,New Generation,1985,59 years 09 months,385000.0
2024-08-01,WOODLANDS,3 ROOM,157,WOODLANDS ST 13,01 TO 03,73.0,Model A,1985,59 years 08 months,415000.0
2024-08-01,WOODLANDS,3 ROOM,145,WOODLANDS ST 13,07 TO 09,68.0,New Generation,1985,59 years 08 months,395000.0
2024-08-01,WOODLANDS,3 ROOM,102,WOODLANDS ST 13,07 TO 09,67.0,New Generation,1985,59 years 09 months,408000.0
2024-08-01,WOODLANDS,3 ROOM,145,WOODLANDS ST 13,01 TO 03,68.0,New Generation,1985,59 years 09 months,371000.0
2024-08-01,WOODLANDS,3 ROOM,185B,WOODLANDS ST 13,07 TO 09,68.0,Model A,2019,94 years 03 months,500000.0
2024-08-01,WOODLANDS,3 ROOM,101,WOODLANDS ST 13,01 TO 03,67.0,New Generation,1985,59 years 09 months,365000.0
2024-08-01,WOODLANDS,4 ROOM,202,MARSILING DR,10 TO 12,93.0,New Generation,1981,55 years 11 months,420000.0
2024-08-01,WOODLANDS,4 ROOM,28,MARSILING DR,01 TO 03,97.0,New Generation,1977,51 years 09 months,421500.0
2024-08-01,WOODLANDS,4 ROOM,205,MARSILING DR,01 TO 03,91.0,New Generation,1980,55 years 03 months,420000.0
2024-08-01,WOODLANDS,4 ROOM,12A,MARSILING LANE,19 TO 21,94.0,Model A,2013,87 years 11 months,589000.0
2024-08-01,WOODLANDS,4 ROOM,12B,MARSILING LANE,10 TO 12,93.0,Model A,2013,87 years 11 months,580000.0
2024-08-01,WOODLANDS,4 ROOM,12A,MARSILING LANE,13 TO 15,93.0,Model A,2013,87 years 11 months,557000.0
2024-08-01,WOODLANDS,4 ROOM,12A,MARSILING LANE,10 TO 12,93.0,Model A,2013,87 years 11 months,570000.0
2024-08-01,WOODLANDS,4 ROOM,12C,MARSILING LANE,10 TO 12,93.0,Model A,2013,87 years 10 months,566888.0
2024-08-01,WOODLANDS,4 ROOM,570C,WOODLANDS AVE 1,07 TO 09,92.0,Model A,2013,88 years 04 months,580000.0
2024-08-01,WOODLANDS,4 ROOM,354,WOODLANDS AVE 1,01 TO 03,105.0,Model A,1996,71 years,550000.0
2024-08-01,WOODLANDS,4 ROOM,350,WOODLANDS AVE 3,10 TO 12,84.0,Simplified,1988,62 years 10 months,500000.0
2024-08-01,WOODLANDS,4 ROOM,757,WOODLANDS AVE 4,04 TO 06,103.0,Model A,1997,72 years 05 months,533000.0
2024-08-01,WOODLANDS,4 ROOM,693C,WOODLANDS AVE 6,07 TO 09,92.0,Model A,2018,93 years 02 months,600000.0
2024-08-01,WOODLANDS,4 ROOM,791,WOODLANDS AVE 6,07 TO 09,100.0,Model A,1997,72 years 04 months,585000.0
2024-08-01,WOODLANDS,4 ROOM,627,WOODLANDS AVE 6,01 TO 03,96.0,Model A2,1998,73 years 01 month,530000.0
2024-08-01,WOODLANDS,4 ROOM,762,WOODLANDS AVE 6,04 TO 06,101.0,Model A,1998,72 years 07 months,522000.0
2024-08-01,WOODLANDS,4 ROOM,758,WOODLANDS AVE 6,10 TO 12,103.0,Model A,1998,72 years 07 months,550000.0
2024-08-01,WOODLANDS,4 ROOM,758,WOODLANDS AVE 6,07 TO 09,102.0,Model A,1998,72 years 07 months,530000.0
2024-08-01,WOODLANDS,4 ROOM,627,WOODLANDS AVE 6,07 TO 09,96.0,Model A2,1998,73 years 01 month,522000.0
2024-08-01,WOODLANDS,4 ROOM,743,WOODLANDS CIRCLE,01 TO 03,102.0,Model A2,1997,72 years 03 months,515000.0
2024-08-01,WOODLANDS,4 ROOM,764,WOODLANDS CIRCLE,07 TO 09,90.0,Model A,2003,77 years 11 months,528000.0
2024-08-01,WOODLANDS,4 ROOM,737,WOODLANDS CIRCLE,10 TO 12,91.0,Model A2,1998,72 years 07 months,495000.0
2024-08-01,WOODLANDS,4 ROOM,747,WOODLANDS CIRCLE,07 TO 09,101.0,Model A,1998,72 years 07 months,550000.0
2024-08-01,WOODLANDS,4 ROOM,744,WOODLANDS CIRCLE,07 TO 09,102.0,Model A,1998,72 years 05 months,556000.0
2024-08-01,WOODLANDS,4 ROOM,752,WOODLANDS CIRCLE,07 TO 09,102.0,Model A,1998,72 years 05 months,510000.0
2024-08-01,WOODLANDS,4 ROOM,513,WOODLANDS DR 14,01 TO 03,105.0,Premium Apartment,1999,73 years 08 months,581000.0
2024-08-01,WOODLANDS,4 ROOM,517,WOODLANDS DR 14,10 TO 12,104.0,Premium Apartment,2000,75 years 01 month,595000.0
2024-08-01,WOODLANDS,4 ROOM,544,WOODLANDS DR 16,04 TO 06,100.0,Model A,2000,75 years,510000.0
2024-08-01,WOODLANDS,4 ROOM,588,WOODLANDS DR 16,07 TO 09,91.0,Model A,2001,75 years 09 months,510000.0
2024-08-01,WOODLANDS,4 ROOM,701,WOODLANDS DR 40,07 TO 09,101.0,Model A,1996,71 years 03 months,532000.0
2024-08-01,WOODLANDS,4 ROOM,701,WOODLANDS DR 40,10 TO 12,100.0,Model A,1996,71 years 03 months,560000.0
2024-08-01,WOODLANDS,4 ROOM,549,WOODLANDS DR 44,04 TO 06,100.0,Model A,2000,74 years 10 months,530000.0
2024-08-01,WOODLANDS,4 ROOM,551,WOODLANDS DR 44,10 TO 12,100.0,Model A,2000,74 years 07 months,520000.0
2024-08-01,WOODLANDS,4 ROOM,898A,WOODLANDS DR 50,04 TO 06,99.0,Model A,1997,72 years,530000.0
2024-08-01,WOODLANDS,4 ROOM,890A,WOODLANDS DR 50,16 TO 18,93.0,Model A,2017,92 years,655000.0
2024-08-01,WOODLANDS,4 ROOM,889C,WOODLANDS DR 50,01 TO 03,93.0,Model A,2017,92 years,563000.0
2024-08-01,WOODLANDS,4 ROOM,889C,WOODLANDS DR 50,16 TO 18,93.0,Model A,2017,92 years,658888.0
2024-08-01,WOODLANDS,4 ROOM,886A,WOODLANDS DR 50,04 TO 06,92.0,Premium Apartment,2015,89 years 07 months,610000.0
2024-08-01,WOODLANDS,4 ROOM,895A,WOODLANDS DR 50,04 TO 06,99.0,Model A,1997,71 years 06 months,538000.0
2024-08-01,WOODLANDS,4 ROOM,620,WOODLANDS DR 52,07 TO 09,92.0,Model A2,1998,73 years,520000.0
2024-08-01,WOODLANDS,4 ROOM,620,WOODLANDS DR 52,10 TO 12,93.0,Model A2,1998,73 years 01 month,508000.0
2024-08-01,WOODLANDS,4 ROOM,619,WOODLANDS DR 52,01 TO 03,96.0,Model A2,1998,73 years 01 month,508000.0
2024-08-01,WOODLANDS,4 ROOM,619,WOODLANDS DR 52,01 TO 03,91.0,Model A2,1998,73 years,499000.0
2024-08-01,WOODLANDS,4 ROOM,620,WOODLANDS DR 52,01 TO 03,93.0,Model A2,1998,73 years,490000.0
2024-08-01,WOODLANDS,4 ROOM,786E,WOODLANDS DR 60,10 TO 12,91.0,Model A2,1997,72 years 01 month,510000.0
2024-08-01,WOODLANDS,4 ROOM,778,WOODLANDS DR 60,04 TO 06,100.0,Model A,1997,72 years 05 months,462000.0
2024-08-01,WOODLANDS,4 ROOM,681A,WOODLANDS DR 62,10 TO 12,101.0,Premium Apartment,2000,74 years 07 months,575000.0
2024-08-01,WOODLANDS,4 ROOM,694D,WOODLANDS DR 62,04 TO 06,92.0,Model A,2018,93 years 02 months,590000.0
2024-08-01,WOODLANDS,4 ROOM,681C,WOODLANDS DR 62,01 TO 03,105.0,Premium Apartment,2000,74 years 07 months,550000.0
2024-08-01,WOODLANDS,4 ROOM,694B,WOODLANDS DR 62,04 TO 06,93.0,Model A,2018,93 years 02 months,605888.0
2024-08-01,WOODLANDS,4 ROOM,694C,WOODLANDS DR 62,01 TO 03,93.0,Model A,2018,93 years 02 months,570000.0
2024-08-01,WOODLANDS,4 ROOM,717A,WOODLANDS DR 70,07 TO 09,88.0,Model A,2017,92 years 05 months,658888.0
2024-08-01,WOODLANDS,4 ROOM,691D,WOODLANDS DR 73,07 TO 09,93.0,Model A,2018,92 years 11 months,630000.0
2024-08-01,WOODLANDS,4 ROOM,688B,WOODLANDS DR 75,10 TO 12,90.0,Premium Apartment,2004,78 years 08 months,502000.0
2024-08-01,WOODLANDS,4 ROOM,689A,WOODLANDS DR 75,01 TO 03,90.0,Premium Apartment,2004,78 years 07 months,510000.0
2024-08-01,WOODLANDS,4 ROOM,688A,WOODLANDS DR 75,10 TO 12,90.0,Premium Apartment,2004,78 years 05 months,538000.0
2024-08-01,WOODLANDS,4 ROOM,609,WOODLANDS RING RD,04 TO 06,101.0,Model A,1998,73 years,535000.0
2024-08-01,WOODLANDS,4 ROOM,607,WOODLANDS RING RD,07 TO 09,101.0,Model A,1998,72 years 09 months,534000.0
2024-08-01,WOODLANDS,4 ROOM,643,WOODLANDS RING RD,04 TO 06,101.0,Model A,1998,73 years,550000.0
2024-08-01,WOODLANDS,4 ROOM,666,WOODLANDS RING RD,01 TO 03,86.0,Model A2,2000,75 years 02 months,510000.0
2024-08-01,WOODLANDS,4 ROOM,644,WOODLANDS RING RD,04 TO 06,101.0,Model A,1998,73 years,565000.0
2024-08-01,WOODLANDS,4 ROOM,785D,WOODLANDS RISE,04 TO 06,93.0,Model A,2018,93 years,580000.0
2024-08-01,WOODLANDS,4 ROOM,785C,WOODLANDS RISE,10 TO 12,93.0,Model A,2018,92 years 11 months,600000.0
2024-08-01,WOODLANDS,4 ROOM,105,WOODLANDS ST 13,07 TO 09,92.0,New Generation,1985,59 years 09 months,480000.0
2024-08-01,WOODLANDS,4 ROOM,110,WOODLANDS ST 13,07 TO 09,91.0,New Generation,1987,61 years 06 months,480000.0
2024-08-01,WOODLANDS,4 ROOM,183C,WOODLANDS ST 13,10 TO 12,93.0,Model A,2019,94 years 03 months,658000.0
2024-08-01,WOODLANDS,4 ROOM,156,WOODLANDS ST 13,01 TO 03,92.0,New Generation,1986,61 years 01 month,515000.0
2024-08-01,WOODLANDS,4 ROOM,329,WOODLANDS ST 32,04 TO 06,84.0,Simplified,1989,64 years 03 months,478000.0
2024-08-01,WOODLANDS,4 ROOM,321,WOODLANDS ST 32,07 TO 09,89.0,Simplified,1994,68 years 06 months,508000.0
2024-08-01,WOODLANDS,4 ROOM,427,WOODLANDS ST 41,04 TO 06,100.0,Model A,1997,71 years 08 months,495888.0
2024-08-01,WOODLANDS,4 ROOM,408,WOODLANDS ST 41,01 TO 03,106.0,Model A,1996,70 years 06 months,530000.0
2024-08-01,WOODLANDS,4 ROOM,425,WOODLANDS ST 41,07 TO 09,100.0,Model A,1997,71 years 08 months,528000.0
2024-08-01,WOODLANDS,4 ROOM,418,WOODLANDS ST 41,04 TO 06,106.0,Model A,1996,70 years 07 months,530000.0
2024-08-01,WOODLANDS,4 ROOM,429,WOODLANDS ST 41,01 TO 03,90.0,Simplified,1996,71 years,470000.0
2024-08-01,WOODLANDS,4 ROOM,840,WOODLANDS ST 82,10 TO 12,84.0,Simplified,1994,68 years 11 months,463000.0
2024-08-01,WOODLANDS,4 ROOM,842,WOODLANDS ST 82,04 TO 06,84.0,Simplified,1994,68 years 11 months,500000.0
2024-08-01,WOODLANDS,4 ROOM,842,WOODLANDS ST 82,04 TO 06,84.0,Simplified,1994,68 years 11 months,470000.0
2024-08-01,WOODLANDS,5 ROOM,5A,MARSILING DR,04 TO 06,110.0,Improved,2002,76 years 09 months,538000.0
2024-08-01,WOODLANDS,5 ROOM,142,MARSILING RD,04 TO 06,134.0,Model A,1995,69 years 09 months,675000.0
2024-08-01,WOODLANDS,5 ROOM,128,MARSILING RISE,07 TO 09,134.0,Model A,1995,69 years 08 months,685000.0
2024-08-01,WOODLANDS,5 ROOM,351,WOODLANDS AVE 1,01 TO 03,123.0,Improved,1996,71 years 02 months,630000.0
2024-08-01,WOODLANDS,5 ROOM,844,WOODLANDS AVE 4,04 TO 06,132.0,Model A,1996,71 years 01 month,628888.0
2024-08-01,WOODLANDS,5 ROOM,846,WOODLANDS AVE 4,07 TO 09,132.0,Model A,1996,71 years 01 month,735000.0
2024-08-01,WOODLANDS,5 ROOM,761,WOODLANDS AVE 6,01 TO 03,121.0,Improved,1998,72 years 07 months,600000.0
2024-08-01,WOODLANDS,5 ROOM,759,WOODLANDS AVE 6,01 TO 03,121.0,Improved,1998,72 years 09 months,590000.0
2024-08-01,WOODLANDS,5 ROOM,747,WOODLANDS CIRCLE,04 TO 06,121.0,Improved,1998,72 years 07 months,635000.0
2024-08-01,WOODLANDS,5 ROOM,738,WOODLANDS CIRCLE,01 TO 03,122.0,Improved,1998,72 years 06 months,610000.0
2024-08-01,WOODLANDS,5 ROOM,787E,WOODLANDS CRES,10 TO 12,120.0,Improved,1997,72 years 03 months,656000.0
2024-08-01,WOODLANDS,5 ROOM,777,WOODLANDS CRES,04 TO 06,120.0,Improved,1998,72 years 08 months,570000.0
2024-08-01,WOODLANDS,5 ROOM,787D,WOODLANDS CRES,04 TO 06,122.0,Improved,1997,72 years 02 months,695000.0
2024-08-01,WOODLANDS,5 ROOM,779,WOODLANDS CRES,01 TO 03,123.0,Improved,1997,72 years 03 months,575000.0
2024-08-01,WOODLANDS,5 ROOM,782A,WOODLANDS CRES,07 TO 09,112.0,Improved,2015,89 years 11 months,649000.0
2024-08-01,WOODLANDS,5 ROOM,532,WOODLANDS DR 14,01 TO 03,130.0,Premium Apartment,1999,74 years 02 months,650000.0
2024-08-01,WOODLANDS,5 ROOM,502,WOODLANDS DR 14,04 TO 06,122.0,Improved,1998,73 years 04 months,630000.0
2024-08-01,WOODLANDS,5 ROOM,545,WOODLANDS DR 16,10 TO 12,120.0,Improved,2000,75 years 02 months,668888.0
2024-08-01,WOODLANDS,5 ROOM,545,WOODLANDS DR 16,01 TO 03,121.0,Improved,2000,75 years 02 months,628000.0
2024-08-01,WOODLANDS,5 ROOM,586,WOODLANDS DR 16,10 TO 12,111.0,Improved,2001,75 years 11 months,622000.0
2024-08-01,WOODLANDS,5 ROOM,550,WOODLANDS DR 44,10 TO 12,120.0,Improved,2000,74 years 07 months,673000.0
2024-08-01,WOODLANDS,5 ROOM,550,WOODLANDS DR 44,07 TO 09,115.0,Improved,2000,74 years 07 months,640000.0
2024-08-01,WOODLANDS,5 ROOM,897A,WOODLANDS DR 50,01 TO 03,118.0,Improved,1997,72 years 02 months,590000.0
2024-08-01,WOODLANDS,5 ROOM,896A,WOODLANDS DR 50,01 TO 03,117.0,Improved,1997,71 years 06 months,578000.0
2024-08-01,WOODLANDS,5 ROOM,895C,WOODLANDS DR 50,04 TO 06,117.0,Improved,1997,71 years 06 months,653000.0
2024-08-01,WOODLANDS,5 ROOM,681C,WOODLANDS DR 62,04 TO 06,121.0,Premium Apartment,2000,74 years 07 months,650000.0
2024-08-01,WOODLANDS,5 ROOM,717,WOODLANDS DR 70,04 TO 06,120.0,Improved,1997,71 years 11 months,640000.0
2024-08-01,WOODLANDS,5 ROOM,671,WOODLANDS DR 71,04 TO 06,110.0,Improved,2000,75 years 04 months,610000.0
2024-08-01,WOODLANDS,5 ROOM,682D,WOODLANDS DR 73,07 TO 09,120.0,Premium Apartment,2000,74 years 07 months,628000.0
2024-08-01,WOODLANDS,5 ROOM,685C,WOODLANDS DR 73,01 TO 03,115.0,Premium Apartment,2002,77 years 05 months,550000.0
2024-08-01,WOODLANDS,5 ROOM,691D,WOODLANDS DR 73,13 TO 15,113.0,Improved,2018,92 years 11 months,780000.0
2024-08-01,WOODLANDS,5 ROOM,690F,WOODLANDS DR 75,10 TO 12,110.0,Premium Apartment,2004,78 years 06 months,595000.0
2024-08-01,WOODLANDS,5 ROOM,689F,WOODLANDS DR 75,04 TO 06,110.0,Premium Apartment,2004,78 years 06 months,515888.0
2024-08-01,WOODLANDS,5 ROOM,688C,WOODLANDS DR 75,07 TO 09,110.0,Premium Apartment,2004,78 years 08 months,600000.0
2024-08-01,WOODLANDS,5 ROOM,660,WOODLANDS RING RD,07 TO 09,121.0,Improved,1998,72 years 07 months,640000.0
2024-08-01,WOODLANDS,5 ROOM,607,WOODLANDS RING RD,07 TO 09,122.0,Improved,1998,72 years 09 months,635000.0
2024-08-01,WOODLANDS,5 ROOM,628B,WOODLANDS RING RD,04 TO 06,122.0,Improved,1998,73 years 03 months,625000.0
2024-08-01,WOODLANDS,5 ROOM,655,WOODLANDS RING RD,01 TO 03,121.0,Improved,1998,72 years 08 months,617000.0
2024-08-01,WOODLANDS,5 ROOM,629,WOODLANDS RING RD,07 TO 09,122.0,Improved,1998,73 years 01 month,640000.0
2024-08-01,WOODLANDS,5 ROOM,183C,WOODLANDS ST 13,13 TO 15,113.0,Improved,2019,94 years 03 months,790000.0
2024-08-01,WOODLANDS,5 ROOM,173,WOODLANDS ST 13,01 TO 03,125.0,Improved,1989,63 years 08 months,568888.0
2024-08-01,WOODLANDS,5 ROOM,306,WOODLANDS ST 31,01 TO 03,132.0,Model A,1993,67 years 07 months,620000.0
2024-08-01,WOODLANDS,5 ROOM,873,WOODLANDS ST 81,10 TO 12,136.0,Model A,1996,70 years 09 months,688000.0
2024-08-01,WOODLANDS,5 ROOM,879,WOODLANDS ST 82,10 TO 12,125.0,Improved,1996,70 years 11 months,645000.0
2024-08-01,WOODLANDS,5 ROOM,881,WOODLANDS ST 82,04 TO 06,125.0,Improved,1996,70 years 11 months,640000.0
2024-08-01,WOODLANDS,EXECUTIVE,124,MARSILING RISE,13 TO 15,168.0,Apartment,1995,69 years 08 months,1000000.0
2024-08-01,WOODLANDS,EXECUTIVE,308,WOODLANDS AVE 1,07 TO 09,189.0,Apartment,1994,68 years 06 months,1000000.0
2024-08-01,WOODLANDS,EXECUTIVE,307,WOODLANDS AVE 1,04 TO 06,192.0,Apartment,1994,68 years 06 months,1050000.0
2024-08-01,WOODLANDS,EXECUTIVE,357,WOODLANDS AVE 5,07 TO 09,143.0,Apartment,1996,71 years 02 months,855000.0
2024-08-01,WOODLANDS,EXECUTIVE,357,WOODLANDS AVE 5,04 TO 06,144.0,Apartment,1996,71 years 02 months,845000.0
2024-08-01,WOODLANDS,EXECUTIVE,356,WOODLANDS AVE 5,04 TO 06,144.0,Apartment,1996,71 years 01 month,875000.0
2024-08-01,WOODLANDS,EXECUTIVE,789,WOODLANDS AVE 6,13 TO 15,143.0,Apartment,1997,72 years 03 months,830000.0
2024-08-01,WOODLANDS,EXECUTIVE,788D,WOODLANDS CRES,10 TO 12,143.0,Maisonette,1999,73 years 09 months,855000.0
2024-08-01,WOODLANDS,EXECUTIVE,513,WOODLANDS DR 14,10 TO 12,147.0,Premium Apartment,1999,73 years 07 months,879000.0
2024-08-01,WOODLANDS,EXECUTIVE,583,WOODLANDS DR 16,07 TO 09,131.0,Apartment,2001,75 years 10 months,780000.0
2024-08-01,WOODLANDS,EXECUTIVE,656,WOODLANDS RING RD,10 TO 12,144.0,Maisonette,1998,72 years 08 months,835000.0
2024-08-01,WOODLANDS,EXECUTIVE,658,WOODLANDS RING RD,04 TO 06,140.0,Apartment,1998,72 years 08 months,830000.0
2024-08-01,WOODLANDS,EXECUTIVE,647,WOODLANDS RING RD,07 TO 09,141.0,Apartment,1998,73 years 01 month,850000.0
2024-08-01,WOODLANDS,EXECUTIVE,658,WOODLANDS RING RD,04 TO 06,144.0,Maisonette,1998,72 years 08 months,790000.0
2024-08-01,WOODLANDS,EXECUTIVE,322,WOODLANDS ST 32,10 TO 12,172.0,Apartment,1994,68 years 09 months,958000.0
2024-08-01,WOODLANDS,EXECUTIVE,325,WOODLANDS ST 32,10 TO 12,163.0,Apartment,1995,69 years 06 months,928000.0
2024-08-01,WOODLANDS,EXECUTIVE,328,WOODLANDS ST 32,10 TO 12,152.0,Apartment,1994,68 years 09 months,920000.0
2024-08-01,WOODLANDS,EXECUTIVE,804,WOODLANDS ST 81,04 TO 06,146.0,Maisonette,1988,63 years 04 months,870000.0
2024-08-01,WOODLANDS,EXECUTIVE,805,WOODLANDS ST 81,07 TO 09,192.0,Apartment,1994,68 years 07 months,1108000.0
2024-08-01,WOODLANDS,EXECUTIVE,804,WOODLANDS ST 81,04 TO 06,146.0,Maisonette,1988,63 years 04 months,860000.0
2024-08-01,WOODLANDS,EXECUTIVE,804,WOODLANDS ST 81,10 TO 12,149.0,Maisonette,1988,63 years 04 months,893000.0
2024-08-01,WOODLANDS,EXECUTIVE,850,WOODLANDS ST 82,10 TO 12,179.0,Apartment,1995,69 years 11 months,1080000.0
2024-08-01,WOODLANDS,EXECUTIVE,867,WOODLANDS ST 83,10 TO 12,145.0,Apartment,1996,70 years 08 months,830000.0
2024-08-01,WOODLANDS,EXECUTIVE,865,WOODLANDS ST 83,01 TO 03,146.0,Apartment,1996,70 years 07 months,735000.0
2024-08-01,YISHUN,2 ROOM,424B,YISHUN AVE 11,07 TO 09,47.0,2-room,2015,90 years 06 months,345000.0
2024-08-01,YISHUN,2 ROOM,469B,YISHUN ST 43,10 TO 12,47.0,Model A,2019,94 years 04 months,363000.0
2024-08-01,YISHUN,2 ROOM,469A,YISHUN ST 43,10 TO 12,47.0,Model A,2019,94 years 03 months,370000.0
2024-08-01,YISHUN,3 ROOM,345,YISHUN AVE 11,10 TO 12,74.0,Model A,1988,63 years 02 months,414000.0
2024-08-01,YISHUN,3 ROOM,348D,YISHUN AVE 11,16 TO 18,67.0,DBSS,2013,88 years 03 months,573000.0
2024-08-01,YISHUN,3 ROOM,774,YISHUN AVE 3,04 TO 06,64.0,Simplified,1987,61 years 07 months,390000.0
2024-08-01,YISHUN,3 ROOM,671B,YISHUN AVE 4,01 TO 03,68.0,Model A,2018,92 years 06 months,450000.0
2024-08-01,YISHUN,3 ROOM,506C,YISHUN AVE 4,04 TO 06,68.0,Model A,2018,92 years 08 months,465000.0
2024-08-01,YISHUN,3 ROOM,671A,YISHUN AVE 4,01 TO 03,68.0,Model A,2018,92 years 05 months,458000.0
2024-08-01,YISHUN,3 ROOM,708,YISHUN AVE 5,04 TO 06,67.0,New Generation,1984,58 years 11 months,383888.0
2024-08-01,YISHUN,3 ROOM,704,YISHUN AVE 5,10 TO 12,68.0,New Generation,1984,58 years 06 months,412000.0
2024-08-01,YISHUN,3 ROOM,706,YISHUN AVE 5,04 TO 06,82.0,New Generation,1984,58 years 06 months,438888.0
2024-08-01,YISHUN,3 ROOM,707,YISHUN AVE 5,01 TO 03,82.0,New Generation,1984,58 years 08 months,430000.0
2024-08-01,YISHUN,3 ROOM,741,YISHUN AVE 5,10 TO 12,67.0,New Generation,1985,59 years 05 months,440000.0
2024-08-01,YISHUN,3 ROOM,709,YISHUN AVE 5,01 TO 03,82.0,New Generation,1984,58 years 08 months,440000.0
2024-08-01,YISHUN,3 ROOM,462A,YISHUN AVE 6,04 TO 06,68.0,Model A,2019,94 years 01 month,460000.0
2024-08-01,YISHUN,3 ROOM,462D,YISHUN AVE 6,07 TO 09,68.0,Model A,2019,94 years 01 month,481000.0
2024-08-01,YISHUN,3 ROOM,462A,YISHUN AVE 6,04 TO 06,68.0,Model A,2019,94 years 01 month,435000.0
2024-08-01,YISHUN,3 ROOM,110,YISHUN RING RD,04 TO 06,64.0,Simplified,1986,60 years 08 months,375000.0
2024-08-01,YISHUN,3 ROOM,242,YISHUN RING RD,01 TO 03,67.0,New Generation,1986,60 years 06 months,400000.0
2024-08-01,YISHUN,3 ROOM,813B,YISHUN RING RD,04 TO 06,67.0,Model A,2018,92 years 10 months,550000.0
2024-08-01,YISHUN,3 ROOM,113,YISHUN RING RD,07 TO 09,64.0,Simplified,1986,60 years 08 months,420000.0
2024-08-01,YISHUN,3 ROOM,353,YISHUN RING RD,10 TO 12,74.0,Model A,1989,63 years 06 months,420000.0
2024-08-01,YISHUN,3 ROOM,116,YISHUN RING RD,07 TO 09,74.0,Model A,1983,57 years 11 months,420000.0
2024-08-01,YISHUN,3 ROOM,237,YISHUN RING RD,01 TO 03,67.0,New Generation,1985,59 years 10 months,408000.0
2024-08-01,YISHUN,3 ROOM,849,YISHUN RING RD,04 TO 06,60.0,Model A,1999,74 years,458000.0
2024-08-01,YISHUN,3 ROOM,622,YISHUN RING RD,10 TO 12,73.0,Model A,1987,62 years 02 months,495000.0
2024-08-01,YISHUN,3 ROOM,128,YISHUN ST 11,07 TO 09,74.0,Model A,1985,59 years 07 months,401000.0
2024-08-01,YISHUN,3 ROOM,157,YISHUN ST 11,07 TO 09,67.0,New Generation,1985,60 years 03 months,428000.0
2024-08-01,YISHUN,3 ROOM,146,YISHUN ST 11,01 TO 03,67.0,New Generation,1985,59 years 08 months,405000.0
2024-08-01,YISHUN,3 ROOM,274,YISHUN ST 22,10 TO 12,74.0,Model A,1986,60 years 07 months,428000.0
2024-08-01,YISHUN,3 ROOM,271,YISHUN ST 22,01 TO 03,70.0,Simplified,1985,59 years 11 months,430000.0
2024-08-01,YISHUN,3 ROOM,335A,YISHUN ST 31,13 TO 15,67.0,Model A,2015,90 years 04 months,462000.0
2024-08-01,YISHUN,3 ROOM,455,YISHUN ST 41,10 TO 12,67.0,Model A,2013,88 years 01 month,480000.0
2024-08-01,YISHUN,3 ROOM,513A,YISHUN ST 51,04 TO 06,68.0,Model A,2018,92 years 07 months,455000.0
2024-08-01,YISHUN,3 ROOM,728,YISHUN ST 71,04 TO 06,64.0,Simplified,1987,61 years 06 months,350000.0
2024-08-01,YISHUN,3 ROOM,736,YISHUN ST 72,10 TO 12,67.0,New Generation,1984,59 years 03 months,420000.0
2024-08-01,YISHUN,4 ROOM,431B,YISHUN AVE 1,04 TO 06,92.0,Model A,2015,90 years 02 months,538000.0
2024-08-01,YISHUN,4 ROOM,432C,YISHUN AVE 1,01 TO 03,92.0,Model A,2015,90 years 02 months,550000.0
2024-08-01,YISHUN,4 ROOM,431B,YISHUN AVE 1,04 TO 06,92.0,Model A,2015,90 years 01 month,545000.0
2024-08-01,YISHUN,4 ROOM,432B,YISHUN AVE 1,07 TO 09,92.0,Model A,2015,90 years 02 months,575000.0
2024-08-01,YISHUN,4 ROOM,346,YISHUN AVE 11,10 TO 12,108.0,Model A,1988,63 years 01 month,550000.0
2024-08-01,YISHUN,4 ROOM,347B,YISHUN AVE 11,10 TO 12,92.0,DBSS,2013,88 years 02 months,765000.0
2024-08-01,YISHUN,4 ROOM,424D,YISHUN AVE 11,07 TO 09,92.0,Model A,2015,90 years 05 months,570000.0
2024-08-01,YISHUN,4 ROOM,347A,YISHUN AVE 11,01 TO 03,92.0,DBSS,2013,88 years 02 months,660000.0
2024-08-01,YISHUN,4 ROOM,776,YISHUN AVE 2,04 TO 06,83.0,Simplified,1986,60 years 10 months,475000.0
2024-08-01,YISHUN,4 ROOM,773,YISHUN AVE 3,01 TO 03,84.0,Simplified,1987,61 years 06 months,483000.0
2024-08-01,YISHUN,4 ROOM,766,YISHUN AVE 3,01 TO 03,104.0,Model A,1985,60 years 01 month,538000.0
2024-08-01,YISHUN,4 ROOM,509B,YISHUN AVE 4,10 TO 12,93.0,Model A,2018,92 years 10 months,600000.0
2024-08-01,YISHUN,4 ROOM,509C,YISHUN AVE 4,01 TO 03,93.0,Model A,2018,92 years 09 months,555000.0
2024-08-01,YISHUN,4 ROOM,675A,YISHUN AVE 4,13 TO 15,93.0,Model A,2018,93 years 04 months,640000.0
2024-08-01,YISHUN,4 ROOM,653,YISHUN AVE 4,04 TO 06,84.0,Simplified,1987,61 years 06 months,480000.0
2024-08-01,YISHUN,4 ROOM,704,YISHUN AVE 5,01 TO 03,93.0,New Generation,1984,58 years 06 months,450000.0
2024-08-01,YISHUN,4 ROOM,705,YISHUN AVE 5,04 TO 06,92.0,New Generation,1984,58 years 11 months,480000.0
2024-08-01,YISHUN,4 ROOM,462B,YISHUN AVE 6,04 TO 06,93.0,Model A,2019,94 years 01 month,585000.0
2024-08-01,YISHUN,4 ROOM,408,YISHUN AVE 6,07 TO 09,104.0,Model A,1988,63 years,522888.0
2024-08-01,YISHUN,4 ROOM,462A,YISHUN AVE 6,07 TO 09,93.0,Model A,2019,94 years 01 month,565000.0
2024-08-01,YISHUN,4 ROOM,286,YISHUN AVE 6,01 TO 03,105.0,Model A,1987,62 years,496000.0
2024-08-01,YISHUN,4 ROOM,390,YISHUN AVE 6,10 TO 12,104.0,Model A,1988,63 years 01 month,525500.0
2024-08-01,YISHUN,4 ROOM,404,YISHUN AVE 6,07 TO 09,104.0,Model A,1988,63 years 02 months,540000.0
2024-08-01,YISHUN,4 ROOM,389,YISHUN AVE 6,07 TO 09,84.0,Simplified,1988,62 years 09 months,470000.0
2024-08-01,YISHUN,4 ROOM,173,YISHUN AVE 7,04 TO 06,83.0,Simplified,1987,62 years 03 months,470000.0
2024-08-01,YISHUN,4 ROOM,247,YISHUN AVE 9,01 TO 03,84.0,Simplified,1985,60 years 02 months,450000.0
2024-08-01,YISHUN,4 ROOM,245,YISHUN AVE 9,01 TO 03,84.0,Simplified,1985,59 years 10 months,455000.0
2024-08-01,YISHUN,4 ROOM,316C,YISHUN AVE 9,07 TO 09,92.0,Model A,2015,90 years 03 months,608000.0
2024-08-01,YISHUN,4 ROOM,254,YISHUN RING RD,07 TO 09,84.0,Simplified,1985,60 years 01 month,470000.0
2024-08-01,YISHUN,4 ROOM,312,YISHUN RING RD,04 TO 06,104.0,Model A,1987,61 years 11 months,520000.0
2024-08-01,YISHUN,4 ROOM,450,YISHUN RING RD,04 TO 06,92.0,Model A,2012,87 years 01 month,589168.0
2024-08-01,YISHUN,4 ROOM,331,YISHUN RING RD,04 TO 06,108.0,Model A,1988,63 years 04 months,525000.0
2024-08-01,YISHUN,4 ROOM,800,YISHUN RING RD,07 TO 09,84.0,Simplified,1987,61 years 06 months,510000.0
2024-08-01,YISHUN,4 ROOM,115A,YISHUN RING RD,04 TO 06,91.0,Model A,2001,76 years,500000.0
2024-08-01,YISHUN,4 ROOM,362,YISHUN RING RD,07 TO 09,105.0,Model A,1988,63 years 04 months,550000.0
2024-08-01,YISHUN,4 ROOM,452,YISHUN RING RD,07 TO 09,92.0,Model A,2012,87 years 01 month,550000.0
2024-08-01,YISHUN,4 ROOM,366,YISHUN RING RD,04 TO 06,104.0,Model A,1988,63 years 01 month,536688.0
2024-08-01,YISHUN,4 ROOM,243,YISHUN RING RD,04 TO 06,84.0,Simplified,1985,60 years 02 months,490000.0
2024-08-01,YISHUN,4 ROOM,386,YISHUN RING RD,01 TO 03,104.0,Model A,1988,63 years,510000.0
2024-08-01,YISHUN,4 ROOM,806,YISHUN RING RD,07 TO 09,108.0,Model A,1987,61 years 08 months,550000.0
2024-08-01,YISHUN,4 ROOM,807,YISHUN RING RD,01 TO 03,84.0,Simplified,1986,61 years 02 months,480000.0
2024-08-01,YISHUN,4 ROOM,132,YISHUN ST 11,01 TO 03,108.0,Model A,1985,59 years 07 months,505000.0
2024-08-01,YISHUN,4 ROOM,132,YISHUN ST 11,10 TO 12,104.0,Model A,1985,59 years 07 months,588888.0
2024-08-01,YISHUN,4 ROOM,131,YISHUN ST 11,04 TO 06,105.0,Model A,1985,59 years 07 months,560000.0
2024-08-01,YISHUN,4 ROOM,148,YISHUN ST 11,10 TO 12,95.0,New Generation,1985,60 years 02 months,518888.0
2024-08-01,YISHUN,4 ROOM,131,YISHUN ST 11,10 TO 12,104.0,Model A,1985,59 years 07 months,530000.0
2024-08-01,YISHUN,4 ROOM,227,YISHUN ST 21,04 TO 06,93.0,New Generation,1985,60 years 03 months,505000.0
2024-08-01,YISHUN,4 ROOM,209,YISHUN ST 21,10 TO 12,98.0,New Generation,1985,59 years 11 months,568888.0
2024-08-01,YISHUN,4 ROOM,223,YISHUN ST 21,04 TO 06,91.0,New Generation,1986,60 years 05 months,515000.0
2024-08-01,YISHUN,4 ROOM,272,YISHUN ST 22,04 TO 06,84.0,Simplified,1987,61 years 11 months,470000.0
2024-08-01,YISHUN,4 ROOM,262,YISHUN ST 22,04 TO 06,84.0,Simplified,1985,60 years 02 months,456000.0
2024-08-01,YISHUN,4 ROOM,265,YISHUN ST 22,01 TO 03,84.0,Simplified,1986,61 years 04 months,460000.0
2024-08-01,YISHUN,4 ROOM,272,YISHUN ST 22,01 TO 03,84.0,Simplified,1987,61 years 10 months,435000.0
2024-08-01,YISHUN,4 ROOM,276,YISHUN ST 22,10 TO 12,84.0,Simplified,1985,60 years 02 months,455000.0
2024-08-01,YISHUN,4 ROOM,280,YISHUN ST 22,04 TO 06,84.0,Simplified,1985,59 years 10 months,488888.0
2024-08-01,YISHUN,4 ROOM,265,YISHUN ST 22,07 TO 09,84.0,Simplified,1986,61 years 03 months,470000.0
2024-08-01,YISHUN,4 ROOM,260,YISHUN ST 22,04 TO 06,84.0,Simplified,1985,60 years,465000.0
2024-08-01,YISHUN,4 ROOM,336C,YISHUN ST 31,07 TO 09,92.0,Model A,2015,90 years 04 months,565000.0
2024-08-01,YISHUN,4 ROOM,335C,YISHUN ST 31,07 TO 09,92.0,Model A,2015,90 years 04 months,585000.0
2024-08-01,YISHUN,4 ROOM,453,YISHUN ST 41,10 TO 12,93.0,Model A,2013,88 years 01 month,575000.0
2024-08-01,YISHUN,4 ROOM,454,YISHUN ST 41,01 TO 03,93.0,Model A,2013,88 years 01 month,540000.0
2024-08-01,YISHUN,4 ROOM,457,YISHUN ST 41,04 TO 06,93.0,Model A,2013,88 years 01 month,560000.0
2024-08-01,YISHUN,4 ROOM,468A,YISHUN ST 43,07 TO 09,93.0,Model A,2019,94 years 05 months,580000.0
2024-08-01,YISHUN,4 ROOM,468A,YISHUN ST 43,04 TO 06,93.0,Model A,2019,94 years 04 months,568000.0
2024-08-01,YISHUN,4 ROOM,469A,YISHUN ST 43,04 TO 06,93.0,Model A,2019,94 years 03 months,575000.0
2024-08-01,YISHUN,4 ROOM,505D,YISHUN ST 51,04 TO 06,92.0,Model A,2016,90 years 08 months,545000.0
2024-08-01,YISHUN,4 ROOM,511C,YISHUN ST 51,07 TO 09,93.0,Model A,2017,92 years 01 month,570088.0
2024-08-01,YISHUN,4 ROOM,512B,YISHUN ST 51,07 TO 09,93.0,Model A,2017,92 years 01 month,610000.0
2024-08-01,YISHUN,4 ROOM,505D,YISHUN ST 51,07 TO 09,93.0,Model A,2016,90 years 08 months,583888.0
2024-08-01,YISHUN,4 ROOM,640A,YISHUN ST 61,01 TO 03,91.0,New Generation,1992,66 years 11 months,485000.0
2024-08-01,YISHUN,4 ROOM,602,YISHUN ST 61,01 TO 03,88.0,Simplified,1987,61 years 10 months,478000.0
2024-08-01,YISHUN,4 ROOM,642,YISHUN ST 61,01 TO 03,84.0,Simplified,1986,61 years 03 months,470000.0
2024-08-01,YISHUN,4 ROOM,638,YISHUN ST 61,07 TO 09,84.0,Simplified,1987,61 years 08 months,480000.0
2024-08-01,YISHUN,4 ROOM,613,YISHUN ST 61,04 TO 06,85.0,Simplified,1987,61 years 09 months,478000.0
2024-08-01,YISHUN,4 ROOM,634,YISHUN ST 61,07 TO 09,84.0,Simplified,1987,62 years 03 months,480000.0
2024-08-01,YISHUN,4 ROOM,762,YISHUN ST 72,10 TO 12,84.0,Simplified,1985,60 years 03 months,488000.0
2024-08-01,YISHUN,4 ROOM,737,YISHUN ST 72,07 TO 09,91.0,New Generation,1985,59 years 06 months,550000.0
2024-08-01,YISHUN,4 ROOM,756,YISHUN ST 72,07 TO 09,84.0,Simplified,1985,60 years 03 months,547000.0
2024-08-01,YISHUN,4 ROOM,764,YISHUN ST 72,04 TO 06,84.0,Simplified,1985,60 years 02 months,445000.0
2024-08-01,YISHUN,4 ROOM,737,YISHUN ST 72,01 TO 03,91.0,New Generation,1985,59 years 06 months,530000.0
2024-08-01,YISHUN,4 ROOM,752,YISHUN ST 72,10 TO 12,91.0,New Generation,1984,58 years 08 months,538000.0
2024-08-01,YISHUN,4 ROOM,737,YISHUN ST 72,01 TO 03,91.0,New Generation,1985,59 years 06 months,510000.0
2024-08-01,YISHUN,4 ROOM,866,YISHUN ST 81,10 TO 12,104.0,Model A,1988,62 years 07 months,570000.0
2024-08-01,YISHUN,4 ROOM,821,YISHUN ST 81,10 TO 12,104.0,Model A,1987,62 years 05 months,573000.0
2024-08-01,YISHUN,4 ROOM,868,YISHUN ST 81,07 TO 09,84.0,Simplified,1987,62 years 04 months,490000.0
2024-08-01,YISHUN,4 ROOM,867,YISHUN ST 81,10 TO 12,84.0,Simplified,1988,62 years 10 months,530000.0
2024-08-01,YISHUN,5 ROOM,432A,YISHUN AVE 1,04 TO 06,112.0,Improved,2015,90 years 02 months,670000.0
2024-08-01,YISHUN,5 ROOM,432C,YISHUN AVE 1,13 TO 15,112.0,Improved,2015,90 years 01 month,685000.0
2024-08-01,YISHUN,5 ROOM,347A,YISHUN AVE 11,16 TO 18,112.0,DBSS,2013,88 years 02 months,868888.0
2024-08-01,YISHUN,5 ROOM,348A,YISHUN AVE 11,04 TO 06,112.0,DBSS,2013,88 years 02 months,843000.0
2024-08-01,YISHUN,5 ROOM,658,YISHUN AVE 4,01 TO 03,121.0,Improved,1987,62 years 02 months,630000.0
2024-08-01,YISHUN,5 ROOM,860,YISHUN AVE 4,04 TO 06,122.0,Improved,1988,63 years 02 months,708000.0
2024-08-01,YISHUN,5 ROOM,508B,YISHUN AVE 4,01 TO 03,113.0,Improved,2018,92 years 09 months,680000.0
2024-08-01,YISHUN,5 ROOM,509B,YISHUN AVE 4,10 TO 12,113.0,Improved,2018,92 years 09 months,738000.0
2024-08-01,YISHUN,5 ROOM,863,YISHUN AVE 4,04 TO 06,122.0,Improved,1988,63 years,680000.0
2024-08-01,YISHUN,5 ROOM,508B,YISHUN AVE 4,07 TO 09,113.0,Improved,2018,92 years 09 months,710000.0
2024-08-01,YISHUN,5 ROOM,174,YISHUN AVE 7,10 TO 12,121.0,Improved,1987,62 years 03 months,630000.0
2024-08-01,YISHUN,5 ROOM,323,YISHUN CTRL,10 TO 12,122.0,Improved,1988,63 years 01 month,666000.0
2024-08-01,YISHUN,5 ROOM,931,YISHUN CTRL 1,01 TO 03,124.0,Improved,1993,67 years 07 months,680000.0
2024-08-01,YISHUN,5 ROOM,413,YISHUN RING RD,07 TO 09,123.0,Improved,1993,67 years 07 months,685000.0
2024-08-01,YISHUN,5 ROOM,775,YISHUN RING RD,01 TO 03,121.0,Improved,1986,60 years 11 months,570000.0
2024-08-01,YISHUN,5 ROOM,166,YISHUN RING RD,04 TO 06,121.0,Improved,1987,62 years 05 months,602000.0
2024-08-01,YISHUN,5 ROOM,786,YISHUN RING RD,07 TO 09,121.0,Improved,1987,62 years 05 months,668000.0
2024-08-01,YISHUN,5 ROOM,855,YISHUN RING RD,04 TO 06,122.0,Improved,1988,63 years 05 months,708000.0
2024-08-01,YISHUN,5 ROOM,620,YISHUN RING RD,04 TO 06,121.0,Improved,1987,62 years 03 months,668888.0
2024-08-01,YISHUN,5 ROOM,213,YISHUN ST 21,07 TO 09,121.0,Improved,1985,59 years 06 months,678000.0
2024-08-01,YISHUN,5 ROOM,221,YISHUN ST 21,04 TO 06,123.0,Improved,1985,59 years 11 months,639000.0
2024-08-01,YISHUN,5 ROOM,293,YISHUN ST 22,04 TO 06,133.0,Model A,1992,66 years 11 months,730000.0
2024-08-01,YISHUN,5 ROOM,504A,YISHUN ST 51,10 TO 12,112.0,Improved,2016,90 years 08 months,760000.0
2024-08-01,YISHUN,5 ROOM,511B,YISHUN ST 51,01 TO 03,113.0,Improved,2017,92 years 01 month,650000.0
2024-08-01,YISHUN,5 ROOM,501B,YISHUN ST 51,04 TO 06,112.0,Improved,2018,92 years 06 months,720000.0
2024-08-01,YISHUN,5 ROOM,644,YISHUN ST 61,07 TO 09,121.0,Improved,1988,62 years 11 months,650000.0
2024-08-01,YISHUN,5 ROOM,716,YISHUN ST 71,07 TO 09,131.0,Improved,1987,62 years 03 months,650000.0
2024-08-01,YISHUN,5 ROOM,760,YISHUN ST 72,10 TO 12,122.0,Improved,1987,61 years 09 months,652000.0
2024-08-01,YISHUN,5 ROOM,736,YISHUN ST 72,10 TO 12,134.0,Adjoined flat,1984,59 years 03 months,790000.0
2024-08-01,YISHUN,EXECUTIVE,324,YISHUN CTRL,07 TO 09,142.0,Apartment,1988,63 years,860000.0
2024-08-01,YISHUN,EXECUTIVE,326,YISHUN RING RD,10 TO 12,153.0,Maisonette,1988,63 years,950000.0
2024-08-01,YISHUN,EXECUTIVE,356,YISHUN RING RD,04 TO 06,146.0,Maisonette,1988,63 years 01 month,905000.0
2024-08-01,YISHUN,EXECUTIVE,356,YISHUN RING RD,01 TO 03,146.0,Maisonette,1988,63 years 01 month,868000.0
2024-08-01,YISHUN,EXECUTIVE,643,YISHUN ST 61,01 TO 03,146.0,Maisonette,1987,62 years 03 months,770000.0
2024-08-01,YISHUN,EXECUTIVE,824,YISHUN ST 81,01 TO 03,145.0,Apartment,1987,62 years 04 months,860888.0
2024-08-01,YISHUN,EXECUTIVE,824,YISHUN ST 81,04 TO 06,146.0,Maisonette,1987,62 years 04 months,1000000.0
2024-08-01,YISHUN,EXECUTIVE,824,YISHUN ST 81,01 TO 03,142.0,Apartment,1987,62 years 04 months,858888.0
2024-09-01,ANG MO KIO,2 ROOM,314,ANG MO KIO AVE 3,01 TO 03,44.0,Improved,1978,52 years 05 months,295000.0
2024-09-01,ANG MO KIO,2 ROOM,174,ANG MO KIO AVE 4,10 TO 12,45.0,Improved,1986,60 years 05 months,330000.0
2024-09-01,ANG MO KIO,2 ROOM,174,ANG MO KIO AVE 4,04 TO 06,45.0,Improved,1986,60 years 05 months,328000.0
2024-09-01,ANG MO KIO,3 ROOM,223,ANG MO KIO AVE 1,10 TO 12,82.0,New Generation,1978,52 years 05 months,515000.0
2024-09-01,ANG MO KIO,3 ROOM,331,ANG MO KIO AVE 1,01 TO 03,68.0,New Generation,1981,55 years 06 months,393000.0
2024-09-01,ANG MO KIO,3 ROOM,308A,ANG MO KIO AVE 1,16 TO 18,70.0,Model A,2012,87 years 01 month,660000.0
2024-09-01,ANG MO KIO,3 ROOM,320,ANG MO KIO AVE 1,04 TO 06,73.0,New Generation,1977,51 years 09 months,448000.0
2024-09-01,ANG MO KIO,3 ROOM,321,ANG MO KIO AVE 1,07 TO 09,88.0,New Generation,1977,51 years 10 months,490000.0
2024-09-01,ANG MO KIO,3 ROOM,308B,ANG MO KIO AVE 1,22 TO 24,70.0,Model A,2012,87 years 01 month,660000.0
2024-09-01,ANG MO KIO,3 ROOM,225,ANG MO KIO AVE 1,01 TO 03,67.0,New Generation,1978,52 years 05 months,365000.0
2024-09-01,ANG MO KIO,3 ROOM,330,ANG MO KIO AVE 1,01 TO 03,68.0,New Generation,1981,55 years 05 months,388000.0
2024-09-01,ANG MO KIO,3 ROOM,445,ANG MO KIO AVE 10,04 TO 06,67.0,New Generation,1979,54 years,438888.0
2024-09-01,ANG MO KIO,3 ROOM,473,ANG MO KIO AVE 10,13 TO 15,67.0,New Generation,1984,58 years 11 months,428000.0
2024-09-01,ANG MO KIO,3 ROOM,433,ANG MO KIO AVE 10,04 TO 06,67.0,New Generation,1979,53 years 05 months,408888.0
2024-09-01,ANG MO KIO,3 ROOM,449,ANG MO KIO AVE 10,04 TO 06,68.0,New Generation,1979,53 years 11 months,385000.0
2024-09-01,ANG MO KIO,3 ROOM,561,ANG MO KIO AVE 10,01 TO 03,68.0,New Generation,1980,54 years 05 months,395000.0
2024-09-01,ANG MO KIO,3 ROOM,471,ANG MO KIO AVE 10,10 TO 12,67.0,New Generation,1979,53 years 11 months,438000.0
2024-09-01,ANG MO KIO,3 ROOM,476,ANG MO KIO AVE 10,04 TO 06,82.0,New Generation,1979,53 years 11 months,482000.0
2024-09-01,ANG MO KIO,3 ROOM,444,ANG MO KIO AVE 10,01 TO 03,67.0,New Generation,1979,54 years,418000.0
2024-09-01,ANG MO KIO,3 ROOM,457,ANG MO KIO AVE 10,07 TO 09,75.0,New Generation,1980,54 years 05 months,410500.0
2024-09-01,ANG MO KIO,3 ROOM,558,ANG MO KIO AVE 10,07 TO 09,67.0,New Generation,1980,54 years 06 months,383000.0
2024-09-01,ANG MO KIO,3 ROOM,475,ANG MO KIO AVE 10,04 TO 06,67.0,New Generation,1979,53 years 11 months,386500.0
2024-09-01,ANG MO KIO,3 ROOM,577,ANG MO KIO AVE 10,07 TO 09,67.0,New Generation,1980,54 years 05 months,410000.0
2024-09-01,ANG MO KIO,3 ROOM,550,ANG MO KIO AVE 10,16 TO 18,68.0,New Generation,1981,55 years 05 months,425000.0
2024-09-01,ANG MO KIO,3 ROOM,302,ANG MO KIO AVE 3,07 TO 09,88.0,New Generation,1978,52 years 07 months,550000.0
2024-09-01,ANG MO KIO,3 ROOM,570,ANG MO KIO AVE 3,01 TO 03,67.0,New Generation,1979,53 years 09 months,390000.0
2024-09-01,ANG MO KIO,3 ROOM,328,ANG MO KIO AVE 3,10 TO 12,73.0,New Generation,1978,53 years 02 months,452888.0
2024-09-01,ANG MO KIO,3 ROOM,126,ANG MO KIO AVE 3,04 TO 06,67.0,New Generation,1978,53 years 01 month,370000.0
2024-09-01,ANG MO KIO,3 ROOM,127,ANG MO KIO AVE 3,04 TO 06,67.0,New Generation,1978,53 years 01 month,400000.0
2024-09-01,ANG MO KIO,3 ROOM,202,ANG MO KIO AVE 3,04 TO 06,67.0,New Generation,1977,51 years 08 months,415000.0
2024-09-01,ANG MO KIO,3 ROOM,232,ANG MO KIO AVE 3,01 TO 03,67.0,New Generation,1977,52 years 01 month,410000.0
2024-09-01,ANG MO KIO,3 ROOM,301,ANG MO KIO AVE 3,10 TO 12,73.0,New Generation,1978,52 years 07 months,458000.0
2024-09-01,ANG MO KIO,3 ROOM,424,ANG MO KIO AVE 3,04 TO 06,73.0,New Generation,1979,53 years 05 months,500000.0
2024-09-01,ANG MO KIO,3 ROOM,425,ANG MO KIO AVE 3,04 TO 06,73.0,New Generation,1979,53 years 05 months,470000.0
2024-09-01,ANG MO KIO,3 ROOM,607,ANG MO KIO AVE 4,10 TO 12,82.0,New Generation,1980,55 years 03 months,481800.0
2024-09-01,ANG MO KIO,3 ROOM,157,ANG MO KIO AVE 4,04 TO 06,82.0,New Generation,1980,55 years 03 months,488000.0
2024-09-01,ANG MO KIO,3 ROOM,632,ANG MO KIO AVE 4,01 TO 03,82.0,New Generation,1981,56 years 03 months,428000.0
2024-09-01,ANG MO KIO,3 ROOM,174,ANG MO KIO AVE 4,07 TO 09,60.0,Improved,1986,60 years 05 months,411000.0
2024-09-01,ANG MO KIO,3 ROOM,174,ANG MO KIO AVE 4,01 TO 03,61.0,Improved,1986,60 years 05 months,388000.0
2024-09-01,ANG MO KIO,3 ROOM,624,ANG MO KIO AVE 4,04 TO 06,82.0,New Generation,1980,55 years 01 month,483000.0
2024-09-01,ANG MO KIO,3 ROOM,157,ANG MO KIO AVE 4,04 TO 06,69.0,New Generation,1980,55 years 02 months,390000.0
2024-09-01,ANG MO KIO,3 ROOM,152,ANG MO KIO AVE 5,01 TO 03,68.0,New Generation,1981,55 years 09 months,370000.0
2024-09-01,ANG MO KIO,3 ROOM,605,ANG MO KIO AVE 5,07 TO 09,67.0,New Generation,1980,54 years 10 months,395000.0
2024-09-01,ANG MO KIO,3 ROOM,180,ANG MO KIO AVE 5,04 TO 06,68.0,New Generation,1981,55 years 08 months,420000.0
2024-09-01,ANG MO KIO,3 ROOM,524,ANG MO KIO AVE 5,04 TO 06,68.0,New Generation,1980,55 years,405000.0
2024-09-01,ANG MO KIO,3 ROOM,503,ANG MO KIO AVE 5,10 TO 12,68.0,New Generation,1981,55 years 05 months,455000.0
2024-09-01,ANG MO KIO,3 ROOM,611,ANG MO KIO AVE 5,01 TO 03,67.0,New Generation,1980,54 years 10 months,350000.0
2024-09-01,ANG MO KIO,3 ROOM,639,ANG MO KIO AVE 6,04 TO 06,68.0,New Generation,1980,55 years 01 month,425000.0
2024-09-01,ANG MO KIO,3 ROOM,506,ANG MO KIO AVE 8,10 TO 12,68.0,New Generation,1980,55 years,436000.0
2024-09-01,ANG MO KIO,3 ROOM,505,ANG MO KIO AVE 8,10 TO 12,68.0,New Generation,1980,55 years,398000.0
2024-09-01,ANG MO KIO,3 ROOM,455A,ANG MO KIO ST 44,13 TO 15,68.0,Model A,2018,92 years 07 months,670000.0
2024-09-01,ANG MO KIO,4 ROOM,303,ANG MO KIO AVE 1,04 TO 06,97.0,New Generation,1977,51 years 08 months,592000.0
2024-09-01,ANG MO KIO,4 ROOM,308B,ANG MO KIO AVE 1,07 TO 09,94.0,Model A,2012,87 years 01 month,900000.0
2024-09-01,ANG MO KIO,4 ROOM,307A,ANG MO KIO AVE 1,19 TO 21,88.0,Model A,2012,87 years 01 month,830000.0
2024-09-01,ANG MO KIO,4 ROOM,542,ANG MO KIO AVE 10,07 TO 09,93.0,New Generation,1981,55 years 05 months,540000.0
2024-09-01,ANG MO KIO,4 ROOM,467,ANG MO KIO AVE 10,13 TO 15,92.0,New Generation,1979,54 years 03 months,520000.0
2024-09-01,ANG MO KIO,4 ROOM,576,ANG MO KIO AVE 10,01 TO 03,91.0,New Generation,1980,54 years 05 months,505000.0
2024-09-01,ANG MO KIO,4 ROOM,324,ANG MO KIO AVE 3,07 TO 09,98.0,New Generation,1978,53 years 01 month,658000.0
2024-09-01,ANG MO KIO,4 ROOM,573,ANG MO KIO AVE 3,07 TO 09,92.0,New Generation,1979,53 years 09 months,555000.0
2024-09-01,ANG MO KIO,4 ROOM,573,ANG MO KIO AVE 3,10 TO 12,92.0,New Generation,1979,53 years 09 months,610888.0
2024-09-01,ANG MO KIO,4 ROOM,423,ANG MO KIO AVE 3,07 TO 09,108.0,Model A,1993,67 years 08 months,728000.0
2024-09-01,ANG MO KIO,4 ROOM,233,ANG MO KIO AVE 3,01 TO 03,92.0,New Generation,1977,52 years 01 month,525000.0
2024-09-01,ANG MO KIO,4 ROOM,108,ANG MO KIO AVE 4,04 TO 06,92.0,New Generation,1978,53 years,545000.0
2024-09-01,ANG MO KIO,4 ROOM,612,ANG MO KIO AVE 4,01 TO 03,91.0,New Generation,1980,55 years,455000.0
2024-09-01,ANG MO KIO,4 ROOM,175,ANG MO KIO AVE 4,01 TO 03,91.0,New Generation,1981,55 years 11 months,518000.0
2024-09-01,ANG MO KIO,4 ROOM,700B,ANG MO KIO AVE 6,22 TO 24,91.0,Model A,2003,78 years,938000.0
2024-09-01,ANG MO KIO,4 ROOM,354,ANG MO KIO ST 32,25 TO 27,95.0,Model A,2001,76 years 01 month,862000.0
2024-09-01,ANG MO KIO,4 ROOM,354,ANG MO KIO ST 32,01 TO 03,90.0,Model A,2001,76 years 01 month,710000.0
2024-09-01,ANG MO KIO,4 ROOM,352,ANG MO KIO ST 32,04 TO 06,95.0,Model A,2001,76 years 02 months,760000.0
2024-09-01,ANG MO KIO,4 ROOM,352,ANG MO KIO ST 32,10 TO 12,90.0,Model A,2001,76 years 02 months,722000.0
2024-09-01,ANG MO KIO,4 ROOM,353,ANG MO KIO ST 32,19 TO 21,90.0,Model A,2001,76 years 01 month,770000.0
2024-09-01,ANG MO KIO,4 ROOM,590B,ANG MO KIO ST 51,28 TO 30,93.0,Model A,2019,93 years 06 months,1080000.0
2024-09-01,ANG MO KIO,4 ROOM,588A,ANG MO KIO ST 52,07 TO 09,90.0,DBSS,2011,86 years,890000.0
2024-09-01,ANG MO KIO,4 ROOM,588B,ANG MO KIO ST 52,01 TO 03,90.0,DBSS,2011,85 years 11 months,905000.0
2024-09-01,ANG MO KIO,5 ROOM,305,ANG MO KIO AVE 1,10 TO 12,123.0,Standard,1977,51 years 11 months,790000.0
2024-09-01,ANG MO KIO,5 ROOM,306,ANG MO KIO AVE 1,07 TO 09,123.0,Standard,1977,51 years 11 months,755000.0
2024-09-01,ANG MO KIO,5 ROOM,310A,ANG MO KIO AVE 1,10 TO 12,121.0,Improved,2012,87 years 01 month,1250000.0
2024-09-01,ANG MO KIO,5 ROOM,310B,ANG MO KIO AVE 1,16 TO 18,121.0,Improved,2012,87 years 02 months,1280000.0
2024-09-01,ANG MO KIO,5 ROOM,111,ANG MO KIO AVE 4,04 TO 06,117.0,Improved,1978,53 years,692000.0
2024-09-01,ANG MO KIO,5 ROOM,716,ANG MO KIO AVE 6,16 TO 18,119.0,Improved,1980,54 years 10 months,760000.0
2024-09-01,ANG MO KIO,5 ROOM,315A,ANG MO KIO ST 31,19 TO 21,110.0,Improved,2006,80 years 08 months,955000.0
2024-09-01,ANG MO KIO,5 ROOM,352,ANG MO KIO ST 32,25 TO 27,110.0,Improved,2001,76 years 03 months,988000.0
2024-09-01,ANG MO KIO,5 ROOM,350,ANG MO KIO ST 32,13 TO 15,110.0,Improved,2001,76 years 04 months,988000.0
2024-09-01,ANG MO KIO,5 ROOM,455B,ANG MO KIO ST 44,07 TO 09,113.0,Improved,2018,92 years 07 months,1050000.0
2024-09-01,ANG MO KIO,5 ROOM,588D,ANG MO KIO ST 52,01 TO 03,117.0,DBSS,2011,86 years,975000.0
2024-09-01,ANG MO KIO,5 ROOM,596A,ANG MO KIO ST 52,22 TO 24,110.0,Improved,2002,77 years 04 months,1030000.0
2024-09-01,ANG MO KIO,5 ROOM,588B,ANG MO KIO ST 52,16 TO 18,112.0,DBSS,2011,86 years,1121000.0
2024-09-01,ANG MO KIO,EXECUTIVE,613,ANG MO KIO AVE 4,07 TO 09,147.0,Apartment,1996,70 years 09 months,1090000.0
2024-09-01,BEDOK,3 ROOM,221C,BEDOK CTRL,07 TO 09,69.0,Model A,2010,84 years 09 months,658000.0
2024-09-01,BEDOK,3 ROOM,424,BEDOK NTH AVE 1,01 TO 03,82.0,New Generation,1979,53 years 05 months,460000.0
2024-09-01,BEDOK,3 ROOM,521,BEDOK NTH AVE 1,01 TO 03,67.0,New Generation,1979,53 years 11 months,390000.0
2024-09-01,BEDOK,3 ROOM,521,BEDOK NTH AVE 1,01 TO 03,67.0,New Generation,1979,53 years 11 months,415000.0
2024-09-01,BEDOK,3 ROOM,412,BEDOK NTH AVE 2,01 TO 03,67.0,New Generation,1979,53 years 09 months,418000.0
2024-09-01,BEDOK,3 ROOM,401,BEDOK NTH AVE 3,01 TO 03,67.0,New Generation,1979,53 years 10 months,390000.0
2024-09-01,BEDOK,3 ROOM,102,BEDOK NTH AVE 4,07 TO 09,67.0,New Generation,1977,51 years 11 months,430000.0
2024-09-01,BEDOK,3 ROOM,100,BEDOK NTH AVE 4,13 TO 15,67.0,New Generation,1978,53 years 03 months,395000.0
2024-09-01,BEDOK,3 ROOM,116,BEDOK NTH RD,07 TO 09,73.0,New Generation,1978,52 years 10 months,440000.0
2024-09-01,BEDOK,3 ROOM,125,BEDOK NTH RD,07 TO 09,67.0,New Generation,1978,52 years 10 months,370000.0
2024-09-01,BEDOK,3 ROOM,425,BEDOK NTH RD,10 TO 12,67.0,New Generation,1979,53 years 05 months,470000.0
2024-09-01,BEDOK,3 ROOM,109,BEDOK NTH RD,10 TO 12,67.0,New Generation,1977,51 years 11 months,414000.0
2024-09-01,BEDOK,3 ROOM,77,BEDOK NTH RD,04 TO 06,60.0,Improved,1986,60 years 08 months,392000.0
2024-09-01,BEDOK,3 ROOM,419,BEDOK NTH ST 1,10 TO 12,68.0,New Generation,1979,53 years 05 months,470000.0
2024-09-01,BEDOK,3 ROOM,202,BEDOK NTH ST 1,01 TO 03,82.0,New Generation,1979,53 years 11 months,478000.0
2024-09-01,BEDOK,3 ROOM,218,BEDOK NTH ST 1,01 TO 03,68.0,New Generation,1980,54 years 06 months,430000.0
2024-09-01,BEDOK,3 ROOM,123,BEDOK NTH ST 2,04 TO 06,67.0,New Generation,1978,52 years 07 months,393000.0
2024-09-01,BEDOK,3 ROOM,546,BEDOK NTH ST 3,07 TO 09,82.0,New Generation,1980,54 years 10 months,465000.0
2024-09-01,BEDOK,3 ROOM,502,BEDOK NTH ST 3,01 TO 03,59.0,Improved,1978,52 years 08 months,335000.0
2024-09-01,BEDOK,3 ROOM,536,BEDOK NTH ST 3,07 TO 09,68.0,New Generation,1980,54 years 05 months,386000.0
2024-09-01,BEDOK,3 ROOM,542,BEDOK NTH ST 3,04 TO 06,67.0,New Generation,1985,60 years 02 months,390000.0
2024-09-01,BEDOK,3 ROOM,504,BEDOK NTH ST 3,10 TO 12,59.0,Improved,1978,52 years 08 months,370000.0
2024-09-01,BEDOK,3 ROOM,536,BEDOK NTH ST 3,01 TO 03,68.0,New Generation,1980,54 years 05 months,388000.0
2024-09-01,BEDOK,3 ROOM,533,BEDOK NTH ST 3,01 TO 03,82.0,New Generation,1980,54 years 05 months,425000.0
2024-09-01,BEDOK,3 ROOM,542,BEDOK NTH ST 3,07 TO 09,67.0,New Generation,1985,60 years 01 month,433000.0
2024-09-01,BEDOK,3 ROOM,502,BEDOK NTH ST 3,07 TO 09,59.0,Improved,1978,52 years 08 months,365000.0
2024-09-01,BEDOK,3 ROOM,748B,BEDOK RESERVOIR CRES,07 TO 09,67.0,DBSS,2014,88 years 11 months,640000.0
2024-09-01,BEDOK,3 ROOM,121,BEDOK RESERVOIR RD,04 TO 06,67.0,New Generation,1985,59 years 11 months,445000.0
2024-09-01,BEDOK,3 ROOM,143,BEDOK RESERVOIR RD,01 TO 03,70.0,Simplified,1987,61 years 05 months,485000.0
2024-09-01,BEDOK,3 ROOM,151,BEDOK RESERVOIR RD,01 TO 03,63.0,Simplified,1988,63 years 01 month,443888.0
2024-09-01,BEDOK,3 ROOM,701,BEDOK RESERVOIR RD,10 TO 12,68.0,New Generation,1980,55 years 03 months,428000.0
2024-09-01,BEDOK,3 ROOM,108,BEDOK RESERVOIR RD,01 TO 03,67.0,New Generation,1985,60 years,410000.0
2024-09-01,BEDOK,3 ROOM,23,BEDOK STH AVE 1,10 TO 12,73.0,New Generation,1977,51 years 09 months,445000.0
2024-09-01,BEDOK,3 ROOM,1,BEDOK STH AVE 1,04 TO 06,59.0,Improved,1976,50 years 05 months,380000.0
2024-09-01,BEDOK,3 ROOM,40,CHAI CHEE AVE,04 TO 06,65.0,Improved,1974,48 years 06 months,380000.0
2024-09-01,BEDOK,3 ROOM,808C,CHAI CHEE RD,10 TO 12,68.0,Model A,2016,91 years 03 months,570000.0
2024-09-01,BEDOK,3 ROOM,20,CHAI CHEE RD,04 TO 06,65.0,Improved,1972,46 years 11 months,343000.0
2024-09-01,BEDOK,3 ROOM,20,CHAI CHEE RD,10 TO 12,65.0,Improved,1972,46 years 11 months,385000.0
2024-09-01,BEDOK,3 ROOM,808C,CHAI CHEE RD,13 TO 15,68.0,Model A,2016,91 years 03 months,608000.0
2024-09-01,BEDOK,3 ROOM,24,NEW UPP CHANGI RD,07 TO 09,73.0,New Generation,1978,53 years 01 month,460000.0
2024-09-01,BEDOK,3 ROOM,28,NEW UPP CHANGI RD,04 TO 06,65.0,Improved,1977,51 years 09 months,385000.0
2024-09-01,BEDOK,3 ROOM,28,NEW UPP CHANGI RD,04 TO 06,65.0,Improved,1977,51 years 09 months,405000.0
2024-09-01,BEDOK,4 ROOM,219C,BEDOK CTRL,10 TO 12,94.0,Model A,2010,84 years 09 months,880000.0
2024-09-01,BEDOK,4 ROOM,548,BEDOK NTH AVE 1,04 TO 06,93.0,New Generation,1980,54 years 10 months,518000.0
2024-09-01,BEDOK,4 ROOM,518,BEDOK NTH AVE 2,10 TO 12,92.0,New Generation,1979,54 years,548000.0
2024-09-01,BEDOK,4 ROOM,404,BEDOK NTH AVE 3,04 TO 06,92.0,New Generation,1980,54 years 09 months,540000.0
2024-09-01,BEDOK,4 ROOM,93,BEDOK NTH AVE 4,10 TO 12,92.0,New Generation,1979,53 years 10 months,500000.0
2024-09-01,BEDOK,4 ROOM,105,BEDOK NTH AVE 4,01 TO 03,91.0,New Generation,1977,51 years 11 months,490000.0
2024-09-01,BEDOK,4 ROOM,706,BEDOK NTH RD,01 TO 03,91.0,New Generation,1980,55 years 03 months,545000.0
2024-09-01,BEDOK,4 ROOM,708,BEDOK NTH RD,07 TO 09,91.0,New Generation,1980,55 years 03 months,596000.0
2024-09-01,BEDOK,4 ROOM,185,BEDOK NTH RD,07 TO 09,92.0,Model A,2005,80 years 05 months,705000.0
2024-09-01,BEDOK,4 ROOM,124,BEDOK NTH RD,07 TO 09,83.0,New Generation,1978,52 years 09 months,480000.0
2024-09-01,BEDOK,4 ROOM,183,BEDOK NTH RD,04 TO 06,92.0,Model A,2005,80 years 04 months,708000.0
2024-09-01,BEDOK,4 ROOM,708,BEDOK NTH RD,04 TO 06,91.0,New Generation,1980,55 years 03 months,600000.0
2024-09-01,BEDOK,4 ROOM,182,BEDOK NTH RD,16 TO 18,92.0,Model A,2006,80 years 06 months,774000.0
2024-09-01,BEDOK,4 ROOM,705,BEDOK NTH RD,01 TO 03,91.0,New Generation,1980,55 years 03 months,480000.0
2024-09-01,BEDOK,4 ROOM,79,BEDOK NTH RD,07 TO 09,92.0,New Generation,1978,52 years 10 months,510000.0
2024-09-01,BEDOK,4 ROOM,421,BEDOK NTH RD,01 TO 03,92.0,New Generation,1979,53 years 05 months,510000.0
2024-09-01,BEDOK,4 ROOM,132,BEDOK NTH ST 2,13 TO 15,92.0,New Generation,1978,52 years 08 months,568000.0
2024-09-01,BEDOK,4 ROOM,187B,BEDOK NTH ST 4,16 TO 18,93.0,Model A,2018,93 years 04 months,860000.0
2024-09-01,BEDOK,4 ROOM,188D,BEDOK NTH ST 4,04 TO 06,93.0,Model A,2020,94 years 05 months,782000.0
2024-09-01,BEDOK,4 ROOM,134,BEDOK RESERVOIR RD,01 TO 03,84.0,Simplified,1987,61 years 10 months,490000.0
2024-09-01,BEDOK,4 ROOM,143,BEDOK RESERVOIR RD,01 TO 03,104.0,Model A,1987,61 years 05 months,570000.0
2024-09-01,BEDOK,4 ROOM,122,BEDOK RESERVOIR RD,07 TO 09,84.0,Simplified,1987,61 years 10 months,543000.0
2024-09-01,BEDOK,4 ROOM,722,BEDOK RESERVOIR RD,10 TO 12,107.0,Model A,1984,58 years 11 months,628000.0
2024-09-01,BEDOK,4 ROOM,120,BEDOK RESERVOIR RD,01 TO 03,91.0,New Generation,1985,60 years 01 month,535000.0
2024-09-01,BEDOK,4 ROOM,134,BEDOK RESERVOIR RD,10 TO 12,84.0,Simplified,1987,61 years 09 months,545000.0
2024-09-01,BEDOK,4 ROOM,151,BEDOK RESERVOIR RD,04 TO 06,88.0,Simplified,1988,63 years 01 month,530000.0
2024-09-01,BEDOK,4 ROOM,774,BEDOK RESERVOIR VIEW,13 TO 15,105.0,Premium Apartment,2000,75 years 05 months,738000.0
2024-09-01,BEDOK,4 ROOM,761,BEDOK RESERVOIR VIEW,16 TO 18,107.0,Premium Apartment,2000,75 years 04 months,820000.0
2024-09-01,BEDOK,4 ROOM,772,BEDOK RESERVOIR VIEW,13 TO 15,105.0,Premium Apartment,2000,75 years 04 months,760500.0
2024-09-01,BEDOK,4 ROOM,770,BEDOK RESERVOIR VIEW,07 TO 09,105.0,Premium Apartment,2000,75 years 04 months,755000.0
2024-09-01,BEDOK,4 ROOM,764,BEDOK RESERVOIR VIEW,13 TO 15,104.0,Premium Apartment,2000,75 years 04 months,778000.0
2024-09-01,BEDOK,4 ROOM,769,BEDOK RESERVOIR VIEW,16 TO 18,105.0,Premium Apartment,2000,75 years 04 months,818888.0
2024-09-01,BEDOK,4 ROOM,766,BEDOK RESERVOIR VIEW,04 TO 06,105.0,Premium Apartment,2000,75 years 04 months,640000.0
2024-09-01,BEDOK,4 ROOM,772,BEDOK RESERVOIR VIEW,13 TO 15,105.0,Premium Apartment,2000,75 years 04 months,758000.0
2024-09-01,BEDOK,4 ROOM,7,BEDOK STH AVE 2,10 TO 12,82.0,Improved,1976,50 years 05 months,470000.0
2024-09-01,BEDOK,4 ROOM,41,BEDOK STH RD,10 TO 12,84.0,Improved,1977,52 years 01 month,503000.0
2024-09-01,BEDOK,4 ROOM,807C,CHAI CHEE RD,13 TO 15,93.0,Model A,2016,91 years 03 months,790000.0
2024-09-01,BEDOK,4 ROOM,807A,CHAI CHEE RD,04 TO 06,93.0,Model A,2016,91 years 03 months,758000.0
2024-09-01,BEDOK,4 ROOM,650,JLN TENAGA,01 TO 03,107.0,Model A,1996,70 years 11 months,665000.0
2024-09-01,BEDOK,4 ROOM,64,NEW UPP CHANGI RD,10 TO 12,92.0,New Generation,1978,52 years 09 months,580000.0
2024-09-01,BEDOK,5 ROOM,553,BEDOK NTH AVE 1,04 TO 06,125.0,Improved,1980,54 years 10 months,615000.0
2024-09-01,BEDOK,5 ROOM,554,BEDOK NTH ST 3,01 TO 03,136.0,Adjoined flat,1980,54 years 10 months,868000.0
2024-09-01,BEDOK,5 ROOM,604,BEDOK RESERVOIR RD,07 TO 09,126.0,Improved,1982,56 years 09 months,648000.0
2024-09-01,BEDOK,5 ROOM,629,BEDOK RESERVOIR RD,01 TO 03,139.0,Model A,1993,67 years 09 months,760000.0
2024-09-01,BEDOK,5 ROOM,613,BEDOK RESERVOIR RD,04 TO 06,128.0,Improved,1981,55 years 08 months,630000.0
2024-09-01,BEDOK,5 ROOM,717,BEDOK RESERVOIR RD,07 TO 09,150.0,Model A-Maisonette,1984,58 years 05 months,930000.0
2024-09-01,BEDOK,5 ROOM,602,BEDOK RESERVOIR RD,01 TO 03,121.0,Improved,1982,56 years 09 months,600000.0
2024-09-01,BEDOK,5 ROOM,772,BEDOK RESERVOIR VIEW,10 TO 12,115.0,Premium Apartment,2000,75 years 04 months,816888.0
2024-09-01,BEDOK,5 ROOM,771,BEDOK RESERVOIR VIEW,13 TO 15,115.0,Premium Apartment,2000,75 years 04 months,835000.0
2024-09-01,BEDOK,5 ROOM,14,BEDOK STH AVE 2,04 TO 06,122.0,Improved,1995,70 years 04 months,835000.0
2024-09-01,BEDOK,5 ROOM,62,CHAI CHEE RD,07 TO 09,133.0,Model A,1983,58 years 02 months,688888.0
2024-09-01,BEDOK,5 ROOM,62,CHAI CHEE RD,04 TO 06,133.0,Model A,1983,58 years 01 month,630000.0
2024-09-01,BEDOK,5 ROOM,668,JLN DAMAI,07 TO 09,132.0,Model A,1996,71 years 03 months,940000.0
2024-09-01,BEDOK,5 ROOM,649,JLN TENAGA,07 TO 09,122.0,Improved,1993,67 years 09 months,777000.0
2024-09-01,BEDOK,5 ROOM,652,JLN TENAGA,04 TO 06,125.0,Improved,1996,71 years 02 months,792000.0
2024-09-01,BEDOK,5 ROOM,646,JLN TENAGA,04 TO 06,129.0,Improved,1993,67 years 09 months,820000.0
2024-09-01,BEDOK,5 ROOM,116,LENGKONG TIGA,13 TO 15,120.0,Improved,1989,63 years 06 months,975000.0
2024-09-01,BEDOK,5 ROOM,60,NEW UPP CHANGI RD,13 TO 15,115.0,Standard,1977,51 years 11 months,738888.0
2024-09-01,BEDOK,EXECUTIVE,636,BEDOK RESERVOIR RD,10 TO 12,145.0,Apartment,1993,67 years 09 months,1018000.0
2024-09-01,BEDOK,EXECUTIVE,104,LENGKONG TIGA,01 TO 03,146.0,Maisonette,1989,63 years 06 months,1060000.0
2024-09-01,BISHAN,3 ROOM,121,BISHAN ST 12,01 TO 03,64.0,Simplified,1986,60 years 10 months,503000.0
2024-09-01,BISHAN,3 ROOM,171,BISHAN ST 13,04 TO 06,64.0,Simplified,1988,62 years 05 months,520000.0
2024-09-01,BISHAN,3 ROOM,171,BISHAN ST 13,07 TO 09,64.0,Simplified,1988,62 years 05 months,508000.0
2024-09-01,BISHAN,3 ROOM,304,SHUNFU RD,07 TO 09,67.0,New Generation,1985,59 years 07 months,545000.0
2024-09-01,BISHAN,4 ROOM,150A,BISHAN ST 11,04 TO 06,93.0,Simplified,1989,63 years 06 months,645000.0
2024-09-01,BISHAN,4 ROOM,112,BISHAN ST 12,04 TO 06,84.0,Simplified,1985,59 years 10 months,662000.0
2024-09-01,BISHAN,4 ROOM,182,BISHAN ST 13,04 TO 06,83.0,Simplified,1987,62 years,700000.0
2024-09-01,BISHAN,4 ROOM,196,BISHAN ST 13,04 TO 06,84.0,Simplified,1987,61 years 04 months,738888.0
2024-09-01,BISHAN,4 ROOM,158,BISHAN ST 13,07 TO 09,104.0,Model A,1988,62 years 06 months,670000.0
2024-09-01,BISHAN,4 ROOM,225,BISHAN ST 23,10 TO 12,103.0,Model A,1992,66 years 11 months,780000.0
2024-09-01,BISHAN,4 ROOM,217,BISHAN ST 23,10 TO 12,103.0,Model A,1992,66 years 09 months,805888.0
2024-09-01,BISHAN,4 ROOM,221,BISHAN ST 23,16 TO 18,114.0,Model A,1992,67 years,888000.0
2024-09-01,BISHAN,4 ROOM,267,BISHAN ST 24,07 TO 09,108.0,Model A,1992,67 years,850000.0
2024-09-01,BISHAN,4 ROOM,272,BISHAN ST 24,07 TO 09,101.0,Model A,1992,66 years 11 months,793888.0
2024-09-01,BISHAN,4 ROOM,290,BISHAN ST 24,01 TO 03,102.0,Premium Apartment,1998,72 years 10 months,715000.0
2024-09-01,BISHAN,4 ROOM,25,SIN MING RD,01 TO 03,88.0,Improved,1974,48 years 11 months,442000.0
2024-09-01,BISHAN,5 ROOM,141,BISHAN ST 12,10 TO 12,130.0,Improved,1988,63 years,920000.0
2024-09-01,BISHAN,5 ROOM,164,BISHAN ST 13,04 TO 06,121.0,Improved,1988,63 years,858000.0
2024-09-01,BISHAN,5 ROOM,191,BISHAN ST 13,01 TO 03,121.0,Improved,1987,61 years 10 months,1038000.0
2024-09-01,BISHAN,5 ROOM,153,BISHAN ST 13,01 TO 03,121.0,Improved,1987,62 years 02 months,880000.0
2024-09-01,BISHAN,5 ROOM,288,BISHAN ST 24,13 TO 15,121.0,Premium Apartment,1998,72 years 10 months,980000.0
2024-09-01,BISHAN,5 ROOM,442,SIN MING AVE,19 TO 21,120.0,Improved,1990,64 years 07 months,1000888.0
2024-09-01,BISHAN,5 ROOM,444,SIN MING AVE,07 TO 09,125.0,Improved,1990,64 years 06 months,1028800.0
2024-09-01,BISHAN,EXECUTIVE,238,BISHAN ST 22,01 TO 03,146.0,Maisonette,1992,66 years 11 months,1200000.0
2024-09-01,BISHAN,EXECUTIVE,449,SIN MING AVE,10 TO 12,189.0,Maisonette,1990,64 years 07 months,1280000.0
2024-09-01,BUKIT BATOK,2 ROOM,292A,BT BATOK EAST AVE 6,07 TO 09,47.0,2-room,2019,93 years 06 months,350000.0
2024-09-01,BUKIT BATOK,2 ROOM,436A,BT BATOK WEST AVE 5,10 TO 12,47.0,Model A,2020,94 years 06 months,375000.0
2024-09-01,BUKIT BATOK,2 ROOM,438A,BT BATOK WEST AVE 8,07 TO 09,47.0,Model A,2020,94 years 06 months,357000.0
2024-09-01,BUKIT BATOK,2 ROOM,439A,BT BATOK WEST AVE 8,13 TO 15,47.0,2-room,2020,94 years 06 months,365000.0
2024-09-01,BUKIT BATOK,2 ROOM,439A,BT BATOK WEST AVE 8,13 TO 15,47.0,Model A,2020,94 years 06 months,368000.0
2024-09-01,BUKIT BATOK,2 ROOM,460C,BT BATOK WEST AVE 9,16 TO 18,48.0,2-room,2020,94 years 09 months,383000.0
2024-09-01,BUKIT BATOK,2 ROOM,460C,BT BATOK WEST AVE 9,07 TO 09,48.0,2-room,2020,94 years 09 months,363000.0
2024-09-01,BUKIT BATOK,2 ROOM,448A,BT BATOK WEST AVE 9,16 TO 18,47.0,Model A,2019,93 years 07 months,378000.0
2024-09-01,BUKIT BATOK,3 ROOM,265,BT BATOK EAST AVE 4,07 TO 09,69.0,New Generation,1985,60 years 02 months,412000.0
2024-09-01,BUKIT BATOK,3 ROOM,258,BT BATOK EAST AVE 4,04 TO 06,73.0,Model A,1985,59 years 07 months,420000.0
2024-09-01,BUKIT BATOK,3 ROOM,267,BT BATOK EAST AVE 4,01 TO 03,64.0,Simplified,1987,61 years 05 months,370000.0
2024-09-01,BUKIT BATOK,3 ROOM,269,BT BATOK EAST AVE 4,04 TO 06,64.0,Simplified,1986,61 years 02 months,382000.0
2024-09-01,BUKIT BATOK,3 ROOM,253,BT BATOK EAST AVE 5,04 TO 06,69.0,New Generation,1985,59 years 08 months,390000.0
2024-09-01,BUKIT BATOK,3 ROOM,249,BT BATOK EAST AVE 5,07 TO 09,73.0,Model A,1985,59 years 08 months,405000.0
2024-09-01,BUKIT BATOK,3 ROOM,238,BT BATOK EAST AVE 5,01 TO 03,67.0,New Generation,1986,61 years 03 months,410000.0
2024-09-01,BUKIT BATOK,3 ROOM,152,BT BATOK ST 11,01 TO 03,67.0,New Generation,1998,72 years 05 months,390000.0
2024-09-01,BUKIT BATOK,3 ROOM,213,BT BATOK ST 21,10 TO 12,82.0,New Generation,1984,59 years 04 months,452000.0
2024-09-01,BUKIT BATOK,3 ROOM,217,BT BATOK ST 21,01 TO 03,67.0,New Generation,1984,59 years 04 months,365000.0
2024-09-01,BUKIT BATOK,3 ROOM,377,BT BATOK ST 31,13 TO 15,67.0,Model A,2019,93 years 08 months,560000.0
2024-09-01,BUKIT BATOK,3 ROOM,372,BT BATOK ST 31,04 TO 06,64.0,Simplified,1988,62 years 06 months,385000.0
2024-09-01,BUKIT BATOK,3 ROOM,360,BT BATOK ST 31,01 TO 03,68.0,New Generation,1987,62 years 01 month,380000.0
2024-09-01,BUKIT BATOK,3 ROOM,377,BT BATOK ST 31,16 TO 18,67.0,Model A,2019,93 years 08 months,600000.0
2024-09-01,BUKIT BATOK,3 ROOM,313,BT BATOK ST 32,01 TO 03,68.0,New Generation,1986,60 years 07 months,400000.0
2024-09-01,BUKIT BATOK,3 ROOM,323,BT BATOK ST 33,04 TO 06,64.0,Simplified,1987,62 years 03 months,371000.0
2024-09-01,BUKIT BATOK,3 ROOM,324,BT BATOK ST 33,01 TO 03,64.0,Simplified,1988,62 years 09 months,388000.0
2024-09-01,BUKIT BATOK,3 ROOM,505,BT BATOK ST 52,04 TO 06,60.0,Improved,1988,62 years 06 months,353888.0
2024-09-01,BUKIT BATOK,3 ROOM,540,BT BATOK ST 52,10 TO 12,73.0,Model A,1987,62 years 01 month,388888.0
2024-09-01,BUKIT BATOK,3 ROOM,536,BT BATOK ST 52,01 TO 03,73.0,Model A,1986,61 years,405000.0
2024-09-01,BUKIT BATOK,3 ROOM,435B,BT BATOK WEST AVE 5,13 TO 15,68.0,Model A,2020,94 years 06 months,500000.0
2024-09-01,BUKIT BATOK,3 ROOM,109,BT BATOK WEST AVE 6,07 TO 09,70.0,Improved,1985,59 years 05 months,420000.0
2024-09-01,BUKIT BATOK,3 ROOM,129,BT BATOK WEST AVE 6,01 TO 03,73.0,Model A,1984,59 years 02 months,415000.0
2024-09-01,BUKIT BATOK,3 ROOM,127,BT BATOK WEST AVE 6,04 TO 06,73.0,Model A,1985,59 years 05 months,420000.0
2024-09-01,BUKIT BATOK,3 ROOM,136,BT BATOK WEST AVE 6,13 TO 15,68.0,New Generation,1984,59 years 02 months,410000.0
2024-09-01,BUKIT BATOK,3 ROOM,127,BT BATOK WEST AVE 6,01 TO 03,73.0,Model A,1985,59 years 05 months,402000.0
2024-09-01,BUKIT BATOK,3 ROOM,438B,BT BATOK WEST AVE 8,04 TO 06,68.0,Model A,2020,94 years 06 months,467000.0
2024-09-01,BUKIT BATOK,3 ROOM,440A,BT BATOK WEST AVE 8,07 TO 09,67.0,Model A,2019,93 years 07 months,480000.0
2024-09-01,BUKIT BATOK,3 ROOM,441C,BT BATOK WEST AVE 8,07 TO 09,67.0,Model A,2019,93 years 07 months,508000.0
2024-09-01,BUKIT BATOK,4 ROOM,229,BT BATOK EAST AVE 3,04 TO 06,93.0,New Generation,1985,59 years 08 months,488888.0
2024-09-01,BUKIT BATOK,4 ROOM,290D,BT BATOK EAST AVE 3,04 TO 06,100.0,Model A,1998,72 years 06 months,560000.0
2024-09-01,BUKIT BATOK,4 ROOM,264,BT BATOK EAST AVE 4,07 TO 09,103.0,Model A,1985,59 years 08 months,500000.0
2024-09-01,BUKIT BATOK,4 ROOM,265,BT BATOK EAST AVE 4,01 TO 03,93.0,New Generation,1985,60 years 02 months,550000.0
2024-09-01,BUKIT BATOK,4 ROOM,266,BT BATOK EAST AVE 4,01 TO 03,84.0,Simplified,1985,60 years 01 month,443000.0
2024-09-01,BUKIT BATOK,4 ROOM,247,BT BATOK EAST AVE 5,10 TO 12,103.0,Model A,1985,59 years 07 months,535000.0
2024-09-01,BUKIT BATOK,4 ROOM,292B,BT BATOK EAST AVE 6,34 TO 36,93.0,Model A,2019,93 years 05 months,780000.0
2024-09-01,BUKIT BATOK,4 ROOM,293A,BT BATOK ST 21,28 TO 30,93.0,Model A,2019,93 years 05 months,770000.0
2024-09-01,BUKIT BATOK,4 ROOM,291C,BT BATOK ST 24,10 TO 12,103.0,Model A,1998,72 years 06 months,570000.0
2024-09-01,BUKIT BATOK,4 ROOM,290A,BT BATOK ST 24,04 TO 06,103.0,Model A,1998,72 years 06 months,588000.0
2024-09-01,BUKIT BATOK,4 ROOM,288C,BT BATOK ST 25,04 TO 06,92.0,Model A2,1998,73 years 01 month,525000.0
2024-09-01,BUKIT BATOK,4 ROOM,289F,BT BATOK ST 25,13 TO 15,92.0,Model A2,1998,73 years,516888.0
2024-09-01,BUKIT BATOK,4 ROOM,288E,BT BATOK ST 25,07 TO 09,101.0,Model A,1998,72 years 11 months,555000.0
2024-09-01,BUKIT BATOK,4 ROOM,363,BT BATOK ST 31,04 TO 06,99.0,New Generation,1987,62 years 02 months,555000.0
2024-09-01,BUKIT BATOK,4 ROOM,318,BT BATOK ST 32,07 TO 09,98.0,New Generation,1986,60 years 08 months,538000.0
2024-09-01,BUKIT BATOK,4 ROOM,324,BT BATOK ST 33,07 TO 09,84.0,Simplified,1988,62 years 08 months,460000.0
2024-09-01,BUKIT BATOK,4 ROOM,319,BT BATOK ST 33,07 TO 09,84.0,Simplified,1986,61 years 01 month,465000.0
2024-09-01,BUKIT BATOK,4 ROOM,338,BT BATOK ST 34,07 TO 09,104.0,Model A,1986,60 years 08 months,548000.0
2024-09-01,BUKIT BATOK,4 ROOM,501,BT BATOK ST 52,04 TO 06,84.0,Simplified,1986,61 years 04 months,480000.0
2024-09-01,BUKIT BATOK,4 ROOM,410,BT BATOK WEST AVE 4,01 TO 03,99.0,New Generation,1988,62 years 09 months,512000.0
2024-09-01,BUKIT BATOK,4 ROOM,408,BT BATOK WEST AVE 4,04 TO 06,94.0,New Generation,1988,62 years 09 months,500000.0
2024-09-01,BUKIT BATOK,4 ROOM,411,BT BATOK WEST AVE 4,10 TO 12,103.0,Model A,1986,60 years 07 months,530000.0
2024-09-01,BUKIT BATOK,4 ROOM,383,BT BATOK WEST AVE 5,07 TO 09,90.0,Model A,2005,79 years 06 months,555000.0
2024-09-01,BUKIT BATOK,4 ROOM,450B,BT BATOK WEST AVE 6,04 TO 06,93.0,Model A,2019,93 years 07 months,623000.0
2024-09-01,BUKIT BATOK,4 ROOM,450C,BT BATOK WEST AVE 6,22 TO 24,93.0,Model A,2019,93 years 07 months,716000.0
2024-09-01,BUKIT BATOK,4 ROOM,450C,BT BATOK WEST AVE 6,10 TO 12,93.0,Model A,2019,93 years 07 months,658000.0
2024-09-01,BUKIT BATOK,4 ROOM,188,BT BATOK WEST AVE 6,10 TO 12,101.0,Model A,1997,71 years 07 months,618000.0
2024-09-01,BUKIT BATOK,4 ROOM,194A,BT BATOK WEST AVE 6,04 TO 06,92.0,Premium Apartment,2017,91 years 11 months,668888.0
2024-09-01,BUKIT BATOK,4 ROOM,137,BT BATOK WEST AVE 6,04 TO 06,94.0,New Generation,1984,59 years 02 months,512888.0
2024-09-01,BUKIT BATOK,4 ROOM,453A,BT BATOK WEST AVE 6,04 TO 06,93.0,Model A,2019,93 years 07 months,600000.0
2024-09-01,BUKIT BATOK,4 ROOM,119,BT BATOK WEST AVE 6,01 TO 03,103.0,Model A,1984,58 years 10 months,531888.0
2024-09-01,BUKIT BATOK,4 ROOM,185,BT BATOK WEST AVE 6,04 TO 06,105.0,Model A,1989,63 years 07 months,545000.0
2024-09-01,BUKIT BATOK,4 ROOM,113,BT BATOK WEST AVE 6,04 TO 06,104.0,Model A,1984,58 years 11 months,545000.0
2024-09-01,BUKIT BATOK,4 ROOM,119,BT BATOK WEST AVE 6,07 TO 09,103.0,Model A,1984,58 years 10 months,548000.0
2024-09-01,BUKIT BATOK,4 ROOM,439B,BT BATOK WEST AVE 8,10 TO 12,93.0,Model A,2020,94 years 06 months,645000.0
2024-09-01,BUKIT BATOK,4 ROOM,439B,BT BATOK WEST AVE 8,10 TO 12,93.0,Model A,2020,94 years 06 months,648000.0
2024-09-01,BUKIT BATOK,4 ROOM,442B,BT BATOK WEST AVE 8,13 TO 15,92.0,Model A,2019,93 years 07 months,675000.0
2024-09-01,BUKIT BATOK,4 ROOM,461A,BT BATOK WEST AVE 8,04 TO 06,93.0,Model A,2019,94 years 01 month,608000.0
2024-09-01,BUKIT BATOK,4 ROOM,461B,BT BATOK WEST AVE 8,13 TO 15,93.0,Model A,2019,94 years 02 months,660000.0
2024-09-01,BUKIT BATOK,4 ROOM,461D,BT BATOK WEST AVE 8,07 TO 09,93.0,Model A,2019,94 years 01 month,637000.0
2024-09-01,BUKIT BATOK,4 ROOM,461A,BT BATOK WEST AVE 8,01 TO 03,93.0,Model A,2019,94 years 01 month,580000.0
2024-09-01,BUKIT BATOK,4 ROOM,169,BT BATOK WEST AVE 8,10 TO 12,103.0,Model A,1984,59 years 02 months,565888.0
2024-09-01,BUKIT BATOK,4 ROOM,438A,BT BATOK WEST AVE 8,01 TO 03,93.0,Model A,2020,94 years 06 months,608888.0
2024-09-01,BUKIT BATOK,4 ROOM,461C,BT BATOK WEST AVE 8,04 TO 06,93.0,Model A,2019,94 years 01 month,630000.0
2024-09-01,BUKIT BATOK,4 ROOM,438A,BT BATOK WEST AVE 8,01 TO 03,93.0,Model A,2020,94 years 06 months,575000.0
2024-09-01,BUKIT BATOK,4 ROOM,461A,BT BATOK WEST AVE 8,07 TO 09,93.0,Model A,2019,94 years 01 month,670000.0
2024-09-01,BUKIT BATOK,4 ROOM,439C,BT BATOK WEST AVE 8,04 TO 06,93.0,Model A,2020,94 years 06 months,600000.0
2024-09-01,BUKIT BATOK,4 ROOM,439C,BT BATOK WEST AVE 8,01 TO 03,93.0,Model A,2020,94 years 06 months,580000.0
2024-09-01,BUKIT BATOK,4 ROOM,438A,BT BATOK WEST AVE 8,10 TO 12,93.0,Model A,2020,94 years 06 months,645888.0
2024-09-01,BUKIT BATOK,4 ROOM,461B,BT BATOK WEST AVE 8,13 TO 15,93.0,Model A,2019,94 years 01 month,690188.0
2024-09-01,BUKIT BATOK,4 ROOM,183,BT BATOK WEST AVE 8,01 TO 03,91.0,New Generation,1984,59 years 01 month,465000.0
2024-09-01,BUKIT BATOK,4 ROOM,438A,BT BATOK WEST AVE 8,04 TO 06,93.0,Model A,2020,94 years 06 months,600000.0
2024-09-01,BUKIT BATOK,4 ROOM,176,BT BATOK WEST AVE 8,10 TO 12,103.0,Model A,1984,59 years 04 months,500000.0
2024-09-01,BUKIT BATOK,4 ROOM,441B,BT BATOK WEST AVE 8,13 TO 15,92.0,Model A,2019,93 years 07 months,650000.0
2024-09-01,BUKIT BATOK,4 ROOM,439C,BT BATOK WEST AVE 8,04 TO 06,93.0,Model A,2020,94 years 06 months,640000.0
2024-09-01,BUKIT BATOK,4 ROOM,449B,BT BATOK WEST AVE 9,07 TO 09,93.0,Model A,2019,93 years 07 months,640000.0
2024-09-01,BUKIT BATOK,4 ROOM,449B,BT BATOK WEST AVE 9,04 TO 06,93.0,Model A,2019,93 years 07 months,608000.0
2024-09-01,BUKIT BATOK,4 ROOM,460A,BT BATOK WEST AVE 9,01 TO 03,93.0,Model A,2020,94 years 09 months,616000.0
2024-09-01,BUKIT BATOK,4 ROOM,449A,BT BATOK WEST AVE 9,13 TO 15,93.0,Model A,2019,93 years 07 months,656000.0
2024-09-01,BUKIT BATOK,4 ROOM,460D,BT BATOK WEST AVE 9,04 TO 06,93.0,Model A,2020,94 years 09 months,600000.0
2024-09-01,BUKIT BATOK,4 ROOM,460C,BT BATOK WEST AVE 9,10 TO 12,93.0,Model A,2020,94 years 09 months,646000.0
2024-09-01,BUKIT BATOK,4 ROOM,460C,BT BATOK WEST AVE 9,01 TO 03,93.0,Model A,2020,94 years 09 months,592000.0
2024-09-01,BUKIT BATOK,4 ROOM,460D,BT BATOK WEST AVE 9,13 TO 15,93.0,Model A,2020,94 years 09 months,665000.0
2024-09-01,BUKIT BATOK,4 ROOM,460C,BT BATOK WEST AVE 9,10 TO 12,93.0,Model A,2020,94 years 09 months,668000.0
2024-09-01,BUKIT BATOK,4 ROOM,449B,BT BATOK WEST AVE 9,19 TO 21,93.0,Model A,2019,93 years 07 months,690000.0
2024-09-01,BUKIT BATOK,4 ROOM,449B,BT BATOK WEST AVE 9,13 TO 15,93.0,Model A,2019,93 years 07 months,708000.0
2024-09-01,BUKIT BATOK,5 ROOM,625,BT BATOK CTRL,07 TO 09,120.0,Improved,1997,71 years 10 months,790000.0
2024-09-01,BUKIT BATOK,5 ROOM,236,BT BATOK EAST AVE 5,04 TO 06,121.0,Improved,1985,59 years 10 months,630000.0
2024-09-01,BUKIT BATOK,5 ROOM,293A,BT BATOK ST 21,16 TO 18,113.0,Improved,2019,93 years 05 months,920000.0
2024-09-01,BUKIT BATOK,5 ROOM,291B,BT BATOK ST 24,16 TO 18,121.0,Improved,1998,72 years 05 months,722888.0
2024-09-01,BUKIT BATOK,5 ROOM,291B,BT BATOK ST 24,01 TO 03,121.0,Improved,1998,72 years 05 months,663000.0
2024-09-01,BUKIT BATOK,5 ROOM,301,BT BATOK ST 31,01 TO 03,122.0,Improved,1985,60 years 02 months,585000.0
2024-09-01,BUKIT BATOK,5 ROOM,329,BT BATOK ST 33,07 TO 09,122.0,Improved,1986,61 years 05 months,625000.0
2024-09-01,BUKIT BATOK,5 ROOM,331,BT BATOK ST 33,01 TO 03,122.0,Improved,1986,61 years 03 months,545000.0
2024-09-01,BUKIT BATOK,5 ROOM,393,BT BATOK WEST AVE 5,04 TO 06,115.0,Improved,2004,79 years 02 months,690000.0
2024-09-01,BUKIT BATOK,5 ROOM,388,BT BATOK WEST AVE 5,04 TO 06,118.0,Improved,2005,79 years 05 months,660000.0
2024-09-01,BUKIT BATOK,5 ROOM,435C,BT BATOK WEST AVE 5,13 TO 15,113.0,Improved,2020,94 years 06 months,835000.0
2024-09-01,BUKIT BATOK,5 ROOM,192,BT BATOK WEST AVE 6,16 TO 18,120.0,Improved,1997,71 years 09 months,760000.0
2024-09-01,BUKIT BATOK,5 ROOM,439B,BT BATOK WEST AVE 8,10 TO 12,113.0,Improved,2020,94 years 07 months,785000.0
2024-09-01,BUKIT BATOK,5 ROOM,442B,BT BATOK WEST AVE 8,07 TO 09,112.0,Improved,2019,93 years 07 months,800000.0
2024-09-01,BUKIT BATOK,5 ROOM,439B,BT BATOK WEST AVE 8,01 TO 03,113.0,Improved,2020,94 years 06 months,710000.0
2024-09-01,BUKIT BATOK,5 ROOM,442C,BT BATOK WEST AVE 8,07 TO 09,112.0,Improved,2019,93 years 07 months,830000.0
2024-09-01,BUKIT BATOK,5 ROOM,443A,BT BATOK WEST AVE 8,13 TO 15,112.0,Improved,2019,93 years 07 months,820000.0
2024-09-01,BUKIT BATOK,5 ROOM,443C,BT BATOK WEST AVE 8,07 TO 09,112.0,Improved,2019,93 years 07 months,800000.0
2024-09-01,BUKIT BATOK,5 ROOM,439C,BT BATOK WEST AVE 8,07 TO 09,113.0,Improved,2020,94 years 06 months,775000.0
2024-09-01,BUKIT BATOK,5 ROOM,439C,BT BATOK WEST AVE 8,01 TO 03,113.0,Improved,2020,94 years 06 months,685000.0
2024-09-01,BUKIT BATOK,EXECUTIVE,120,BT BATOK CTRL,01 TO 03,150.0,Maisonette,1985,59 years 08 months,825000.0
2024-09-01,BUKIT BATOK,EXECUTIVE,125,BT BATOK CTRL,04 TO 06,144.0,Apartment,1985,59 years 11 months,888000.0
2024-09-01,BUKIT BATOK,EXECUTIVE,120,BT BATOK CTRL,10 TO 12,150.0,Maisonette,1985,59 years 08 months,920000.0
2024-09-01,BUKIT BATOK,EXECUTIVE,289A,BT BATOK ST 25,01 TO 03,144.0,Apartment,1997,72 years 04 months,868000.0
2024-09-01,BUKIT BATOK,EXECUTIVE,288B,BT BATOK ST 25,01 TO 03,144.0,Apartment,1998,72 years 06 months,900000.0
2024-09-01,BUKIT BATOK,EXECUTIVE,526,BT BATOK ST 51,01 TO 03,146.0,Maisonette,1986,61 years,788000.0
2024-09-01,BUKIT BATOK,EXECUTIVE,542,BT BATOK ST 52,04 TO 06,146.0,Maisonette,1986,61 years 04 months,860000.0
2024-09-01,BUKIT BATOK,EXECUTIVE,524,BT BATOK ST 52,07 TO 09,146.0,Maisonette,1987,61 years 05 months,835000.0
2024-09-01,BUKIT BATOK,EXECUTIVE,535,BT BATOK ST 52,01 TO 03,146.0,Maisonette,1987,61 years 05 months,840000.0
2024-09-01,BUKIT BATOK,EXECUTIVE,402,BT BATOK WEST AVE 7,04 TO 06,150.0,Apartment,1993,67 years 07 months,788000.0
2024-09-01,BUKIT MERAH,2 ROOM,48,LOWER DELTA RD,07 TO 09,47.0,Standard,1970,44 years 07 months,290000.0
2024-09-01,BUKIT MERAH,3 ROOM,116,BT MERAH VIEW,04 TO 06,70.0,Improved,1974,48 years 08 months,400000.0
2024-09-01,BUKIT MERAH,3 ROOM,129,BT MERAH VIEW,07 TO 09,65.0,Improved,1973,47 years 11 months,405000.0
2024-09-01,BUKIT MERAH,3 ROOM,7,EVERTON PK,07 TO 09,84.0,New Generation,1980,55 years 03 months,626000.0
2024-09-01,BUKIT MERAH,3 ROOM,105,HENDERSON CRES,01 TO 03,76.0,Improved,1975,49 years 05 months,380000.0
2024-09-01,BUKIT MERAH,3 ROOM,96B,HENDERSON RD,28 TO 30,68.0,Model A,2019,93 years 09 months,750000.0
2024-09-01,BUKIT MERAH,3 ROOM,95C,HENDERSON RD,22 TO 24,68.0,Model A,2019,93 years 09 months,790000.0
2024-09-01,BUKIT MERAH,3 ROOM,95A,HENDERSON RD,22 TO 24,68.0,Model A,2019,93 years 09 months,755000.0
2024-09-01,BUKIT MERAH,3 ROOM,77,INDUS RD,07 TO 09,63.0,Improved,1973,47 years 05 months,381000.0
2024-09-01,BUKIT MERAH,3 ROOM,77,INDUS RD,07 TO 09,63.0,Improved,1973,47 years 05 months,395000.0
2024-09-01,BUKIT MERAH,3 ROOM,132,JLN BT MERAH,07 TO 09,59.0,Improved,1975,49 years 09 months,335000.0
2024-09-01,BUKIT MERAH,3 ROOM,113,JLN BT MERAH,07 TO 09,60.0,Standard,1969,43 years 05 months,325000.0
2024-09-01,BUKIT MERAH,3 ROOM,30,JLN KLINIK,10 TO 12,58.0,Standard,1969,43 years 11 months,375000.0
2024-09-01,BUKIT MERAH,3 ROOM,28,JLN KLINIK,10 TO 12,58.0,Standard,1969,43 years 11 months,365000.0
2024-09-01,BUKIT MERAH,3 ROOM,26C,JLN MEMBINA,16 TO 18,60.0,Model A,2009,83 years 05 months,698000.0
2024-09-01,BUKIT MERAH,3 ROOM,130,KIM TIAN RD,07 TO 09,65.0,Improved,1976,50 years 05 months,378000.0
2024-09-01,BUKIT MERAH,3 ROOM,130,KIM TIAN RD,10 TO 12,65.0,Improved,1976,50 years 05 months,358000.0
2024-09-01,BUKIT MERAH,3 ROOM,86,REDHILL CL,07 TO 09,68.0,Improved,1973,47 years 05 months,460000.0
2024-09-01,BUKIT MERAH,3 ROOM,22,TELOK BLANGAH CRES,10 TO 12,59.0,Improved,1975,49 years 09 months,370000.0
2024-09-01,BUKIT MERAH,3 ROOM,13,TELOK BLANGAH CRES,01 TO 03,65.0,Improved,1975,50 years 04 months,382000.0
2024-09-01,BUKIT MERAH,3 ROOM,65,TELOK BLANGAH DR,10 TO 12,67.0,New Generation,1978,52 years 11 months,440000.0
2024-09-01,BUKIT MERAH,3 ROOM,55,TELOK BLANGAH DR,10 TO 12,73.0,New Generation,1978,52 years 05 months,435500.0
2024-09-01,BUKIT MERAH,3 ROOM,44,TELOK BLANGAH DR,07 TO 09,65.0,Improved,1976,50 years 05 months,400000.0
2024-09-01,BUKIT MERAH,3 ROOM,64,TELOK BLANGAH DR,10 TO 12,82.0,New Generation,1978,52 years 11 months,530000.0
2024-09-01,BUKIT MERAH,3 ROOM,61,TELOK BLANGAH HTS,07 TO 09,67.0,New Generation,1976,51 years 01 month,390000.0
2024-09-01,BUKIT MERAH,3 ROOM,61,TELOK BLANGAH HTS,07 TO 09,67.0,New Generation,1976,51 years 01 month,385000.0
2024-09-01,BUKIT MERAH,3 ROOM,42,TELOK BLANGAH RISE,04 TO 06,70.0,Improved,1976,50 years 08 months,387000.0
2024-09-01,BUKIT MERAH,3 ROOM,91A,TELOK BLANGAH ST 31,22 TO 24,68.0,Model A,2018,93 years 04 months,750000.0
2024-09-01,BUKIT MERAH,3 ROOM,92A,TELOK BLANGAH ST 31,01 TO 03,68.0,Model A,2018,93 years 04 months,610000.0
2024-09-01,BUKIT MERAH,4 ROOM,4B,BOON TIONG RD,01 TO 03,100.0,Model A,2005,80 years 02 months,925000.0
2024-09-01,BUKIT MERAH,4 ROOM,9,CANTONMENT CL,10 TO 12,90.0,Model A,2002,77 years 04 months,948000.0
2024-09-01,BUKIT MERAH,4 ROOM,5,DELTA AVE,01 TO 03,91.0,New Generation,1985,60 years 03 months,708000.0
2024-09-01,BUKIT MERAH,4 ROOM,57,HAVELOCK RD,28 TO 30,89.0,Model A,2013,87 years 09 months,1030000.0
2024-09-01,BUKIT MERAH,4 ROOM,104,HENDERSON CRES,07 TO 09,74.0,Standard,1970,44 years 11 months,445000.0
2024-09-01,BUKIT MERAH,4 ROOM,106,HENDERSON CRES,10 TO 12,81.0,Improved,1975,49 years 05 months,500000.0
2024-09-01,BUKIT MERAH,4 ROOM,106,HENDERSON CRES,10 TO 12,81.0,Improved,1975,49 years 05 months,530000.0
2024-09-01,BUKIT MERAH,4 ROOM,95A,HENDERSON RD,31 TO 33,93.0,Model A,2019,93 years 09 months,1050000.0
2024-09-01,BUKIT MERAH,4 ROOM,95A,HENDERSON RD,04 TO 06,83.0,Model A,2019,93 years 09 months,938000.0
2024-09-01,BUKIT MERAH,4 ROOM,96B,HENDERSON RD,16 TO 18,83.0,Model A,2019,93 years 09 months,980000.0
2024-09-01,BUKIT MERAH,4 ROOM,96A,HENDERSON RD,34 TO 36,83.0,Model A,2019,93 years 09 months,980000.0
2024-09-01,BUKIT MERAH,4 ROOM,26C,JLN MEMBINA,01 TO 03,85.0,Model A,2009,83 years 05 months,886000.0
2024-09-01,BUKIT MERAH,4 ROOM,118D,JLN MEMBINA,13 TO 15,92.0,Model A,2003,77 years 05 months,840000.0
2024-09-01,BUKIT MERAH,4 ROOM,26B,JLN MEMBINA,07 TO 09,85.0,Model A,2009,83 years 05 months,888000.0
2024-09-01,BUKIT MERAH,4 ROOM,21,JLN MEMBINA,07 TO 09,85.0,Model A,2003,78 years 01 month,900000.0
2024-09-01,BUKIT MERAH,4 ROOM,121A,KIM TIAN PL,25 TO 27,101.0,Model A,2001,75 years 06 months,900000.0
2024-09-01,BUKIT MERAH,4 ROOM,127C,KIM TIAN RD,16 TO 18,93.0,Model A,2013,87 years 06 months,960000.0
2024-09-01,BUKIT MERAH,4 ROOM,63B,LENGKOK BAHRU,13 TO 15,100.0,Model A,2001,76 years 03 months,895000.0
2024-09-01,BUKIT MERAH,4 ROOM,68,REDHILL CL,19 TO 21,85.0,Model A,2001,75 years 06 months,868000.0
2024-09-01,BUKIT MERAH,4 ROOM,17A,TELOK BLANGAH CRES,01 TO 03,101.0,Model A,2002,76 years 05 months,665000.0
2024-09-01,BUKIT MERAH,4 ROOM,23,TELOK BLANGAH CRES,13 TO 15,82.0,Improved,1975,49 years 09 months,522000.0
2024-09-01,BUKIT MERAH,4 ROOM,56,TELOK BLANGAH HTS,04 TO 06,91.0,New Generation,1976,51 years 01 month,600888.0
2024-09-01,BUKIT MERAH,4 ROOM,70A,TELOK BLANGAH HTS,04 TO 06,93.0,Model A,2017,91 years 09 months,885000.0
2024-09-01,BUKIT MERAH,4 ROOM,58,TELOK BLANGAH HTS,01 TO 03,91.0,New Generation,1976,51 years 01 month,608000.0
2024-09-01,BUKIT MERAH,4 ROOM,57,TELOK BLANGAH HTS,07 TO 09,91.0,New Generation,1976,51 years 01 month,588888.0
2024-09-01,BUKIT MERAH,4 ROOM,70B,TELOK BLANGAH HTS,16 TO 18,93.0,Model A,2017,91 years 09 months,910000.0
2024-09-01,BUKIT MERAH,4 ROOM,69,TELOK BLANGAH HTS,10 TO 12,91.0,New Generation,1978,52 years 05 months,620000.0
2024-09-01,BUKIT MERAH,4 ROOM,93B,TELOK BLANGAH ST 31,13 TO 15,93.0,Model A,2018,93 years 04 months,950000.0
2024-09-01,BUKIT MERAH,4 ROOM,93B,TELOK BLANGAH ST 31,28 TO 30,93.0,Model A,2018,93 years 04 months,975888.0
2024-09-01,BUKIT MERAH,4 ROOM,93B,TELOK BLANGAH ST 31,19 TO 21,93.0,Model A,2018,93 years 04 months,1068888.0
2024-09-01,BUKIT MERAH,4 ROOM,91A,TELOK BLANGAH ST 31,28 TO 30,93.0,Model A,2018,93 years 04 months,930000.0
2024-09-01,BUKIT MERAH,4 ROOM,93A,TELOK BLANGAH ST 31,19 TO 21,93.0,Model A,2018,93 years 04 months,995000.0
2024-09-01,BUKIT MERAH,5 ROOM,6B,BOON TIONG RD,01 TO 03,115.0,Improved,2005,80 years 02 months,970000.0
2024-09-01,BUKIT MERAH,5 ROOM,111B,DEPOT RD,16 TO 18,116.0,Improved,2006,80 years 06 months,905000.0
2024-09-01,BUKIT MERAH,5 ROOM,112B,DEPOT RD,04 TO 06,116.0,Improved,2006,80 years 06 months,790000.0
2024-09-01,BUKIT MERAH,5 ROOM,111A,DEPOT RD,01 TO 03,115.0,Improved,2006,80 years 06 months,868000.0
2024-09-01,BUKIT MERAH,5 ROOM,96A,HENDERSON RD,13 TO 15,113.0,Improved,2019,93 years 09 months,1340000.0
2024-09-01,BUKIT MERAH,5 ROOM,96A,HENDERSON RD,31 TO 33,113.0,Improved,2019,93 years 09 months,1440000.0
2024-09-01,BUKIT MERAH,5 ROOM,134,JLN BT MERAH,13 TO 15,128.0,Improved,1997,71 years 05 months,1000000.0
2024-09-01,BUKIT MERAH,5 ROOM,140,JLN BT MERAH,13 TO 15,119.0,Improved,1979,53 years 05 months,765000.0
2024-09-01,BUKIT MERAH,5 ROOM,118B,JLN MEMBINA,07 TO 09,110.0,Improved,2003,77 years 05 months,1045000.0
2024-09-01,BUKIT MERAH,5 ROOM,118B,JLN MEMBINA,19 TO 21,110.0,Improved,2003,77 years 05 months,998000.0
2024-09-01,BUKIT MERAH,5 ROOM,7,KIM TIAN PL,22 TO 24,131.0,Model A,1984,58 years 11 months,1150000.0
2024-09-01,BUKIT MERAH,5 ROOM,7,KIM TIAN PL,07 TO 09,131.0,Model A,1984,59 years,1080000.0
2024-09-01,BUKIT MERAH,5 ROOM,121,KIM TIAN PL,10 TO 12,115.0,Improved,2001,75 years 06 months,1065000.0
2024-09-01,BUKIT MERAH,5 ROOM,127D,KIM TIAN RD,34 TO 36,113.0,Improved,2013,87 years 06 months,1320000.0
2024-09-01,BUKIT MERAH,5 ROOM,126A,KIM TIAN RD,40 TO 42,113.0,Improved,2013,87 years 06 months,1580000.0
2024-09-01,BUKIT MERAH,5 ROOM,110,SPOTTISWOODE PK RD,10 TO 12,121.0,Standard,1979,54 years 02 months,920000.0
2024-09-01,BUKIT MERAH,5 ROOM,109,SPOTTISWOODE PK RD,01 TO 03,118.0,Standard,1979,54 years 02 months,780000.0
2024-09-01,BUKIT PANJANG,2 ROOM,636A,SENJA RD,13 TO 15,46.0,Model A,2015,90 years 03 months,370000.0
2024-09-01,BUKIT PANJANG,3 ROOM,131,CASHEW RD,01 TO 03,73.0,Model A,1988,62 years 08 months,415000.0
2024-09-01,BUKIT PANJANG,3 ROOM,131,CASHEW RD,04 TO 06,73.0,Model A,1988,62 years 08 months,408000.0
2024-09-01,BUKIT PANJANG,3 ROOM,106,GANGSA RD,01 TO 03,73.0,Model A,1988,62 years 06 months,410000.0
2024-09-01,BUKIT PANJANG,3 ROOM,125,PENDING RD,10 TO 12,73.0,Model A,1987,62 years 01 month,426888.0
2024-09-01,BUKIT PANJANG,3 ROOM,223,PENDING RD,01 TO 03,73.0,Model A,1988,62 years 06 months,400000.0
2024-09-01,BUKIT PANJANG,3 ROOM,113,PENDING RD,10 TO 12,73.0,Model A,1988,62 years 07 months,463000.0
2024-09-01,BUKIT PANJANG,3 ROOM,223,PENDING RD,07 TO 09,73.0,Model A,1988,62 years 06 months,408000.0
2024-09-01,BUKIT PANJANG,3 ROOM,223,PENDING RD,10 TO 12,73.0,Model A,1988,62 years 06 months,440000.0
2024-09-01,BUKIT PANJANG,3 ROOM,125,PENDING RD,10 TO 12,73.0,Model A,1987,62 years 01 month,415000.0
2024-09-01,BUKIT PANJANG,3 ROOM,206,PETIR RD,04 TO 06,73.0,Model A,1989,63 years 08 months,418000.0
2024-09-01,BUKIT PANJANG,3 ROOM,487,SEGAR RD,10 TO 12,67.0,Model A,2014,89 years 04 months,475000.0
2024-09-01,BUKIT PANJANG,3 ROOM,633A,SENJA RD,16 TO 18,67.0,Model A,2013,88 years 04 months,503000.0
2024-09-01,BUKIT PANJANG,4 ROOM,252,BANGKIT RD,07 TO 09,103.0,Model A,1989,63 years 09 months,560000.0
2024-09-01,BUKIT PANJANG,4 ROOM,274,BANGKIT RD,04 TO 06,104.0,Model A,1987,62 years 03 months,515888.0
2024-09-01,BUKIT PANJANG,4 ROOM,615,BT PANJANG RING RD,07 TO 09,90.0,Model A,2002,76 years 09 months,520000.0
2024-09-01,BUKIT PANJANG,4 ROOM,613,BT PANJANG RING RD,01 TO 03,90.0,Model A,2002,76 years 09 months,510000.0
2024-09-01,BUKIT PANJANG,4 ROOM,431,BT PANJANG RING RD,07 TO 09,84.0,Simplified,1988,63 years 04 months,453000.0
2024-09-01,BUKIT PANJANG,4 ROOM,402,FAJAR RD,07 TO 09,103.0,Model A,1988,63 years 03 months,608000.0
2024-09-01,BUKIT PANJANG,4 ROOM,401,FAJAR RD,04 TO 06,104.0,Model A,1988,63 years 01 month,485000.0
2024-09-01,BUKIT PANJANG,4 ROOM,419,FAJAR RD,01 TO 03,103.0,Model A,1989,63 years 07 months,500000.0
2024-09-01,BUKIT PANJANG,4 ROOM,443D,FAJAR RD,16 TO 18,93.0,Model A,2016,91 years 04 months,645000.0
2024-09-01,BUKIT PANJANG,4 ROOM,440,FAJAR RD,01 TO 03,101.0,Model A,1997,72 years 02 months,488888.0
2024-09-01,BUKIT PANJANG,4 ROOM,146,GANGSA RD,04 TO 06,104.0,Model A,1988,63 years,520000.0
2024-09-01,BUKIT PANJANG,4 ROOM,166,GANGSA RD,07 TO 09,100.0,Model A,1998,72 years 09 months,645000.0
2024-09-01,BUKIT PANJANG,4 ROOM,527,JELAPANG RD,04 TO 06,103.0,Model A,1998,73 years 02 months,520000.0
2024-09-01,BUKIT PANJANG,4 ROOM,523,JELAPANG RD,13 TO 15,103.0,Model A,1998,73 years 02 months,606666.0
2024-09-01,BUKIT PANJANG,4 ROOM,509,JELAPANG RD,01 TO 03,90.0,Model A2,1998,72 years 09 months,518000.0
2024-09-01,BUKIT PANJANG,4 ROOM,225,PENDING RD,10 TO 12,84.0,Simplified,1987,61 years 09 months,467000.0
2024-09-01,BUKIT PANJANG,4 ROOM,217,PETIR RD,01 TO 03,84.0,Simplified,1987,61 years 10 months,462000.0
2024-09-01,BUKIT PANJANG,4 ROOM,206,PETIR RD,04 TO 06,103.0,Model A,1989,63 years 08 months,518518.0
2024-09-01,BUKIT PANJANG,4 ROOM,412,SAUJANA RD,04 TO 06,104.0,Model A,1988,63 years 03 months,520000.0
2024-09-01,BUKIT PANJANG,4 ROOM,412,SAUJANA RD,04 TO 06,84.0,Simplified,1988,63 years 03 months,465000.0
2024-09-01,BUKIT PANJANG,4 ROOM,467,SEGAR RD,04 TO 06,90.0,Premium Apartment,2002,76 years 08 months,473000.0
2024-09-01,BUKIT PANJANG,4 ROOM,467,SEGAR RD,01 TO 03,90.0,Premium Apartment,2002,76 years 08 months,492000.0
2024-09-01,BUKIT PANJANG,4 ROOM,455,SEGAR RD,04 TO 06,93.0,Premium Apartment,2012,87 years 03 months,580000.0
2024-09-01,BUKIT PANJANG,4 ROOM,486,SEGAR RD,07 TO 09,92.0,Model A,2014,89 years 04 months,595000.0
2024-09-01,BUKIT PANJANG,4 ROOM,602,SENJA RD,13 TO 15,90.0,Model A2,1999,73 years 08 months,615000.0
2024-09-01,BUKIT PANJANG,4 ROOM,601,SENJA RD,10 TO 12,90.0,Model A2,1999,73 years 07 months,630000.0
2024-09-01,BUKIT PANJANG,4 ROOM,603,SENJA RD,01 TO 03,99.0,Model A,1999,73 years 10 months,660000.0
2024-09-01,BUKIT PANJANG,4 ROOM,636B,SENJA RD,25 TO 27,92.0,Model A,2015,90 years 03 months,675000.0
2024-09-01,BUKIT PANJANG,4 ROOM,601,SENJA RD,04 TO 06,90.0,Model A2,1999,73 years 07 months,581000.0
2024-09-01,BUKIT PANJANG,5 ROOM,238,BT PANJANG RING RD,07 TO 09,122.0,Improved,1988,63 years 04 months,633000.0
2024-09-01,BUKIT PANJANG,5 ROOM,609,BT PANJANG RING RD,07 TO 09,110.0,Improved,2001,76 years 04 months,670888.0
2024-09-01,BUKIT PANJANG,5 ROOM,609,BT PANJANG RING RD,07 TO 09,111.0,Improved,2001,76 years 04 months,685000.0
2024-09-01,BUKIT PANJANG,5 ROOM,423,FAJAR RD,10 TO 12,122.0,Improved,1989,63 years 06 months,650000.0
2024-09-01,BUKIT PANJANG,5 ROOM,442D,FAJAR RD,10 TO 12,113.0,Improved,2016,91 years 04 months,740000.0
2024-09-01,BUKIT PANJANG,5 ROOM,153,GANGSA RD,16 TO 18,121.0,Improved,1998,73 years 02 months,770000.0
2024-09-01,BUKIT PANJANG,5 ROOM,536,JELAPANG RD,22 TO 24,120.0,Improved,1999,73 years 09 months,865000.0
2024-09-01,BUKIT PANJANG,5 ROOM,523,JELAPANG RD,16 TO 18,121.0,Improved,1998,73 years 02 months,710000.0
2024-09-01,BUKIT PANJANG,5 ROOM,530,JELAPANG RD,16 TO 18,121.0,Improved,1999,73 years 06 months,700800.0
2024-09-01,BUKIT PANJANG,5 ROOM,506,JELAPANG RD,04 TO 06,120.0,Improved,1998,72 years 08 months,620000.0
2024-09-01,BUKIT PANJANG,5 ROOM,518,JELAPANG RD,16 TO 18,121.0,Improved,1998,73 years 01 month,680000.0
2024-09-01,BUKIT PANJANG,5 ROOM,176,LOMPANG RD,10 TO 12,121.0,Improved,1997,72 years 02 months,866800.0
2024-09-01,BUKIT PANJANG,5 ROOM,179,LOMPANG RD,01 TO 03,110.0,Improved,2001,76 years 04 months,715000.0
2024-09-01,BUKIT PANJANG,5 ROOM,467,SEGAR RD,07 TO 09,110.0,Premium Apartment,2002,76 years 08 months,620000.0
2024-09-01,BUKIT PANJANG,5 ROOM,472,SEGAR RD,07 TO 09,110.0,Premium Apartment,2002,76 years 11 months,560368.0
2024-09-01,BUKIT PANJANG,5 ROOM,465,SEGAR RD,01 TO 03,110.0,Premium Apartment,2002,76 years 11 months,570000.0
2024-09-01,BUKIT PANJANG,5 ROOM,484,SEGAR RD,01 TO 03,111.0,Premium Apartment,2002,77 years 03 months,580000.0
2024-09-01,BUKIT PANJANG,5 ROOM,477,SEGAR RD,13 TO 15,111.0,Premium Apartment,2003,77 years 05 months,660000.0
2024-09-01,BUKIT PANJANG,5 ROOM,470,SEGAR RD,10 TO 12,110.0,Premium Apartment,2002,76 years 08 months,575800.0
2024-09-01,BUKIT PANJANG,5 ROOM,652,SENJA LINK,10 TO 12,110.0,Premium Apartment,2001,76 years 03 months,680000.0
2024-09-01,BUKIT PANJANG,5 ROOM,606,SENJA RD,19 TO 21,121.0,Improved,1999,73 years 08 months,900000.0
2024-09-01,BUKIT PANJANG,5 ROOM,629,SENJA RD,22 TO 24,110.0,Premium Apartment,2004,79 years 02 months,678000.0
2024-09-01,BUKIT PANJANG,5 ROOM,622,SENJA RD,16 TO 18,112.0,Improved,2001,76 years 04 months,688000.0
2024-09-01,BUKIT PANJANG,EXECUTIVE,135,CASHEW RD,10 TO 12,146.0,Maisonette,1988,62 years 10 months,1040000.0
2024-09-01,BUKIT PANJANG,EXECUTIVE,130,CASHEW RD,04 TO 06,142.0,Apartment,1988,63 years 03 months,860000.0
2024-09-01,BUKIT PANJANG,EXECUTIVE,452,FAJAR RD,01 TO 03,140.0,Apartment,1997,71 years 09 months,745000.0
2024-09-01,BUKIT PANJANG,EXECUTIVE,544,JELAPANG RD,07 TO 09,142.0,Maisonette,1999,73 years 11 months,1050000.0
2024-09-01,BUKIT PANJANG,EXECUTIVE,180,LOMPANG RD,13 TO 15,130.0,Apartment,2002,76 years 05 months,975000.0
2024-09-01,BUKIT PANJANG,EXECUTIVE,484,SEGAR RD,04 TO 06,128.0,Premium Apartment,2002,77 years 03 months,670000.0
2024-09-01,BUKIT PANJANG,EXECUTIVE,471,SEGAR RD,10 TO 12,133.0,Premium Apartment,2002,76 years 08 months,700000.0
2024-09-01,BUKIT TIMAH,4 ROOM,6,FARRER RD,04 TO 06,91.0,Improved,1974,48 years 08 months,618000.0
2024-09-01,BUKIT TIMAH,4 ROOM,3,QUEEN'S RD,10 TO 12,91.0,Improved,1974,48 years 08 months,688000.0
2024-09-01,BUKIT TIMAH,4 ROOM,11,TOH YI DR,07 TO 09,108.0,Model A,1989,63 years 10 months,870000.0
2024-09-01,BUKIT TIMAH,EXECUTIVE,6,TOH YI DR,04 TO 06,146.0,Maisonette,1989,63 years 11 months,1370000.0
2024-09-01,CENTRAL AREA,2 ROOM,8,SELEGIE RD,04 TO 06,41.0,Standard,1974,48 years 05 months,300000.0
2024-09-01,CENTRAL AREA,3 ROOM,640,ROWELL RD,10 TO 12,74.0,Model A,1984,58 years 10 months,545000.0
2024-09-01,CENTRAL AREA,3 ROOM,9,SELEGIE RD,16 TO 18,56.0,Standard,1974,48 years 04 months,440000.0
2024-09-01,CENTRAL AREA,3 ROOM,9,SELEGIE RD,10 TO 12,56.0,Standard,1974,48 years 05 months,393888.0
2024-09-01,CENTRAL AREA,3 ROOM,5,TG PAGAR PLAZA,13 TO 15,59.0,Improved,1977,51 years 06 months,525000.0
2024-09-01,CENTRAL AREA,3 ROOM,2,TG PAGAR PLAZA,10 TO 12,59.0,Improved,1977,51 years 08 months,470000.0
2024-09-01,CENTRAL AREA,3 ROOM,633,VEERASAMY RD,07 TO 09,72.0,Model A,1985,59 years 10 months,546000.0
2024-09-01,CENTRAL AREA,4 ROOM,1D,CANTONMENT RD,10 TO 12,93.0,Type S1,2011,85 years 05 months,1210000.0
2024-09-01,CENTRAL AREA,4 ROOM,1C,CANTONMENT RD,49 TO 51,94.0,Type S1,2011,85 years 05 months,1408000.0
2024-09-01,CENTRAL AREA,4 ROOM,1F,CANTONMENT RD,37 TO 39,95.0,Type S1,2011,85 years 05 months,1400000.0
2024-09-01,CENTRAL AREA,4 ROOM,26,JLN BERSEH,10 TO 12,87.0,Improved,1979,53 years 11 months,638888.0
2024-09-01,CENTRAL AREA,4 ROOM,671B,KLANG LANE,01 TO 03,75.0,Model A,2003,77 years 06 months,633000.0
2024-09-01,CENTRAL AREA,5 ROOM,1D,CANTONMENT RD,37 TO 39,107.0,Type S2,2011,85 years 05 months,1515000.0
2024-09-01,CENTRAL AREA,5 ROOM,1A,CANTONMENT RD,34 TO 36,105.0,Type S2,2011,85 years 05 months,1435000.0
2024-09-01,CHOA CHU KANG,2 ROOM,166B,TECK WHYE CRES,04 TO 06,47.0,Model A,2015,89 years 07 months,320000.0
2024-09-01,CHOA CHU KANG,3 ROOM,818A,CHOA CHU KANG AVE 1,10 TO 12,67.0,Model A,2017,92 years 01 month,475000.0
2024-09-01,CHOA CHU KANG,3 ROOM,571,CHOA CHU KANG ST 52,10 TO 12,67.0,Model A,2015,89 years 05 months,460000.0
2024-09-01,CHOA CHU KANG,3 ROOM,801A,KEAT HONG CL,10 TO 12,67.0,Model A,2018,92 years 06 months,466000.0
2024-09-01,CHOA CHU KANG,3 ROOM,801C,KEAT HONG CL,10 TO 12,67.0,Model A,2018,92 years 06 months,478888.0
2024-09-01,CHOA CHU KANG,3 ROOM,3,TECK WHYE AVE,07 TO 09,74.0,Model A,1984,59 years 01 month,385000.0
2024-09-01,CHOA CHU KANG,3 ROOM,10,TECK WHYE AVE,10 TO 12,67.0,New Generation,1978,52 years 09 months,370000.0
2024-09-01,CHOA CHU KANG,3 ROOM,1,TECK WHYE AVE,04 TO 06,74.0,Model A,1984,59 years 02 months,405000.0
2024-09-01,CHOA CHU KANG,3 ROOM,114,TECK WHYE LANE,01 TO 03,73.0,Model A,1989,64 years 01 month,415000.0
2024-09-01,CHOA CHU KANG,4 ROOM,808B,CHOA CHU KANG AVE 1,07 TO 09,92.0,Model A,2017,91 years 08 months,575000.0
2024-09-01,CHOA CHU KANG,4 ROOM,818B,CHOA CHU KANG AVE 1,07 TO 09,92.0,Model A,2017,92 years 01 month,620000.0
2024-09-01,CHOA CHU KANG,4 ROOM,818B,CHOA CHU KANG AVE 1,16 TO 18,92.0,Model A,2017,92 years 01 month,670000.0
2024-09-01,CHOA CHU KANG,4 ROOM,297C,CHOA CHU KANG AVE 2,10 TO 12,102.0,Premium Apartment,1999,74 years,505000.0
2024-09-01,CHOA CHU KANG,4 ROOM,294,CHOA CHU KANG AVE 2,16 TO 18,104.0,Model A,1990,64 years 09 months,545000.0
2024-09-01,CHOA CHU KANG,4 ROOM,297A,CHOA CHU KANG AVE 2,13 TO 15,101.0,Premium Apartment,1999,73 years 11 months,520000.0
2024-09-01,CHOA CHU KANG,4 ROOM,296,CHOA CHU KANG AVE 2,04 TO 06,102.0,Premium Apartment,1999,73 years 11 months,500000.0
2024-09-01,CHOA CHU KANG,4 ROOM,291,CHOA CHU KANG AVE 3,07 TO 09,104.0,Model A,1993,67 years 10 months,525999.0
2024-09-01,CHOA CHU KANG,4 ROOM,291,CHOA CHU KANG AVE 3,01 TO 03,110.0,Model A,1993,67 years 10 months,483000.0
2024-09-01,CHOA CHU KANG,4 ROOM,472,CHOA CHU KANG AVE 3,10 TO 12,101.0,Model A,1999,73 years 08 months,515888.0
2024-09-01,CHOA CHU KANG,4 ROOM,473,CHOA CHU KANG AVE 3,10 TO 12,101.0,Model A,1999,73 years 08 months,530000.0
2024-09-01,CHOA CHU KANG,4 ROOM,283,CHOA CHU KANG AVE 3,04 TO 06,104.0,Model A,1992,66 years 11 months,538888.0
2024-09-01,CHOA CHU KANG,4 ROOM,411,CHOA CHU KANG AVE 3,07 TO 09,103.0,Model A,1992,66 years 10 months,538800.0
2024-09-01,CHOA CHU KANG,4 ROOM,418,CHOA CHU KANG AVE 4,10 TO 12,106.0,Model A,1993,67 years 09 months,628000.0
2024-09-01,CHOA CHU KANG,4 ROOM,426,CHOA CHU KANG AVE 4,16 TO 18,104.0,Model A,1993,67 years 10 months,588000.0
2024-09-01,CHOA CHU KANG,4 ROOM,427,CHOA CHU KANG AVE 4,07 TO 09,104.0,Model A,1992,66 years 11 months,518888.0
2024-09-01,CHOA CHU KANG,4 ROOM,427,CHOA CHU KANG AVE 4,10 TO 12,104.0,Model A,1992,66 years 11 months,535000.0
2024-09-01,CHOA CHU KANG,4 ROOM,307,CHOA CHU KANG AVE 4,07 TO 09,106.0,Model A,1993,67 years 09 months,585888.0
2024-09-01,CHOA CHU KANG,4 ROOM,488A,CHOA CHU KANG AVE 5,07 TO 09,93.0,Model A,2016,90 years 10 months,550000.0
2024-09-01,CHOA CHU KANG,4 ROOM,484C,CHOA CHU KANG AVE 5,10 TO 12,101.0,Model A,1999,73 years 08 months,512888.0
2024-09-01,CHOA CHU KANG,4 ROOM,489A,CHOA CHU KANG AVE 5,01 TO 03,93.0,Model A,2016,90 years 10 months,500000.0
2024-09-01,CHOA CHU KANG,4 ROOM,484A,CHOA CHU KANG AVE 5,01 TO 03,91.0,Model A2,1999,73 years 08 months,495000.0
2024-09-01,CHOA CHU KANG,4 ROOM,815B,CHOA CHU KANG AVE 7,01 TO 03,93.0,Model A,2017,91 years 07 months,555000.0
2024-09-01,CHOA CHU KANG,4 ROOM,815C,CHOA CHU KANG AVE 7,07 TO 09,93.0,Model A,2017,91 years 07 months,590000.0
2024-09-01,CHOA CHU KANG,4 ROOM,815C,CHOA CHU KANG AVE 7,10 TO 12,93.0,Model A,2017,91 years 07 months,620000.0
2024-09-01,CHOA CHU KANG,4 ROOM,811A,CHOA CHU KANG AVE 7,01 TO 03,93.0,Model A,2017,92 years 03 months,537000.0
2024-09-01,CHOA CHU KANG,4 ROOM,669,CHOA CHU KANG CRES,13 TO 15,104.0,Premium Apartment,1999,74 years 02 months,540000.0
2024-09-01,CHOA CHU KANG,4 ROOM,682,CHOA CHU KANG CRES,01 TO 03,105.0,Premium Apartment,1999,74 years 02 months,500000.0
2024-09-01,CHOA CHU KANG,4 ROOM,670,CHOA CHU KANG CRES,01 TO 03,104.0,Premium Apartment,1999,74 years 04 months,512000.0
2024-09-01,CHOA CHU KANG,4 ROOM,217,CHOA CHU KANG CTRL,01 TO 03,105.0,Model A,1990,64 years 11 months,525000.0
2024-09-01,CHOA CHU KANG,4 ROOM,210,CHOA CHU KANG CTRL,04 TO 06,112.0,Model A,1990,64 years 06 months,588888.0
2024-09-01,CHOA CHU KANG,4 ROOM,216,CHOA CHU KANG CTRL,01 TO 03,105.0,Model A,1990,64 years 05 months,520000.0
2024-09-01,CHOA CHU KANG,4 ROOM,217,CHOA CHU KANG CTRL,04 TO 06,109.0,Model A,1990,64 years 11 months,568800.0
2024-09-01,CHOA CHU KANG,4 ROOM,223,CHOA CHU KANG CTRL,07 TO 09,104.0,Model A,1993,67 years 10 months,576000.0
2024-09-01,CHOA CHU KANG,4 ROOM,239,CHOA CHU KANG CTRL,01 TO 03,104.0,Model A,1990,64 years 07 months,520000.0
2024-09-01,CHOA CHU KANG,4 ROOM,687B,CHOA CHU KANG DR,16 TO 18,90.0,Model A,2002,76 years 10 months,508000.0
2024-09-01,CHOA CHU KANG,4 ROOM,340,CHOA CHU KANG LOOP,04 TO 06,106.0,Model A,1993,67 years 10 months,625000.0
2024-09-01,CHOA CHU KANG,4 ROOM,574,CHOA CHU KANG ST 52,07 TO 09,92.0,Model A,2015,89 years 05 months,553000.0
2024-09-01,CHOA CHU KANG,4 ROOM,566,CHOA CHU KANG ST 52,01 TO 03,109.0,Model A,1995,70 years 03 months,535000.0
2024-09-01,CHOA CHU KANG,4 ROOM,568,CHOA CHU KANG ST 52,04 TO 06,109.0,Model A,1995,69 years 10 months,565000.0
2024-09-01,CHOA CHU KANG,4 ROOM,610,CHOA CHU KANG ST 62,04 TO 06,108.0,Model A,1996,70 years 08 months,538000.0
2024-09-01,CHOA CHU KANG,4 ROOM,802C,KEAT HONG CL,04 TO 06,92.0,Model A,2018,92 years 06 months,560000.0
2024-09-01,CHOA CHU KANG,4 ROOM,817A,KEAT HONG LINK,22 TO 24,92.0,Model A,2017,92 years 01 month,656888.0
2024-09-01,CHOA CHU KANG,4 ROOM,817B,KEAT HONG LINK,19 TO 21,92.0,Model A,2017,92 years 01 month,640888.0
2024-09-01,CHOA CHU KANG,4 ROOM,816B,KEAT HONG LINK,10 TO 12,92.0,Model A,2017,92 years 01 month,609118.0
2024-09-01,CHOA CHU KANG,4 ROOM,817B,KEAT HONG LINK,01 TO 03,92.0,Model A,2017,92 years 01 month,550000.0
2024-09-01,CHOA CHU KANG,4 ROOM,11,TECK WHYE LANE,10 TO 12,99.0,New Generation,1978,52 years 09 months,430000.0
2024-09-01,CHOA CHU KANG,4 ROOM,113,TECK WHYE LANE,07 TO 09,104.0,Model A,1989,63 years 05 months,510000.0
2024-09-01,CHOA CHU KANG,4 ROOM,113,TECK WHYE LANE,04 TO 06,104.0,Model A,1989,63 years 05 months,470000.0
2024-09-01,CHOA CHU KANG,5 ROOM,807B,CHOA CHU KANG AVE 1,01 TO 03,112.0,Improved,2017,91 years 08 months,668000.0
2024-09-01,CHOA CHU KANG,5 ROOM,807C,CHOA CHU KANG AVE 1,13 TO 15,112.0,Improved,2017,91 years 08 months,748000.0
2024-09-01,CHOA CHU KANG,5 ROOM,807C,CHOA CHU KANG AVE 1,04 TO 06,112.0,Improved,2017,91 years 08 months,660000.0
2024-09-01,CHOA CHU KANG,5 ROOM,807B,CHOA CHU KANG AVE 1,13 TO 15,112.0,Improved,2017,91 years 08 months,680000.0
2024-09-01,CHOA CHU KANG,5 ROOM,809A,CHOA CHU KANG AVE 1,07 TO 09,112.0,Improved,2017,91 years 08 months,685000.0
2024-09-01,CHOA CHU KANG,5 ROOM,132,CHOA CHU KANG AVE 1,01 TO 03,123.0,Improved,1993,67 years 09 months,590000.0
2024-09-01,CHOA CHU KANG,5 ROOM,296,CHOA CHU KANG AVE 2,10 TO 12,122.0,Premium Apartment,1999,73 years 11 months,650888.0
2024-09-01,CHOA CHU KANG,5 ROOM,453,CHOA CHU KANG AVE 4,10 TO 12,123.0,Premium Apartment,2000,74 years 06 months,615000.0
2024-09-01,CHOA CHU KANG,5 ROOM,484C,CHOA CHU KANG AVE 5,07 TO 09,116.0,Improved,1999,73 years 09 months,595000.0
2024-09-01,CHOA CHU KANG,5 ROOM,487B,CHOA CHU KANG AVE 5,10 TO 12,113.0,Improved,2016,90 years 10 months,675000.0
2024-09-01,CHOA CHU KANG,5 ROOM,489A,CHOA CHU KANG AVE 5,13 TO 15,113.0,Improved,2016,90 years 10 months,725000.0
2024-09-01,CHOA CHU KANG,5 ROOM,489A,CHOA CHU KANG AVE 5,04 TO 06,113.0,Improved,2016,90 years 10 months,640000.0
2024-09-01,CHOA CHU KANG,5 ROOM,489D,CHOA CHU KANG AVE 5,04 TO 06,113.0,Improved,2016,90 years 10 months,640888.0
2024-09-01,CHOA CHU KANG,5 ROOM,489D,CHOA CHU KANG AVE 5,07 TO 09,113.0,Improved,2016,90 years 10 months,665000.0
2024-09-01,CHOA CHU KANG,5 ROOM,815C,CHOA CHU KANG AVE 7,13 TO 15,113.0,Improved,2017,91 years 07 months,730000.0
2024-09-01,CHOA CHU KANG,5 ROOM,685A,CHOA CHU KANG CRES,13 TO 15,110.0,Improved,2002,77 years 01 month,560000.0
2024-09-01,CHOA CHU KANG,5 ROOM,690D,CHOA CHU KANG CRES,10 TO 12,110.0,Improved,2003,78 years,558000.0
2024-09-01,CHOA CHU KANG,5 ROOM,656,CHOA CHU KANG CRES,07 TO 09,121.0,Premium Apartment,1999,73 years 08 months,600000.0
2024-09-01,CHOA CHU KANG,5 ROOM,688C,CHOA CHU KANG CRES,04 TO 06,110.0,Improved,2003,77 years 07 months,550000.0
2024-09-01,CHOA CHU KANG,5 ROOM,686A,CHOA CHU KANG CRES,07 TO 09,110.0,Improved,2002,77 years 02 months,525000.0
2024-09-01,CHOA CHU KANG,5 ROOM,670,CHOA CHU KANG CRES,04 TO 06,124.0,Premium Apartment,1999,74 years 04 months,615000.0
2024-09-01,CHOA CHU KANG,5 ROOM,683B,CHOA CHU KANG CRES,10 TO 12,110.0,Improved,2002,77 years,562888.0
2024-09-01,CHOA CHU KANG,5 ROOM,686B,CHOA CHU KANG CRES,01 TO 03,110.0,Improved,2002,77 years 02 months,550000.0
2024-09-01,CHOA CHU KANG,5 ROOM,684D,CHOA CHU KANG CRES,04 TO 06,110.0,Improved,2002,77 years 01 month,540000.0
2024-09-01,CHOA CHU KANG,5 ROOM,353,CHOA CHU KANG CTRL,10 TO 12,123.0,Improved,1993,67 years 10 months,675000.0
2024-09-01,CHOA CHU KANG,5 ROOM,205,CHOA CHU KANG CTRL,01 TO 03,122.0,Improved,1989,63 years 08 months,606000.0
2024-09-01,CHOA CHU KANG,5 ROOM,223,CHOA CHU KANG CTRL,07 TO 09,126.0,Improved,1993,67 years 11 months,680000.0
2024-09-01,CHOA CHU KANG,5 ROOM,352,CHOA CHU KANG CTRL,10 TO 12,133.0,Model A,1993,67 years 10 months,768000.0
2024-09-01,CHOA CHU KANG,5 ROOM,687A,CHOA CHU KANG DR,13 TO 15,110.0,Improved,2002,76 years 10 months,588000.0
2024-09-01,CHOA CHU KANG,5 ROOM,790,CHOA CHU KANG NTH 6,10 TO 12,128.0,Improved,1996,71 years 04 months,687000.0
2024-09-01,CHOA CHU KANG,5 ROOM,618,CHOA CHU KANG NTH 7,10 TO 12,134.0,Model A,1996,70 years 08 months,710000.0
2024-09-01,CHOA CHU KANG,5 ROOM,617,CHOA CHU KANG NTH 7,01 TO 03,132.0,Model A,1996,70 years 08 months,650000.0
2024-09-01,CHOA CHU KANG,5 ROOM,517,CHOA CHU KANG ST 51,01 TO 03,121.0,Improved,1995,70 years 01 month,575000.0
2024-09-01,CHOA CHU KANG,5 ROOM,502,CHOA CHU KANG ST 51,10 TO 12,131.0,Model A,1995,69 years 07 months,660000.0
2024-09-01,CHOA CHU KANG,5 ROOM,805C,KEAT HONG CL,07 TO 09,113.0,Improved,2017,91 years 09 months,645000.0
2024-09-01,CHOA CHU KANG,5 ROOM,817A,KEAT HONG LINK,10 TO 12,112.0,Improved,2017,92 years 01 month,710000.0
2024-09-01,CHOA CHU KANG,5 ROOM,7,TECK WHYE AVE,19 TO 21,132.0,Model A,1984,58 years 07 months,673888.0
2024-09-01,CHOA CHU KANG,5 ROOM,102,TECK WHYE LANE,01 TO 03,121.0,Improved,1989,63 years 08 months,575000.0
2024-09-01,CHOA CHU KANG,EXECUTIVE,680,CHOA CHU KANG CRES,10 TO 12,144.0,Premium Apartment,1999,74 years 02 months,690000.0
2024-09-01,CHOA CHU KANG,EXECUTIVE,235,CHOA CHU KANG CTRL,16 TO 18,146.0,Maisonette,1990,65 years 05 months,870000.0
2024-09-01,CHOA CHU KANG,EXECUTIVE,208,CHOA CHU KANG CTRL,04 TO 06,146.0,Maisonette,1989,64 years,868000.0
2024-09-01,CHOA CHU KANG,EXECUTIVE,559,CHOA CHU KANG NTH 6,04 TO 06,146.0,Apartment,1996,70 years 06 months,800000.0
2024-09-01,CHOA CHU KANG,EXECUTIVE,529,CHOA CHU KANG ST 51,07 TO 09,147.0,Apartment,1995,69 years 08 months,784588.0
2024-09-01,CHOA CHU KANG,EXECUTIVE,109,TECK WHYE LANE,10 TO 12,146.0,Maisonette,1989,63 years 07 months,838000.0
2024-09-01,CLEMENTI,3 ROOM,423,CLEMENTI AVE 1,07 TO 09,70.0,Model A,2013,88 years 01 month,680000.0
2024-09-01,CLEMENTI,3 ROOM,329,CLEMENTI AVE 2,04 TO 06,82.0,New Generation,1978,52 years 11 months,502888.0
2024-09-01,CLEMENTI,3 ROOM,329,CLEMENTI AVE 2,10 TO 12,67.0,New Generation,1978,52 years 11 months,426000.0
2024-09-01,CLEMENTI,3 ROOM,362,CLEMENTI AVE 2,10 TO 12,67.0,New Generation,1978,52 years 05 months,423000.0
2024-09-01,CLEMENTI,3 ROOM,351,CLEMENTI AVE 2,07 TO 09,67.0,New Generation,1978,53 years 01 month,415000.0
2024-09-01,CLEMENTI,3 ROOM,435,CLEMENTI AVE 3,10 TO 12,82.0,New Generation,1978,53 years 04 months,535000.0
2024-09-01,CLEMENTI,3 ROOM,375,CLEMENTI AVE 4,01 TO 03,67.0,New Generation,1980,55 years 02 months,385000.0
2024-09-01,CLEMENTI,3 ROOM,310,CLEMENTI AVE 4,10 TO 12,67.0,New Generation,1980,54 years 05 months,420000.0
2024-09-01,CLEMENTI,3 ROOM,376,CLEMENTI AVE 4,01 TO 03,82.0,New Generation,1980,55 years 02 months,470000.0
2024-09-01,CLEMENTI,3 ROOM,371,CLEMENTI AVE 4,10 TO 12,68.0,New Generation,1981,56 years 01 month,418000.0
2024-09-01,CLEMENTI,3 ROOM,307,CLEMENTI AVE 4,01 TO 03,67.0,New Generation,1979,54 years 03 months,370000.0
2024-09-01,CLEMENTI,3 ROOM,341,CLEMENTI AVE 5,04 TO 06,82.0,New Generation,1979,53 years 08 months,480000.0
2024-09-01,CLEMENTI,3 ROOM,377,CLEMENTI AVE 5,10 TO 12,82.0,New Generation,1980,55 years 02 months,520000.0
2024-09-01,CLEMENTI,3 ROOM,341,CLEMENTI AVE 5,01 TO 03,67.0,New Generation,1979,53 years 08 months,360000.0
2024-09-01,CLEMENTI,3 ROOM,610,CLEMENTI WEST ST 1,07 TO 09,74.0,Model A,1983,58 years,405000.0
2024-09-01,CLEMENTI,3 ROOM,607,CLEMENTI WEST ST 1,07 TO 09,67.0,New Generation,1979,54 years 03 months,370000.0
2024-09-01,CLEMENTI,3 ROOM,704,WEST COAST RD,01 TO 03,67.0,New Generation,1980,55 years 01 month,355000.0
2024-09-01,CLEMENTI,3 ROOM,704,WEST COAST RD,04 TO 06,67.0,New Generation,1980,55 years 01 month,355000.0
2024-09-01,CLEMENTI,4 ROOM,411,C'WEALTH AVE WEST,10 TO 12,97.0,New Generation,1978,52 years 07 months,618800.0
2024-09-01,CLEMENTI,4 ROOM,424,CLEMENTI AVE 1,10 TO 12,99.0,Model A,2013,88 years 02 months,920000.0
2024-09-01,CLEMENTI,4 ROOM,425,CLEMENTI AVE 1,16 TO 18,100.0,Model A,2013,88 years 01 month,930000.0
2024-09-01,CLEMENTI,4 ROOM,424,CLEMENTI AVE 1,10 TO 12,99.0,Model A,2013,88 years 01 month,935000.0
2024-09-01,CLEMENTI,4 ROOM,333,CLEMENTI AVE 2,10 TO 12,92.0,New Generation,1978,53 years,673888.0
2024-09-01,CLEMENTI,4 ROOM,329,CLEMENTI AVE 2,07 TO 09,92.0,New Generation,1978,52 years 11 months,703000.0
2024-09-01,CLEMENTI,4 ROOM,460,CLEMENTI AVE 3,19 TO 21,90.0,Model A,2002,77 years 04 months,833888.0
2024-09-01,CLEMENTI,4 ROOM,462,CLEMENTI AVE 3,10 TO 12,90.0,Model A,2006,80 years 11 months,870000.0
2024-09-01,CLEMENTI,4 ROOM,435,CLEMENTI AVE 3,04 TO 06,91.0,New Generation,1978,53 years 04 months,602000.0
2024-09-01,CLEMENTI,4 ROOM,316,CLEMENTI AVE 4,10 TO 12,91.0,New Generation,1979,53 years 09 months,705888.0
2024-09-01,CLEMENTI,4 ROOM,312C,CLEMENTI AVE 4,28 TO 30,93.0,Model A,2017,92 years,1045000.0
2024-09-01,CLEMENTI,4 ROOM,311C,CLEMENTI AVE 4,22 TO 24,82.0,DBSS,2014,89 years 04 months,950000.0
2024-09-01,CLEMENTI,4 ROOM,730,CLEMENTI WEST ST 2,01 TO 03,93.0,New Generation,1980,55 years,510000.0
2024-09-01,CLEMENTI,4 ROOM,703,WEST COAST RD,13 TO 15,93.0,New Generation,1980,55 years 01 month,560000.0
2024-09-01,CLEMENTI,4 ROOM,703,WEST COAST RD,04 TO 06,93.0,New Generation,1980,55 years 01 month,455000.0
2024-09-01,CLEMENTI,5 ROOM,414,C'WEALTH AVE WEST,07 TO 09,125.0,Improved,1978,53 years,762888.0
2024-09-01,CLEMENTI,5 ROOM,416,CLEMENTI AVE 1,07 TO 09,113.0,Improved,2013,88 years 01 month,1045000.0
2024-09-01,CLEMENTI,5 ROOM,312A,CLEMENTI AVE 4,13 TO 15,113.0,Improved,2017,92 years,1107500.0
2024-09-01,CLEMENTI,5 ROOM,103,CLEMENTI ST 14,01 TO 03,121.0,Improved,1984,59 years 04 months,775000.0
2024-09-01,CLEMENTI,5 ROOM,103,CLEMENTI ST 14,13 TO 15,121.0,Improved,1984,59 years 05 months,828888.0
2024-09-01,CLEMENTI,5 ROOM,605,CLEMENTI WEST ST 1,01 TO 03,119.0,Improved,1979,54 years 03 months,625000.0
2024-09-01,GEYLANG,3 ROOM,112,ALJUNIED CRES,04 TO 06,67.0,New Generation,1980,55 years,458000.0
2024-09-01,GEYLANG,3 ROOM,97,ALJUNIED CRES,01 TO 03,65.0,Improved,1975,50 years,352000.0
2024-09-01,GEYLANG,3 ROOM,21,BALAM RD,04 TO 06,60.3,Standard,1967,41 years 05 months,318000.0
2024-09-01,GEYLANG,3 ROOM,30,BALAM RD,07 TO 09,57.0,Standard,1973,47 years 11 months,343000.0
2024-09-01,GEYLANG,3 ROOM,34,CASSIA CRES,07 TO 09,68.0,New Generation,1981,55 years 11 months,470000.0
2024-09-01,GEYLANG,3 ROOM,82B,CIRCUIT RD,13 TO 15,68.0,Model A,2020,94 years 10 months,756000.0
2024-09-01,GEYLANG,3 ROOM,83B,CIRCUIT RD,10 TO 12,68.0,Model A,2020,94 years 09 months,728000.0
2024-09-01,GEYLANG,3 ROOM,82B,CIRCUIT RD,13 TO 15,68.0,Model A,2020,94 years 09 months,745000.0
2024-09-01,GEYLANG,3 ROOM,82A,CIRCUIT RD,04 TO 06,68.0,Model A,2020,94 years 09 months,738000.0
2024-09-01,GEYLANG,3 ROOM,82B,CIRCUIT RD,04 TO 06,68.0,Model A,2020,94 years 09 months,725000.0
2024-09-01,GEYLANG,3 ROOM,58,CIRCUIT RD,04 TO 06,56.0,Standard,1969,43 years 05 months,323000.0
2024-09-01,GEYLANG,3 ROOM,87,CIRCUIT RD,07 TO 09,60.0,Improved,1970,44 years 05 months,310000.0
2024-09-01,GEYLANG,3 ROOM,49,CIRCUIT RD,01 TO 03,56.0,Standard,1969,43 years 05 months,310000.0
2024-09-01,GEYLANG,3 ROOM,82B,CIRCUIT RD,07 TO 09,68.0,Model A,2020,94 years 09 months,723000.0
2024-09-01,GEYLANG,3 ROOM,83A,CIRCUIT RD,16 TO 18,68.0,Model A,2020,94 years 09 months,758888.0
2024-09-01,GEYLANG,3 ROOM,82A,CIRCUIT RD,13 TO 15,68.0,Model A,2020,94 years 09 months,750000.0
2024-09-01,GEYLANG,3 ROOM,82A,CIRCUIT RD,07 TO 09,68.0,Model A,2020,94 years 09 months,742888.0
2024-09-01,GEYLANG,3 ROOM,60,CIRCUIT RD,01 TO 03,56.0,Standard,1969,43 years 06 months,316000.0
2024-09-01,GEYLANG,3 ROOM,66,CIRCUIT RD,07 TO 09,56.0,Standard,1967,41 years 05 months,348000.0
2024-09-01,GEYLANG,3 ROOM,43,CIRCUIT RD,07 TO 09,52.0,Standard,1971,45 years 05 months,320000.0
2024-09-01,GEYLANG,3 ROOM,82B,CIRCUIT RD,10 TO 12,68.0,Model A,2020,94 years 09 months,752800.0
2024-09-01,GEYLANG,3 ROOM,58,DAKOTA CRES,04 TO 06,74.0,Model A,1984,59 years 03 months,570000.0
2024-09-01,GEYLANG,3 ROOM,17,EUNOS CRES,10 TO 12,59.0,Improved,1977,51 years 09 months,358000.0
2024-09-01,GEYLANG,3 ROOM,17,EUNOS CRES,04 TO 06,59.0,Improved,1977,51 years 09 months,370000.0
2024-09-01,GEYLANG,3 ROOM,17,EUNOS CRES,10 TO 12,59.0,Improved,1977,51 years 09 months,360000.0
2024-09-01,GEYLANG,3 ROOM,1,HAIG RD,01 TO 03,68.0,Improved,1982,57 years 03 months,435000.0
2024-09-01,GEYLANG,3 ROOM,4,JOO CHIAT RD,16 TO 18,90.0,Model A,1985,60 years 04 months,690000.0
2024-09-01,GEYLANG,3 ROOM,4,JOO CHIAT RD,13 TO 15,90.0,Model A,1985,60 years 04 months,650000.0
2024-09-01,GEYLANG,3 ROOM,52,SIMS PL,01 TO 03,65.0,Improved,1977,51 years 06 months,360000.0
2024-09-01,GEYLANG,3 ROOM,53,SIMS PL,07 TO 09,76.0,Improved,1981,55 years 05 months,428000.0
2024-09-01,GEYLANG,3 ROOM,53,SIMS PL,10 TO 12,65.0,Improved,1981,55 years 05 months,435000.0
2024-09-01,GEYLANG,3 ROOM,63,SIMS PL,16 TO 18,68.0,Model A,2016,91 years 04 months,725000.0
2024-09-01,GEYLANG,4 ROOM,56,CASSIA CRES,13 TO 15,102.0,Model A,1998,72 years 06 months,940000.0
2024-09-01,GEYLANG,4 ROOM,32,CASSIA CRES,13 TO 15,95.0,New Generation,1981,55 years 11 months,685000.0
2024-09-01,GEYLANG,4 ROOM,82B,CIRCUIT RD,04 TO 06,93.0,Model A,2020,94 years 09 months,940000.0
2024-09-01,GEYLANG,4 ROOM,18D,CIRCUIT RD,07 TO 09,93.0,Model A,2016,91 years 03 months,968000.0
2024-09-01,GEYLANG,4 ROOM,82B,CIRCUIT RD,04 TO 06,93.0,Model A,2020,94 years 09 months,985000.0
2024-09-01,GEYLANG,4 ROOM,42,CIRCUIT RD,04 TO 06,107.0,Model A,1996,70 years 10 months,730000.0
2024-09-01,GEYLANG,4 ROOM,82B,CIRCUIT RD,07 TO 09,93.0,Model A,2020,94 years 09 months,1010888.0
2024-09-01,GEYLANG,4 ROOM,83B,CIRCUIT RD,13 TO 15,93.0,Model A,2020,94 years 09 months,1018888.0
2024-09-01,GEYLANG,4 ROOM,18A,CIRCUIT RD,13 TO 15,93.0,Model A,2016,91 years 03 months,972800.0
2024-09-01,GEYLANG,4 ROOM,83A,CIRCUIT RD,07 TO 09,96.0,Model A,2020,94 years 09 months,975000.0
2024-09-01,GEYLANG,4 ROOM,83A,CIRCUIT RD,07 TO 09,96.0,Model A,2020,94 years 09 months,976888.0
2024-09-01,GEYLANG,4 ROOM,82A,CIRCUIT RD,04 TO 06,93.0,Model A,2020,94 years 09 months,960000.0
2024-09-01,GEYLANG,4 ROOM,83A,CIRCUIT RD,10 TO 12,96.0,Model A,2020,94 years 09 months,1008000.0
2024-09-01,GEYLANG,4 ROOM,36,EUNOS CRES,07 TO 09,85.0,Model A,2006,81 years 04 months,900888.0
2024-09-01,GEYLANG,4 ROOM,31,EUNOS CRES,07 TO 09,90.0,Model A,2007,81 years 05 months,893888.0
2024-09-01,GEYLANG,4 ROOM,2A,GEYLANG SERAI,07 TO 09,95.0,Model A,2011,86 years 04 months,910000.0
2024-09-01,GEYLANG,4 ROOM,43,JLN TIGA,16 TO 18,93.0,Model A,2005,79 years 06 months,950000.0
2024-09-01,GEYLANG,4 ROOM,121,PAYA LEBAR WAY,07 TO 09,91.0,New Generation,1980,55 years,498000.0
2024-09-01,GEYLANG,4 ROOM,42,SIMS DR,10 TO 12,106.0,Model A,1990,64 years 08 months,635000.0
2024-09-01,GEYLANG,4 ROOM,324,UBI AVE 1,01 TO 03,84.0,Simplified,1985,59 years 10 months,505000.0
2024-09-01,GEYLANG,4 ROOM,319,UBI AVE 1,04 TO 06,104.0,Model A,1985,59 years 10 months,575000.0
2024-09-01,GEYLANG,4 ROOM,327,UBI AVE 1,10 TO 12,105.0,Model A,1985,60 years 03 months,590000.0
2024-09-01,GEYLANG,4 ROOM,338,UBI AVE 1,07 TO 09,84.0,Simplified,1986,60 years 07 months,578000.0
2024-09-01,GEYLANG,4 ROOM,343,UBI AVE 1,07 TO 09,104.0,Model A,1986,60 years 09 months,610000.0
2024-09-01,GEYLANG,4 ROOM,301,UBI AVE 1,01 TO 03,83.0,Simplified,2000,74 years 09 months,530000.0
2024-09-01,GEYLANG,4 ROOM,343,UBI AVE 1,04 TO 06,84.0,Simplified,1986,60 years 09 months,552888.0
2024-09-01,GEYLANG,4 ROOM,341,UBI AVE 1,07 TO 09,104.0,Model A,1985,60 years 01 month,618888.0
2024-09-01,GEYLANG,5 ROOM,125,ALJUNIED RD,16 TO 18,121.0,Improved,1983,58 years 02 months,800000.0
2024-09-01,GEYLANG,5 ROOM,28,CASSIA CRES,10 TO 12,120.0,Improved,1998,72 years 10 months,1100000.0
2024-09-01,GEYLANG,5 ROOM,23,EUNOS CRES,07 TO 09,117.0,Standard,1977,51 years 09 months,638000.0
2024-09-01,GEYLANG,5 ROOM,7,HAIG RD,07 TO 09,118.0,Improved,1976,50 years 11 months,750000.0
2024-09-01,GEYLANG,5 ROOM,5,PINE CL,01 TO 03,111.0,Improved,2000,74 years 10 months,1010000.0
2024-09-01,GEYLANG,5 ROOM,9,PINE CL,01 TO 03,120.0,Improved,1997,72 years 03 months,1008000.0
2024-09-01,GEYLANG,EXECUTIVE,133,GEYLANG EAST AVE 1,04 TO 06,146.0,Maisonette,1987,61 years 09 months,1000000.0
2024-09-01,GEYLANG,EXECUTIVE,326,UBI AVE 1,07 TO 09,146.0,Maisonette,1986,60 years 08 months,850000.0
2024-09-01,HOUGANG,2 ROOM,998A,BUANGKOK CRES,13 TO 15,47.0,Model A,2019,94 years 04 months,370000.0
2024-09-01,HOUGANG,2 ROOM,995A,BUANGKOK CRES,01 TO 03,38.0,Model A,2019,94 years 01 month,325000.0
2024-09-01,HOUGANG,2 ROOM,986A,BUANGKOK CRES,01 TO 03,47.0,Model A,2012,86 years 09 months,350000.0
2024-09-01,HOUGANG,2 ROOM,991A,BUANGKOK LINK,01 TO 03,47.0,2-room,2019,93 years 10 months,358000.0
2024-09-01,HOUGANG,2 ROOM,991B,BUANGKOK LINK,10 TO 12,47.0,Model A,2019,93 years 10 months,386000.0
2024-09-01,HOUGANG,2 ROOM,991A,BUANGKOK LINK,10 TO 12,47.0,Model A,2019,93 years 10 months,370000.0
2024-09-01,HOUGANG,2 ROOM,991A,BUANGKOK LINK,10 TO 12,47.0,Model A,2019,93 years 10 months,368000.0
2024-09-01,HOUGANG,2 ROOM,991B,BUANGKOK LINK,04 TO 06,47.0,Model A,2019,93 years 10 months,405000.0
2024-09-01,HOUGANG,3 ROOM,998A,BUANGKOK CRES,10 TO 12,68.0,Model A,2019,94 years 04 months,500000.0
2024-09-01,HOUGANG,3 ROOM,987B,BUANGKOK GREEN,01 TO 03,68.0,Model A,2015,89 years 06 months,455000.0
2024-09-01,HOUGANG,3 ROOM,174A,HOUGANG AVE 1,01 TO 03,66.0,Model A,2014,88 years 05 months,467000.0
2024-09-01,HOUGANG,3 ROOM,109,HOUGANG AVE 1,01 TO 03,67.0,New Generation,1983,57 years 07 months,408000.0
2024-09-01,HOUGANG,3 ROOM,123,HOUGANG AVE 1,04 TO 06,67.0,New Generation,1981,56 years 01 month,405000.0
2024-09-01,HOUGANG,3 ROOM,110,HOUGANG AVE 1,04 TO 06,67.0,New Generation,1982,57 years 02 months,428000.0
2024-09-01,HOUGANG,3 ROOM,174A,HOUGANG AVE 1,07 TO 09,66.0,Model A,2014,88 years 05 months,450000.0
2024-09-01,HOUGANG,3 ROOM,113,HOUGANG AVE 1,07 TO 09,66.0,New Generation,1982,56 years 05 months,450000.0
2024-09-01,HOUGANG,3 ROOM,115,HOUGANG AVE 1,07 TO 09,67.0,New Generation,1981,56 years 01 month,390000.0
2024-09-01,HOUGANG,3 ROOM,410,HOUGANG AVE 10,04 TO 06,67.0,New Generation,1985,60 years 01 month,415000.0
2024-09-01,HOUGANG,3 ROOM,410,HOUGANG AVE 10,04 TO 06,67.0,New Generation,1985,60 years 01 month,438000.0
2024-09-01,HOUGANG,3 ROOM,6,HOUGANG AVE 3,04 TO 06,59.0,Improved,1975,49 years 11 months,330000.0
2024-09-01,HOUGANG,3 ROOM,17,HOUGANG AVE 3,07 TO 09,73.0,New Generation,1978,52 years 10 months,425888.0
2024-09-01,HOUGANG,3 ROOM,305,HOUGANG AVE 5,01 TO 03,74.0,Model A,1983,57 years 06 months,428888.0
2024-09-01,HOUGANG,3 ROOM,313,HOUGANG AVE 5,01 TO 03,59.0,Improved,1993,67 years 08 months,370000.0
2024-09-01,HOUGANG,3 ROOM,623,HOUGANG AVE 8,07 TO 09,60.0,Improved,1985,59 years 11 months,388000.0
2024-09-01,HOUGANG,3 ROOM,501,HOUGANG AVE 8,07 TO 09,64.0,Simplified,1986,60 years 10 months,430000.0
2024-09-01,HOUGANG,3 ROOM,620,HOUGANG AVE 8,01 TO 03,60.0,Improved,1985,60 years,385000.0
2024-09-01,HOUGANG,3 ROOM,658,HOUGANG AVE 8,01 TO 03,74.0,Model A,1987,61 years 09 months,425000.0
2024-09-01,HOUGANG,3 ROOM,473A,UPP SERANGOON CRES,16 TO 18,68.0,Model A,2017,91 years 10 months,525000.0
2024-09-01,HOUGANG,3 ROOM,475A,UPP SERANGOON CRES,04 TO 06,67.0,DBSS,2014,89 years 03 months,565000.0
2024-09-01,HOUGANG,3 ROOM,475B,UPP SERANGOON CRES,10 TO 12,67.0,DBSS,2014,89 years 03 months,570000.0
2024-09-01,HOUGANG,3 ROOM,365B,UPP SERANGOON RD,07 TO 09,67.0,Model A,2018,92 years 06 months,590000.0
2024-09-01,HOUGANG,4 ROOM,996B,BUANGKOK CRES,01 TO 03,93.0,Model A,2019,94 years 01 month,588000.0
2024-09-01,HOUGANG,4 ROOM,978C,BUANGKOK CRES,13 TO 15,90.0,Model A,2003,77 years 11 months,570000.0
2024-09-01,HOUGANG,4 ROOM,988A,BUANGKOK GREEN,16 TO 18,93.0,Model A,2015,89 years 06 months,698888.0
2024-09-01,HOUGANG,4 ROOM,988C,BUANGKOK GREEN,13 TO 15,93.0,Model A,2015,89 years 06 months,655888.0
2024-09-01,HOUGANG,4 ROOM,987A,BUANGKOK GREEN,04 TO 06,93.0,Model A,2015,89 years 06 months,618000.0
2024-09-01,HOUGANG,4 ROOM,984C,BUANGKOK LINK,16 TO 18,90.0,Model A,2004,78 years 07 months,560000.0
2024-09-01,HOUGANG,4 ROOM,991B,BUANGKOK LINK,07 TO 09,93.0,Model A,2019,93 years 10 months,650000.0
2024-09-01,HOUGANG,4 ROOM,992B,BUANGKOK LINK,10 TO 12,93.0,Model A,2019,93 years 10 months,653988.0
2024-09-01,HOUGANG,4 ROOM,114,HOUGANG AVE 1,01 TO 03,96.0,New Generation,1982,56 years 06 months,511000.0
2024-09-01,HOUGANG,4 ROOM,172,HOUGANG AVE 1,01 TO 03,101.0,Model A,1997,72 years 04 months,558000.0
2024-09-01,HOUGANG,4 ROOM,236,HOUGANG AVE 1,07 TO 09,104.0,Model A,1984,58 years 09 months,628000.0
2024-09-01,HOUGANG,4 ROOM,448,HOUGANG AVE 10,13 TO 15,113.0,Model A,1990,64 years 09 months,700000.0
2024-09-01,HOUGANG,4 ROOM,452,HOUGANG AVE 10,01 TO 03,105.0,Model A,1992,67 years 02 months,535000.0
2024-09-01,HOUGANG,4 ROOM,452,HOUGANG AVE 10,07 TO 09,104.0,Model A,1992,67 years 01 month,635000.0
2024-09-01,HOUGANG,4 ROOM,420,HOUGANG AVE 10,04 TO 06,113.0,Model A,1989,64 years,655888.0
2024-09-01,HOUGANG,4 ROOM,509,HOUGANG AVE 10,01 TO 03,84.0,Simplified,1986,60 years 09 months,508000.0
2024-09-01,HOUGANG,4 ROOM,602,HOUGANG AVE 4,10 TO 12,84.0,Simplified,1985,60 years,530000.0
2024-09-01,HOUGANG,4 ROOM,602,HOUGANG AVE 4,13 TO 15,104.0,Model A,1985,60 years,640000.0
2024-09-01,HOUGANG,4 ROOM,601,HOUGANG AVE 4,07 TO 09,84.0,Simplified,1986,60 years 10 months,538000.0
2024-09-01,HOUGANG,4 ROOM,327,HOUGANG AVE 5,07 TO 09,93.0,New Generation,1983,57 years 07 months,541000.0
2024-09-01,HOUGANG,4 ROOM,314,HOUGANG AVE 5,01 TO 03,91.0,New Generation,1993,67 years 08 months,495000.0
2024-09-01,HOUGANG,4 ROOM,361,HOUGANG AVE 5,07 TO 09,104.0,Model A,1992,67 years 01 month,665000.0
2024-09-01,HOUGANG,4 ROOM,524,HOUGANG AVE 6,04 TO 06,105.0,Model A,1987,61 years 07 months,620000.0
2024-09-01,HOUGANG,4 ROOM,527,HOUGANG AVE 6,07 TO 09,84.0,Simplified,1987,62 years 03 months,572000.0
2024-09-01,HOUGANG,4 ROOM,325,HOUGANG AVE 7,04 TO 06,103.0,New Generation,1983,57 years 08 months,570000.0
2024-09-01,HOUGANG,4 ROOM,337,HOUGANG AVE 7,04 TO 06,91.0,New Generation,1985,60 years,500000.0
2024-09-01,HOUGANG,4 ROOM,544,HOUGANG AVE 8,13 TO 15,105.0,Model A,1992,67 years 02 months,665000.0
2024-09-01,HOUGANG,4 ROOM,433,HOUGANG AVE 8,04 TO 06,103.0,Model A,1989,63 years 11 months,680000.0
2024-09-01,HOUGANG,4 ROOM,617,HOUGANG AVE 8,04 TO 06,104.0,Model A,1986,60 years 05 months,580000.0
2024-09-01,HOUGANG,4 ROOM,954,HOUGANG AVE 9,01 TO 03,101.0,Model A,1999,73 years 08 months,540888.0
2024-09-01,HOUGANG,4 ROOM,933A,HOUGANG AVE 9,13 TO 15,92.0,Model A,2017,92 years 03 months,735000.0
2024-09-01,HOUGANG,4 ROOM,933A,HOUGANG AVE 9,10 TO 12,93.0,Model A,2017,92 years 03 months,710000.0
2024-09-01,HOUGANG,4 ROOM,547,HOUGANG ST 51,07 TO 09,106.0,Model A,1992,67 years 02 months,620000.0
2024-09-01,HOUGANG,4 ROOM,546,HOUGANG ST 51,16 TO 18,103.0,Model A,1992,67 years 01 month,663000.0
2024-09-01,HOUGANG,4 ROOM,686,HOUGANG ST 61,01 TO 03,84.0,Simplified,1987,61 years 11 months,452000.0
2024-09-01,HOUGANG,4 ROOM,970,HOUGANG ST 91,04 TO 06,101.0,Model A,1999,74 years 04 months,580000.0
2024-09-01,HOUGANG,4 ROOM,970,HOUGANG ST 91,01 TO 03,101.0,Model A,1999,74 years 04 months,550000.0
2024-09-01,HOUGANG,4 ROOM,475D,UPP SERANGOON CRES,07 TO 09,92.0,DBSS,2014,89 years 03 months,788000.0
2024-09-01,HOUGANG,4 ROOM,365A,UPP SERANGOON RD,16 TO 18,92.0,Model A,2018,92 years 06 months,838888.0
2024-09-01,HOUGANG,4 ROOM,477B,UPP SERANGOON VIEW,04 TO 06,92.0,Premium Apartment,2016,90 years 07 months,650888.0
2024-09-01,HOUGANG,4 ROOM,476B,UPP SERANGOON VIEW,07 TO 09,92.0,Premium Apartment,2016,90 years 07 months,708888.0
2024-09-01,HOUGANG,4 ROOM,476C,UPP SERANGOON VIEW,13 TO 15,92.0,Premium Apartment,2016,90 years 07 months,680000.0
2024-09-01,HOUGANG,5 ROOM,997B,BUANGKOK CRES,07 TO 09,120.0,3Gen,2018,93 years 03 months,735000.0
2024-09-01,HOUGANG,5 ROOM,979A,BUANGKOK CRES,13 TO 15,110.0,Improved,2003,77 years 11 months,638000.0
2024-09-01,HOUGANG,5 ROOM,997B,BUANGKOK CRES,07 TO 09,113.0,Improved,2018,93 years 03 months,784888.0
2024-09-01,HOUGANG,5 ROOM,997B,BUANGKOK CRES,07 TO 09,113.0,Improved,2018,93 years 03 months,727000.0
2024-09-01,HOUGANG,5 ROOM,997C,BUANGKOK CRES,13 TO 15,113.0,Improved,2018,93 years 03 months,785000.0
2024-09-01,HOUGANG,5 ROOM,997C,BUANGKOK CRES,04 TO 06,113.0,Improved,2018,93 years 03 months,765000.0
2024-09-01,HOUGANG,5 ROOM,997B,BUANGKOK CRES,01 TO 03,113.0,Improved,2018,93 years 03 months,708000.0
2024-09-01,HOUGANG,5 ROOM,166,HOUGANG AVE 1,07 TO 09,123.0,Improved,1997,72 years 02 months,798000.0
2024-09-01,HOUGANG,5 ROOM,234,HOUGANG AVE 1,10 TO 12,142.0,Model A-Maisonette,1984,58 years 11 months,960000.0
2024-09-01,HOUGANG,5 ROOM,512,HOUGANG AVE 10,13 TO 15,121.0,Improved,1987,61 years 09 months,765000.0
2024-09-01,HOUGANG,5 ROOM,408,HOUGANG AVE 10,04 TO 06,123.0,Improved,1986,60 years 08 months,690000.0
2024-09-01,HOUGANG,5 ROOM,710,HOUGANG AVE 2,07 TO 09,126.0,Improved,1987,61 years 05 months,660000.0
2024-09-01,HOUGANG,5 ROOM,707,HOUGANG AVE 2,10 TO 12,121.0,Improved,1986,61 years 02 months,680000.0
2024-09-01,HOUGANG,5 ROOM,249,HOUGANG AVE 3,01 TO 03,121.0,Improved,1985,59 years 05 months,660000.0
2024-09-01,HOUGANG,5 ROOM,576,HOUGANG AVE 4,13 TO 15,119.0,Improved,1997,72 years 03 months,730000.0
2024-09-01,HOUGANG,5 ROOM,310,HOUGANG AVE 5,01 TO 03,121.0,Improved,1984,58 years 06 months,618000.0
2024-09-01,HOUGANG,5 ROOM,306,HOUGANG AVE 5,07 TO 09,134.0,Model A,1983,57 years 07 months,760000.0
2024-09-01,HOUGANG,5 ROOM,643,HOUGANG AVE 8,16 TO 18,120.0,Improved,1987,62 years,780000.0
2024-09-01,HOUGANG,5 ROOM,953,HOUGANG AVE 9,04 TO 06,121.0,Improved,1999,73 years 08 months,685000.0
2024-09-01,HOUGANG,5 ROOM,698B,HOUGANG ST 61,01 TO 03,120.0,Improved,1999,73 years 07 months,650000.0
2024-09-01,HOUGANG,5 ROOM,685,HOUGANG ST 61,01 TO 03,128.0,Adjoined flat,1986,61 years 01 month,830000.0
2024-09-01,HOUGANG,5 ROOM,927,HOUGANG ST 91,10 TO 12,120.0,Improved,1998,73 years 04 months,755000.0
2024-09-01,HOUGANG,5 ROOM,970,HOUGANG ST 91,10 TO 12,120.0,Improved,1999,74 years 04 months,715000.0
2024-09-01,HOUGANG,5 ROOM,915,HOUGANG ST 91,13 TO 15,121.0,Improved,1998,72 years 06 months,700000.0
2024-09-01,HOUGANG,5 ROOM,956,HOUGANG ST 91,01 TO 03,116.0,Improved,1999,73 years 09 months,660000.0
2024-09-01,HOUGANG,5 ROOM,930,HOUGANG ST 91,04 TO 06,120.0,Improved,1998,72 years 11 months,710000.0
2024-09-01,HOUGANG,5 ROOM,971,HOUGANG ST 91,10 TO 12,115.0,Improved,1999,74 years 03 months,695000.0
2024-09-01,HOUGANG,5 ROOM,939,HOUGANG ST 92,04 TO 06,122.0,Improved,1998,72 years 05 months,718000.0
2024-09-01,HOUGANG,5 ROOM,936,HOUGANG ST 92,13 TO 15,121.0,Improved,1998,72 years 06 months,777000.0
2024-09-01,HOUGANG,5 ROOM,473D,UPP SERANGOON CRES,13 TO 15,113.0,Improved,2017,91 years 10 months,830000.0
2024-09-01,HOUGANG,EXECUTIVE,705,HOUGANG AVE 2,10 TO 12,154.0,Maisonette,1986,60 years 10 months,1020000.0
2024-09-01,HOUGANG,EXECUTIVE,522,HOUGANG AVE 6,04 TO 06,145.0,Maisonette,1987,62 years,955000.0
2024-09-01,HOUGANG,EXECUTIVE,430,HOUGANG AVE 6,04 TO 06,146.0,Maisonette,1989,63 years 07 months,950000.0
2024-09-01,HOUGANG,EXECUTIVE,430,HOUGANG AVE 6,04 TO 06,149.0,Maisonette,1989,63 years 07 months,1088888.0
2024-09-01,HOUGANG,EXECUTIVE,427,HOUGANG AVE 6,01 TO 03,145.0,Maisonette,1990,64 years 08 months,900000.0
2024-09-01,HOUGANG,EXECUTIVE,522,HOUGANG AVE 6,04 TO 06,145.0,Maisonette,1987,62 years,1010000.0
2024-09-01,HOUGANG,EXECUTIVE,357,HOUGANG AVE 7,04 TO 06,150.0,Maisonette,1985,59 years 07 months,888000.0
2024-09-01,HOUGANG,EXECUTIVE,357,HOUGANG AVE 7,10 TO 12,141.0,Apartment,1985,59 years 07 months,900000.0
2024-09-01,HOUGANG,EXECUTIVE,967,HOUGANG AVE 9,04 TO 06,137.0,Apartment,1999,74 years,820000.0
2024-09-01,HOUGANG,EXECUTIVE,560,HOUGANG ST 51,13 TO 15,143.0,Apartment,1992,67 years 02 months,1060000.0
2024-09-01,HOUGANG,EXECUTIVE,562,HOUGANG ST 51,07 TO 09,144.0,Apartment,1992,67 years 02 months,890000.0
2024-09-01,HOUGANG,EXECUTIVE,560,HOUGANG ST 51,04 TO 06,143.0,Apartment,1992,67 years 01 month,918888.0
2024-09-01,HOUGANG,EXECUTIVE,974,HOUGANG ST 91,07 TO 09,137.0,Apartment,1999,74 years 03 months,850000.0
2024-09-01,HOUGANG,EXECUTIVE,132,LOR AH SOO,07 TO 09,149.0,Maisonette,1984,59 years 01 month,930000.0
2024-09-01,JURONG EAST,3 ROOM,240A,JURONG EAST AVE 1,01 TO 03,68.0,Model A,2020,94 years 10 months,465000.0
2024-09-01,JURONG EAST,3 ROOM,101,JURONG EAST ST 13,07 TO 09,68.0,New Generation,1983,57 years 07 months,406888.0
2024-09-01,JURONG EAST,3 ROOM,102,JURONG EAST ST 13,07 TO 09,68.0,New Generation,1982,56 years 09 months,415000.0
2024-09-01,JURONG EAST,3 ROOM,110,JURONG EAST ST 13,13 TO 15,68.0,New Generation,1982,56 years 07 months,420000.0
2024-09-01,JURONG EAST,3 ROOM,115,JURONG EAST ST 13,04 TO 06,67.0,New Generation,1981,55 years 09 months,410000.0
2024-09-01,JURONG EAST,3 ROOM,231,JURONG EAST ST 21,07 TO 09,82.0,New Generation,1981,55 years 10 months,435000.0
2024-09-01,JURONG EAST,3 ROOM,250,JURONG EAST ST 24,04 TO 06,67.0,New Generation,1986,60 years 10 months,390000.0
2024-09-01,JURONG EAST,3 ROOM,302,JURONG EAST ST 32,04 TO 06,68.0,New Generation,1983,58 years 04 months,395000.0
2024-09-01,JURONG EAST,3 ROOM,304,JURONG EAST ST 32,10 TO 12,67.0,New Generation,1983,58 years 01 month,410000.0
2024-09-01,JURONG EAST,3 ROOM,315,JURONG EAST ST 32,01 TO 03,74.0,Model A,1984,58 years 09 months,370000.0
2024-09-01,JURONG EAST,3 ROOM,411,PANDAN GDNS,13 TO 15,72.0,Improved,1979,53 years 09 months,341000.0
2024-09-01,JURONG EAST,3 ROOM,410,PANDAN GDNS,07 TO 09,72.0,Improved,1979,53 years 09 months,363000.0
2024-09-01,JURONG EAST,3 ROOM,44,TEBAN GDNS RD,10 TO 12,68.0,New Generation,1985,60 years 03 months,395000.0
2024-09-01,JURONG EAST,3 ROOM,34,TEBAN GDNS RD,04 TO 06,77.0,Improved,1977,51 years 10 months,350000.0
2024-09-01,JURONG EAST,3 ROOM,47,TEBAN GDNS RD,07 TO 09,68.0,New Generation,1985,60 years,365000.0
2024-09-01,JURONG EAST,4 ROOM,219,JURONG EAST ST 21,10 TO 12,92.0,New Generation,1985,59 years 07 months,525000.0
2024-09-01,JURONG EAST,4 ROOM,217,JURONG EAST ST 21,01 TO 03,91.0,New Generation,1985,59 years 05 months,470888.0
2024-09-01,JURONG EAST,4 ROOM,20,TEBAN GDNS RD,34 TO 36,92.0,Model A,2013,88 years 01 month,665000.0
2024-09-01,JURONG EAST,4 ROOM,31,TEBAN GDNS RD,04 TO 06,99.0,New Generation,1981,55 years 11 months,438000.0
2024-09-01,JURONG EAST,4 ROOM,279,TOH GUAN RD,07 TO 09,101.0,Model A,1998,73 years 04 months,608000.0
2024-09-01,JURONG EAST,4 ROOM,280,TOH GUAN RD,04 TO 06,91.0,Model A2,1998,73 years 01 month,505000.0
2024-09-01,JURONG EAST,4 ROOM,283,TOH GUAN RD,04 TO 06,93.0,Model A2,1998,73 years 03 months,560000.0
2024-09-01,JURONG EAST,5 ROOM,111,JURONG EAST ST 13,13 TO 15,120.0,Improved,1981,56 years 02 months,700000.0
2024-09-01,JURONG EAST,5 ROOM,227,JURONG EAST ST 21,13 TO 15,120.0,Improved,1984,58 years 10 months,715000.0
2024-09-01,JURONG EAST,5 ROOM,260,JURONG EAST ST 24,07 TO 09,127.0,Improved,1983,57 years 06 months,595000.0
2024-09-01,JURONG EAST,5 ROOM,260,JURONG EAST ST 24,10 TO 12,127.0,Improved,1983,57 years 06 months,635000.0
2024-09-01,JURONG EAST,5 ROOM,258,JURONG EAST ST 24,01 TO 03,121.0,Improved,1983,57 years 06 months,600000.0
2024-09-01,JURONG EAST,5 ROOM,307,JURONG EAST ST 32,10 TO 12,133.0,Model A,1984,59 years 02 months,688000.0
2024-09-01,JURONG EAST,5 ROOM,277,TOH GUAN RD,10 TO 12,120.0,Improved,1998,73 years 02 months,772277.0
2024-09-01,JURONG EAST,5 ROOM,278,TOH GUAN RD,13 TO 15,121.0,Improved,1998,73 years 03 months,738000.0
2024-09-01,JURONG EAST,5 ROOM,271,TOH GUAN RD,10 TO 12,120.0,Improved,1999,73 years 07 months,750888.0
2024-09-01,JURONG EAST,EXECUTIVE,216,JURONG EAST ST 21,10 TO 12,142.0,Apartment,1985,59 years 10 months,815000.0
2024-09-01,JURONG EAST,EXECUTIVE,223A,JURONG EAST ST 21,01 TO 03,162.0,Apartment,1993,67 years 10 months,900000.0
2024-09-01,JURONG EAST,EXECUTIVE,323,JURONG EAST ST 31,04 TO 06,149.0,Maisonette,1985,60 years 01 month,785888.0
2024-09-01,JURONG EAST,EXECUTIVE,45,TEBAN GDNS RD,01 TO 03,146.0,Maisonette,1986,60 years 11 months,780000.0
2024-09-01,JURONG EAST,EXECUTIVE,51,TEBAN GDNS RD,10 TO 12,146.0,Maisonette,1986,60 years 11 months,732888.0
2024-09-01,JURONG EAST,EXECUTIVE,285C,TOH GUAN RD,10 TO 12,145.0,Maisonette,1998,73 years 03 months,1050000.0
2024-09-01,JURONG WEST,2 ROOM,140B,CORPORATION DR,13 TO 15,47.0,Model A,2019,93 years 10 months,340000.0
2024-09-01,JURONG WEST,2 ROOM,150A,CORPORATION DR,13 TO 15,38.0,Model A,2019,93 years 09 months,330000.0
2024-09-01,JURONG WEST,2 ROOM,560A,JURONG WEST ST 42,16 TO 18,47.0,Model A,2018,92 years 06 months,350000.0
2024-09-01,JURONG WEST,3 ROOM,185,BOON LAY AVE,01 TO 03,59.0,Improved,1975,50 years 04 months,290000.0
2024-09-01,JURONG WEST,3 ROOM,216B,BOON LAY AVE,13 TO 15,68.0,Model A,2018,92 years 11 months,470000.0
2024-09-01,JURONG WEST,3 ROOM,187,BOON LAY AVE,19 TO 21,59.0,Improved,1978,52 years 11 months,325000.0
2024-09-01,JURONG WEST,3 ROOM,208,BOON LAY PL,13 TO 15,65.0,Improved,1976,51 years 03 months,340000.0
2024-09-01,JURONG WEST,3 ROOM,208,BOON LAY PL,07 TO 09,65.0,Improved,1976,51 years 03 months,345000.0
2024-09-01,JURONG WEST,3 ROOM,207,BOON LAY PL,10 TO 12,65.0,Improved,1976,50 years 09 months,363000.0
2024-09-01,JURONG WEST,3 ROOM,209,BOON LAY PL,04 TO 06,65.0,Improved,1976,50 years 09 months,320000.0
2024-09-01,JURONG WEST,3 ROOM,208,BOON LAY PL,13 TO 15,65.0,Improved,1976,51 years 03 months,343000.0
2024-09-01,JURONG WEST,3 ROOM,150A,CORPORATION DR,04 TO 06,68.0,Model A,2019,93 years 10 months,455000.0
2024-09-01,JURONG WEST,3 ROOM,150A,CORPORATION DR,04 TO 06,68.0,Model A,2019,93 years 09 months,460000.0
2024-09-01,JURONG WEST,3 ROOM,140D,CORPORATION DR,16 TO 18,68.0,Model A,2019,93 years 10 months,485000.0
2024-09-01,JURONG WEST,3 ROOM,485,JURONG WEST AVE 1,04 TO 06,73.0,Model A,1984,59 years,400000.0
2024-09-01,JURONG WEST,3 ROOM,698A,JURONG WEST CTRL 3,07 TO 09,68.0,Model A,2017,92 years 02 months,531000.0
2024-09-01,JURONG WEST,3 ROOM,476,JURONG WEST ST 41,07 TO 09,73.0,Model A,1984,59 years 01 month,400000.0
2024-09-01,JURONG WEST,3 ROOM,463,JURONG WEST ST 41,07 TO 09,67.0,New Generation,1985,59 years 10 months,387000.0
2024-09-01,JURONG WEST,3 ROOM,561B,JURONG WEST ST 42,07 TO 09,68.0,Model A,2018,92 years 06 months,471000.0
2024-09-01,JURONG WEST,3 ROOM,504,JURONG WEST ST 51,04 TO 06,74.0,Model A,1986,60 years 08 months,398000.0
2024-09-01,JURONG WEST,3 ROOM,520,JURONG WEST ST 52,10 TO 12,74.0,Model A,1984,59 years,433000.0
2024-09-01,JURONG WEST,3 ROOM,531,JURONG WEST ST 52,07 TO 09,67.0,New Generation,1983,58 years,377000.0
2024-09-01,JURONG WEST,3 ROOM,524,JURONG WEST ST 52,10 TO 12,67.0,New Generation,1982,56 years 08 months,378000.0
2024-09-01,JURONG WEST,3 ROOM,521,JURONG WEST ST 52,01 TO 03,67.0,New Generation,1982,57 years 04 months,360000.0
2024-09-01,JURONG WEST,3 ROOM,524,JURONG WEST ST 52,04 TO 06,67.0,New Generation,1982,56 years 08 months,378000.0
2024-09-01,JURONG WEST,3 ROOM,518,JURONG WEST ST 52,01 TO 03,74.0,Model A,1984,59 years 03 months,412000.0
2024-09-01,JURONG WEST,3 ROOM,521,JURONG WEST ST 52,07 TO 09,67.0,New Generation,1982,57 years 04 months,405000.0
2024-09-01,JURONG WEST,3 ROOM,519,JURONG WEST ST 52,04 TO 06,74.0,Model A,1983,58 years 01 month,428000.0
2024-09-01,JURONG WEST,3 ROOM,506,JURONG WEST ST 52,01 TO 03,74.0,Model A,1986,60 years 07 months,380000.0
2024-09-01,JURONG WEST,3 ROOM,914,JURONG WEST ST 91,07 TO 09,73.0,Model A,1988,62 years 11 months,398000.0
2024-09-01,JURONG WEST,3 ROOM,904,JURONG WEST ST 91,04 TO 06,73.0,Model A,1988,63 years 03 months,373000.0
2024-09-01,JURONG WEST,3 ROOM,929,JURONG WEST ST 92,07 TO 09,73.0,Model A,1989,63 years 05 months,405000.0
2024-09-01,JURONG WEST,3 ROOM,337B,TAH CHING RD,04 TO 06,64.0,Model A,2010,84 years 08 months,456800.0
2024-09-01,JURONG WEST,3 ROOM,113,TAO CHING RD,07 TO 09,67.0,Improved,1971,45 years 10 months,338000.0
2024-09-01,JURONG WEST,3 ROOM,122,YUAN CHING RD,01 TO 03,61.0,Improved,1974,48 years 10 months,333000.0
2024-09-01,JURONG WEST,3 ROOM,121,YUAN CHING RD,10 TO 12,61.0,Improved,1974,48 years 10 months,335000.0
2024-09-01,JURONG WEST,4 ROOM,183D,BOON LAY AVE,07 TO 09,92.0,Model A,2015,89 years 05 months,560000.0
2024-09-01,JURONG WEST,4 ROOM,197C,BOON LAY DR,04 TO 06,93.0,Model A,2015,89 years 08 months,585000.0
2024-09-01,JURONG WEST,4 ROOM,140B,CORPORATION DR,07 TO 09,93.0,Model A,2019,93 years 10 months,688000.0
2024-09-01,JURONG WEST,4 ROOM,367,CORPORATION DR,01 TO 03,104.0,Model A,1997,72 years 01 month,510000.0
2024-09-01,JURONG WEST,4 ROOM,140A,CORPORATION DR,19 TO 21,93.0,Model A,2019,93 years 10 months,680000.0
2024-09-01,JURONG WEST,4 ROOM,542,JURONG WEST AVE 1,04 TO 06,103.0,Model A,1984,59 years 01 month,518000.0
2024-09-01,JURONG WEST,4 ROOM,488,JURONG WEST AVE 1,01 TO 03,92.0,New Generation,1985,59 years 06 months,475000.0
2024-09-01,JURONG WEST,4 ROOM,276B,JURONG WEST AVE 3,01 TO 03,90.0,Model A,2002,76 years 07 months,480000.0
2024-09-01,JURONG WEST,4 ROOM,679C,JURONG WEST CTRL 1,04 TO 06,97.0,Premium Apartment,2000,75 years 01 month,530000.0
2024-09-01,JURONG WEST,4 ROOM,692,JURONG WEST CTRL 1,10 TO 12,106.0,Premium Apartment,1998,72 years 07 months,632000.0
2024-09-01,JURONG WEST,4 ROOM,686A,JURONG WEST CTRL 1,10 TO 12,94.0,Premium Apartment,2000,75 years 03 months,565000.0
2024-09-01,JURONG WEST,4 ROOM,693,JURONG WEST CTRL 1,07 TO 09,102.0,Premium Apartment,1998,72 years 07 months,610000.0
2024-09-01,JURONG WEST,4 ROOM,697B,JURONG WEST CTRL 3,10 TO 12,93.0,Model A,2017,92 years 03 months,735000.0
2024-09-01,JURONG WEST,4 ROOM,271D,JURONG WEST ST 24,01 TO 03,94.0,Premium Apartment,2003,78 years 02 months,490000.0
2024-09-01,JURONG WEST,4 ROOM,272D,JURONG WEST ST 24,07 TO 09,95.0,Premium Apartment,2003,78 years 02 months,520000.0
2024-09-01,JURONG WEST,4 ROOM,480,JURONG WEST ST 41,07 TO 09,94.0,New Generation,1985,60 years 03 months,475000.0
2024-09-01,JURONG WEST,4 ROOM,412,JURONG WEST ST 42,04 TO 06,103.0,Model A,1985,59 years 10 months,528888.0
2024-09-01,JURONG WEST,4 ROOM,550,JURONG WEST ST 42,10 TO 12,103.0,Model A,1985,59 years 08 months,480000.0
2024-09-01,JURONG WEST,4 ROOM,435,JURONG WEST ST 42,04 TO 06,103.0,Model A,1984,58 years 11 months,470000.0
2024-09-01,JURONG WEST,4 ROOM,550,JURONG WEST ST 42,10 TO 12,103.0,Model A,1985,59 years 08 months,420000.0
2024-09-01,JURONG WEST,4 ROOM,561A,JURONG WEST ST 42,04 TO 06,93.0,Model A,2018,92 years 06 months,560000.0
2024-09-01,JURONG WEST,4 ROOM,414,JURONG WEST ST 42,04 TO 06,104.0,Model A,1984,59 years 02 months,488000.0
2024-09-01,JURONG WEST,4 ROOM,527,JURONG WEST ST 52,10 TO 12,94.0,New Generation,1983,58 years,500000.0
2024-09-01,JURONG WEST,4 ROOM,527,JURONG WEST ST 52,01 TO 03,94.0,New Generation,1983,58 years,458000.0
2024-09-01,JURONG WEST,4 ROOM,513,JURONG WEST ST 52,10 TO 12,106.0,Model A,1984,58 years 08 months,575000.0
2024-09-01,JURONG WEST,4 ROOM,516,JURONG WEST ST 52,04 TO 06,104.0,Model A,1984,59 years,568000.0
2024-09-01,JURONG WEST,4 ROOM,517D,JURONG WEST ST 52,16 TO 18,95.0,Model A,2000,74 years 10 months,720000.0
2024-09-01,JURONG WEST,4 ROOM,510,JURONG WEST ST 52,07 TO 09,104.0,Model A,1984,58 years 06 months,545000.0
2024-09-01,JURONG WEST,4 ROOM,648A,JURONG WEST ST 61,10 TO 12,91.0,Model A,2001,75 years 08 months,519000.0
2024-09-01,JURONG WEST,4 ROOM,623,JURONG WEST ST 61,01 TO 03,91.0,Model A,2001,75 years 06 months,530000.0
2024-09-01,JURONG WEST,4 ROOM,655B,JURONG WEST ST 61,10 TO 12,85.0,Model A2,2002,77 years 02 months,500000.0
2024-09-01,JURONG WEST,4 ROOM,640,JURONG WEST ST 61,13 TO 15,100.0,Model A,1998,72 years 11 months,565000.0
2024-09-01,JURONG WEST,4 ROOM,624,JURONG WEST ST 61,16 TO 18,91.0,Model A,2001,75 years 07 months,540000.0
2024-09-01,JURONG WEST,4 ROOM,649B,JURONG WEST ST 61,01 TO 03,90.0,Model A,2001,75 years 08 months,519000.0
2024-09-01,JURONG WEST,4 ROOM,649B,JURONG WEST ST 61,07 TO 09,90.0,Model A,2001,75 years 08 months,515000.0
2024-09-01,JURONG WEST,4 ROOM,668D,JURONG WEST ST 64,07 TO 09,85.0,Model A2,2000,75 years,537000.0
2024-09-01,JURONG WEST,4 ROOM,668D,JURONG WEST ST 64,01 TO 03,90.0,Model A2,2000,74 years 11 months,524000.0
2024-09-01,JURONG WEST,4 ROOM,684A,JURONG WEST ST 64,10 TO 12,94.0,Premium Apartment,2000,75 years,580000.0
2024-09-01,JURONG WEST,4 ROOM,668D,JURONG WEST ST 64,07 TO 09,85.0,Model A2,2000,74 years 11 months,522000.0
2024-09-01,JURONG WEST,4 ROOM,668D,JURONG WEST ST 64,04 TO 06,85.0,Model A2,2000,74 years 11 months,535000.0
2024-09-01,JURONG WEST,4 ROOM,667A,JURONG WEST ST 65,07 TO 09,90.0,Model A,2000,74 years 11 months,550000.0
2024-09-01,JURONG WEST,4 ROOM,657B,JURONG WEST ST 65,16 TO 18,91.0,Model A,2001,75 years 10 months,545000.0
2024-09-01,JURONG WEST,4 ROOM,663C,JURONG WEST ST 65,01 TO 03,91.0,Model A,2000,75 years,522888.0
2024-09-01,JURONG WEST,4 ROOM,718,JURONG WEST ST 71,01 TO 03,103.0,Model A,1991,65 years 06 months,500000.0
2024-09-01,JURONG WEST,4 ROOM,747,JURONG WEST ST 73,04 TO 06,109.0,Model A,1993,68 years 04 months,500000.0
2024-09-01,JURONG WEST,4 ROOM,734,JURONG WEST ST 73,04 TO 06,106.0,Model A,1995,69 years 10 months,515000.0
2024-09-01,JURONG WEST,4 ROOM,750,JURONG WEST ST 73,04 TO 06,108.0,Model A,1993,68 years 04 months,480000.0
2024-09-01,JURONG WEST,4 ROOM,758,JURONG WEST ST 74,01 TO 03,110.0,Model A,1996,71 years 01 month,525000.0
2024-09-01,JURONG WEST,4 ROOM,850,JURONG WEST ST 81,10 TO 12,108.0,Model A,1996,70 years 08 months,528000.0
2024-09-01,JURONG WEST,4 ROOM,810,JURONG WEST ST 81,10 TO 12,107.0,Model A,1993,68 years 03 months,515000.0
2024-09-01,JURONG WEST,4 ROOM,824,JURONG WEST ST 81,07 TO 09,104.0,Model A,1990,64 years 08 months,485000.0
2024-09-01,JURONG WEST,4 ROOM,908,JURONG WEST ST 91,04 TO 06,103.0,Model A,1989,63 years 09 months,480000.0
2024-09-01,JURONG WEST,4 ROOM,353,KANG CHING RD,04 TO 06,101.0,Model A,1997,71 years 07 months,530000.0
2024-09-01,JURONG WEST,4 ROOM,337D,TAH CHING RD,07 TO 09,94.0,Model A,2010,84 years 08 months,610000.0
2024-09-01,JURONG WEST,4 ROOM,337D,TAH CHING RD,10 TO 12,94.0,Model A,2010,84 years 08 months,591688.0
2024-09-01,JURONG WEST,4 ROOM,138A,YUAN CHING RD,16 TO 18,89.0,DBSS,2014,89 years 01 month,728000.0
2024-09-01,JURONG WEST,4 ROOM,138A,YUAN CHING RD,07 TO 09,91.0,DBSS,2014,89 years 01 month,680000.0
2024-09-01,JURONG WEST,4 ROOM,165B,YUNG KUANG RD,13 TO 15,93.0,Model A,2018,93 years 02 months,620000.0
2024-09-01,JURONG WEST,4 ROOM,166A,YUNG KUANG RD,16 TO 18,93.0,Model A,2018,93 years 02 months,660000.0
2024-09-01,JURONG WEST,4 ROOM,165B,YUNG KUANG RD,01 TO 03,93.0,Model A,2018,93 years 02 months,545000.0
2024-09-01,JURONG WEST,4 ROOM,166A,YUNG KUANG RD,07 TO 09,93.0,Model A,2018,93 years 02 months,590000.0
2024-09-01,JURONG WEST,4 ROOM,155,YUNG LOH RD,13 TO 15,106.0,Model A,1996,70 years 05 months,525000.0
2024-09-01,JURONG WEST,4 ROOM,184,YUNG SHENG RD,01 TO 03,96.0,Model A,2001,75 years 08 months,510000.0
2024-09-01,JURONG WEST,5 ROOM,217A,BOON LAY AVE,10 TO 12,114.0,Improved,2018,92 years 11 months,790000.0
2024-09-01,JURONG WEST,5 ROOM,217A,BOON LAY AVE,04 TO 06,121.0,3Gen,2018,92 years 11 months,680000.0
2024-09-01,JURONG WEST,5 ROOM,218B,BOON LAY AVE,04 TO 06,114.0,Improved,2018,92 years 11 months,725000.0
2024-09-01,JURONG WEST,5 ROOM,261,BOON LAY DR,04 TO 06,123.0,Improved,1995,69 years 10 months,605000.0
2024-09-01,JURONG WEST,5 ROOM,203,BOON LAY DR,01 TO 03,122.0,Standard,1976,50 years 10 months,512000.0
2024-09-01,JURONG WEST,5 ROOM,197D,BOON LAY DR,16 TO 18,113.0,Improved,2015,89 years 08 months,808888.0
2024-09-01,JURONG WEST,5 ROOM,268A,BOON LAY DR,07 TO 09,111.0,Improved,2002,76 years 06 months,596000.0
2024-09-01,JURONG WEST,5 ROOM,203,BOON LAY DR,01 TO 03,113.0,Standard,1976,50 years 10 months,548000.0
2024-09-01,JURONG WEST,5 ROOM,273C,JURONG WEST AVE 3,10 TO 12,111.0,Improved,2001,76 years 04 months,565000.0
2024-09-01,JURONG WEST,5 ROOM,276B,JURONG WEST AVE 3,13 TO 15,111.0,Improved,2002,76 years 07 months,570000.0
2024-09-01,JURONG WEST,5 ROOM,681B,JURONG WEST CTRL 1,04 TO 06,115.0,Premium Apartment,2000,74 years 10 months,628000.0
2024-09-01,JURONG WEST,5 ROOM,272D,JURONG WEST ST 24,07 TO 09,112.0,Premium Apartment,2003,78 years 02 months,540000.0
2024-09-01,JURONG WEST,5 ROOM,404,JURONG WEST ST 42,01 TO 03,133.0,Model A,1984,59 years 02 months,570000.0
2024-09-01,JURONG WEST,5 ROOM,401,JURONG WEST ST 42,04 TO 06,134.0,Model A,1984,59 years,620000.0
2024-09-01,JURONG WEST,5 ROOM,408,JURONG WEST ST 42,04 TO 06,139.0,Model A-Maisonette,1984,58 years 08 months,675000.0
2024-09-01,JURONG WEST,5 ROOM,555,JURONG WEST ST 42,07 TO 09,133.0,Model A,1985,59 years 09 months,600000.0
2024-09-01,JURONG WEST,5 ROOM,529,JURONG WEST ST 52,13 TO 15,118.0,Improved,1982,56 years 11 months,620000.0
2024-09-01,JURONG WEST,5 ROOM,654C,JURONG WEST ST 61,10 TO 12,110.0,Improved,2002,77 years 01 month,613000.0
2024-09-01,JURONG WEST,5 ROOM,652C,JURONG WEST ST 61,01 TO 03,111.0,Improved,2002,76 years 10 months,578000.0
2024-09-01,JURONG WEST,5 ROOM,653A,JURONG WEST ST 61,07 TO 09,110.0,Improved,2002,77 years 02 months,620000.0
2024-09-01,JURONG WEST,5 ROOM,623,JURONG WEST ST 61,04 TO 06,110.0,Improved,2001,75 years 06 months,633000.0
2024-09-01,JURONG WEST,5 ROOM,653C,JURONG WEST ST 61,01 TO 03,111.0,Improved,2002,77 years 02 months,545000.0
2024-09-01,JURONG WEST,5 ROOM,654C,JURONG WEST ST 61,07 TO 09,110.0,Improved,2002,77 years 01 month,630000.0
2024-09-01,JURONG WEST,5 ROOM,648D,JURONG WEST ST 61,04 TO 06,110.0,Improved,2001,75 years 08 months,550000.0
2024-09-01,JURONG WEST,5 ROOM,602,JURONG WEST ST 62,07 TO 09,115.0,Premium Apartment,2001,75 years 06 months,630000.0
2024-09-01,JURONG WEST,5 ROOM,676B,JURONG WEST ST 64,07 TO 09,110.0,Premium Apartment,2008,82 years 10 months,570000.0
2024-09-01,JURONG WEST,5 ROOM,664C,JURONG WEST ST 64,10 TO 12,110.0,Improved,2000,75 years,700000.0
2024-09-01,JURONG WEST,5 ROOM,675B,JURONG WEST ST 64,10 TO 12,110.0,Premium Apartment,2008,82 years 10 months,598000.0
2024-09-01,JURONG WEST,5 ROOM,684B,JURONG WEST ST 64,07 TO 09,111.0,Premium Apartment,2000,75 years,628000.0
2024-09-01,JURONG WEST,5 ROOM,670A,JURONG WEST ST 65,07 TO 09,110.0,Improved,2002,76 years 10 months,603000.0
2024-09-01,JURONG WEST,5 ROOM,670A,JURONG WEST ST 65,10 TO 12,110.0,Improved,2002,76 years 09 months,588000.0
2024-09-01,JURONG WEST,5 ROOM,633,JURONG WEST ST 65,16 TO 18,110.0,Improved,2001,76 years 03 months,600000.0
2024-09-01,JURONG WEST,5 ROOM,658C,JURONG WEST ST 65,07 TO 09,112.0,Improved,2001,75 years 11 months,615000.0
2024-09-01,JURONG WEST,5 ROOM,705,JURONG WEST ST 71,13 TO 15,126.0,Improved,1995,69 years 11 months,635000.0
2024-09-01,JURONG WEST,5 ROOM,756,JURONG WEST ST 74,01 TO 03,129.0,Improved,1996,71 years 01 month,650000.0
2024-09-01,JURONG WEST,5 ROOM,863,JURONG WEST ST 81,01 TO 03,126.0,Improved,1996,71 years 03 months,558000.0
2024-09-01,JURONG WEST,5 ROOM,815,JURONG WEST ST 81,04 TO 06,121.0,Improved,1990,64 years 05 months,555000.0
2024-09-01,JURONG WEST,5 ROOM,815,JURONG WEST ST 81,07 TO 09,121.0,Improved,1990,64 years 05 months,550000.0
2024-09-01,JURONG WEST,5 ROOM,834,JURONG WEST ST 81,07 TO 09,127.0,Improved,1993,67 years 09 months,560000.0
2024-09-01,JURONG WEST,5 ROOM,919,JURONG WEST ST 91,10 TO 12,127.0,Improved,1988,62 years 11 months,575000.0
2024-09-01,JURONG WEST,5 ROOM,988C,JURONG WEST ST 93,01 TO 03,114.0,Premium Apartment,2008,83 years,558000.0
2024-09-01,JURONG WEST,5 ROOM,987A,JURONG WEST ST 93,10 TO 12,112.0,Premium Apartment,2008,83 years,620000.0
2024-09-01,JURONG WEST,5 ROOM,975,JURONG WEST ST 93,04 TO 06,122.0,Improved,1989,64 years 01 month,545000.0
2024-09-01,JURONG WEST,5 ROOM,323,TAH CHING RD,04 TO 06,119.0,Improved,1997,71 years 10 months,580000.0
2024-09-01,JURONG WEST,5 ROOM,138C,YUAN CHING RD,13 TO 15,105.0,DBSS,2014,89 years 02 months,806888.0
2024-09-01,JURONG WEST,5 ROOM,165A,YUNG KUANG RD,04 TO 06,113.0,Improved,2018,93 years 02 months,685000.0
2024-09-01,JURONG WEST,EXECUTIVE,469,JURONG WEST ST 41,04 TO 06,157.0,Maisonette,1985,59 years 10 months,960000.0
2024-09-01,JURONG WEST,EXECUTIVE,471,JURONG WEST ST 41,13 TO 15,151.0,Maisonette,1985,59 years 06 months,830000.0
2024-09-01,JURONG WEST,EXECUTIVE,549,JURONG WEST ST 42,01 TO 03,150.0,Maisonette,1986,60 years 09 months,710000.0
2024-09-01,JURONG WEST,EXECUTIVE,405,JURONG WEST ST 42,04 TO 06,159.0,Maisonette,1985,60 years 01 month,805000.0
2024-09-01,JURONG WEST,EXECUTIVE,665A,JURONG WEST ST 64,10 TO 12,130.0,Apartment,2000,74 years 08 months,860088.0
2024-09-01,JURONG WEST,EXECUTIVE,626,JURONG WEST ST 65,13 TO 15,130.0,Apartment,2001,76 years,730000.0
2024-09-01,JURONG WEST,EXECUTIVE,714,JURONG WEST ST 71,04 TO 06,151.0,Maisonette,1991,65 years 05 months,768000.0
2024-09-01,JURONG WEST,EXECUTIVE,910,JURONG WEST ST 91,04 TO 06,141.0,Apartment,1988,63 years 01 month,670000.0
2024-09-01,JURONG WEST,EXECUTIVE,333,KANG CHING RD,04 TO 06,139.0,Apartment,1997,71 years 05 months,840000.0
2024-09-01,JURONG WEST,EXECUTIVE,163,YUNG PING RD,07 TO 09,143.0,Maisonette,1997,71 years 05 months,840000.0
2024-09-01,KALLANG/WHAMPOA,3 ROOM,47,BENDEMEER RD,01 TO 03,65.0,Improved,1974,49 years 02 months,338000.0
2024-09-01,KALLANG/WHAMPOA,3 ROOM,24,BENDEMEER RD,10 TO 12,68.0,Improved,1972,46 years 05 months,430000.0
2024-09-01,KALLANG/WHAMPOA,3 ROOM,30,BENDEMEER RD,07 TO 09,68.0,Improved,1972,46 years 05 months,450000.0
2024-09-01,KALLANG/WHAMPOA,3 ROOM,45,BENDEMEER RD,04 TO 06,66.0,Improved,1972,46 years 05 months,375000.0
2024-09-01,KALLANG/WHAMPOA,3 ROOM,44,BENDEMEER RD,01 TO 03,63.0,Standard,1981,55 years 05 months,370000.0
2024-09-01,KALLANG/WHAMPOA,3 ROOM,44,BENDEMEER RD,07 TO 09,63.0,Standard,1981,55 years 05 months,416000.0
2024-09-01,KALLANG/WHAMPOA,3 ROOM,45,BENDEMEER RD,01 TO 03,66.0,Improved,1972,46 years 05 months,405000.0
2024-09-01,KALLANG/WHAMPOA,3 ROOM,45,BENDEMEER RD,04 TO 06,77.0,Improved,1972,46 years 05 months,430000.0
2024-09-01,KALLANG/WHAMPOA,3 ROOM,10B,BENDEMEER RD,16 TO 18,68.0,Model A,2017,92 years 04 months,770000.0
2024-09-01,KALLANG/WHAMPOA,3 ROOM,38C,BENDEMEER RD,22 TO 24,69.0,Model A,2012,86 years 09 months,708000.0
2024-09-01,KALLANG/WHAMPOA,3 ROOM,57,GEYLANG BAHRU,07 TO 09,65.0,Improved,1974,48 years 11 months,370000.0
2024-09-01,KALLANG/WHAMPOA,3 ROOM,72,GEYLANG BAHRU,01 TO 03,59.0,Improved,1974,48 years 08 months,300000.0
2024-09-01,KALLANG/WHAMPOA,3 ROOM,72,GEYLANG BAHRU,01 TO 03,59.0,Improved,1974,48 years 07 months,380000.0
2024-09-01,KALLANG/WHAMPOA,3 ROOM,57,GEYLANG BAHRU,16 TO 18,65.0,Improved,1974,48 years 11 months,410000.0
2024-09-01,KALLANG/WHAMPOA,3 ROOM,73,GEYLANG BAHRU,10 TO 12,59.0,Improved,1974,48 years 07 months,393000.0
2024-09-01,KALLANG/WHAMPOA,3 ROOM,72,GEYLANG BAHRU,07 TO 09,59.0,Improved,1974,48 years 07 months,386000.0
2024-09-01,KALLANG/WHAMPOA,3 ROOM,57,GEYLANG BAHRU,16 TO 18,65.0,Improved,1974,48 years 11 months,420000.0
2024-09-01,KALLANG/WHAMPOA,3 ROOM,68,GEYLANG BAHRU,16 TO 18,65.0,Improved,1974,48 years 11 months,392800.0
2024-09-01,KALLANG/WHAMPOA,3 ROOM,96,GEYLANG BAHRU,04 TO 06,68.0,New Generation,1979,53 years 05 months,435000.0
2024-09-01,KALLANG/WHAMPOA,3 ROOM,57,GEYLANG BAHRU,04 TO 06,65.0,Improved,1974,48 years 11 months,365000.0
2024-09-01,KALLANG/WHAMPOA,3 ROOM,34,JLN BAHAGIA,04 TO 06,56.0,Standard,1970,44 years 11 months,325000.0
2024-09-01,KALLANG/WHAMPOA,3 ROOM,35,JLN BAHAGIA,01 TO 03,56.0,Standard,1971,45 years 05 months,315000.0
2024-09-01,KALLANG/WHAMPOA,3 ROOM,4,JLN BATU,04 TO 06,60.0,Standard,1969,43 years 05 months,368000.0
2024-09-01,KALLANG/WHAMPOA,3 ROOM,2,JLN BATU,01 TO 03,60.0,Standard,1969,43 years 05 months,323000.0
2024-09-01,KALLANG/WHAMPOA,3 ROOM,3,JLN BATU,07 TO 09,60.0,Standard,1969,43 years 05 months,338888.0
2024-09-01,KALLANG/WHAMPOA,3 ROOM,63,KALLANG BAHRU,10 TO 12,65.0,Improved,1974,48 years 05 months,403888.0
2024-09-01,KALLANG/WHAMPOA,3 ROOM,64,KALLANG BAHRU,04 TO 06,65.0,Improved,1974,48 years 05 months,375000.0
2024-09-01,KALLANG/WHAMPOA,3 ROOM,65,KALLANG BAHRU,01 TO 03,65.0,Improved,1981,55 years 05 months,382000.0
2024-09-01,KALLANG/WHAMPOA,3 ROOM,63,KALLANG BAHRU,10 TO 12,65.0,Improved,1974,48 years 05 months,390000.0
2024-09-01,KALLANG/WHAMPOA,3 ROOM,12,KG ARANG RD,04 TO 06,103.0,New Generation,1982,56 years 08 months,630000.0
2024-09-01,KALLANG/WHAMPOA,3 ROOM,1,KG KAYU RD,10 TO 12,62.0,Standard,1984,59 years 02 months,488000.0
2024-09-01,KALLANG/WHAMPOA,3 ROOM,804,KING GEORGE'S AVE,07 TO 09,68.0,Improved,1981,56 years,520000.0
2024-09-01,KALLANG/WHAMPOA,3 ROOM,685,RACE COURSE RD,01 TO 03,63.0,Simplified,1986,60 years 05 months,450000.0
2024-09-01,KALLANG/WHAMPOA,3 ROOM,685,RACE COURSE RD,07 TO 09,63.0,Simplified,1986,60 years 05 months,470000.0
2024-09-01,KALLANG/WHAMPOA,3 ROOM,25A,ST. GEORGE'S LANE,10 TO 12,68.0,Model A,2020,94 years 08 months,790000.0
2024-09-01,KALLANG/WHAMPOA,3 ROOM,25A,ST. GEORGE'S LANE,28 TO 30,68.0,Model A,2020,94 years 09 months,815000.0
2024-09-01,KALLANG/WHAMPOA,3 ROOM,7,ST. GEORGE'S LANE,01 TO 03,69.0,Improved,1986,60 years 09 months,410000.0
2024-09-01,KALLANG/WHAMPOA,3 ROOM,3,ST. GEORGE'S RD,04 TO 06,59.0,Improved,1976,50 years 10 months,350000.0
2024-09-01,KALLANG/WHAMPOA,3 ROOM,14,ST. GEORGE'S RD,07 TO 09,67.0,New Generation,1984,59 years 02 months,485000.0
2024-09-01,KALLANG/WHAMPOA,3 ROOM,2,ST. GEORGE'S RD,01 TO 03,59.0,Improved,1976,50 years 09 months,365000.0
2024-09-01,KALLANG/WHAMPOA,3 ROOM,105,TOWNER RD,10 TO 12,74.0,Model A,1984,59 years 04 months,606888.0
2024-09-01,KALLANG/WHAMPOA,3 ROOM,12,UPP BOON KENG RD,07 TO 09,66.0,Improved,1980,55 years 02 months,460000.0
2024-09-01,KALLANG/WHAMPOA,3 ROOM,8B,UPP BOON KENG RD,22 TO 24,70.0,Premium Apartment,2017,91 years 11 months,838000.0
2024-09-01,KALLANG/WHAMPOA,3 ROOM,12,UPP BOON KENG RD,01 TO 03,66.0,Improved,1980,55 years 02 months,430000.0
2024-09-01,KALLANG/WHAMPOA,3 ROOM,5A,UPP BOON KENG RD,19 TO 21,67.0,Model A,2012,86 years 09 months,708000.0
2024-09-01,KALLANG/WHAMPOA,3 ROOM,98,WHAMPOA DR,10 TO 12,65.0,Improved,1974,48 years 07 months,385000.0
2024-09-01,KALLANG/WHAMPOA,3 ROOM,98,WHAMPOA DR,04 TO 06,65.0,Improved,1974,48 years 07 months,363000.0
2024-09-01,KALLANG/WHAMPOA,3 ROOM,82,WHAMPOA DR,04 TO 06,66.0,Improved,1974,48 years 11 months,345000.0
2024-09-01,KALLANG/WHAMPOA,3 ROOM,82,WHAMPOA DR,01 TO 03,77.0,Improved,1974,48 years 11 months,380000.0
2024-09-01,KALLANG/WHAMPOA,3 ROOM,97,WHAMPOA DR,10 TO 12,66.0,Improved,1980,54 years 11 months,380000.0
2024-09-01,KALLANG/WHAMPOA,3 ROOM,34,WHAMPOA WEST,01 TO 03,68.0,Improved,1972,46 years 05 months,370000.0
2024-09-01,KALLANG/WHAMPOA,4 ROOM,39A,BENDEMEER RD,07 TO 09,92.0,Model A,2012,86 years 09 months,920000.0
2024-09-01,KALLANG/WHAMPOA,4 ROOM,5,BOON KENG RD,07 TO 09,106.0,Model A,1996,71 years 01 month,855888.0
2024-09-01,KALLANG/WHAMPOA,4 ROOM,9,BOON KENG RD,22 TO 24,95.0,DBSS,2011,85 years 05 months,1088000.0
2024-09-01,KALLANG/WHAMPOA,4 ROOM,50,DORSET RD,10 TO 12,92.0,New Generation,1979,53 years 10 months,755000.0
2024-09-01,KALLANG/WHAMPOA,4 ROOM,59B,GEYLANG BAHRU,04 TO 06,100.0,Model A,1998,73 years 04 months,785000.0
2024-09-01,KALLANG/WHAMPOA,4 ROOM,95,GEYLANG BAHRU,10 TO 12,92.0,New Generation,1979,53 years 05 months,610000.0
2024-09-01,KALLANG/WHAMPOA,4 ROOM,116A,JLN TENTERAM,22 TO 24,93.0,Model A,2017,92 years 03 months,905000.0
2024-09-01,KALLANG/WHAMPOA,4 ROOM,18,JLN TENTERAM,07 TO 09,85.0,Model A,2004,78 years 11 months,675000.0
2024-09-01,KALLANG/WHAMPOA,4 ROOM,117B,JLN TENTERAM,16 TO 18,93.0,Model A,2017,92 years 03 months,846000.0
2024-09-01,KALLANG/WHAMPOA,4 ROOM,116B,JLN TENTERAM,19 TO 21,93.0,Model A,2017,92 years 03 months,910000.0
2024-09-01,KALLANG/WHAMPOA,4 ROOM,116A,JLN TENTERAM,13 TO 15,93.0,Model A,2017,92 years 03 months,800000.0
2024-09-01,KALLANG/WHAMPOA,4 ROOM,78,LOR LIMAU,13 TO 15,93.0,Model A,2018,92 years 10 months,908888.0
2024-09-01,KALLANG/WHAMPOA,4 ROOM,113,LOR 3 GEYLANG,07 TO 09,104.0,Model A,1989,63 years 11 months,720000.0
2024-09-01,KALLANG/WHAMPOA,4 ROOM,113A,MCNAIR RD,31 TO 33,93.0,Premium Apartment,2017,92 years 04 months,1158000.0
2024-09-01,KALLANG/WHAMPOA,4 ROOM,113C,MCNAIR RD,19 TO 21,93.0,Premium Apartment,2017,92 years 04 months,1008000.0
2024-09-01,KALLANG/WHAMPOA,4 ROOM,108B,MCNAIR RD,07 TO 09,86.0,Model A,2004,79 years 03 months,900000.0
2024-09-01,KALLANG/WHAMPOA,4 ROOM,113B,MCNAIR RD,28 TO 30,93.0,Premium Apartment,2017,92 years 04 months,1168000.0
2024-09-01,KALLANG/WHAMPOA,4 ROOM,113D,MCNAIR RD,19 TO 21,93.0,Premium Apartment,2017,92 years 03 months,1038000.0
2024-09-01,KALLANG/WHAMPOA,4 ROOM,26A,ST. GEORGE'S LANE,16 TO 18,92.0,Model A,2020,94 years 10 months,1038000.0
2024-09-01,KALLANG/WHAMPOA,4 ROOM,26B,ST. GEORGE'S LANE,25 TO 27,92.0,Model A,2020,94 years 09 months,1110000.0
2024-09-01,KALLANG/WHAMPOA,4 ROOM,26A,ST. GEORGE'S LANE,16 TO 18,92.0,Model A,2020,94 years 09 months,1090000.0
2024-09-01,KALLANG/WHAMPOA,4 ROOM,26B,ST. GEORGE'S LANE,31 TO 33,92.0,Model A,2020,94 years 09 months,1150000.0
2024-09-01,KALLANG/WHAMPOA,4 ROOM,26B,ST. GEORGE'S LANE,10 TO 12,92.0,Model A,2020,94 years 09 months,1025000.0
2024-09-01,KALLANG/WHAMPOA,4 ROOM,26B,ST. GEORGE'S LANE,16 TO 18,92.0,Model A,2020,94 years 09 months,1080000.0
2024-09-01,KALLANG/WHAMPOA,4 ROOM,26B,ST. GEORGE'S LANE,10 TO 12,92.0,Model A,2020,94 years 09 months,1050000.0
2024-09-01,KALLANG/WHAMPOA,4 ROOM,25A,ST. GEORGE'S LANE,28 TO 30,92.0,Model A,2020,94 years 08 months,1125000.0
2024-09-01,KALLANG/WHAMPOA,4 ROOM,25A,ST. GEORGE'S LANE,19 TO 21,92.0,Model A,2020,94 years 08 months,1080000.0
2024-09-01,KALLANG/WHAMPOA,4 ROOM,26B,ST. GEORGE'S LANE,04 TO 06,92.0,Model A,2020,94 years 09 months,960000.0
2024-09-01,KALLANG/WHAMPOA,4 ROOM,11,ST. GEORGE'S RD,04 TO 06,84.0,Simplified,1985,59 years 08 months,603000.0
2024-09-01,KALLANG/WHAMPOA,4 ROOM,1,ST. GEORGE'S RD,01 TO 03,82.0,Improved,1976,50 years 09 months,560000.0
2024-09-01,KALLANG/WHAMPOA,4 ROOM,23,ST. GEORGE'S RD,01 TO 03,99.0,New Generation,1984,59 years,608888.0
2024-09-01,KALLANG/WHAMPOA,4 ROOM,3D,UPP BOON KENG RD,25 TO 27,90.0,Model A,2006,81 years,930000.0
2024-09-01,KALLANG/WHAMPOA,4 ROOM,3A,UPP BOON KENG RD,25 TO 27,85.0,Model A,2006,81 years 03 months,950000.0
2024-09-01,KALLANG/WHAMPOA,4 ROOM,14A,UPP BOON KENG RD,01 TO 03,101.0,Model A,1999,73 years 09 months,810888.0
2024-09-01,KALLANG/WHAMPOA,4 ROOM,96,WHAMPOA DR,16 TO 18,91.0,Improved,1974,48 years 06 months,520000.0
2024-09-01,KALLANG/WHAMPOA,4 ROOM,99,WHAMPOA DR,04 TO 06,91.0,Improved,1974,48 years 07 months,476000.0
2024-09-01,KALLANG/WHAMPOA,4 ROOM,112,WHAMPOA RD,10 TO 12,107.0,Model A,1994,69 years 04 months,732000.0
2024-09-01,KALLANG/WHAMPOA,4 ROOM,110,WHAMPOA RD,10 TO 12,103.0,Model A,1997,72 years 03 months,670000.0
2024-09-01,KALLANG/WHAMPOA,5 ROOM,9,BOON KENG RD,37 TO 39,109.0,DBSS,2011,85 years 05 months,1300000.0
2024-09-01,KALLANG/WHAMPOA,5 ROOM,40,CAMBRIDGE RD,07 TO 09,120.0,Improved,1997,72 years,988000.0
2024-09-01,KALLANG/WHAMPOA,5 ROOM,461,CRAWFORD LANE,07 TO 09,122.0,Standard,1981,56 years 02 months,920000.0
2024-09-01,KALLANG/WHAMPOA,5 ROOM,13,FARRER PK RD,25 TO 27,110.0,Improved,2004,78 years 10 months,1050000.0
2024-09-01,KALLANG/WHAMPOA,5 ROOM,53,GEYLANG BAHRU,01 TO 03,114.0,Standard,1974,48 years 11 months,628000.0
2024-09-01,KALLANG/WHAMPOA,5 ROOM,59A,GEYLANG BAHRU,13 TO 15,120.0,Improved,1998,73 years 04 months,975000.0
2024-09-01,KALLANG/WHAMPOA,5 ROOM,816,JELLICOE RD,19 TO 21,110.0,Improved,2003,77 years 07 months,1075000.0
2024-09-01,KALLANG/WHAMPOA,5 ROOM,816,JELLICOE RD,10 TO 12,110.0,Improved,2003,77 years 07 months,1018888.0
2024-09-01,KALLANG/WHAMPOA,5 ROOM,107,JLN RAJAH,07 TO 09,134.0,Model A,1984,58 years 11 months,900888.0
2024-09-01,KALLANG/WHAMPOA,5 ROOM,12,NTH BRIDGE RD,19 TO 21,114.0,Standard,1975,49 years 05 months,831888.0
2024-09-01,KALLANG/WHAMPOA,5 ROOM,21,ST. GEORGE'S RD,10 TO 12,118.0,Improved,1984,59 years 05 months,803800.0
2024-09-01,KALLANG/WHAMPOA,5 ROOM,8C,UPP BOON KENG RD,10 TO 12,113.0,Premium Apartment,2017,91 years 11 months,1330000.0
2024-09-01,KALLANG/WHAMPOA,5 ROOM,115,WHAMPOA RD,04 TO 06,135.0,Model A,1994,68 years 05 months,840000.0
2024-09-01,KALLANG/WHAMPOA,EXECUTIVE,108,JLN RAJAH,07 TO 09,153.0,Maisonette,1984,59 years 04 months,1055000.0
2024-09-01,MARINE PARADE,2 ROOM,15,MARINE TER,10 TO 12,43.0,Improved,1975,49 years 07 months,315000.0
2024-09-01,MARINE PARADE,3 ROOM,33,MARINE CRES,04 TO 06,65.0,Improved,1975,50 years,388000.0
2024-09-01,MARINE PARADE,3 ROOM,47,MARINE CRES,01 TO 03,65.0,Improved,1975,49 years 10 months,393000.0
2024-09-01,MARINE PARADE,3 ROOM,30,MARINE CRES,07 TO 09,76.0,Improved,1975,49 years 09 months,520000.0
2024-09-01,MARINE PARADE,3 ROOM,67,MARINE DR,07 TO 09,65.0,Improved,1976,50 years 07 months,470888.0
2024-09-01,MARINE PARADE,3 ROOM,4,MARINE TER,10 TO 12,65.0,Improved,1975,49 years 05 months,460000.0
2024-09-01,MARINE PARADE,3 ROOM,57,MARINE TER,04 TO 06,65.0,Improved,1975,49 years 08 months,435000.0
2024-09-01,MARINE PARADE,3 ROOM,6,MARINE TER,04 TO 06,65.0,Improved,1975,49 years 05 months,508000.0
2024-09-01,MARINE PARADE,3 ROOM,8,MARINE TER,01 TO 03,76.0,Improved,1975,49 years 04 months,480000.0
2024-09-01,MARINE PARADE,3 ROOM,5,MARINE TER,01 TO 03,65.0,Improved,1975,49 years 05 months,400000.0
2024-09-01,MARINE PARADE,4 ROOM,61,MARINE DR,13 TO 15,87.0,Improved,1976,50 years 05 months,662000.0
2024-09-01,MARINE PARADE,5 ROOM,33,MARINE CRES,13 TO 15,141.0,Adjoined flat,1975,49 years 09 months,1190000.0
2024-09-01,PASIR RIS,2 ROOM,528A,PASIR RIS ST 51,10 TO 12,47.0,Model A,2015,89 years 11 months,430000.0
2024-09-01,PASIR RIS,4 ROOM,530B,PASIR RIS DR 1,10 TO 12,86.0,DBSS,2015,89 years 10 months,825000.0
2024-09-01,PASIR RIS,4 ROOM,530C,PASIR RIS DR 1,04 TO 06,86.0,DBSS,2015,89 years 09 months,775000.0
2024-09-01,PASIR RIS,4 ROOM,702,PASIR RIS DR 10,07 TO 09,112.0,Model A,1996,70 years 05 months,645000.0
2024-09-01,PASIR RIS,4 ROOM,461,PASIR RIS DR 4,04 TO 06,105.0,Model A,1992,67 years 04 months,588000.0
2024-09-01,PASIR RIS,4 ROOM,482,PASIR RIS DR 4,10 TO 12,103.0,Model A,1989,64 years 03 months,569888.0
2024-09-01,PASIR RIS,4 ROOM,419,PASIR RIS DR 6,01 TO 03,105.0,Model A,1989,63 years 10 months,590000.0
2024-09-01,PASIR RIS,4 ROOM,477,PASIR RIS DR 6,04 TO 06,105.0,Model A,1989,64 years 02 months,580000.0
2024-09-01,PASIR RIS,4 ROOM,139,PASIR RIS ST 11,04 TO 06,106.0,Model A,1994,68 years 08 months,570000.0
2024-09-01,PASIR RIS,4 ROOM,110,PASIR RIS ST 11,01 TO 03,106.0,Model A,1990,64 years 08 months,558888.0
2024-09-01,PASIR RIS,4 ROOM,190,PASIR RIS ST 12,04 TO 06,104.0,Model A,1993,68 years 02 months,600000.0
2024-09-01,PASIR RIS,4 ROOM,568,PASIR RIS ST 51,10 TO 12,104.0,Model A,1992,67 years 04 months,698000.0
2024-09-01,PASIR RIS,4 ROOM,517,PASIR RIS ST 52,01 TO 03,106.0,Model A,1993,68 years 05 months,618000.0
2024-09-01,PASIR RIS,4 ROOM,570,PASIR RIS ST 53,01 TO 03,108.0,Model A,1995,70 years 02 months,630000.0
2024-09-01,PASIR RIS,4 ROOM,574,PASIR RIS ST 53,10 TO 12,110.0,Model A,1995,70 years 02 months,685000.0
2024-09-01,PASIR RIS,4 ROOM,768,PASIR RIS ST 71,10 TO 12,105.0,Model A,1996,71 years,610000.0
2024-09-01,PASIR RIS,4 ROOM,741,PASIR RIS ST 71,07 TO 09,103.0,Model A,1996,71 years 01 month,592000.0
2024-09-01,PASIR RIS,4 ROOM,767,PASIR RIS ST 71,04 TO 06,104.0,Model A,1996,71 years 02 months,602000.0
2024-09-01,PASIR RIS,4 ROOM,756,PASIR RIS ST 71,13 TO 15,106.0,Model A,1996,71 years 03 months,680000.0
2024-09-01,PASIR RIS,5 ROOM,635,PASIR RIS DR 1,04 TO 06,123.0,Improved,1995,69 years 11 months,690000.0
2024-09-01,PASIR RIS,5 ROOM,706,PASIR RIS DR 10,01 TO 03,126.0,Improved,1996,70 years 05 months,698000.0
2024-09-01,PASIR RIS,5 ROOM,118,PASIR RIS ST 11,10 TO 12,123.0,Improved,1989,63 years 10 months,650000.0
2024-09-01,PASIR RIS,5 ROOM,138,PASIR RIS ST 11,04 TO 06,126.0,Improved,1994,68 years 08 months,700000.0
2024-09-01,PASIR RIS,5 ROOM,125,PASIR RIS ST 11,01 TO 03,132.0,Improved,1989,63 years 07 months,715000.0
2024-09-01,PASIR RIS,5 ROOM,195,PASIR RIS ST 12,04 TO 06,126.0,Improved,1993,68 years 01 month,728000.0
2024-09-01,PASIR RIS,5 ROOM,228,PASIR RIS ST 21,04 TO 06,123.0,Improved,1993,67 years 11 months,670000.0
2024-09-01,PASIR RIS,5 ROOM,213,PASIR RIS ST 21,07 TO 09,132.0,Model A,1993,67 years 11 months,700000.0
2024-09-01,PASIR RIS,5 ROOM,212,PASIR RIS ST 21,10 TO 12,128.0,Improved,1993,67 years 11 months,705000.0
2024-09-01,PASIR RIS,5 ROOM,568,PASIR RIS ST 51,10 TO 12,122.0,Improved,1992,67 years 04 months,770888.0
2024-09-01,PASIR RIS,5 ROOM,566,PASIR RIS ST 51,07 TO 09,123.0,Improved,1992,67 years 03 months,770000.0
2024-09-01,PASIR RIS,5 ROOM,568,PASIR RIS ST 51,01 TO 03,122.0,Improved,1992,67 years 03 months,700000.0
2024-09-01,PASIR RIS,5 ROOM,763,PASIR RIS ST 71,10 TO 12,128.0,Improved,1996,71 years 01 month,708000.0
2024-09-01,PASIR RIS,5 ROOM,750,PASIR RIS ST 71,07 TO 09,128.0,Improved,1996,71 years 03 months,750000.0
2024-09-01,PASIR RIS,5 ROOM,725,PASIR RIS ST 72,10 TO 12,127.0,Improved,1996,70 years 11 months,750000.0
2024-09-01,PASIR RIS,5 ROOM,720,PASIR RIS ST 72,07 TO 09,127.0,Improved,1996,70 years 11 months,708888.0
2024-09-01,PASIR RIS,EXECUTIVE,642,PASIR RIS DR 10,04 TO 06,145.0,Apartment,1995,70 years,850000.0
2024-09-01,PASIR RIS,EXECUTIVE,650,PASIR RIS DR 10,04 TO 06,149.0,Apartment,1995,70 years 01 month,868000.0
2024-09-01,PASIR RIS,EXECUTIVE,454,PASIR RIS DR 6,10 TO 12,146.0,Maisonette,1989,64 years 03 months,910000.0
2024-09-01,PASIR RIS,EXECUTIVE,129,PASIR RIS ST 11,04 TO 06,146.0,Maisonette,1988,63 years 03 months,880000.0
2024-09-01,PASIR RIS,EXECUTIVE,134,PASIR RIS ST 11,04 TO 06,149.0,Apartment,1994,68 years 08 months,878000.0
2024-09-01,PASIR RIS,EXECUTIVE,210,PASIR RIS ST 21,10 TO 12,149.0,Apartment,1993,68 years 01 month,810000.0
2024-09-01,PASIR RIS,EXECUTIVE,505,PASIR RIS ST 52,07 TO 09,145.0,Apartment,1993,68 years 01 month,870888.0
2024-09-01,PASIR RIS,EXECUTIVE,779,PASIR RIS ST 71,04 TO 06,144.0,Apartment,1996,71 years,845000.0
2024-09-01,PUNGGOL,2 ROOM,209C,PUNGGOL PL,13 TO 15,46.0,Model A,2014,89 years 04 months,348000.0
2024-09-01,PUNGGOL,2 ROOM,327C,SUMANG WALK,07 TO 09,47.0,2-room,2018,93 years 03 months,392000.0
2024-09-01,PUNGGOL,2 ROOM,327B,SUMANG WALK,04 TO 06,47.0,Model A,2018,93 years 03 months,350000.0
2024-09-01,PUNGGOL,3 ROOM,662B,EDGEDALE PLAINS,07 TO 09,68.0,Premium Apartment,2017,91 years 09 months,495000.0
2024-09-01,PUNGGOL,3 ROOM,672A,EDGEFIELD PLAINS,04 TO 06,65.0,Model A,2015,90 years 04 months,500000.0
2024-09-01,PUNGGOL,3 ROOM,622B,PUNGGOL CTRL,10 TO 12,69.0,Model A,2014,88 years 09 months,530000.0
2024-09-01,PUNGGOL,3 ROOM,602B,PUNGGOL CTRL,04 TO 06,70.0,Model A,2012,86 years 11 months,510888.0
2024-09-01,PUNGGOL,3 ROOM,663A,PUNGGOL DR,13 TO 15,65.0,Model A,2016,90 years 10 months,515888.0
2024-09-01,PUNGGOL,3 ROOM,658A,PUNGGOL EAST,04 TO 06,68.0,Model A,2018,93 years 03 months,500000.0
2024-09-01,PUNGGOL,3 ROOM,659C,PUNGGOL EAST,07 TO 09,68.0,Model A,2018,93 years 03 months,497000.0
2024-09-01,PUNGGOL,3 ROOM,209C,PUNGGOL PL,07 TO 09,67.0,Model A,2014,89 years 05 months,498000.0
2024-09-01,PUNGGOL,3 ROOM,306A,PUNGGOL PL,16 TO 18,67.0,Premium Apartment,2012,87 years,588888.0
2024-09-01,PUNGGOL,3 ROOM,210B,PUNGGOL PL,16 TO 18,67.0,Model A,2014,89 years 04 months,512000.0
2024-09-01,PUNGGOL,3 ROOM,308A,PUNGGOL WALK,13 TO 15,67.0,Premium Apartment,2016,90 years 07 months,565000.0
2024-09-01,PUNGGOL,3 ROOM,308A,PUNGGOL WALK,04 TO 06,67.0,Premium Apartment,2016,90 years 07 months,520000.0
2024-09-01,PUNGGOL,3 ROOM,314B,PUNGGOL WAY,13 TO 15,68.0,Premium Apartment,2017,92 years 01 month,568888.0
2024-09-01,PUNGGOL,3 ROOM,220C,SUMANG LANE,01 TO 03,68.0,Model A,2018,93 years 04 months,470000.0
2024-09-01,PUNGGOL,3 ROOM,221B,SUMANG LANE,04 TO 06,68.0,Model A,2018,93 years 04 months,500500.0
2024-09-01,PUNGGOL,3 ROOM,220C,SUMANG LANE,04 TO 06,68.0,Model A,2018,93 years 04 months,480888.0
2024-09-01,PUNGGOL,3 ROOM,220B,SUMANG LANE,13 TO 15,68.0,Model A,2018,93 years 04 months,520000.0
2024-09-01,PUNGGOL,3 ROOM,327C,SUMANG WALK,16 TO 18,68.0,Model A,2018,93 years 03 months,530000.0
2024-09-01,PUNGGOL,3 ROOM,325A,SUMANG WALK,10 TO 12,68.0,Premium Apartment,2020,94 years 05 months,528000.0
2024-09-01,PUNGGOL,3 ROOM,327C,SUMANG WALK,13 TO 15,68.0,Model A,2018,93 years 03 months,524000.0
2024-09-01,PUNGGOL,3 ROOM,327C,SUMANG WALK,07 TO 09,68.0,Model A,2018,93 years 03 months,523000.0
2024-09-01,PUNGGOL,3 ROOM,322D,SUMANG WALK,04 TO 06,68.0,Premium Apartment,2019,93 years 07 months,514888.0
2024-09-01,PUNGGOL,4 ROOM,126C,EDGEDALE PLAINS,07 TO 09,85.0,Model A,2003,77 years 06 months,545000.0
2024-09-01,PUNGGOL,4 ROOM,126C,EDGEDALE PLAINS,01 TO 03,85.0,Model A,2003,77 years 06 months,515000.0
2024-09-01,PUNGGOL,4 ROOM,133,EDGEDALE PLAINS,16 TO 18,91.0,Premium Apartment,2003,78 years 03 months,565888.0
2024-09-01,PUNGGOL,4 ROOM,133,EDGEDALE PLAINS,10 TO 12,91.0,Premium Apartment,2003,78 years 03 months,540000.0
2024-09-01,PUNGGOL,4 ROOM,122B,EDGEDALE PLAINS,07 TO 09,93.0,Model A,2017,91 years 09 months,603000.0
2024-09-01,PUNGGOL,4 ROOM,684D,EDGEDALE PLAINS,07 TO 09,93.0,Premium Apartment,2018,93 years,685000.0
2024-09-01,PUNGGOL,4 ROOM,684D,EDGEDALE PLAINS,10 TO 12,93.0,Premium Apartment,2018,93 years,722000.0
2024-09-01,PUNGGOL,4 ROOM,682B,EDGEDALE PLAINS,04 TO 06,93.0,Premium Apartment,2018,93 years,660000.0
2024-09-01,PUNGGOL,4 ROOM,174B,EDGEDALE PLAINS,13 TO 15,90.0,Model A,2003,78 years 04 months,565000.0
2024-09-01,PUNGGOL,4 ROOM,682A,EDGEDALE PLAINS,01 TO 03,93.0,Premium Apartment,2018,93 years,620000.0
2024-09-01,PUNGGOL,4 ROOM,683A,EDGEDALE PLAINS,01 TO 03,93.0,Premium Apartment,2018,93 years,620000.0
2024-09-01,PUNGGOL,4 ROOM,138,EDGEDALE PLAINS,04 TO 06,91.0,Premium Apartment,2003,78 years 03 months,555000.0
2024-09-01,PUNGGOL,4 ROOM,662D,EDGEDALE PLAINS,13 TO 15,92.0,Premium Apartment,2017,91 years 09 months,648000.0
2024-09-01,PUNGGOL,4 ROOM,668A,EDGEFIELD PLAINS,07 TO 09,93.0,Premium Apartment,2016,90 years 11 months,640000.0
2024-09-01,PUNGGOL,4 ROOM,670C,EDGEFIELD PLAINS,01 TO 03,93.0,Premium Apartment,2016,90 years 10 months,638000.0
2024-09-01,PUNGGOL,4 ROOM,615B,EDGEFIELD PLAINS,13 TO 15,92.0,Model A,2012,87 years 04 months,660000.0
2024-09-01,PUNGGOL,4 ROOM,670A,EDGEFIELD PLAINS,01 TO 03,93.0,Premium Apartment,2016,90 years 10 months,600000.0
2024-09-01,PUNGGOL,4 ROOM,668A,EDGEFIELD PLAINS,10 TO 12,93.0,Premium Apartment,2016,90 years 10 months,675000.0
2024-09-01,PUNGGOL,4 ROOM,614A,EDGEFIELD PLAINS,10 TO 12,92.0,Model A,2012,87 years 04 months,648000.0
2024-09-01,PUNGGOL,4 ROOM,615B,EDGEFIELD PLAINS,04 TO 06,92.0,Model A,2012,87 years 04 months,600000.0
2024-09-01,PUNGGOL,4 ROOM,668A,EDGEFIELD PLAINS,10 TO 12,93.0,Premium Apartment,2016,90 years 10 months,663000.0
2024-09-01,PUNGGOL,4 ROOM,668A,EDGEFIELD PLAINS,13 TO 15,93.0,Premium Apartment,2016,90 years 10 months,738000.0
2024-09-01,PUNGGOL,4 ROOM,301B,PUNGGOL CTRL,04 TO 06,93.0,Premium Apartment,2010,84 years 11 months,670000.0
2024-09-01,PUNGGOL,4 ROOM,301B,PUNGGOL CTRL,07 TO 09,93.0,Premium Apartment,2010,84 years 11 months,692000.0
2024-09-01,PUNGGOL,4 ROOM,623A,PUNGGOL CTRL,10 TO 12,94.0,Model A,2014,88 years 08 months,641888.0
2024-09-01,PUNGGOL,4 ROOM,624C,PUNGGOL CTRL,16 TO 18,94.0,Model A,2014,88 years 08 months,648000.0
2024-09-01,PUNGGOL,4 ROOM,602C,PUNGGOL CTRL,07 TO 09,93.0,Model A,2012,86 years 11 months,640000.0
2024-09-01,PUNGGOL,4 ROOM,645,PUNGGOL CTRL,10 TO 12,90.0,Premium Apartment,2005,79 years 05 months,600500.0
2024-09-01,PUNGGOL,4 ROOM,619A,PUNGGOL DR,13 TO 15,93.0,Premium Apartment,2013,88 years 01 month,635000.0
2024-09-01,PUNGGOL,4 ROOM,676D,PUNGGOL DR,04 TO 06,93.0,Premium Apartment,2016,91 years 01 month,670000.0
2024-09-01,PUNGGOL,4 ROOM,641A,PUNGGOL DR,01 TO 03,91.0,Premium Apartment,2005,79 years 04 months,495000.0
2024-09-01,PUNGGOL,4 ROOM,612A,PUNGGOL DR,04 TO 06,93.0,Model A,2012,87 years 04 months,612000.0
2024-09-01,PUNGGOL,4 ROOM,666B,PUNGGOL DR,07 TO 09,93.0,Premium Apartment,2016,90 years 06 months,675000.0
2024-09-01,PUNGGOL,4 ROOM,635B,PUNGGOL DR,07 TO 09,91.0,Premium Apartment,2007,82 years 04 months,616000.0
2024-09-01,PUNGGOL,4 ROOM,619B,PUNGGOL DR,07 TO 09,95.0,Premium Apartment,2013,88 years,645168.0
2024-09-01,PUNGGOL,4 ROOM,638A,PUNGGOL DR,01 TO 03,92.0,Premium Apartment,2005,79 years 05 months,531000.0
2024-09-01,PUNGGOL,4 ROOM,664A,PUNGGOL DR,04 TO 06,90.0,Model A,2016,90 years 10 months,650000.0
2024-09-01,PUNGGOL,4 ROOM,612D,PUNGGOL DR,13 TO 15,93.0,Model A,2012,87 years 04 months,670000.0
2024-09-01,PUNGGOL,4 ROOM,168A,PUNGGOL EAST,10 TO 12,92.0,Premium Apartment,2009,83 years 07 months,632000.0
2024-09-01,PUNGGOL,4 ROOM,268C,PUNGGOL FIELD,04 TO 06,93.0,Premium Apartment,2013,87 years 05 months,610000.0
2024-09-01,PUNGGOL,4 ROOM,269A,PUNGGOL FIELD,01 TO 03,93.0,Premium Apartment,2013,87 years 05 months,645000.0
2024-09-01,PUNGGOL,4 ROOM,269B,PUNGGOL FIELD,01 TO 03,93.0,Premium Apartment,2013,87 years 05 months,626000.0
2024-09-01,PUNGGOL,4 ROOM,268B,PUNGGOL FIELD,13 TO 15,97.0,Premium Apartment,2013,87 years 06 months,713888.0
2024-09-01,PUNGGOL,4 ROOM,106A,PUNGGOL FIELD,07 TO 09,85.0,Model A,2003,77 years 08 months,548000.0
2024-09-01,PUNGGOL,4 ROOM,258C,PUNGGOL FIELD,13 TO 15,93.0,Model A,2016,90 years 10 months,660000.0
2024-09-01,PUNGGOL,4 ROOM,270B,PUNGGOL FIELD,04 TO 06,97.0,Premium Apartment,2013,87 years 05 months,748000.0
2024-09-01,PUNGGOL,4 ROOM,269A,PUNGGOL FIELD,13 TO 15,93.0,Premium Apartment,2013,87 years 05 months,718888.0
2024-09-01,PUNGGOL,4 ROOM,201C,PUNGGOL FIELD,10 TO 12,90.0,Model A,2004,78 years 11 months,566888.0
2024-09-01,PUNGGOL,4 ROOM,270B,PUNGGOL FIELD,04 TO 06,97.0,Premium Apartment,2013,87 years 05 months,755000.0
2024-09-01,PUNGGOL,4 ROOM,273A,PUNGGOL PL,07 TO 09,94.0,Premium Apartment,2013,87 years 11 months,733000.0
2024-09-01,PUNGGOL,4 ROOM,207B,PUNGGOL PL,13 TO 15,92.0,Model A,2014,88 years 10 months,660000.0
2024-09-01,PUNGGOL,4 ROOM,305B,PUNGGOL RD,07 TO 09,93.0,Premium Apartment,2012,86 years 11 months,600000.0
2024-09-01,PUNGGOL,4 ROOM,604A,PUNGGOL RD,04 TO 06,93.0,Model A,2012,87 years 01 month,628000.0
2024-09-01,PUNGGOL,4 ROOM,305A,PUNGGOL RD,10 TO 12,93.0,Premium Apartment,2012,86 years 11 months,740000.0
2024-09-01,PUNGGOL,4 ROOM,271B,PUNGGOL WALK,13 TO 15,93.0,Premium Apartment,2014,88 years 08 months,785000.0
2024-09-01,PUNGGOL,4 ROOM,310B,PUNGGOL WALK,04 TO 06,92.0,Premium Apartment,2016,90 years 10 months,700000.0
2024-09-01,PUNGGOL,4 ROOM,272C,PUNGGOL WALK,13 TO 15,94.0,Premium Apartment,2014,88 years 08 months,760000.0
2024-09-01,PUNGGOL,4 ROOM,310B,PUNGGOL WALK,01 TO 03,92.0,Premium Apartment,2016,90 years 10 months,642000.0
2024-09-01,PUNGGOL,4 ROOM,272A,PUNGGOL WALK,16 TO 18,94.0,Premium Apartment,2014,88 years 07 months,780000.0
2024-09-01,PUNGGOL,4 ROOM,220B,SUMANG LANE,10 TO 12,93.0,Model A,2018,93 years 05 months,660000.0
2024-09-01,PUNGGOL,4 ROOM,232A,SUMANG LANE,04 TO 06,93.0,Model A,2018,93 years 03 months,590000.0
2024-09-01,PUNGGOL,4 ROOM,224B,SUMANG LANE,16 TO 18,93.0,Model A,2018,93 years 04 months,645000.0
2024-09-01,PUNGGOL,4 ROOM,231B,SUMANG LANE,16 TO 18,93.0,Model A,2018,93 years 03 months,645000.0
2024-09-01,PUNGGOL,4 ROOM,224A,SUMANG LANE,04 TO 06,93.0,Model A,2018,93 years 04 months,600000.0
2024-09-01,PUNGGOL,4 ROOM,232B,SUMANG LANE,07 TO 09,93.0,Model A,2018,93 years 03 months,610000.0
2024-09-01,PUNGGOL,4 ROOM,226C,SUMANG LANE,13 TO 15,92.0,Premium Apartment,2018,92 years 07 months,672888.0
2024-09-01,PUNGGOL,4 ROOM,224C,SUMANG LANE,04 TO 06,93.0,Model A,2018,93 years 04 months,615000.0
2024-09-01,PUNGGOL,4 ROOM,323B,SUMANG WALK,16 TO 18,93.0,Premium Apartment,2020,94 years 05 months,700000.0
2024-09-01,PUNGGOL,4 ROOM,323D,SUMANG WALK,16 TO 18,93.0,Premium Apartment,2020,94 years 06 months,745000.0
2024-09-01,PUNGGOL,4 ROOM,323C,SUMANG WALK,16 TO 18,93.0,Premium Apartment,2020,94 years 05 months,730000.0
2024-09-01,PUNGGOL,4 ROOM,217C,SUMANG WALK,04 TO 06,92.0,Model A,2017,91 years 11 months,590000.0
2024-09-01,PUNGGOL,4 ROOM,323B,SUMANG WALK,01 TO 03,93.0,Premium Apartment,2020,94 years 05 months,600000.0
2024-09-01,PUNGGOL,4 ROOM,325A,SUMANG WALK,13 TO 15,93.0,Premium Apartment,2020,94 years 05 months,708000.0
2024-09-01,PUNGGOL,4 ROOM,256D,SUMANG WALK,13 TO 15,93.0,Model A,2016,91 years 04 months,680000.0
2024-09-01,PUNGGOL,4 ROOM,323A,SUMANG WALK,22 TO 24,93.0,Premium Apartment,2020,94 years 05 months,726888.0
2024-09-01,PUNGGOL,4 ROOM,217C,SUMANG WALK,13 TO 15,92.0,Model A,2017,91 years 11 months,660000.0
2024-09-01,PUNGGOL,4 ROOM,323B,SUMANG WALK,19 TO 21,93.0,Premium Apartment,2020,94 years 05 months,685000.0
2024-09-01,PUNGGOL,4 ROOM,323B,SUMANG WALK,07 TO 09,93.0,Premium Apartment,2020,94 years 05 months,695000.0
2024-09-01,PUNGGOL,4 ROOM,325A,SUMANG WALK,19 TO 21,93.0,Premium Apartment,2020,94 years 05 months,740000.0
2024-09-01,PUNGGOL,4 ROOM,323D,SUMANG WALK,01 TO 03,93.0,Premium Apartment,2020,94 years 05 months,635000.0
2024-09-01,PUNGGOL,4 ROOM,325B,SUMANG WALK,07 TO 09,93.0,Premium Apartment,2020,94 years 05 months,613000.0
2024-09-01,PUNGGOL,5 ROOM,120B,EDGEDALE PLAINS,01 TO 03,113.0,Improved,2017,91 years 10 months,660000.0
2024-09-01,PUNGGOL,5 ROOM,126B,EDGEDALE PLAINS,13 TO 15,110.0,Improved,2003,77 years 07 months,600000.0
2024-09-01,PUNGGOL,5 ROOM,130,EDGEDALE PLAINS,01 TO 03,111.0,Premium Apartment,2003,78 years 03 months,560000.0
2024-09-01,PUNGGOL,5 ROOM,682B,EDGEDALE PLAINS,10 TO 12,113.0,Premium Apartment,2018,93 years,828000.0
2024-09-01,PUNGGOL,5 ROOM,684B,EDGEDALE PLAINS,07 TO 09,113.0,Premium Apartment,2018,93 years,830000.0
2024-09-01,PUNGGOL,5 ROOM,684A,EDGEDALE PLAINS,04 TO 06,113.0,Premium Apartment,2018,93 years,739888.0
2024-09-01,PUNGGOL,5 ROOM,662D,EDGEDALE PLAINS,01 TO 03,112.0,Premium Apartment,2017,91 years 09 months,720000.0
2024-09-01,PUNGGOL,5 ROOM,662D,EDGEDALE PLAINS,04 TO 06,112.0,Premium Apartment,2017,91 years 09 months,725000.0
2024-09-01,PUNGGOL,5 ROOM,662D,EDGEDALE PLAINS,01 TO 03,112.0,Premium Apartment,2017,91 years 09 months,705000.0
2024-09-01,PUNGGOL,5 ROOM,684A,EDGEDALE PLAINS,04 TO 06,113.0,Premium Apartment,2018,93 years,820000.0
2024-09-01,PUNGGOL,5 ROOM,107A,EDGEFIELD PLAINS,13 TO 15,110.0,Improved,2003,77 years 06 months,620000.0
2024-09-01,PUNGGOL,5 ROOM,165A,PUNGGOL CTRL,07 TO 09,114.0,Premium Apartment,2004,78 years 09 months,688888.0
2024-09-01,PUNGGOL,5 ROOM,191,PUNGGOL CTRL,01 TO 03,110.0,Premium Apartment,2004,78 years 08 months,630000.0
2024-09-01,PUNGGOL,5 ROOM,161A,PUNGGOL CTRL,10 TO 12,114.0,Premium Apartment,2004,78 years 09 months,675000.0
2024-09-01,PUNGGOL,5 ROOM,295,PUNGGOL CTRL,04 TO 06,110.0,Premium Apartment,2003,78 years 03 months,723800.0
2024-09-01,PUNGGOL,5 ROOM,651,PUNGGOL CTRL,13 TO 15,110.0,Premium Apartment,2005,79 years 05 months,668000.0
2024-09-01,PUNGGOL,5 ROOM,666B,PUNGGOL DR,13 TO 15,113.0,Premium Apartment,2016,90 years 06 months,835000.0
2024-09-01,PUNGGOL,5 ROOM,664B,PUNGGOL DR,01 TO 03,110.0,Improved,2016,90 years 10 months,740000.0
2024-09-01,PUNGGOL,5 ROOM,676C,PUNGGOL DR,10 TO 12,113.0,Premium Apartment,2016,91 years 01 month,850000.0
2024-09-01,PUNGGOL,5 ROOM,663C,PUNGGOL DR,01 TO 03,110.0,Improved,2016,90 years 10 months,710000.0
2024-09-01,PUNGGOL,5 ROOM,638C,PUNGGOL DR,13 TO 15,110.0,Premium Apartment,2005,79 years 05 months,665000.0
2024-09-01,PUNGGOL,5 ROOM,664A,PUNGGOL DR,16 TO 18,110.0,Improved,2016,90 years 10 months,788000.0
2024-09-01,PUNGGOL,5 ROOM,667B,PUNGGOL DR,07 TO 09,113.0,Premium Apartment,2016,90 years 06 months,840000.0
2024-09-01,PUNGGOL,5 ROOM,658C,PUNGGOL EAST,10 TO 12,113.0,Improved,2018,93 years 03 months,770000.0
2024-09-01,PUNGGOL,5 ROOM,658C,PUNGGOL EAST,13 TO 15,113.0,Improved,2018,93 years 03 months,778000.0
2024-09-01,PUNGGOL,5 ROOM,202A,PUNGGOL FIELD,13 TO 15,110.0,Improved,2004,78 years 10 months,650000.0
2024-09-01,PUNGGOL,5 ROOM,173D,PUNGGOL FIELD,04 TO 06,110.0,Improved,2003,78 years 02 months,590000.0
2024-09-01,PUNGGOL,5 ROOM,110D,PUNGGOL FIELD,13 TO 15,110.0,Improved,2003,77 years 09 months,635000.0
2024-09-01,PUNGGOL,5 ROOM,106A,PUNGGOL FIELD,13 TO 15,110.0,Improved,2003,77 years 09 months,670888.0
2024-09-01,PUNGGOL,5 ROOM,204C,PUNGGOL FIELD,04 TO 06,110.0,Improved,2004,79 years 04 months,622000.0
2024-09-01,PUNGGOL,5 ROOM,175D,PUNGGOL FIELD,10 TO 12,110.0,Improved,2003,77 years 11 months,636500.0
2024-09-01,PUNGGOL,5 ROOM,196B,PUNGGOL FIELD,07 TO 09,110.0,Improved,2003,77 years 09 months,683888.0
2024-09-01,PUNGGOL,5 ROOM,110A,PUNGGOL FIELD,13 TO 15,110.0,Improved,2003,77 years 10 months,663000.0
2024-09-01,PUNGGOL,5 ROOM,102A,PUNGGOL FIELD,16 TO 18,110.0,Improved,2002,77 years 03 months,655000.0
2024-09-01,PUNGGOL,5 ROOM,267C,PUNGGOL FIELD,13 TO 15,113.0,Premium Apartment,2013,87 years 05 months,841800.0
2024-09-01,PUNGGOL,5 ROOM,258C,PUNGGOL FIELD,01 TO 03,113.0,Improved,2016,90 years 10 months,690000.0
2024-09-01,PUNGGOL,5 ROOM,289C,PUNGGOL PL,13 TO 15,112.0,Premium Apartment,2013,87 years 07 months,860000.0
2024-09-01,PUNGGOL,5 ROOM,274B,PUNGGOL PL,07 TO 09,114.0,Premium Apartment,2013,87 years 11 months,903888.0
2024-09-01,PUNGGOL,5 ROOM,272C,PUNGGOL WALK,07 TO 09,116.0,Premium Apartment,2014,88 years 08 months,918000.0
2024-09-01,PUNGGOL,5 ROOM,308B,PUNGGOL WALK,07 TO 09,112.0,Premium Apartment,2016,90 years 07 months,852000.0
2024-09-01,PUNGGOL,5 ROOM,213C,PUNGGOL WALK,07 TO 09,113.0,Improved,2015,89 years 08 months,806888.0
2024-09-01,PUNGGOL,5 ROOM,308A,PUNGGOL WALK,01 TO 03,112.0,Premium Apartment,2016,90 years 07 months,820000.0
2024-09-01,PUNGGOL,5 ROOM,213C,PUNGGOL WALK,04 TO 06,113.0,Improved,2015,89 years 08 months,742800.0
2024-09-01,PUNGGOL,5 ROOM,316D,PUNGGOL WAY,07 TO 09,113.0,Premium Apartment,2017,92 years 01 month,905000.0
2024-09-01,PUNGGOL,5 ROOM,316B,PUNGGOL WAY,04 TO 06,113.0,Premium Apartment,2017,92 years 01 month,875000.0
2024-09-01,PUNGGOL,5 ROOM,266D,PUNGGOL WAY,07 TO 09,111.0,Improved,2015,89 years 10 months,808000.0
2024-09-01,PUNGGOL,5 ROOM,316B,PUNGGOL WAY,07 TO 09,113.0,Premium Apartment,2017,92 years 01 month,886000.0
2024-09-01,PUNGGOL,5 ROOM,232B,SUMANG LANE,01 TO 03,113.0,Improved,2018,93 years 03 months,715000.0
2024-09-01,PUNGGOL,5 ROOM,231A,SUMANG LANE,04 TO 06,113.0,Improved,2018,93 years 03 months,738000.0
2024-09-01,PUNGGOL,5 ROOM,233C,SUMANG LANE,10 TO 12,113.0,Improved,2018,93 years 03 months,750000.0
2024-09-01,PUNGGOL,5 ROOM,313C,SUMANG LINK,04 TO 06,112.0,Improved,2015,89 years 10 months,840000.0
2024-09-01,PUNGGOL,5 ROOM,322A,SUMANG WALK,01 TO 03,113.0,Premium Apartment,2019,93 years 07 months,740000.0
2024-09-01,PUNGGOL,5 ROOM,217D,SUMANG WALK,10 TO 12,112.0,Improved,2017,91 years 11 months,760000.0
2024-09-01,PUNGGOL,5 ROOM,322D,SUMANG WALK,13 TO 15,116.0,Premium Apartment,2019,93 years 06 months,968000.0
2024-09-01,PUNGGOL,EXECUTIVE,183,EDGEFIELD PLAINS,13 TO 15,128.0,Premium Apartment,2003,78 years 03 months,790000.0
2024-09-01,PUNGGOL,EXECUTIVE,115,EDGEFIELD PLAINS,04 TO 06,130.0,Premium Apartment,2003,77 years 10 months,765000.0
2024-09-01,PUNGGOL,EXECUTIVE,188,PUNGGOL CTRL,01 TO 03,128.0,Premium Apartment,2004,78 years 08 months,710000.0
2024-09-01,QUEENSTOWN,2 ROOM,85,C'WEALTH CL,07 TO 09,46.0,Standard,1967,41 years 05 months,280000.0
2024-09-01,QUEENSTOWN,3 ROOM,85,C'WEALTH CL,01 TO 03,58.0,Standard,1967,41 years 05 months,340000.0
2024-09-01,QUEENSTOWN,3 ROOM,81,C'WEALTH CL,07 TO 09,60.0,Standard,1967,41 years 05 months,368800.0
2024-09-01,QUEENSTOWN,3 ROOM,99,C'WEALTH CRES,04 TO 06,55.0,Standard,1970,44 years 10 months,330000.0
2024-09-01,QUEENSTOWN,3 ROOM,97,C'WEALTH CRES,01 TO 03,59.0,Standard,1970,44 years 10 months,330888.0
2024-09-01,QUEENSTOWN,3 ROOM,98,C'WEALTH CRES,04 TO 06,59.0,Standard,1970,44 years 10 months,340000.0
2024-09-01,QUEENSTOWN,3 ROOM,50,C'WEALTH DR,19 TO 21,63.0,Model A,2015,89 years 06 months,720000.0
2024-09-01,QUEENSTOWN,3 ROOM,52,C'WEALTH DR,13 TO 15,63.0,Model A,2015,89 years 06 months,710000.0
2024-09-01,QUEENSTOWN,3 ROOM,89,C'WEALTH DR,01 TO 03,69.0,Standard,1967,41 years 05 months,372000.0
2024-09-01,QUEENSTOWN,3 ROOM,87,DAWSON RD,16 TO 18,65.0,Premium Apartment,2016,91 years,750000.0
2024-09-01,QUEENSTOWN,3 ROOM,20,DOVER CRES,07 TO 09,65.0,Improved,1978,52 years 05 months,425000.0
2024-09-01,QUEENSTOWN,3 ROOM,1,DOVER RD,01 TO 03,65.0,Improved,1975,49 years 11 months,380000.0
2024-09-01,QUEENSTOWN,3 ROOM,1,DOVER RD,01 TO 03,73.0,Improved,1975,49 years 11 months,420000.0
2024-09-01,QUEENSTOWN,3 ROOM,27,GHIM MOH LINK,25 TO 27,67.0,Model A,2013,87 years 08 months,715000.0
2024-09-01,QUEENSTOWN,3 ROOM,4,GHIM MOH RD,13 TO 15,65.0,Improved,1976,50 years 11 months,370000.0
2024-09-01,QUEENSTOWN,3 ROOM,2,GHIM MOH RD,07 TO 09,65.0,Improved,1976,50 years 11 months,408000.0
2024-09-01,QUEENSTOWN,3 ROOM,21,GHIM MOH RD,04 TO 06,65.0,Improved,1977,51 years 09 months,365000.0
2024-09-01,QUEENSTOWN,3 ROOM,4,GHIM MOH RD,07 TO 09,65.0,Improved,1976,50 years 11 months,430000.0
2024-09-01,QUEENSTOWN,3 ROOM,12,HOLLAND AVE,07 TO 09,65.0,Improved,1975,49 years 05 months,455000.0
2024-09-01,QUEENSTOWN,3 ROOM,8,HOLLAND AVE,16 TO 18,59.0,Improved,1974,48 years 09 months,390000.0
2024-09-01,QUEENSTOWN,3 ROOM,18A,HOLLAND DR,31 TO 33,67.0,Model A,2012,87 years 01 month,802000.0
2024-09-01,QUEENSTOWN,3 ROOM,18B,HOLLAND DR,31 TO 33,67.0,Model A,2012,87 years 01 month,838000.0
2024-09-01,QUEENSTOWN,3 ROOM,43,HOLLAND DR,01 TO 03,59.0,Improved,1975,49 years 10 months,383000.0
2024-09-01,QUEENSTOWN,3 ROOM,154,MEI LING ST,16 TO 18,67.0,Improved,1970,44 years 05 months,386000.0
2024-09-01,QUEENSTOWN,3 ROOM,161,MEI LING ST,07 TO 09,72.0,Improved,1970,44 years 11 months,420000.0
2024-09-01,QUEENSTOWN,3 ROOM,154,MEI LING ST,13 TO 15,67.0,Improved,1970,44 years 05 months,410000.0
2024-09-01,QUEENSTOWN,3 ROOM,170,STIRLING RD,13 TO 15,60.0,Improved,1970,44 years 11 months,355000.0
2024-09-01,QUEENSTOWN,3 ROOM,89,TANGLIN HALT RD,16 TO 18,60.0,Model A,2008,83 years,710000.0
2024-09-01,QUEENSTOWN,4 ROOM,53,C'WEALTH DR,10 TO 12,96.0,Model A,2015,89 years 07 months,1048000.0
2024-09-01,QUEENSTOWN,4 ROOM,129,CLARENCE LANE,13 TO 15,104.0,Model A,1996,71 years,980000.0
2024-09-01,QUEENSTOWN,4 ROOM,88,DAWSON RD,19 TO 21,83.0,Premium Apartment,2016,91 years,1120000.0
2024-09-01,QUEENSTOWN,4 ROOM,33,GHIM MOH LINK,34 TO 36,93.0,Model A,2018,92 years 10 months,1200000.0
2024-09-01,QUEENSTOWN,4 ROOM,31,GHIM MOH LINK,28 TO 30,93.0,Model A,2018,92 years 10 months,1033800.0
2024-09-01,QUEENSTOWN,4 ROOM,30,GHIM MOH LINK,31 TO 33,93.0,Model A,2018,92 years 10 months,1030000.0
2024-09-01,QUEENSTOWN,4 ROOM,30,GHIM MOH LINK,04 TO 06,93.0,Model A,2018,92 years 10 months,940000.0
2024-09-01,QUEENSTOWN,4 ROOM,27,GHIM MOH LINK,25 TO 27,87.0,Model A,2013,87 years 08 months,920888.0
2024-09-01,QUEENSTOWN,4 ROOM,15,GHIM MOH RD,07 TO 09,82.0,Improved,1977,51 years 05 months,545000.0
2024-09-01,QUEENSTOWN,4 ROOM,15,GHIM MOH RD,04 TO 06,82.0,Improved,1977,51 years 05 months,543000.0
2024-09-01,QUEENSTOWN,4 ROOM,9,HOLLAND AVE,13 TO 15,86.0,Improved,1974,48 years 09 months,655000.0
2024-09-01,QUEENSTOWN,4 ROOM,6,HOLLAND CL,13 TO 15,86.0,Improved,1974,48 years 09 months,628000.0
2024-09-01,QUEENSTOWN,4 ROOM,3A,HOLLAND CL,01 TO 03,106.0,Model A,1998,73 years 03 months,900000.0
2024-09-01,QUEENSTOWN,4 ROOM,19,QUEEN'S CL,13 TO 15,108.0,Model A,1996,71 years 02 months,860000.0
2024-09-01,QUEENSTOWN,4 ROOM,20,QUEEN'S CL,10 TO 12,107.0,Model A,1996,71 years 02 months,806000.0
2024-09-01,QUEENSTOWN,4 ROOM,168A,QUEENSWAY,16 TO 18,84.0,Improved,1974,48 years 10 months,450000.0
2024-09-01,QUEENSTOWN,4 ROOM,168A,QUEENSWAY,10 TO 12,84.0,Improved,1974,48 years 10 months,510000.0
2024-09-01,QUEENSTOWN,4 ROOM,49,STRATHMORE AVE,19 TO 21,90.0,Model A,2006,80 years 11 months,1068000.0
2024-09-01,QUEENSTOWN,4 ROOM,61B,STRATHMORE AVE,13 TO 15,94.0,Model A,2011,85 years 11 months,1002800.0
2024-09-01,QUEENSTOWN,4 ROOM,52,STRATHMORE AVE,34 TO 36,90.0,Model A,2006,81 years 04 months,1015000.0
2024-09-01,QUEENSTOWN,4 ROOM,61B,STRATHMORE AVE,19 TO 21,93.0,Model A,2011,86 years,948000.0
2024-09-01,QUEENSTOWN,4 ROOM,48,STRATHMORE AVE,19 TO 21,90.0,Model A,2006,81 years 04 months,990000.0
2024-09-01,QUEENSTOWN,4 ROOM,51,STRATHMORE AVE,01 TO 03,85.0,Model A,2006,81 years 02 months,850000.0
2024-09-01,QUEENSTOWN,4 ROOM,91,TANGLIN HALT RD,10 TO 12,90.0,Model A,2008,83 years,930000.0
2024-09-01,QUEENSTOWN,4 ROOM,90,TANGLIN HALT RD,40 TO 42,90.0,Model A,2008,83 years,1100000.0
2024-09-01,QUEENSTOWN,4 ROOM,89,TANGLIN HALT RD,13 TO 15,90.0,Model A,2008,83 years,968000.0
2024-09-01,QUEENSTOWN,4 ROOM,90,TANGLIN HALT RD,28 TO 30,90.0,Model A,2008,83 years,993888.0
2024-09-01,QUEENSTOWN,4 ROOM,91,TANGLIN HALT RD,28 TO 30,85.0,Model A,2008,83 years,992000.0
2024-09-01,QUEENSTOWN,5 ROOM,53,C'WEALTH DR,01 TO 03,114.0,Improved,2015,89 years 06 months,1023000.0
2024-09-01,QUEENSTOWN,5 ROOM,88,DAWSON RD,07 TO 09,108.0,Premium Apartment,2016,91 years,1280000.0
2024-09-01,QUEENSTOWN,5 ROOM,28D,DOVER CRES,04 TO 06,124.0,Improved,2012,86 years 07 months,1168000.0
2024-09-01,QUEENSTOWN,5 ROOM,28D,DOVER CRES,13 TO 15,124.0,Improved,2012,86 years 07 months,1168888.0
2024-09-01,QUEENSTOWN,5 ROOM,8,GHIM MOH RD,19 TO 21,117.0,Standard,1977,51 years 05 months,908000.0
2024-09-01,SEMBAWANG,2 ROOM,117B,CANBERRA CRES,07 TO 09,47.0,Model A,2020,94 years 09 months,400000.0
2024-09-01,SEMBAWANG,2 ROOM,117B,CANBERRA CRES,07 TO 09,47.0,Model A,2020,94 years 09 months,395000.0
2024-09-01,SEMBAWANG,2 ROOM,117B,CANBERRA CRES,04 TO 06,47.0,Model A,2020,94 years 09 months,370000.0
2024-09-01,SEMBAWANG,2 ROOM,129B,CANBERRA ST,04 TO 06,38.0,Model A,2018,93 years 02 months,290000.0
2024-09-01,SEMBAWANG,2 ROOM,363A,SEMBAWANG CRES,10 TO 12,47.0,Model A,2019,93 years 09 months,380000.0
2024-09-01,SEMBAWANG,2 ROOM,363A,SEMBAWANG CRES,04 TO 06,47.0,Model A,2019,93 years 09 months,360000.0
2024-09-01,SEMBAWANG,2 ROOM,362B,SEMBAWANG CRES,10 TO 12,38.0,Model A,2019,93 years 09 months,350000.0
2024-09-01,SEMBAWANG,3 ROOM,117A,CANBERRA CRES,04 TO 06,68.0,Model A,2020,94 years 09 months,500000.0
2024-09-01,SEMBAWANG,3 ROOM,130B,CANBERRA CRES,04 TO 06,68.0,Model A,2018,93 years 02 months,492000.0
2024-09-01,SEMBAWANG,3 ROOM,131C,CANBERRA CRES,01 TO 03,68.0,Model A,2020,95 years 01 month,550000.0
2024-09-01,SEMBAWANG,3 ROOM,117A,CANBERRA CRES,10 TO 12,68.0,Model A,2020,94 years 09 months,510000.0
2024-09-01,SEMBAWANG,3 ROOM,130A,CANBERRA CRES,07 TO 09,68.0,Model A,2018,93 years 02 months,516000.0
2024-09-01,SEMBAWANG,3 ROOM,128B,CANBERRA ST,10 TO 12,68.0,Model A,2018,93 years 02 months,505000.0
2024-09-01,SEMBAWANG,3 ROOM,104D,CANBERRA ST,07 TO 09,68.0,Model A,2018,92 years 11 months,510000.0
2024-09-01,SEMBAWANG,3 ROOM,129B,CANBERRA ST,04 TO 06,68.0,Model A,2018,93 years 02 months,485000.0
2024-09-01,SEMBAWANG,3 ROOM,132B,CANBERRA VIEW,04 TO 06,68.0,Model A,2020,95 years 01 month,530000.0
2024-09-01,SEMBAWANG,3 ROOM,590B,MONTREAL LINK,04 TO 06,68.0,Model A,2015,89 years 08 months,465000.0
2024-09-01,SEMBAWANG,3 ROOM,362B,SEMBAWANG CRES,13 TO 15,68.0,Model A,2019,93 years 09 months,500000.0
2024-09-01,SEMBAWANG,3 ROOM,463B,SEMBAWANG DR,22 TO 24,67.0,Model A,2015,89 years 09 months,470000.0
2024-09-01,SEMBAWANG,4 ROOM,354C,ADMIRALTY DR,04 TO 06,93.0,Model A,2001,76 years 04 months,568000.0
2024-09-01,SEMBAWANG,4 ROOM,490,ADMIRALTY LINK,10 TO 12,94.0,Model A,2010,85 years,550000.0
2024-09-01,SEMBAWANG,4 ROOM,490,ADMIRALTY LINK,16 TO 18,94.0,Model A,2010,85 years 01 month,565000.0
2024-09-01,SEMBAWANG,4 ROOM,490,ADMIRALTY LINK,04 TO 06,94.0,Model A,2010,85 years,525000.0
2024-09-01,SEMBAWANG,4 ROOM,493,ADMIRALTY LINK,01 TO 03,90.0,Model A,2004,78 years 08 months,528000.0
2024-09-01,SEMBAWANG,4 ROOM,404,ADMIRALTY LINK,01 TO 03,91.0,Model A,2001,75 years 07 months,500000.0
2024-09-01,SEMBAWANG,4 ROOM,117A,CANBERRA CRES,10 TO 12,92.0,Model A,2020,94 years 09 months,760008.0
2024-09-01,SEMBAWANG,4 ROOM,120C,CANBERRA CRES,04 TO 06,93.0,Model A,2018,92 years 06 months,634000.0
2024-09-01,SEMBAWANG,4 ROOM,131B,CANBERRA CRES,04 TO 06,92.0,Model A,2020,95 years 01 month,753000.0
2024-09-01,SEMBAWANG,4 ROOM,131B,CANBERRA CRES,04 TO 06,92.0,Model A,2020,95 years 01 month,760000.0
2024-09-01,SEMBAWANG,4 ROOM,131B,CANBERRA CRES,04 TO 06,92.0,Model A,2020,95 years 01 month,750000.0
2024-09-01,SEMBAWANG,4 ROOM,117A,CANBERRA CRES,07 TO 09,92.0,Model A,2020,94 years 09 months,756000.0
2024-09-01,SEMBAWANG,4 ROOM,129C,CANBERRA ST,01 TO 03,93.0,Model A,2018,93 years 02 months,615000.0
2024-09-01,SEMBAWANG,4 ROOM,129B,CANBERRA ST,04 TO 06,93.0,Model A,2018,93 years 02 months,652888.0
2024-09-01,SEMBAWANG,4 ROOM,107C,CANBERRA ST,07 TO 09,93.0,Model A,2018,92 years 11 months,630000.0
2024-09-01,SEMBAWANG,4 ROOM,107A,CANBERRA ST,04 TO 06,93.0,Model A,2018,92 years 11 months,615000.0
2024-09-01,SEMBAWANG,4 ROOM,107A,CANBERRA ST,10 TO 12,93.0,Model A,2018,92 years 11 months,638888.0
2024-09-01,SEMBAWANG,4 ROOM,107A,CANBERRA ST,10 TO 12,93.0,Model A,2018,92 years 11 months,630000.0
2024-09-01,SEMBAWANG,4 ROOM,115B,CANBERRA WALK,04 TO 06,93.0,Model A,2018,92 years 11 months,663000.0
2024-09-01,SEMBAWANG,4 ROOM,115B,CANBERRA WALK,07 TO 09,93.0,Model A,2018,92 years 11 months,640000.0
2024-09-01,SEMBAWANG,4 ROOM,589B,MONTREAL DR,01 TO 03,86.0,Model A2,2002,77 years 04 months,505000.0
2024-09-01,SEMBAWANG,4 ROOM,589C,MONTREAL DR,01 TO 03,90.0,Model A,2002,77 years 04 months,535000.0
2024-09-01,SEMBAWANG,4 ROOM,592A,MONTREAL LINK,16 TO 18,93.0,Model A,2015,89 years 08 months,600000.0
2024-09-01,SEMBAWANG,4 ROOM,593A,MONTREAL LINK,16 TO 18,93.0,Model A,2015,89 years 08 months,600000.0
2024-09-01,SEMBAWANG,4 ROOM,329,SEMBAWANG CL,13 TO 15,101.0,Model A,1999,73 years 11 months,561500.0
2024-09-01,SEMBAWANG,4 ROOM,330,SEMBAWANG CL,16 TO 18,101.0,Model A,1999,73 years 11 months,570388.0
2024-09-01,SEMBAWANG,4 ROOM,341B,SEMBAWANG CL,01 TO 03,95.0,Premium Apartment,2001,75 years 10 months,540000.0
2024-09-01,SEMBAWANG,4 ROOM,362C,SEMBAWANG CRES,04 TO 06,93.0,Model A,2019,93 years 09 months,585000.0
2024-09-01,SEMBAWANG,4 ROOM,366A,SEMBAWANG CRES,13 TO 15,93.0,Model A,2019,93 years 08 months,635000.0
2024-09-01,SEMBAWANG,4 ROOM,363B,SEMBAWANG CRES,13 TO 15,93.0,Model A,2019,93 years 08 months,650000.0
2024-09-01,SEMBAWANG,4 ROOM,463C,SEMBAWANG DR,01 TO 03,92.0,Model A,2015,89 years 09 months,534000.0
2024-09-01,SEMBAWANG,4 ROOM,479,SEMBAWANG DR,01 TO 03,87.0,Model A2,2000,74 years 11 months,465000.0
2024-09-01,SEMBAWANG,4 ROOM,466A,SEMBAWANG DR,13 TO 15,90.0,Premium Apartment,2006,80 years 06 months,545000.0
2024-09-01,SEMBAWANG,4 ROOM,466C,SEMBAWANG DR,04 TO 06,91.0,Premium Apartment,2006,80 years 06 months,525000.0
2024-09-01,SEMBAWANG,4 ROOM,463C,SEMBAWANG DR,04 TO 06,92.0,Model A,2015,89 years 09 months,542000.0
2024-09-01,SEMBAWANG,4 ROOM,463C,SEMBAWANG DR,10 TO 12,92.0,Model A,2015,89 years 09 months,580000.0
2024-09-01,SEMBAWANG,5 ROOM,354A,ADMIRALTY DR,13 TO 15,113.0,Improved,2002,76 years 05 months,652888.0
2024-09-01,SEMBAWANG,5 ROOM,120B,CANBERRA CRES,01 TO 03,113.0,Improved,2018,92 years 06 months,680000.0
2024-09-01,SEMBAWANG,5 ROOM,120D,CANBERRA CRES,10 TO 12,113.0,Improved,2018,92 years 06 months,790000.0
2024-09-01,SEMBAWANG,5 ROOM,120C,CANBERRA CRES,04 TO 06,113.0,Improved,2018,92 years 06 months,735000.0
2024-09-01,SEMBAWANG,5 ROOM,350A,CANBERRA RD,04 TO 06,110.0,Improved,2001,76 years 01 month,635000.0
2024-09-01,SEMBAWANG,5 ROOM,422,CANBERRA RD,10 TO 12,110.0,Improved,2001,75 years 07 months,588000.0
2024-09-01,SEMBAWANG,5 ROOM,121D,CANBERRA ST,07 TO 09,113.0,Improved,2018,92 years 05 months,752000.0
2024-09-01,SEMBAWANG,5 ROOM,108B,CANBERRA WALK,07 TO 09,113.0,Improved,2018,92 years 09 months,740000.0
2024-09-01,SEMBAWANG,5 ROOM,108A,CANBERRA WALK,07 TO 09,113.0,Improved,2018,92 years 09 months,768888.0
2024-09-01,SEMBAWANG,5 ROOM,504D,MONTREAL DR,01 TO 03,110.0,Improved,2001,75 years 11 months,530000.0
2024-09-01,SEMBAWANG,5 ROOM,504D,MONTREAL DR,04 TO 06,110.0,Improved,2001,75 years 10 months,595000.0
2024-09-01,SEMBAWANG,5 ROOM,339A,SEMBAWANG CL,10 TO 12,110.0,Premium Apartment,2001,75 years 10 months,646000.0
2024-09-01,SEMBAWANG,5 ROOM,341A,SEMBAWANG CL,07 TO 09,111.0,Premium Apartment,2001,75 years 10 months,648000.0
2024-09-01,SEMBAWANG,5 ROOM,325,SEMBAWANG CRES,04 TO 06,123.0,Improved,1999,73 years 10 months,625000.0
2024-09-01,SEMBAWANG,5 ROOM,481,SEMBAWANG DR,01 TO 03,110.0,Improved,2000,75 years,538000.0
2024-09-01,SEMBAWANG,5 ROOM,413,SEMBAWANG DR,04 TO 06,110.0,Improved,2001,75 years 07 months,600000.0
2024-09-01,SEMBAWANG,EXECUTIVE,468D,ADMIRALTY DR,07 TO 09,137.0,Premium Apartment,2001,75 years 09 months,685000.0
2024-09-01,SEMBAWANG,EXECUTIVE,468C,ADMIRALTY DR,07 TO 09,137.0,Premium Apartment,2001,75 years 08 months,705000.0
2024-09-01,SEMBAWANG,EXECUTIVE,588B,MONTREAL DR,10 TO 12,125.0,Apartment,2002,77 years 03 months,830000.0
2024-09-01,SEMBAWANG,EXECUTIVE,408,SEMBAWANG DR,07 TO 09,130.0,Apartment,2001,75 years 07 months,765000.0
2024-09-01,SENGKANG,2 ROOM,302B,ANCHORVALE LINK,04 TO 06,45.0,Model A,2007,81 years 11 months,340000.0
2024-09-01,SENGKANG,2 ROOM,447A,JLN KAYU,07 TO 09,47.0,Model A,2013,88 years 03 months,360000.0
2024-09-01,SENGKANG,2 ROOM,180D,RIVERVALE CRES,01 TO 03,47.0,Model A,2015,89 years 07 months,325000.0
2024-09-01,SENGKANG,2 ROOM,455A,SENGKANG WEST AVE,13 TO 15,48.0,2-room,2020,95 years 01 month,403000.0
2024-09-01,SENGKANG,2 ROOM,455A,SENGKANG WEST AVE,07 TO 09,38.0,2-room,2020,95 years 01 month,366000.0
2024-09-01,SENGKANG,2 ROOM,455B,SENGKANG WEST AVE,01 TO 03,48.0,2-room,2020,95 years 01 month,400000.0
2024-09-01,SENGKANG,2 ROOM,450C,SENGKANG WEST WAY,01 TO 03,46.0,Model A,2014,88 years 11 months,340000.0
2024-09-01,SENGKANG,3 ROOM,329A,ANCHORVALE ST,13 TO 15,67.0,Model A,2015,90 years,550000.0
2024-09-01,SENGKANG,3 ROOM,470B,FERNVALE LINK,25 TO 27,68.0,Model A,2016,91 years 01 month,568888.0
2024-09-01,SENGKANG,3 ROOM,436A,FERNVALE RD,10 TO 12,69.0,Model A,2010,84 years 07 months,526000.0
2024-09-01,SENGKANG,3 ROOM,473A,FERNVALE ST,19 TO 21,68.0,Model A,2016,91 years 02 months,515000.0
2024-09-01,SENGKANG,3 ROOM,471C,FERNVALE ST,01 TO 03,68.0,Model A,2016,91 years 01 month,475000.0
2024-09-01,SENGKANG,3 ROOM,473A,FERNVALE ST,13 TO 15,68.0,Model A,2016,91 years 01 month,540000.0
2024-09-01,SENGKANG,3 ROOM,471C,FERNVALE ST,01 TO 03,68.0,Model A,2016,91 years 01 month,475000.0
2024-09-01,SENGKANG,4 ROOM,338C,ANCHORVALE CRES,07 TO 09,93.0,Model A,2018,92 years 10 months,600000.0
2024-09-01,SENGKANG,4 ROOM,311B,ANCHORVALE LANE,16 TO 18,90.0,Premium Apartment,2002,77 years 01 month,561888.0
2024-09-01,SENGKANG,4 ROOM,332A,ANCHORVALE LINK,13 TO 15,92.0,Model A,2015,89 years 10 months,680000.0
2024-09-01,SENGKANG,4 ROOM,332B,ANCHORVALE LINK,01 TO 03,92.0,Model A,2015,89 years 10 months,575000.0
2024-09-01,SENGKANG,4 ROOM,351D,ANCHORVALE RD,16 TO 18,92.0,Model A,2019,93 years 09 months,690000.0
2024-09-01,SENGKANG,4 ROOM,327C,ANCHORVALE RD,10 TO 12,92.0,Premium Apartment,2015,89 years 09 months,670000.0
2024-09-01,SENGKANG,4 ROOM,317C,ANCHORVALE RD,01 TO 03,92.0,Premium Apartment,2003,77 years 07 months,545000.0
2024-09-01,SENGKANG,4 ROOM,326A,ANCHORVALE RD,13 TO 15,92.0,Premium Apartment,2015,89 years 08 months,650888.0
2024-09-01,SENGKANG,4 ROOM,351D,ANCHORVALE RD,13 TO 15,92.0,Model A,2019,93 years 09 months,658000.0
2024-09-01,SENGKANG,4 ROOM,309A,ANCHORVALE RD,01 TO 03,89.0,Premium Apartment,2002,77 years 01 month,535000.0
2024-09-01,SENGKANG,4 ROOM,331B,ANCHORVALE ST,10 TO 12,92.0,Model A,2015,90 years,666666.0
2024-09-01,SENGKANG,4 ROOM,278A,COMPASSVALE BOW,01 TO 03,92.0,Model A,2017,92 years 03 months,678888.0
2024-09-01,SENGKANG,4 ROOM,264B,COMPASSVALE BOW,07 TO 09,92.0,Premium Apartment,2007,82 years,705000.0
2024-09-01,SENGKANG,4 ROOM,265E,COMPASSVALE BOW,16 TO 18,92.0,Premium Apartment,2007,82 years,655000.0
2024-09-01,SENGKANG,4 ROOM,278C,COMPASSVALE BOW,04 TO 06,92.0,Model A,2017,92 years 03 months,775000.0
2024-09-01,SENGKANG,4 ROOM,264D,COMPASSVALE BOW,04 TO 06,92.0,Premium Apartment,2008,82 years 08 months,688888.0
2024-09-01,SENGKANG,4 ROOM,264E,COMPASSVALE BOW,10 TO 12,92.0,Premium Apartment,2008,82 years 09 months,747000.0
2024-09-01,SENGKANG,4 ROOM,286A,COMPASSVALE CRES,07 TO 09,93.0,Premium Apartment,2017,92 years 03 months,638000.0
2024-09-01,SENGKANG,4 ROOM,289B,COMPASSVALE CRES,10 TO 12,93.0,Premium Apartment,2017,92 years 03 months,666000.0
2024-09-01,SENGKANG,4 ROOM,217B,COMPASSVALE DR,10 TO 12,92.0,Premium Apartment,2017,91 years 09 months,813000.0
2024-09-01,SENGKANG,4 ROOM,212C,COMPASSVALE DR,07 TO 09,95.0,Premium Apartment,2012,87 years 02 months,630888.0
2024-09-01,SENGKANG,4 ROOM,215A,COMPASSVALE DR,07 TO 09,92.0,Premium Apartment,2017,91 years 09 months,820000.0
2024-09-01,SENGKANG,4 ROOM,215A,COMPASSVALE DR,13 TO 15,92.0,Premium Apartment,2017,91 years 09 months,838888.0
2024-09-01,SENGKANG,4 ROOM,210C,COMPASSVALE LANE,13 TO 15,97.0,Model A,2013,87 years 06 months,685000.0
2024-09-01,SENGKANG,4 ROOM,211D,COMPASSVALE LANE,10 TO 12,93.0,Model A,2013,87 years 06 months,660000.0
2024-09-01,SENGKANG,4 ROOM,210C,COMPASSVALE LANE,07 TO 09,93.0,Model A,2013,87 years 06 months,645888.0
2024-09-01,SENGKANG,4 ROOM,208B,COMPASSVALE LANE,10 TO 12,92.0,Model A,2011,86 years 04 months,660000.0
2024-09-01,SENGKANG,4 ROOM,210B,COMPASSVALE LANE,16 TO 18,95.0,Model A,2013,87 years 06 months,672000.0
2024-09-01,SENGKANG,4 ROOM,265C,COMPASSVALE LINK,04 TO 06,92.0,Premium Apartment,2008,82 years 09 months,696000.0
2024-09-01,SENGKANG,4 ROOM,277C,COMPASSVALE LINK,13 TO 15,92.0,Premium Apartment,2009,83 years 10 months,818000.0
2024-09-01,SENGKANG,4 ROOM,275D,COMPASSVALE LINK,04 TO 06,90.0,Premium Apartment,2009,83 years 10 months,778000.0
2024-09-01,SENGKANG,4 ROOM,277A,COMPASSVALE LINK,07 TO 09,90.0,Premium Apartment,2009,83 years 10 months,782888.0
2024-09-01,SENGKANG,4 ROOM,265B,COMPASSVALE LINK,07 TO 09,92.0,Premium Apartment,2008,82 years 09 months,700000.0
2024-09-01,SENGKANG,4 ROOM,298B,COMPASSVALE ST,01 TO 03,94.0,Premium Apartment,2001,76 years,532000.0
2024-09-01,SENGKANG,4 ROOM,292A,COMPASSVALE ST,04 TO 06,90.0,Model A,2002,76 years 05 months,540000.0
2024-09-01,SENGKANG,4 ROOM,297A,COMPASSVALE ST,01 TO 03,94.0,Premium Apartment,2001,76 years,535000.0
2024-09-01,SENGKANG,4 ROOM,235,COMPASSVALE WALK,10 TO 12,100.0,Model A,1999,73 years 10 months,585000.0
2024-09-01,SENGKANG,4 ROOM,232,COMPASSVALE WALK,07 TO 09,101.0,Model A,1999,73 years 11 months,565000.0
2024-09-01,SENGKANG,4 ROOM,241,COMPASSVALE WALK,01 TO 03,100.0,Model A,1999,74 years 02 months,585000.0
2024-09-01,SENGKANG,4 ROOM,232,COMPASSVALE WALK,13 TO 15,101.0,Model A,1999,73 years 11 months,625888.0
2024-09-01,SENGKANG,4 ROOM,418B,FERNVALE LINK,10 TO 12,94.0,Model A,2018,92 years 11 months,655000.0
2024-09-01,SENGKANG,4 ROOM,417A,FERNVALE LINK,10 TO 12,94.0,Model A,2018,92 years 11 months,640000.0
2024-09-01,SENGKANG,4 ROOM,417A,FERNVALE LINK,13 TO 15,94.0,Model A,2018,92 years 11 months,685000.0
2024-09-01,SENGKANG,4 ROOM,470A,FERNVALE LINK,19 TO 21,93.0,Model A,2016,91 years 01 month,640888.0
2024-09-01,SENGKANG,4 ROOM,418C,FERNVALE LINK,04 TO 06,94.0,Model A,2018,92 years 11 months,630000.0
2024-09-01,SENGKANG,4 ROOM,413B,FERNVALE LINK,13 TO 15,95.0,Premium Apartment,2004,78 years 07 months,595000.0
2024-09-01,SENGKANG,4 ROOM,470C,FERNVALE LINK,16 TO 18,93.0,Model A,2016,91 years 01 month,700000.0
2024-09-01,SENGKANG,4 ROOM,453B,FERNVALE RD,04 TO 06,92.0,Model A,2015,89 years 11 months,580000.0
2024-09-01,SENGKANG,4 ROOM,435B,FERNVALE RD,13 TO 15,94.0,Premium Apartment,2013,87 years 10 months,645888.0
2024-09-01,SENGKANG,4 ROOM,410B,FERNVALE RD,04 TO 06,95.0,Premium Apartment,2012,87 years 03 months,616000.0
2024-09-01,SENGKANG,4 ROOM,453C,FERNVALE RD,16 TO 18,92.0,Model A,2015,90 years,644000.0
2024-09-01,SENGKANG,4 ROOM,443A,FERNVALE RD,07 TO 09,94.0,Model A,2012,87 years 03 months,630000.0
2024-09-01,SENGKANG,4 ROOM,434A,FERNVALE RD,13 TO 15,94.0,Premium Apartment,2013,87 years 10 months,655000.0
2024-09-01,SENGKANG,4 ROOM,441C,FERNVALE RD,10 TO 12,93.0,Model A,2012,86 years 06 months,620000.0
2024-09-01,SENGKANG,4 ROOM,435B,FERNVALE RD,19 TO 21,94.0,Premium Apartment,2013,87 years 10 months,666000.0
2024-09-01,SENGKANG,4 ROOM,441A,FERNVALE RD,22 TO 24,94.0,Model A,2012,86 years 06 months,670000.0
2024-09-01,SENGKANG,4 ROOM,406C,FERNVALE RD,19 TO 21,90.0,Premium Apartment,2004,79 years 04 months,560000.0
2024-09-01,SENGKANG,4 ROOM,410A,FERNVALE RD,10 TO 12,95.0,Premium Apartment,2012,87 years 03 months,638000.0
2024-09-01,SENGKANG,4 ROOM,408C,FERNVALE RD,25 TO 27,95.0,Premium Apartment,2005,79 years 06 months,630000.0
2024-09-01,SENGKANG,4 ROOM,445B,FERNVALE RD,07 TO 09,94.0,Model A,2012,87 years 03 months,630000.0
2024-09-01,SENGKANG,4 ROOM,434A,FERNVALE RD,16 TO 18,94.0,Premium Apartment,2013,87 years 10 months,665000.0
2024-09-01,SENGKANG,4 ROOM,435B,FERNVALE RD,16 TO 18,94.0,Premium Apartment,2013,87 years 10 months,640000.0
2024-09-01,SENGKANG,4 ROOM,471C,FERNVALE ST,16 TO 18,93.0,Model A,2016,91 years 01 month,660000.0
2024-09-01,SENGKANG,4 ROOM,446C,JLN KAYU,04 TO 06,93.0,Model A,2013,88 years 03 months,608000.0
2024-09-01,SENGKANG,4 ROOM,178C,RIVERVALE CRES,16 TO 18,93.0,Model A,2015,89 years 07 months,580000.0
2024-09-01,SENGKANG,4 ROOM,178D,RIVERVALE CRES,07 TO 09,93.0,Model A,2015,89 years 07 months,560000.0
2024-09-01,SENGKANG,4 ROOM,185B,RIVERVALE CRES,01 TO 03,88.0,Model A2,2000,75 years 04 months,520000.0
2024-09-01,SENGKANG,4 ROOM,164A,RIVERVALE CRES,04 TO 06,93.0,Model A,2017,91 years 09 months,628000.0
2024-09-01,SENGKANG,4 ROOM,156,RIVERVALE CRES,07 TO 09,91.0,Model A,2005,80 years 04 months,575000.0
2024-09-01,SENGKANG,4 ROOM,163A,RIVERVALE CRES,10 TO 12,93.0,Model A,2017,91 years 09 months,615888.0
2024-09-01,SENGKANG,4 ROOM,154,RIVERVALE CRES,10 TO 12,90.0,Model A,2005,80 years 04 months,580000.0
2024-09-01,SENGKANG,4 ROOM,159A,RIVERVALE CRES,07 TO 09,91.0,Premium Apartment,2003,78 years 02 months,570000.0
2024-09-01,SENGKANG,4 ROOM,156,RIVERVALE CRES,04 TO 06,91.0,Model A,2005,80 years 04 months,566888.0
2024-09-01,SENGKANG,4 ROOM,130,RIVERVALE ST,13 TO 15,100.0,Model A,1999,73 years 08 months,575000.0
2024-09-01,SENGKANG,4 ROOM,130,RIVERVALE ST,07 TO 09,100.0,Model A,1999,73 years 07 months,560000.0
2024-09-01,SENGKANG,4 ROOM,105,RIVERVALE WALK,04 TO 06,102.0,Model A,1999,73 years 07 months,570000.0
2024-09-01,SENGKANG,4 ROOM,272D,SENGKANG CTRL,01 TO 03,90.0,Premium Apartment,2009,84 years 04 months,708000.0
2024-09-01,SENGKANG,4 ROOM,272D,SENGKANG CTRL,04 TO 06,90.0,Premium Apartment,2009,84 years 04 months,778000.0
2024-09-01,SENGKANG,4 ROOM,282B,SENGKANG EAST AVE,01 TO 03,92.0,Premium Apartment,2015,90 years,706800.0
2024-09-01,SENGKANG,4 ROOM,282A,SENGKANG EAST AVE,07 TO 09,92.0,Premium Apartment,2015,90 years,785000.0
2024-09-01,SENGKANG,4 ROOM,324A,SENGKANG EAST WAY,13 TO 15,85.0,Model A2,2003,77 years 07 months,615000.0
2024-09-01,SENGKANG,4 ROOM,438B,SENGKANG WEST AVE,19 TO 21,94.0,Model A,2011,85 years 06 months,678888.0
2024-09-01,SENGKANG,4 ROOM,455B,SENGKANG WEST AVE,07 TO 09,93.0,Model A,2020,95 years 01 month,648000.0
2024-09-01,SENGKANG,4 ROOM,455A,SENGKANG WEST AVE,01 TO 03,93.0,Model A,2020,95 years 01 month,595000.0
2024-09-01,SENGKANG,4 ROOM,458B,SENGKANG WEST RD,01 TO 03,93.0,Model A,2020,95 years 01 month,595000.0
2024-09-01,SENGKANG,4 ROOM,451A,SENGKANG WEST WAY,16 TO 18,92.0,Model A,2015,89 years 09 months,630000.0
2024-09-01,SENGKANG,4 ROOM,448A,SENGKANG WEST WAY,13 TO 15,92.0,Model A,2014,88 years 11 months,650000.0
2024-09-01,SENGKANG,4 ROOM,448A,SENGKANG WEST WAY,19 TO 21,92.0,Model A,2014,88 years 11 months,640000.0
2024-09-01,SENGKANG,4 ROOM,433B,SENGKANG WEST WAY,04 TO 06,93.0,Model A,2014,89 years 02 months,600000.0
2024-09-01,SENGKANG,4 ROOM,450A,SENGKANG WEST WAY,07 TO 09,92.0,Model A,2014,88 years 11 months,612000.0
2024-09-01,SENGKANG,4 ROOM,451B,SENGKANG WEST WAY,07 TO 09,92.0,Model A,2015,89 years 09 months,625000.0
2024-09-01,SENGKANG,4 ROOM,451A,SENGKANG WEST WAY,22 TO 24,92.0,Model A,2015,89 years 09 months,625000.0
2024-09-01,SENGKANG,5 ROOM,335C,ANCHORVALE CRES,07 TO 09,111.0,Premium Apartment,2015,90 years 04 months,822000.0
2024-09-01,SENGKANG,5 ROOM,338B,ANCHORVALE CRES,07 TO 09,120.0,3Gen,2018,92 years 09 months,780000.0
2024-09-01,SENGKANG,5 ROOM,336C,ANCHORVALE CRES,01 TO 03,111.0,Premium Apartment,2015,90 years 04 months,680000.0
2024-09-01,SENGKANG,5 ROOM,338A,ANCHORVALE CRES,13 TO 15,113.0,Improved,2018,92 years 09 months,800000.0
2024-09-01,SENGKANG,5 ROOM,322C,ANCHORVALE DR,07 TO 09,110.0,Improved,2002,76 years 10 months,676000.0
2024-09-01,SENGKANG,5 ROOM,312A,ANCHORVALE LANE,01 TO 03,113.0,Premium Apartment,2002,77 years 04 months,555000.0
2024-09-01,SENGKANG,5 ROOM,311B,ANCHORVALE LANE,07 TO 09,111.0,Premium Apartment,2002,77 years 01 month,605000.0
2024-09-01,SENGKANG,5 ROOM,333A,ANCHORVALE LINK,07 TO 09,112.0,Improved,2015,89 years 10 months,790000.0
2024-09-01,SENGKANG,5 ROOM,302A,ANCHORVALE LINK,04 TO 06,110.0,Improved,2001,75 years 11 months,660888.0
2024-09-01,SENGKANG,5 ROOM,332B,ANCHORVALE LINK,13 TO 15,112.0,Improved,2015,89 years 10 months,788000.0
2024-09-01,SENGKANG,5 ROOM,305A,ANCHORVALE LINK,04 TO 06,110.0,Improved,2002,76 years 07 months,605000.0
2024-09-01,SENGKANG,5 ROOM,318A,ANCHORVALE LINK,04 TO 06,110.0,Premium Apartment,2003,77 years 09 months,618000.0
2024-09-01,SENGKANG,5 ROOM,332C,ANCHORVALE LINK,01 TO 03,112.0,Improved,2015,89 years 10 months,760000.0
2024-09-01,SENGKANG,5 ROOM,314C,ANCHORVALE LINK,01 TO 03,110.0,Premium Apartment,2003,77 years 09 months,600000.0
2024-09-01,SENGKANG,5 ROOM,306A,ANCHORVALE LINK,13 TO 15,110.0,Improved,2002,76 years 08 months,650000.0
2024-09-01,SENGKANG,5 ROOM,304B,ANCHORVALE LINK,07 TO 09,110.0,Improved,2001,76 years 04 months,612888.0
2024-09-01,SENGKANG,5 ROOM,333B,ANCHORVALE LINK,10 TO 12,112.0,Improved,2015,89 years 10 months,827000.0
2024-09-01,SENGKANG,5 ROOM,332A,ANCHORVALE LINK,07 TO 09,112.0,Improved,2015,89 years 10 months,828000.0
2024-09-01,SENGKANG,5 ROOM,315C,ANCHORVALE RD,07 TO 09,110.0,Premium Apartment,2003,77 years 10 months,625000.0
2024-09-01,SENGKANG,5 ROOM,309A,ANCHORVALE RD,07 TO 09,111.0,Premium Apartment,2002,77 years 01 month,610000.0
2024-09-01,SENGKANG,5 ROOM,307C,ANCHORVALE RD,04 TO 06,110.0,Improved,2001,76 years 03 months,630000.0
2024-09-01,SENGKANG,5 ROOM,308C,ANCHORVALE RD,07 TO 09,110.0,Improved,2002,76 years 06 months,630000.0
2024-09-01,SENGKANG,5 ROOM,310B,ANCHORVALE RD,16 TO 18,113.0,Premium Apartment,2003,77 years 05 months,630000.0
2024-09-01,SENGKANG,5 ROOM,309B,ANCHORVALE RD,01 TO 03,111.0,Premium Apartment,2002,77 years 01 month,600000.0
2024-09-01,SENGKANG,5 ROOM,289B,COMPASSVALE CRES,13 TO 15,113.0,Premium Apartment,2017,92 years 03 months,830000.0
2024-09-01,SENGKANG,5 ROOM,288B,COMPASSVALE CRES,04 TO 06,116.0,Premium Apartment,2017,92 years 03 months,809888.0
2024-09-01,SENGKANG,5 ROOM,296B,COMPASSVALE CRES,13 TO 15,110.0,Improved,2002,76 years 06 months,652000.0
2024-09-01,SENGKANG,5 ROOM,290C,COMPASSVALE CRES,10 TO 12,110.0,Improved,2001,76 years 04 months,687777.0
2024-09-01,SENGKANG,5 ROOM,295C,COMPASSVALE CRES,13 TO 15,110.0,Improved,2002,76 years 07 months,680000.0
2024-09-01,SENGKANG,5 ROOM,293B,COMPASSVALE CRES,10 TO 12,113.0,Improved,2016,91 years 03 months,800888.0
2024-09-01,SENGKANG,5 ROOM,287C,COMPASSVALE CRES,01 TO 03,113.0,Premium Apartment,2017,92 years 03 months,720000.0
2024-09-01,SENGKANG,5 ROOM,288A,COMPASSVALE CRES,13 TO 15,113.0,Premium Apartment,2017,92 years 03 months,811000.0
2024-09-01,SENGKANG,5 ROOM,287C,COMPASSVALE CRES,04 TO 06,113.0,Premium Apartment,2017,92 years 03 months,770080.0
2024-09-01,SENGKANG,5 ROOM,216B,COMPASSVALE DR,07 TO 09,112.0,Premium Apartment,2017,91 years 09 months,963888.0
2024-09-01,SENGKANG,5 ROOM,201C,COMPASSVALE DR,10 TO 12,110.0,Improved,2001,75 years 11 months,728000.0
2024-09-01,SENGKANG,5 ROOM,268D,COMPASSVALE LINK,07 TO 09,110.0,Premium Apartment,2006,80 years 06 months,725000.0
2024-09-01,SENGKANG,5 ROOM,268A,COMPASSVALE LINK,07 TO 09,110.0,Premium Apartment,2006,80 years 06 months,780000.0
2024-09-01,SENGKANG,5 ROOM,254,COMPASSVALE RD,01 TO 03,115.0,Improved,2000,75 years,595000.0
2024-09-01,SENGKANG,5 ROOM,258B,COMPASSVALE RD,13 TO 15,110.0,Improved,2001,75 years 05 months,686000.0
2024-09-01,SENGKANG,5 ROOM,255,COMPASSVALE RD,04 TO 06,116.0,Improved,2000,75 years,655000.0
2024-09-01,SENGKANG,5 ROOM,258C,COMPASSVALE RD,10 TO 12,110.0,Improved,2001,75 years 05 months,700000.0
2024-09-01,SENGKANG,5 ROOM,298A,COMPASSVALE ST,01 TO 03,114.0,Premium Apartment,2001,76 years,615888.0
2024-09-01,SENGKANG,5 ROOM,404B,FERNVALE LANE,04 TO 06,114.0,Premium Apartment,2004,78 years 09 months,625000.0
2024-09-01,SENGKANG,5 ROOM,403B,FERNVALE LANE,22 TO 24,112.0,Premium Apartment,2004,78 years 07 months,685000.0
2024-09-01,SENGKANG,5 ROOM,405B,FERNVALE LANE,13 TO 15,112.0,Premium Apartment,2004,78 years 06 months,680000.0
2024-09-01,SENGKANG,5 ROOM,416A,FERNVALE LINK,13 TO 15,113.0,Improved,2016,90 years 05 months,780000.0
2024-09-01,SENGKANG,5 ROOM,440A,FERNVALE LINK,13 TO 15,113.0,Improved,2015,89 years 11 months,770000.0
2024-09-01,SENGKANG,5 ROOM,415A,FERNVALE LINK,13 TO 15,113.0,Improved,2016,90 years 05 months,750000.0
2024-09-01,SENGKANG,5 ROOM,412A,FERNVALE LINK,10 TO 12,114.0,Premium Apartment,2004,78 years 07 months,688000.0
2024-09-01,SENGKANG,5 ROOM,413A,FERNVALE LINK,04 TO 06,114.0,Premium Apartment,2004,78 years 07 months,650000.0
2024-09-01,SENGKANG,5 ROOM,434B,FERNVALE RD,19 TO 21,113.0,Premium Apartment,2013,87 years 10 months,790000.0
2024-09-01,SENGKANG,5 ROOM,472C,FERNVALE ST,13 TO 15,113.0,Improved,2016,91 years 01 month,765000.0
2024-09-01,SENGKANG,5 ROOM,157A,RIVERVALE CRES,07 TO 09,112.0,Premium Apartment,2003,78 years 02 months,630000.0
2024-09-01,SENGKANG,5 ROOM,148,RIVERVALE CRES,01 TO 03,122.0,Improved,1999,74 years,637000.0
2024-09-01,SENGKANG,5 ROOM,187B,RIVERVALE DR,10 TO 12,110.0,Improved,2000,75 years 04 months,622000.0
2024-09-01,SENGKANG,5 ROOM,188B,RIVERVALE DR,07 TO 09,115.0,Improved,2000,75 years,605000.0
2024-09-01,SENGKANG,5 ROOM,146,RIVERVALE DR,10 TO 12,122.0,Improved,1999,74 years 02 months,658888.0
2024-09-01,SENGKANG,5 ROOM,144,RIVERVALE DR,10 TO 12,116.0,Improved,1999,74 years 04 months,625000.0
2024-09-01,SENGKANG,5 ROOM,130,RIVERVALE ST,13 TO 15,119.0,Improved,1999,73 years 07 months,648000.0
2024-09-01,SENGKANG,5 ROOM,134,RIVERVALE ST,07 TO 09,122.0,Improved,1999,73 years 05 months,700000.0
2024-09-01,SENGKANG,5 ROOM,282B,SENGKANG EAST AVE,07 TO 09,112.0,Premium Apartment,2015,90 years,960000.0
2024-09-01,SENGKANG,5 ROOM,260A,SENGKANG EAST WAY,01 TO 03,110.0,Improved,2001,75 years 05 months,652000.0
2024-09-01,SENGKANG,5 ROOM,121C,SENGKANG EAST WAY,07 TO 09,110.0,Improved,2000,75 years 01 month,620000.0
2024-09-01,SENGKANG,5 ROOM,121D,SENGKANG EAST WAY,07 TO 09,110.0,Improved,2000,75 years 01 month,620000.0
2024-09-01,SENGKANG,5 ROOM,452B,SENGKANG WEST WAY,13 TO 15,111.0,Improved,2015,89 years 09 months,715000.0
2024-09-01,SENGKANG,5 ROOM,469B,SENGKANG WEST WAY,25 TO 27,113.0,Improved,2016,91 years,778888.0
2024-09-01,SENGKANG,EXECUTIVE,312A,ANCHORVALE LANE,04 TO 06,130.0,Premium Apartment,2002,77 years 05 months,660000.0
2024-09-01,SENGKANG,EXECUTIVE,312B,ANCHORVALE LANE,07 TO 09,130.0,Premium Apartment,2002,77 years 04 months,692000.0
2024-09-01,SENGKANG,EXECUTIVE,302D,ANCHORVALE LINK,13 TO 15,130.0,Apartment,2001,76 years 03 months,840000.0
2024-09-01,SENGKANG,EXECUTIVE,316C,ANCHORVALE LINK,13 TO 15,125.0,Premium Apartment,2003,77 years 09 months,845000.0
2024-09-01,SENGKANG,EXECUTIVE,315C,ANCHORVALE RD,10 TO 12,125.0,Premium Apartment,2003,77 years 10 months,802000.0
2024-09-01,SENGKANG,EXECUTIVE,203D,COMPASSVALE RD,04 TO 06,130.0,Apartment,2001,75 years 05 months,765000.0
2024-09-01,SENGKANG,EXECUTIVE,203D,COMPASSVALE RD,13 TO 15,130.0,Apartment,2001,75 years 05 months,820000.0
2024-09-01,SENGKANG,EXECUTIVE,225C,COMPASSVALE WALK,04 TO 06,135.0,Apartment,1999,74 years 05 months,800000.0
2024-09-01,SENGKANG,EXECUTIVE,189B,RIVERVALE DR,10 TO 12,131.0,Apartment,2000,74 years 11 months,758000.0
2024-09-01,SENGKANG,EXECUTIVE,189B,RIVERVALE DR,16 TO 18,131.0,Apartment,2000,74 years 11 months,780888.0
2024-09-01,SENGKANG,EXECUTIVE,189B,RIVERVALE DR,10 TO 12,131.0,Apartment,2000,74 years 11 months,765000.0
2024-09-01,SENGKANG,EXECUTIVE,135,RIVERVALE ST,13 TO 15,144.0,Apartment,1998,73 years 04 months,910000.0
2024-09-01,SENGKANG,EXECUTIVE,135,RIVERVALE ST,10 TO 12,140.0,Apartment,1998,73 years 04 months,818000.0
2024-09-01,SENGKANG,EXECUTIVE,103,RIVERVALE WALK,07 TO 09,141.0,Apartment,1999,73 years 07 months,880000.0
2024-09-01,SERANGOON,3 ROOM,245,SERANGOON AVE 2,10 TO 12,64.0,Simplified,1985,60 years 03 months,485000.0
2024-09-01,SERANGOON,3 ROOM,326,SERANGOON AVE 3,04 TO 06,64.0,Simplified,1985,60 years 04 months,450000.0
2024-09-01,SERANGOON,3 ROOM,219,SERANGOON AVE 4,07 TO 09,67.0,New Generation,1984,59 years 04 months,445000.0
2024-09-01,SERANGOON,3 ROOM,217,SERANGOON AVE 4,07 TO 09,67.0,New Generation,1984,59 years 02 months,492888.0
2024-09-01,SERANGOON,3 ROOM,225,SERANGOON AVE 4,10 TO 12,67.0,New Generation,1985,59 years 07 months,475000.0
2024-09-01,SERANGOON,3 ROOM,219,SERANGOON AVE 4,10 TO 12,67.0,New Generation,1984,59 years 04 months,478000.0
2024-09-01,SERANGOON,3 ROOM,217,SERANGOON AVE 4,10 TO 12,67.0,New Generation,1984,59 years 02 months,448000.0
2024-09-01,SERANGOON,3 ROOM,217,SERANGOON AVE 4,07 TO 09,67.0,New Generation,1984,59 years 02 months,452000.0
2024-09-01,SERANGOON,3 ROOM,253,SERANGOON CTRL DR,01 TO 03,64.0,Simplified,1988,62 years 11 months,482888.0
2024-09-01,SERANGOON,3 ROOM,147,SERANGOON NTH AVE 1,10 TO 12,64.0,Simplified,1988,63 years,420000.0
2024-09-01,SERANGOON,3 ROOM,115,SERANGOON NTH AVE 1,01 TO 03,72.0,New Generation,1985,59 years 07 months,420000.0
2024-09-01,SERANGOON,3 ROOM,107,SERANGOON NTH AVE 1,04 TO 06,70.0,Improved,1984,59 years 01 month,430000.0
2024-09-01,SERANGOON,4 ROOM,402,SERANGOON AVE 1,10 TO 12,113.0,Model A,1989,63 years 06 months,780000.0
2024-09-01,SERANGOON,4 ROOM,308,SERANGOON AVE 2,07 TO 09,96.0,New Generation,1985,59 years 09 months,685000.0
2024-09-01,SERANGOON,4 ROOM,238,SERANGOON AVE 2,07 TO 09,84.0,Simplified,1985,59 years 10 months,610000.0
2024-09-01,SERANGOON,4 ROOM,328,SERANGOON AVE 3,04 TO 06,84.0,Simplified,1986,60 years 09 months,638888.0
2024-09-01,SERANGOON,4 ROOM,236,SERANGOON AVE 3,10 TO 12,105.0,Model A,1985,59 years 10 months,741000.0
2024-09-01,SERANGOON,4 ROOM,211,SERANGOON AVE 4,07 TO 09,94.0,New Generation,1985,60 years 01 month,620000.0
2024-09-01,SERANGOON,4 ROOM,118,SERANGOON NTH AVE 1,13 TO 15,93.0,New Generation,1986,60 years 05 months,560000.0
2024-09-01,SERANGOON,4 ROOM,144,SERANGOON NTH AVE 1,01 TO 03,103.0,Model A,1987,61 years 11 months,615000.0
2024-09-01,SERANGOON,4 ROOM,126,SERANGOON NTH AVE 1,07 TO 09,91.0,New Generation,1985,59 years 10 months,530000.0
2024-09-01,SERANGOON,4 ROOM,109,SERANGOON NTH AVE 1,04 TO 06,91.0,New Generation,1985,59 years 09 months,567000.0
2024-09-01,SERANGOON,4 ROOM,545,SERANGOON NTH AVE 3,01 TO 03,101.0,Model A,1997,72 years 01 month,550000.0
2024-09-01,SERANGOON,5 ROOM,405,SERANGOON AVE 1,07 TO 09,121.0,Improved,1989,63 years 06 months,975000.0
2024-09-01,SERANGOON,5 ROOM,334,SERANGOON AVE 3,07 TO 09,121.0,Improved,1987,61 years 09 months,790000.0
2024-09-01,SERANGOON,5 ROOM,331,SERANGOON AVE 3,04 TO 06,121.0,Improved,1986,60 years 10 months,884000.0
2024-09-01,SERANGOON,5 ROOM,212,SERANGOON AVE 4,04 TO 06,121.0,Improved,1985,59 years 11 months,725000.0
2024-09-01,SERANGOON,5 ROOM,420,SERANGOON CTRL,10 TO 12,123.0,Improved,1989,64 years 03 months,1030000.0
2024-09-01,SERANGOON,5 ROOM,258,SERANGOON CTRL DR,07 TO 09,115.0,Improved,1999,73 years 09 months,961000.0
2024-09-01,SERANGOON,5 ROOM,145,SERANGOON NTH AVE 1,04 TO 06,122.0,Improved,1986,61 years 01 month,700000.0
2024-09-01,SERANGOON,5 ROOM,548,SERANGOON NTH AVE 3,10 TO 12,120.0,Improved,1998,72 years 05 months,800000.0
2024-09-01,SERANGOON,EXECUTIVE,317,SERANGOON AVE 2,01 TO 03,145.0,Apartment,1985,59 years 10 months,1088888.0
2024-09-01,SERANGOON,EXECUTIVE,424,SERANGOON CTRL,10 TO 12,149.0,Maisonette,1989,63 years 08 months,1100000.0
2024-09-01,SERANGOON,EXECUTIVE,125,SERANGOON NTH AVE 1,01 TO 03,150.0,Maisonette,1986,60 years 06 months,895000.0
2024-09-01,SERANGOON,EXECUTIVE,125,SERANGOON NTH AVE 1,07 TO 09,150.0,Maisonette,1986,60 years 06 months,925000.0
2024-09-01,SERANGOON,EXECUTIVE,125,SERANGOON NTH AVE 1,10 TO 12,148.0,Maisonette,1986,60 years 06 months,900000.0
2024-09-01,SERANGOON,EXECUTIVE,542,SERANGOON NTH AVE 4,04 TO 06,149.0,Maisonette,1992,67 years 03 months,950000.0
2024-09-01,SERANGOON,EXECUTIVE,520,SERANGOON NTH AVE 4,01 TO 03,147.0,Maisonette,1992,67 years 02 months,880000.0
2024-09-01,TAMPINES,2 ROOM,499B,TAMPINES AVE 9,01 TO 03,46.0,Model A,2014,88 years 07 months,350000.0
2024-09-01,TAMPINES,2 ROOM,523B,TAMPINES CTRL 7,10 TO 12,47.0,Model A,2015,90 years,395000.0
2024-09-01,TAMPINES,2 ROOM,299A,TAMPINES ST 22,10 TO 12,45.0,Model A,2012,86 years 07 months,373000.0
2024-09-01,TAMPINES,3 ROOM,890A,TAMPINES AVE 1,04 TO 06,69.0,Model A,2015,90 years 01 month,590000.0
2024-09-01,TAMPINES,3 ROOM,806,TAMPINES AVE 4,10 TO 12,73.0,Model A,1984,58 years 07 months,483000.0
2024-09-01,TAMPINES,3 ROOM,879A,TAMPINES AVE 8,10 TO 12,68.0,Model A,2017,91 years 10 months,570000.0
2024-09-01,TAMPINES,3 ROOM,868C,TAMPINES AVE 8,13 TO 15,67.0,Model A,2015,89 years 10 months,558000.0
2024-09-01,TAMPINES,3 ROOM,604A,TAMPINES AVE 9,07 TO 09,68.0,Model A,2020,94 years 06 months,608888.0
2024-09-01,TAMPINES,3 ROOM,519C,TAMPINES CTRL 8,04 TO 06,62.0,DBSS,2014,88 years 10 months,628000.0
2024-09-01,TAMPINES,3 ROOM,157,TAMPINES ST 12,04 TO 06,68.0,New Generation,1985,59 years 05 months,500088.0
2024-09-01,TAMPINES,3 ROOM,161,TAMPINES ST 12,04 TO 06,74.0,Model A,1984,59 years 01 month,480000.0
2024-09-01,TAMPINES,3 ROOM,252,TAMPINES ST 21,01 TO 03,67.0,New Generation,1985,59 years 07 months,450000.0
2024-09-01,TAMPINES,3 ROOM,201B,TAMPINES ST 21,04 TO 06,82.0,New Generation,1987,62 years 03 months,485000.0
2024-09-01,TAMPINES,3 ROOM,262,TAMPINES ST 21,07 TO 09,74.0,Model A,1984,59 years 04 months,470000.0
2024-09-01,TAMPINES,3 ROOM,271,TAMPINES ST 21,04 TO 06,75.0,Model A,1984,59 years 02 months,438000.0
2024-09-01,TAMPINES,3 ROOM,231,TAMPINES ST 21,01 TO 03,67.0,New Generation,1985,59 years 05 months,425000.0
2024-09-01,TAMPINES,3 ROOM,253,TAMPINES ST 21,07 TO 09,74.0,Model A,1984,58 years 11 months,500000.0
2024-09-01,TAMPINES,3 ROOM,296,TAMPINES ST 22,07 TO 09,67.0,New Generation,1985,59 years 11 months,442000.0
2024-09-01,TAMPINES,3 ROOM,291,TAMPINES ST 22,07 TO 09,73.0,Model A,1984,58 years 11 months,470000.0
2024-09-01,TAMPINES,3 ROOM,201E,TAMPINES ST 23,01 TO 03,68.0,New Generation,1987,62 years 03 months,430000.0
2024-09-01,TAMPINES,3 ROOM,227,TAMPINES ST 23,01 TO 03,67.0,New Generation,1986,60 years 08 months,428000.0
2024-09-01,TAMPINES,3 ROOM,211,TAMPINES ST 23,01 TO 03,67.0,New Generation,1985,59 years 10 months,450000.0
2024-09-01,TAMPINES,3 ROOM,219,TAMPINES ST 24,01 TO 03,73.0,Model A,1985,59 years 07 months,460000.0
2024-09-01,TAMPINES,3 ROOM,410,TAMPINES ST 41,07 TO 09,60.0,Improved,1985,60 years 01 month,412000.0
2024-09-01,TAMPINES,3 ROOM,419,TAMPINES ST 41,04 TO 06,64.0,Simplified,1985,60 years 04 months,428000.0
2024-09-01,TAMPINES,3 ROOM,405,TAMPINES ST 41,10 TO 12,69.0,Improved,1985,60 years 02 months,460000.0
2024-09-01,TAMPINES,3 ROOM,415,TAMPINES ST 41,04 TO 06,64.0,Simplified,1987,61 years 05 months,420000.0
2024-09-01,TAMPINES,3 ROOM,407,TAMPINES ST 41,01 TO 03,69.0,Improved,1985,60 years 02 months,425000.0
2024-09-01,TAMPINES,3 ROOM,894A,TAMPINES ST 81,10 TO 12,74.0,Model A,1988,63 years 02 months,486000.0
2024-09-01,TAMPINES,3 ROOM,828,TAMPINES ST 81,04 TO 06,83.0,New Generation,1987,62 years 03 months,515000.0
2024-09-01,TAMPINES,3 ROOM,819,TAMPINES ST 81,01 TO 03,68.0,New Generation,1984,59 years 04 months,465000.0
2024-09-01,TAMPINES,3 ROOM,850,TAMPINES ST 82,01 TO 03,64.0,Simplified,1986,61 years 04 months,441000.0
2024-09-01,TAMPINES,4 ROOM,168C,SIMEI LANE,10 TO 12,94.0,DBSS,2011,85 years 07 months,800000.0
2024-09-01,TAMPINES,4 ROOM,124,SIMEI ST 1,07 TO 09,84.0,Simplified,1988,62 years 06 months,545000.0
2024-09-01,TAMPINES,4 ROOM,154,SIMEI ST 1,04 TO 06,103.0,Model A,1988,62 years 07 months,635000.0
2024-09-01,TAMPINES,4 ROOM,256,SIMEI ST 1,04 TO 06,101.0,Model A,1996,71 years 03 months,660000.0
2024-09-01,TAMPINES,4 ROOM,116,SIMEI ST 1,04 TO 06,104.0,Model A,1988,63 years 03 months,658000.0
2024-09-01,TAMPINES,4 ROOM,116,SIMEI ST 1,04 TO 06,104.0,Model A,1988,63 years 03 months,650000.0
2024-09-01,TAMPINES,4 ROOM,234,SIMEI ST 4,04 TO 06,104.0,Model A,1988,62 years 11 months,685000.0
2024-09-01,TAMPINES,4 ROOM,243,SIMEI ST 5,07 TO 09,105.0,Model A,1997,71 years 07 months,738000.0
2024-09-01,TAMPINES,4 ROOM,243,SIMEI ST 5,04 TO 06,105.0,Model A,1997,71 years 07 months,695000.0
2024-09-01,TAMPINES,4 ROOM,890B,TAMPINES AVE 1,10 TO 12,93.0,Model A,2015,90 years 01 month,800000.0
2024-09-01,TAMPINES,4 ROOM,390,TAMPINES AVE 7,10 TO 12,105.0,Model A,1994,68 years 07 months,650000.0
2024-09-01,TAMPINES,4 ROOM,879B,TAMPINES AVE 8,10 TO 12,93.0,Model A,2017,91 years 10 months,740000.0
2024-09-01,TAMPINES,4 ROOM,891,TAMPINES AVE 8,10 TO 12,100.0,Model A,1997,71 years 09 months,668000.0
2024-09-01,TAMPINES,4 ROOM,604B,TAMPINES AVE 9,10 TO 12,92.0,Model A,2020,94 years 06 months,738888.0
2024-09-01,TAMPINES,4 ROOM,601C,TAMPINES AVE 9,13 TO 15,92.0,Model A,2020,94 years 06 months,786000.0
2024-09-01,TAMPINES,4 ROOM,505,TAMPINES CTRL 1,04 TO 06,111.0,Model A,1989,64 years,785000.0
2024-09-01,TAMPINES,4 ROOM,519A,TAMPINES CTRL 8,04 TO 06,83.0,DBSS,2014,88 years 10 months,840000.0
2024-09-01,TAMPINES,4 ROOM,519A,TAMPINES CTRL 8,01 TO 03,84.0,DBSS,2014,88 years 10 months,765000.0
2024-09-01,TAMPINES,4 ROOM,520A,TAMPINES CTRL 8,04 TO 06,84.0,DBSS,2014,88 years 10 months,780000.0
2024-09-01,TAMPINES,4 ROOM,109,TAMPINES ST 11,04 TO 06,119.0,Model A,1984,59 years 01 month,613000.0
2024-09-01,TAMPINES,4 ROOM,140,TAMPINES ST 12,07 TO 09,91.0,New Generation,1984,59 years 04 months,565000.0
2024-09-01,TAMPINES,4 ROOM,263,TAMPINES ST 21,07 TO 09,105.0,Model A,1984,59 years 01 month,623000.0
2024-09-01,TAMPINES,4 ROOM,233,TAMPINES ST 21,10 TO 12,98.0,New Generation,1985,59 years 09 months,626000.0
2024-09-01,TAMPINES,4 ROOM,208,TAMPINES ST 21,07 TO 09,104.0,Model A,1982,57 years 02 months,630000.0
2024-09-01,TAMPINES,4 ROOM,231,TAMPINES ST 21,04 TO 06,91.0,New Generation,1985,59 years 05 months,578000.0
2024-09-01,TAMPINES,4 ROOM,285,TAMPINES ST 22,01 TO 03,103.0,Model A,1984,59 years,525000.0
2024-09-01,TAMPINES,4 ROOM,274,TAMPINES ST 22,01 TO 03,105.0,Model A,1984,58 years 11 months,560000.0
2024-09-01,TAMPINES,4 ROOM,276,TAMPINES ST 22,07 TO 09,105.0,Model A,1984,59 years 04 months,550000.0
2024-09-01,TAMPINES,4 ROOM,281,TAMPINES ST 22,04 TO 06,103.0,Model A,1984,59 years 04 months,560000.0
2024-09-01,TAMPINES,4 ROOM,284,TAMPINES ST 22,04 TO 06,103.0,Model A,1984,58 years 11 months,575000.0
2024-09-01,TAMPINES,4 ROOM,275,TAMPINES ST 22,04 TO 06,103.0,Model A,1985,59 years 05 months,598000.0
2024-09-01,TAMPINES,4 ROOM,218,TAMPINES ST 24,07 TO 09,104.0,Model A,1985,59 years 06 months,635000.0
2024-09-01,TAMPINES,4 ROOM,340,TAMPINES ST 33,04 TO 06,109.0,Model A,1995,70 years 04 months,600000.0
2024-09-01,TAMPINES,4 ROOM,367A,TAMPINES ST 34,01 TO 03,101.0,Model A,1997,71 years 05 months,610000.0
2024-09-01,TAMPINES,4 ROOM,421,TAMPINES ST 41,04 TO 06,104.0,Model A,1985,59 years 10 months,590000.0
2024-09-01,TAMPINES,4 ROOM,459,TAMPINES ST 42,04 TO 06,88.0,Simplified,1987,62 years 01 month,560000.0
2024-09-01,TAMPINES,4 ROOM,469,TAMPINES ST 44,01 TO 03,105.0,Model A,1985,60 years 02 months,592000.0
2024-09-01,TAMPINES,4 ROOM,494G,TAMPINES ST 45,04 TO 06,92.0,Model A,2018,93 years 03 months,678000.0
2024-09-01,TAMPINES,4 ROOM,498G,TAMPINES ST 45,01 TO 03,106.0,Premium Apartment,1997,71 years 11 months,595000.0
2024-09-01,TAMPINES,4 ROOM,494G,TAMPINES ST 45,10 TO 12,93.0,Model A,2018,93 years 03 months,700000.0
2024-09-01,TAMPINES,4 ROOM,605A,TAMPINES ST 61,07 TO 09,92.0,Model A,2020,94 years 06 months,738888.0
2024-09-01,TAMPINES,4 ROOM,605C,TAMPINES ST 61,01 TO 03,92.0,Model A,2020,94 years 06 months,720000.0
2024-09-01,TAMPINES,4 ROOM,606B,TAMPINES ST 61,10 TO 12,92.0,Model A,2020,94 years 06 months,773000.0
2024-09-01,TAMPINES,4 ROOM,605C,TAMPINES ST 61,10 TO 12,92.0,Model A,2020,94 years 06 months,768000.0
2024-09-01,TAMPINES,4 ROOM,733,TAMPINES ST 71,10 TO 12,103.0,Model A,1997,71 years 10 months,645888.0
2024-09-01,TAMPINES,4 ROOM,725,TAMPINES ST 71,10 TO 12,103.0,Model A,1997,72 years,650000.0
2024-09-01,TAMPINES,4 ROOM,897,TAMPINES ST 81,10 TO 12,104.0,Model A,1988,63 years 01 month,670000.0
2024-09-01,TAMPINES,4 ROOM,894A,TAMPINES ST 81,04 TO 06,104.0,Model A,1988,63 years 01 month,670000.0
2024-09-01,TAMPINES,4 ROOM,852,TAMPINES ST 82,04 TO 06,103.0,Model A,1985,59 years 09 months,630500.0
2024-09-01,TAMPINES,4 ROOM,842,TAMPINES ST 82,04 TO 06,84.0,Simplified,1986,60 years 09 months,520000.0
2024-09-01,TAMPINES,4 ROOM,831,TAMPINES ST 83,01 TO 03,84.0,Simplified,1986,60 years 09 months,540000.0
2024-09-01,TAMPINES,4 ROOM,873,TAMPINES ST 84,07 TO 09,104.0,Model A,1988,63 years 04 months,597000.0
2024-09-01,TAMPINES,4 ROOM,873,TAMPINES ST 84,01 TO 03,104.0,Model A,1988,63 years 04 months,575000.0
2024-09-01,TAMPINES,4 ROOM,871B,TAMPINES ST 86,13 TO 15,94.0,Model A,2017,91 years 06 months,740000.0
2024-09-01,TAMPINES,4 ROOM,935,TAMPINES ST 91,07 TO 09,106.0,Model A,1984,59 years 01 month,570000.0
2024-09-01,TAMPINES,5 ROOM,168B,SIMEI LANE,07 TO 09,107.0,DBSS,2011,85 years 07 months,925000.0
2024-09-01,TAMPINES,5 ROOM,167A,SIMEI LANE,01 TO 03,111.0,DBSS,2011,85 years 07 months,868000.0
2024-09-01,TAMPINES,5 ROOM,101,SIMEI ST 1,01 TO 03,122.0,Improved,1988,63 years 01 month,715000.0
2024-09-01,TAMPINES,5 ROOM,232,SIMEI ST 4,04 TO 06,129.0,Improved,1989,63 years 11 months,741888.0
2024-09-01,TAMPINES,5 ROOM,394,TAMPINES AVE 7,01 TO 03,137.0,Model A,1994,69 years 03 months,755000.0
2024-09-01,TAMPINES,5 ROOM,485B,TAMPINES AVE 9,04 TO 06,121.0,Improved,1989,63 years 09 months,780000.0
2024-09-01,TAMPINES,5 ROOM,522C,TAMPINES CTRL 7,01 TO 03,113.0,Improved,2015,90 years,833000.0
2024-09-01,TAMPINES,5 ROOM,515B,TAMPINES CTRL 7,13 TO 15,114.0,DBSS,2008,83 years 04 months,960000.0
2024-09-01,TAMPINES,5 ROOM,515C,TAMPINES CTRL 7,07 TO 09,109.0,DBSS,2008,83 years 04 months,942888.0
2024-09-01,TAMPINES,5 ROOM,519B,TAMPINES CTRL 8,01 TO 03,109.0,DBSS,2014,88 years 10 months,875000.0
2024-09-01,TAMPINES,5 ROOM,106,TAMPINES ST 11,01 TO 03,133.0,Model A,1984,58 years 11 months,720000.0
2024-09-01,TAMPINES,5 ROOM,278,TAMPINES ST 22,01 TO 03,135.0,Model A,1985,59 years 08 months,643000.0
2024-09-01,TAMPINES,5 ROOM,288,TAMPINES ST 22,04 TO 06,139.0,Model A,1984,59 years 01 month,680000.0
2024-09-01,TAMPINES,5 ROOM,381,TAMPINES ST 32,10 TO 12,129.0,Improved,1993,68 years 01 month,775000.0
2024-09-01,TAMPINES,5 ROOM,387,TAMPINES ST 32,04 TO 06,124.0,Improved,1993,68 years 01 month,716888.0
2024-09-01,TAMPINES,5 ROOM,339,TAMPINES ST 33,01 TO 03,137.0,Model A,1995,70 years 04 months,725000.0
2024-09-01,TAMPINES,5 ROOM,350,TAMPINES ST 33,04 TO 06,128.0,Improved,1996,70 years 09 months,640000.0
2024-09-01,TAMPINES,5 ROOM,366,TAMPINES ST 34,04 TO 06,121.0,Improved,1997,71 years 07 months,700000.0
2024-09-01,TAMPINES,5 ROOM,401,TAMPINES ST 41,01 TO 03,122.0,Improved,1985,60 years 01 month,715000.0
2024-09-01,TAMPINES,5 ROOM,450C,TAMPINES ST 42,10 TO 12,123.0,Improved,1996,71 years 01 month,718000.0
2024-09-01,TAMPINES,5 ROOM,496C,TAMPINES ST 43,01 TO 03,123.0,Improved,1993,67 years 11 months,765000.0
2024-09-01,TAMPINES,5 ROOM,496B,TAMPINES ST 43,04 TO 06,121.0,Improved,1993,67 years 11 months,676000.0
2024-09-01,TAMPINES,5 ROOM,491G,TAMPINES ST 45,04 TO 06,122.0,Improved,1993,67 years 11 months,685000.0
2024-09-01,TAMPINES,5 ROOM,605C,TAMPINES ST 61,10 TO 12,112.0,Improved,2020,94 years 06 months,912000.0
2024-09-01,TAMPINES,5 ROOM,606B,TAMPINES ST 61,07 TO 09,112.0,Improved,2020,94 years 06 months,898000.0
2024-09-01,TAMPINES,5 ROOM,606B,TAMPINES ST 61,10 TO 12,112.0,Improved,2020,94 years 06 months,950000.0
2024-09-01,TAMPINES,5 ROOM,871,TAMPINES ST 84,04 TO 06,121.0,Improved,1988,63 years 02 months,730000.0
2024-09-01,TAMPINES,5 ROOM,871C,TAMPINES ST 86,10 TO 12,114.0,Improved,2017,91 years 06 months,868000.0
2024-09-01,TAMPINES,EXECUTIVE,944,TAMPINES AVE 5,01 TO 03,147.0,Maisonette,1989,63 years 09 months,920000.0
2024-09-01,TAMPINES,EXECUTIVE,148,TAMPINES AVE 5,07 TO 09,150.0,Maisonette,1985,59 years 07 months,1000000.0
2024-09-01,TAMPINES,EXECUTIVE,147,TAMPINES AVE 5,07 TO 09,148.0,Maisonette,1985,59 years 08 months,970000.0
2024-09-01,TAMPINES,EXECUTIVE,940,TAMPINES AVE 5,04 TO 06,146.0,Maisonette,1989,63 years 09 months,960288.0
2024-09-01,TAMPINES,EXECUTIVE,124,TAMPINES ST 11,04 TO 06,146.0,Maisonette,1986,60 years 06 months,850000.0
2024-09-01,TAMPINES,EXECUTIVE,124,TAMPINES ST 11,01 TO 03,148.0,Maisonette,1986,60 years 06 months,815000.0
2024-09-01,TAMPINES,EXECUTIVE,156,TAMPINES ST 12,01 TO 03,148.0,Maisonette,1984,59 years 01 month,933000.0
2024-09-01,TAMPINES,EXECUTIVE,151,TAMPINES ST 12,10 TO 12,150.0,Maisonette,1984,59 years,1000000.0
2024-09-01,TAMPINES,EXECUTIVE,230G,TAMPINES ST 21,01 TO 03,148.0,Apartment,1993,68 years,850888.0
2024-09-01,TAMPINES,EXECUTIVE,427,TAMPINES ST 41,07 TO 09,149.0,Apartment,1986,60 years 09 months,835000.0
2024-09-01,TAMPINES,EXECUTIVE,484,TAMPINES ST 43,01 TO 03,149.0,Apartment,1993,67 years 11 months,900000.0
2024-09-01,TAMPINES,EXECUTIVE,484,TAMPINES ST 43,01 TO 03,168.0,Apartment,1993,67 years 11 months,940000.0
2024-09-01,TAMPINES,EXECUTIVE,476,TAMPINES ST 44,01 TO 03,159.0,Apartment,1993,67 years 11 months,1018000.0
2024-09-01,TAMPINES,EXECUTIVE,738,TAMPINES ST 72,04 TO 06,141.0,Apartment,1997,72 years 01 month,875000.0
2024-09-01,TAMPINES,EXECUTIVE,894,TAMPINES ST 81,04 TO 06,146.0,Maisonette,1989,63 years 06 months,980000.0
2024-09-01,TAMPINES,EXECUTIVE,856B,TAMPINES ST 82,07 TO 09,149.0,Apartment,1995,70 years 03 months,1038000.0
2024-09-01,TOA PAYOH,2 ROOM,161,LOR 1 TOA PAYOH,04 TO 06,40.0,Improved,1972,46 years 05 months,295000.0
2024-09-01,TOA PAYOH,2 ROOM,120,LOR 2 TOA PAYOH,04 TO 06,40.0,Standard,1968,42 years 10 months,280000.0
2024-09-01,TOA PAYOH,2 ROOM,120,LOR 2 TOA PAYOH,07 TO 09,40.0,Standard,1968,42 years 10 months,302000.0
2024-09-01,TOA PAYOH,2 ROOM,56,LOR 4 TOA PAYOH,04 TO 06,44.0,Standard,1967,41 years 10 months,265000.0
2024-09-01,TOA PAYOH,2 ROOM,54,LOR 5 TOA PAYOH,01 TO 03,43.0,Standard,1967,41 years 11 months,270000.0
2024-09-01,TOA PAYOH,3 ROOM,195,KIM KEAT AVE,07 TO 09,66.0,Improved,1973,47 years 11 months,340000.0
2024-09-01,TOA PAYOH,3 ROOM,128,LOR 1 TOA PAYOH,10 TO 12,67.0,Improved,1970,44 years 05 months,387000.0
2024-09-01,TOA PAYOH,3 ROOM,173,LOR 1 TOA PAYOH,01 TO 03,66.0,Improved,1972,47 years,330000.0
2024-09-01,TOA PAYOH,3 ROOM,124,LOR 1 TOA PAYOH,07 TO 09,67.0,Improved,1970,44 years 06 months,398000.0
2024-09-01,TOA PAYOH,3 ROOM,173,LOR 1 TOA PAYOH,10 TO 12,66.0,Improved,1972,46 years 11 months,355888.0
2024-09-01,TOA PAYOH,3 ROOM,173,LOR 1 TOA PAYOH,07 TO 09,66.0,Improved,1972,46 years 11 months,370000.0
2024-09-01,TOA PAYOH,3 ROOM,157,LOR 1 TOA PAYOH,04 TO 06,67.0,Improved,1971,45 years 11 months,408000.0
2024-09-01,TOA PAYOH,3 ROOM,163,LOR 1 TOA PAYOH,01 TO 03,65.0,Improved,1972,46 years 11 months,385000.0
2024-09-01,TOA PAYOH,3 ROOM,131B,LOR 1 TOA PAYOH,07 TO 09,68.0,Model A,2018,93 years,728000.0
2024-09-01,TOA PAYOH,3 ROOM,110,LOR 1 TOA PAYOH,07 TO 09,65.0,Improved,1967,41 years 10 months,410000.0
2024-09-01,TOA PAYOH,3 ROOM,159,LOR 1 TOA PAYOH,10 TO 12,65.0,Improved,1972,46 years 04 months,408000.0
2024-09-01,TOA PAYOH,3 ROOM,96,LOR 3 TOA PAYOH,13 TO 15,68.0,Improved,1970,44 years 05 months,378000.0
2024-09-01,TOA PAYOH,3 ROOM,66,LOR 4 TOA PAYOH,07 TO 09,64.0,Standard,1969,43 years 05 months,375000.0
2024-09-01,TOA PAYOH,3 ROOM,53,LOR 5 TOA PAYOH,01 TO 03,68.0,Improved,1968,42 years 10 months,340000.0
2024-09-01,TOA PAYOH,3 ROOM,13,LOR 7 TOA PAYOH,01 TO 03,65.0,Improved,1970,44 years 11 months,328000.0
2024-09-01,TOA PAYOH,3 ROOM,9,LOR 7 TOA PAYOH,01 TO 03,66.0,Improved,1970,44 years 11 months,335000.0
2024-09-01,TOA PAYOH,3 ROOM,114,POTONG PASIR AVE 1,10 TO 12,67.0,New Generation,1984,59 years 02 months,440000.0
2024-09-01,TOA PAYOH,3 ROOM,121,POTONG PASIR AVE 1,01 TO 03,75.0,Model A,1984,58 years 09 months,482000.0
2024-09-01,TOA PAYOH,3 ROOM,105,POTONG PASIR AVE 1,13 TO 15,74.0,Model A,1984,59 years,603000.0
2024-09-01,TOA PAYOH,3 ROOM,101,POTONG PASIR AVE 1,10 TO 12,74.0,Model A,1984,59 years 01 month,602000.0
2024-09-01,TOA PAYOH,3 ROOM,119,POTONG PASIR AVE 1,10 TO 12,67.0,New Generation,1984,59 years 02 months,430000.0
2024-09-01,TOA PAYOH,3 ROOM,183,TOA PAYOH CTRL,04 TO 06,64.0,Improved,1972,46 years 11 months,405000.0
2024-09-01,TOA PAYOH,3 ROOM,262,TOA PAYOH EAST,22 TO 24,68.0,Model A,2019,94 years 04 months,770888.0
2024-09-01,TOA PAYOH,3 ROOM,263,TOA PAYOH EAST,16 TO 18,68.0,Model A,2019,94 years 04 months,730000.0
2024-09-01,TOA PAYOH,3 ROOM,27,TOA PAYOH EAST,10 TO 12,67.0,Improved,1971,45 years 05 months,375000.0
2024-09-01,TOA PAYOH,3 ROOM,262,TOA PAYOH EAST,19 TO 21,68.0,Model A,2019,94 years 04 months,727000.0
2024-09-01,TOA PAYOH,3 ROOM,207,TOA PAYOH NTH,01 TO 03,65.0,Improved,1973,47 years 11 months,350000.0
2024-09-01,TOA PAYOH,3 ROOM,4,UPP ALJUNIED LANE,07 TO 09,57.0,Standard,1968,42 years 10 months,330000.0
2024-09-01,TOA PAYOH,3 ROOM,5,UPP ALJUNIED LANE,04 TO 06,57.0,Standard,1968,42 years 10 months,326000.0
2024-09-01,TOA PAYOH,4 ROOM,105A,BIDADARI PK DR,01 TO 03,94.0,Model A,2020,95 years,937500.0
2024-09-01,TOA PAYOH,4 ROOM,106B,BIDADARI PK DR,16 TO 18,94.0,Model A,2020,95 years,1170000.0
2024-09-01,TOA PAYOH,4 ROOM,106A,BIDADARI PK DR,13 TO 15,94.0,Model A,2020,95 years,1133388.0
2024-09-01,TOA PAYOH,4 ROOM,130A,LOR 1 TOA PAYOH,37 TO 39,93.0,Model A,2018,93 years,1200888.0
2024-09-01,TOA PAYOH,4 ROOM,138A,LOR 1A TOA PAYOH,31 TO 33,91.0,DBSS,2012,86 years 09 months,1090000.0
2024-09-01,TOA PAYOH,4 ROOM,142,LOR 2 TOA PAYOH,10 TO 12,85.0,Model A,2001,75 years 05 months,808000.0
2024-09-01,TOA PAYOH,4 ROOM,147,LOR 2 TOA PAYOH,01 TO 03,91.0,Model A,2006,80 years 05 months,800000.0
2024-09-01,TOA PAYOH,4 ROOM,146,LOR 2 TOA PAYOH,04 TO 06,92.0,Model A,2006,80 years 05 months,900000.0
2024-09-01,TOA PAYOH,4 ROOM,147,LOR 2 TOA PAYOH,31 TO 33,91.0,Model A,2006,80 years 05 months,1005000.0
2024-09-01,TOA PAYOH,4 ROOM,82,LOR 4 TOA PAYOH,01 TO 03,104.0,Model A,1996,71 years 01 month,800000.0
2024-09-01,TOA PAYOH,4 ROOM,14B,LOR 7 TOA PAYOH,01 TO 03,104.0,Model A,1998,72 years 11 months,750000.0
2024-09-01,TOA PAYOH,4 ROOM,14B,LOR 7 TOA PAYOH,04 TO 06,104.0,Model A,1998,72 years 11 months,720000.0
2024-09-01,TOA PAYOH,4 ROOM,228,LOR 8 TOA PAYOH,01 TO 03,82.0,Improved,1976,51 years 02 months,430000.0
2024-09-01,TOA PAYOH,4 ROOM,226,LOR 8 TOA PAYOH,10 TO 12,82.0,Improved,1976,50 years 09 months,480000.0
2024-09-01,TOA PAYOH,4 ROOM,222,LOR 8 TOA PAYOH,07 TO 09,82.0,Improved,1976,50 years 07 months,478000.0
2024-09-01,TOA PAYOH,4 ROOM,213,LOR 8 TOA PAYOH,04 TO 06,82.0,Improved,1975,49 years 05 months,475000.0
2024-09-01,TOA PAYOH,4 ROOM,143,POTONG PASIR AVE 2,16 TO 18,104.0,Model A,1984,58 years 11 months,870000.0
2024-09-01,TOA PAYOH,4 ROOM,138,POTONG PASIR AVE 3,01 TO 03,103.0,Model A,1984,58 years 11 months,738000.0
2024-09-01,TOA PAYOH,4 ROOM,79E,TOA PAYOH CTRL,04 TO 06,92.0,Model A,2009,83 years 08 months,810000.0
2024-09-01,TOA PAYOH,4 ROOM,179,TOA PAYOH CTRL,16 TO 18,84.0,Improved,1974,48 years 11 months,645000.0
2024-09-01,TOA PAYOH,4 ROOM,79A,TOA PAYOH CTRL,37 TO 39,90.0,Model A,2009,83 years 08 months,1018000.0
2024-09-01,TOA PAYOH,4 ROOM,79E,TOA PAYOH CTRL,10 TO 12,76.0,Model A,2009,83 years 08 months,790000.0
2024-09-01,TOA PAYOH,4 ROOM,263,TOA PAYOH EAST,28 TO 30,93.0,Model A,2019,94 years 05 months,1020000.0
2024-09-01,TOA PAYOH,4 ROOM,261,TOA PAYOH EAST,28 TO 30,93.0,Model A,2019,94 years 04 months,1008000.0
2024-09-01,TOA PAYOH,4 ROOM,264,TOA PAYOH EAST,22 TO 24,93.0,Model A,2019,94 years 04 months,968888.0
2024-09-01,TOA PAYOH,4 ROOM,263,TOA PAYOH EAST,16 TO 18,93.0,Model A,2019,94 years 04 months,965000.0
2024-09-01,TOA PAYOH,5 ROOM,106A,BIDADARI PK DR,07 TO 09,113.0,Improved,2020,95 years,1200000.0
2024-09-01,TOA PAYOH,5 ROOM,246,KIM KEAT LINK,07 TO 09,122.0,Improved,1989,63 years 07 months,793000.0
2024-09-01,TOA PAYOH,5 ROOM,145,LOR 2 TOA PAYOH,34 TO 36,110.0,Improved,2006,80 years 05 months,1230000.0
2024-09-01,TOA PAYOH,5 ROOM,97,LOR 3 TOA PAYOH,07 TO 09,134.0,Model A,1993,67 years 08 months,1010000.0
2024-09-01,TOA PAYOH,5 ROOM,217,LOR 8 TOA PAYOH,22 TO 24,117.0,Standard,1976,50 years 09 months,700000.0
2024-09-01,TOA PAYOH,5 ROOM,217,LOR 8 TOA PAYOH,22 TO 24,117.0,Standard,1976,50 years 09 months,760000.0
2024-09-01,TOA PAYOH,5 ROOM,79C,TOA PAYOH CTRL,31 TO 33,110.0,Improved,2009,83 years 08 months,1260000.0
2024-09-01,WOODLANDS,2 ROOM,182A,WOODLANDS ST 13,25 TO 27,47.0,Model A,2019,94 years 02 months,408000.0
2024-09-01,WOODLANDS,3 ROOM,204,MARSILING DR,07 TO 09,68.0,New Generation,1981,55 years 08 months,372000.0
2024-09-01,WOODLANDS,3 ROOM,2,MARSILING DR,07 TO 09,65.0,Improved,1974,48 years 11 months,298000.0
2024-09-01,WOODLANDS,3 ROOM,19,MARSILING LANE,04 TO 06,60.0,Improved,1987,61 years 09 months,360000.0
2024-09-01,WOODLANDS,3 ROOM,131,MARSILING RISE,04 TO 06,60.0,Improved,1985,59 years 05 months,380000.0
2024-09-01,WOODLANDS,3 ROOM,307,WOODLANDS AVE 1,01 TO 03,73.0,Model A,1994,68 years 05 months,400000.0
2024-09-01,WOODLANDS,3 ROOM,571C,WOODLANDS AVE 1,04 TO 06,67.0,Model A,2013,88 years 03 months,465000.0
2024-09-01,WOODLANDS,3 ROOM,570A,WOODLANDS AVE 1,04 TO 06,67.0,Model A,2013,88 years 03 months,482888.0
2024-09-01,WOODLANDS,3 ROOM,693A,WOODLANDS AVE 6,10 TO 12,68.0,Model A,2018,93 years,528000.0
2024-09-01,WOODLANDS,3 ROOM,574B,WOODLANDS DR 16,07 TO 09,68.0,Model A,2018,92 years 10 months,495000.0
2024-09-01,WOODLANDS,3 ROOM,694A,WOODLANDS DR 62,13 TO 15,68.0,Model A,2018,93 years 01 month,505000.0
2024-09-01,WOODLANDS,3 ROOM,784B,WOODLANDS RISE,07 TO 09,68.0,Model A,2018,93 years,475000.0
2024-09-01,WOODLANDS,3 ROOM,185C,WOODLANDS ST 13,22 TO 24,68.0,Model A,2019,94 years 02 months,506000.0
2024-09-01,WOODLANDS,3 ROOM,102,WOODLANDS ST 13,07 TO 09,67.0,New Generation,1985,59 years 08 months,405000.0
2024-09-01,WOODLANDS,3 ROOM,319,WOODLANDS ST 31,04 TO 06,73.0,Model A,1993,67 years 09 months,425000.0
2024-09-01,WOODLANDS,3 ROOM,313,WOODLANDS ST 31,10 TO 12,73.0,Model A,1993,68 years 01 month,455000.0
2024-09-01,WOODLANDS,3 ROOM,419,WOODLANDS ST 41,01 TO 03,68.0,New Generation,1995,70 years 02 months,417000.0
2024-09-01,WOODLANDS,4 ROOM,5,MARSILING DR,01 TO 03,90.0,Improved,1974,48 years 11 months,355000.0
2024-09-01,WOODLANDS,4 ROOM,5A,MARSILING DR,10 TO 12,90.0,Model A,2002,76 years 08 months,485000.0
2024-09-01,WOODLANDS,4 ROOM,34,MARSILING DR,10 TO 12,98.0,New Generation,1978,53 years 04 months,450000.0
2024-09-01,WOODLANDS,4 ROOM,12B,MARSILING LANE,16 TO 18,93.0,Model A,2013,87 years 10 months,570000.0
2024-09-01,WOODLANDS,4 ROOM,12C,MARSILING LANE,22 TO 24,95.0,Model A,2013,87 years 10 months,635000.0
2024-09-01,WOODLANDS,4 ROOM,337,WOODLANDS AVE 1,01 TO 03,83.0,Simplified,1985,60 years 03 months,463000.0
2024-09-01,WOODLANDS,4 ROOM,678,WOODLANDS AVE 6,10 TO 12,101.0,Model A,1998,73 years 01 month,633000.0
2024-09-01,WOODLANDS,4 ROOM,759,WOODLANDS AVE 6,04 TO 06,102.0,Model A,1998,72 years 08 months,520000.0
2024-09-01,WOODLANDS,4 ROOM,718,WOODLANDS AVE 6,01 TO 03,100.0,Model A,1997,71 years 11 months,568000.0
2024-09-01,WOODLANDS,4 ROOM,626,WOODLANDS AVE 6,07 TO 09,90.0,Model A2,1998,73 years,500000.0
2024-09-01,WOODLANDS,4 ROOM,693C,WOODLANDS AVE 6,13 TO 15,92.0,Model A,2018,93 years 01 month,610000.0
2024-09-01,WOODLANDS,4 ROOM,626,WOODLANDS AVE 6,04 TO 06,92.0,Model A2,1998,73 years,521888.0
2024-09-01,WOODLANDS,4 ROOM,749,WOODLANDS CIRCLE,07 TO 09,103.0,Model A,1998,72 years 07 months,525000.0
2024-09-01,WOODLANDS,4 ROOM,753,WOODLANDS CIRCLE,10 TO 12,102.0,Model A,1997,72 years 04 months,540000.0
2024-09-01,WOODLANDS,4 ROOM,729,WOODLANDS CIRCLE,04 TO 06,91.0,Model A2,1997,72 years 03 months,508000.0
2024-09-01,WOODLANDS,4 ROOM,765,WOODLANDS CIRCLE,07 TO 09,90.0,Model A,2003,77 years 11 months,508000.0
2024-09-01,WOODLANDS,4 ROOM,787E,WOODLANDS CRES,01 TO 03,101.0,Model A,1997,72 years 02 months,505000.0
2024-09-01,WOODLANDS,4 ROOM,782E,WOODLANDS CRES,10 TO 12,92.0,Model A,2015,89 years 10 months,560000.0
2024-09-01,WOODLANDS,4 ROOM,510,WOODLANDS DR 14,07 TO 09,107.0,Premium Apartment,1999,73 years 07 months,630000.0
2024-09-01,WOODLANDS,4 ROOM,522,WOODLANDS DR 14,04 TO 06,104.0,Premium Apartment,2000,74 years 11 months,532888.0
2024-09-01,WOODLANDS,4 ROOM,510,WOODLANDS DR 14,07 TO 09,107.0,Premium Apartment,1999,73 years 07 months,620000.0
2024-09-01,WOODLANDS,4 ROOM,504,WOODLANDS DR 14,04 TO 06,101.0,Model A,1999,73 years 05 months,540000.0
2024-09-01,WOODLANDS,4 ROOM,519,WOODLANDS DR 14,04 TO 06,104.0,Premium Apartment,2000,75 years 01 month,576888.0
2024-09-01,WOODLANDS,4 ROOM,510,WOODLANDS DR 14,07 TO 09,107.0,Premium Apartment,1999,73 years 06 months,608888.0
2024-09-01,WOODLANDS,4 ROOM,528,WOODLANDS DR 14,01 TO 03,106.0,Premium Apartment,1999,74 years,540000.0
2024-09-01,WOODLANDS,4 ROOM,574A,WOODLANDS DR 16,01 TO 03,93.0,Model A,2018,92 years 10 months,590000.0
2024-09-01,WOODLANDS,4 ROOM,575,WOODLANDS DR 16,07 TO 09,86.0,Model A2,2000,75 years 04 months,500000.0
2024-09-01,WOODLANDS,4 ROOM,601,WOODLANDS DR 42,01 TO 03,91.0,Model A2,1997,71 years 08 months,500000.0
2024-09-01,WOODLANDS,4 ROOM,896A,WOODLANDS DR 50,01 TO 03,99.0,Model A,1997,71 years 05 months,520000.0
2024-09-01,WOODLANDS,4 ROOM,886C,WOODLANDS DR 50,07 TO 09,92.0,Premium Apartment,2015,89 years 06 months,648000.0
2024-09-01,WOODLANDS,4 ROOM,886B,WOODLANDS DR 50,13 TO 15,92.0,Premium Apartment,2015,89 years 06 months,625000.0
2024-09-01,WOODLANDS,4 ROOM,899A,WOODLANDS DR 50,10 TO 12,100.0,Model A,1997,72 years 01 month,560000.0
2024-09-01,WOODLANDS,4 ROOM,619,WOODLANDS DR 52,04 TO 06,95.0,Model A2,1998,73 years 01 month,488000.0
2024-09-01,WOODLANDS,4 ROOM,620,WOODLANDS DR 52,10 TO 12,93.0,Model A2,1998,72 years 11 months,520000.0
2024-09-01,WOODLANDS,4 ROOM,557,WOODLANDS DR 53,04 TO 06,100.0,Model A,1999,74 years 04 months,528000.0
2024-09-01,WOODLANDS,4 ROOM,554,WOODLANDS DR 53,10 TO 12,90.0,Model A2,1999,74 years 04 months,495000.0
2024-09-01,WOODLANDS,4 ROOM,556,WOODLANDS DR 53,10 TO 12,100.0,Model A,1999,74 years 04 months,538000.0
2024-09-01,WOODLANDS,4 ROOM,778,WOODLANDS DR 60,01 TO 03,102.0,Model A,1997,72 years 04 months,526000.0
2024-09-01,WOODLANDS,4 ROOM,786B,WOODLANDS DR 60,07 TO 09,91.0,Model A2,1997,72 years,540000.0
2024-09-01,WOODLANDS,4 ROOM,694A,WOODLANDS DR 62,07 TO 09,93.0,Model A,2018,93 years 01 month,631888.0
2024-09-01,WOODLANDS,4 ROOM,710,WOODLANDS DR 70,04 TO 06,101.0,Model A,1997,71 years 07 months,590000.0
2024-09-01,WOODLANDS,4 ROOM,795,WOODLANDS DR 72,01 TO 03,102.0,Model A,1998,72 years 05 months,550888.0
2024-09-01,WOODLANDS,4 ROOM,691B,WOODLANDS DR 73,10 TO 12,93.0,Model A,2018,92 years 10 months,635000.0
2024-09-01,WOODLANDS,4 ROOM,691A,WOODLANDS DR 73,01 TO 03,93.0,Model A,2018,92 years 10 months,570000.0
2024-09-01,WOODLANDS,4 ROOM,690D,WOODLANDS DR 75,13 TO 15,90.0,Premium Apartment,2004,78 years 05 months,560000.0
2024-09-01,WOODLANDS,4 ROOM,665,WOODLANDS RING RD,01 TO 03,85.0,Model A2,2000,75 years 02 months,505000.0
2024-09-01,WOODLANDS,4 ROOM,667,WOODLANDS RING RD,01 TO 03,91.0,Model A,2001,75 years 05 months,517000.0
2024-09-01,WOODLANDS,4 ROOM,611,WOODLANDS RING RD,04 TO 06,102.0,Model A,1998,72 years 07 months,520000.0
2024-09-01,WOODLANDS,4 ROOM,664,WOODLANDS RING RD,01 TO 03,101.0,Model A,1998,72 years 06 months,534388.0
2024-09-01,WOODLANDS,4 ROOM,632,WOODLANDS RING RD,01 TO 03,102.0,Model A,1999,74 years 01 month,535000.0
2024-09-01,WOODLANDS,4 ROOM,783B,WOODLANDS RISE,10 TO 12,93.0,Model A,2018,92 years 11 months,608000.0
2024-09-01,WOODLANDS,4 ROOM,784B,WOODLANDS RISE,04 TO 06,93.0,Model A,2018,92 years 11 months,605000.0
2024-09-01,WOODLANDS,4 ROOM,785D,WOODLANDS RISE,01 TO 03,93.0,Model A,2018,92 years 11 months,550000.0
2024-09-01,WOODLANDS,4 ROOM,783D,WOODLANDS RISE,13 TO 15,93.0,Model A,2018,92 years 11 months,628000.0
2024-09-01,WOODLANDS,4 ROOM,185B,WOODLANDS ST 13,22 TO 24,93.0,Model A,2019,94 years 02 months,675000.0
2024-09-01,WOODLANDS,4 ROOM,183C,WOODLANDS ST 13,25 TO 27,93.0,Model A,2019,94 years 02 months,701000.0
2024-09-01,WOODLANDS,4 ROOM,155,WOODLANDS ST 13,07 TO 09,103.0,Model A,1985,59 years 07 months,520000.0
2024-09-01,WOODLANDS,4 ROOM,437,WOODLANDS ST 41,07 TO 09,84.0,Simplified,1996,71 years,510000.0
2024-09-01,WOODLANDS,4 ROOM,436,WOODLANDS ST 41,10 TO 12,104.0,Model A,1996,71 years,548000.0
2024-09-01,WOODLANDS,4 ROOM,429,WOODLANDS ST 41,01 TO 03,104.0,Model A,1996,71 years,512000.0
2024-09-01,WOODLANDS,4 ROOM,873,WOODLANDS ST 81,10 TO 12,111.0,Model A,1996,70 years 09 months,530000.0
2024-09-01,WOODLANDS,4 ROOM,802,WOODLANDS ST 81,04 TO 06,83.0,Simplified,1989,63 years 11 months,500000.0
2024-09-01,WOODLANDS,4 ROOM,841,WOODLANDS ST 82,07 TO 09,106.0,Model A,1996,71 years,510000.0
2024-09-01,WOODLANDS,4 ROOM,856,WOODLANDS ST 83,04 TO 06,106.0,Model A,1996,70 years 08 months,525000.0
2024-09-01,WOODLANDS,5 ROOM,137,MARSILING RD,07 TO 09,121.0,Improved,1985,60 years 02 months,560000.0
2024-09-01,WOODLANDS,5 ROOM,354,WOODLANDS AVE 1,10 TO 12,124.0,Improved,1996,70 years 11 months,730000.0
2024-09-01,WOODLANDS,5 ROOM,572A,WOODLANDS AVE 1,07 TO 09,112.0,Improved,2013,88 years 03 months,718000.0
2024-09-01,WOODLANDS,5 ROOM,368,WOODLANDS AVE 1,04 TO 06,125.0,Improved,1997,71 years 06 months,730000.0
2024-09-01,WOODLANDS,5 ROOM,616,WOODLANDS AVE 4,07 TO 09,122.0,Improved,1998,72 years 09 months,630000.0
2024-09-01,WOODLANDS,5 ROOM,680,WOODLANDS AVE 6,10 TO 12,121.0,Improved,1998,73 years,735000.0
2024-09-01,WOODLANDS,5 ROOM,748,WOODLANDS CIRCLE,01 TO 03,122.0,Improved,1998,72 years 05 months,610000.0
2024-09-01,WOODLANDS,5 ROOM,746,WOODLANDS CIRCLE,01 TO 03,121.0,Improved,1998,72 years 05 months,628000.0
2024-09-01,WOODLANDS,5 ROOM,764A,WOODLANDS CIRCLE,07 TO 09,111.0,Improved,2003,77 years 11 months,632000.0
2024-09-01,WOODLANDS,5 ROOM,764,WOODLANDS CIRCLE,10 TO 12,111.0,Improved,2003,77 years 10 months,620000.0
2024-09-01,WOODLANDS,5 ROOM,744,WOODLANDS CIRCLE,01 TO 03,121.0,Improved,1998,72 years 04 months,580000.0
2024-09-01,WOODLANDS,5 ROOM,782E,WOODLANDS CRES,04 TO 06,112.0,Improved,2015,89 years 10 months,639888.0
2024-09-01,WOODLANDS,5 ROOM,782B,WOODLANDS CRES,13 TO 15,112.0,Improved,2015,89 years 10 months,670000.0
2024-09-01,WOODLANDS,5 ROOM,782A,WOODLANDS CRES,13 TO 15,112.0,Improved,2015,89 years 10 months,650000.0
2024-09-01,WOODLANDS,5 ROOM,787E,WOODLANDS CRES,01 TO 03,120.0,Improved,1997,72 years 02 months,595000.0
2024-09-01,WOODLANDS,5 ROOM,787E,WOODLANDS CRES,01 TO 03,120.0,Improved,1997,72 years 02 months,600000.0
2024-09-01,WOODLANDS,5 ROOM,516,WOODLANDS DR 14,01 TO 03,125.0,Premium Apartment,1999,73 years 08 months,655000.0
2024-09-01,WOODLANDS,5 ROOM,514,WOODLANDS DR 14,07 TO 09,128.0,Premium Apartment,1999,73 years 07 months,745000.0
2024-09-01,WOODLANDS,5 ROOM,535,WOODLANDS DR 14,10 TO 12,125.0,Premium Apartment,1999,74 years,750000.0
2024-09-01,WOODLANDS,5 ROOM,576,WOODLANDS DR 16,10 TO 12,110.0,Improved,2000,75 years 04 months,640000.0
2024-09-01,WOODLANDS,5 ROOM,539,WOODLANDS DR 16,01 TO 03,121.0,Improved,2000,75 years,622800.0
2024-09-01,WOODLANDS,5 ROOM,538,WOODLANDS DR 16,10 TO 12,121.0,Improved,2000,74 years 11 months,668888.0
2024-09-01,WOODLANDS,5 ROOM,547,WOODLANDS DR 16,01 TO 03,121.0,Improved,2000,75 years 01 month,610000.0
2024-09-01,WOODLANDS,5 ROOM,576,WOODLANDS DR 16,04 TO 06,110.0,Improved,2000,75 years 04 months,555000.0
2024-09-01,WOODLANDS,5 ROOM,895B,WOODLANDS DR 50,07 TO 09,117.0,Improved,1997,71 years 07 months,635000.0
2024-09-01,WOODLANDS,5 ROOM,890B,WOODLANDS DR 50,01 TO 03,113.0,Improved,2017,91 years 11 months,685000.0
2024-09-01,WOODLANDS,5 ROOM,889A,WOODLANDS DR 50,13 TO 15,113.0,Improved,2017,91 years 11 months,740000.0
2024-09-01,WOODLANDS,5 ROOM,892A,WOODLANDS DR 50,04 TO 06,118.0,Improved,1996,71 years 03 months,648000.0
2024-09-01,WOODLANDS,5 ROOM,891B,WOODLANDS DR 50,10 TO 12,121.0,Improved,1996,71 years 02 months,730000.0
2024-09-01,WOODLANDS,5 ROOM,624A,WOODLANDS DR 52,04 TO 06,122.0,Improved,1998,73 years 03 months,635000.0
2024-09-01,WOODLANDS,5 ROOM,623,WOODLANDS DR 52,01 TO 03,122.0,Improved,1998,73 years 01 month,610000.0
2024-09-01,WOODLANDS,5 ROOM,622,WOODLANDS DR 52,07 TO 09,122.0,Improved,1998,73 years,645000.0
2024-09-01,WOODLANDS,5 ROOM,625B,WOODLANDS DR 52,10 TO 12,122.0,Improved,1998,73 years 02 months,633000.0
2024-09-01,WOODLANDS,5 ROOM,771,WOODLANDS DR 60,10 TO 12,120.0,Improved,1997,72 years 04 months,632000.0
2024-09-01,WOODLANDS,5 ROOM,769,WOODLANDS DR 60,07 TO 09,120.0,Improved,1997,72 years 04 months,660000.0
2024-09-01,WOODLANDS,5 ROOM,715,WOODLANDS DR 70,01 TO 03,121.0,Improved,1997,71 years 09 months,650000.0
2024-09-01,WOODLANDS,5 ROOM,710,WOODLANDS DR 70,10 TO 12,118.0,Improved,1997,71 years 07 months,655000.0
2024-09-01,WOODLANDS,5 ROOM,691B,WOODLANDS DR 73,10 TO 12,113.0,Improved,2018,92 years 10 months,760000.0
2024-09-01,WOODLANDS,5 ROOM,686A,WOODLANDS DR 73,04 TO 06,115.0,Premium Apartment,2003,77 years 06 months,610000.0
2024-09-01,WOODLANDS,5 ROOM,686A,WOODLANDS DR 73,13 TO 15,114.0,Premium Apartment,2003,77 years 06 months,635000.0
2024-09-01,WOODLANDS,5 ROOM,684A,WOODLANDS DR 73,13 TO 15,122.0,Premium Apartment,2000,74 years 06 months,655000.0
2024-09-01,WOODLANDS,5 ROOM,686B,WOODLANDS DR 73,10 TO 12,114.0,Premium Apartment,2003,77 years 06 months,635000.0
2024-09-01,WOODLANDS,5 ROOM,691D,WOODLANDS DR 73,04 TO 06,113.0,Improved,2018,92 years 09 months,748000.0
2024-09-01,WOODLANDS,5 ROOM,691D,WOODLANDS DR 73,04 TO 06,113.0,Improved,2018,92 years 10 months,755000.0
2024-09-01,WOODLANDS,5 ROOM,690B,WOODLANDS DR 75,13 TO 15,110.0,Premium Apartment,2004,78 years 04 months,620000.0
2024-09-01,WOODLANDS,5 ROOM,687A,WOODLANDS DR 75,07 TO 09,114.0,Premium Apartment,2003,77 years 05 months,595000.0
2024-09-01,WOODLANDS,5 ROOM,638,WOODLANDS RING RD,01 TO 03,121.0,Improved,1999,74 years,600000.0
2024-09-01,WOODLANDS,5 ROOM,629,WOODLANDS RING RD,01 TO 03,122.0,Improved,1998,73 years,600000.0
2024-09-01,WOODLANDS,5 ROOM,169,WOODLANDS ST 11,04 TO 06,123.0,Improved,1994,68 years 05 months,645000.0
2024-09-01,WOODLANDS,5 ROOM,165,WOODLANDS ST 13,01 TO 03,121.0,Improved,1985,59 years 10 months,585000.0
2024-09-01,WOODLANDS,5 ROOM,809,WOODLANDS ST 81,07 TO 09,128.0,Improved,1995,70 years 04 months,740000.0
2024-09-01,WOODLANDS,5 ROOM,881,WOODLANDS ST 82,10 TO 12,121.0,Improved,1996,70 years 10 months,658000.0
2024-09-01,WOODLANDS,EXECUTIVE,133,MARSILING RISE,04 TO 06,170.0,Apartment,1995,69 years 07 months,900000.0
2024-09-01,WOODLANDS,EXECUTIVE,358,WOODLANDS AVE 5,07 TO 09,150.0,Maisonette,1996,70 years 11 months,950000.0
2024-09-01,WOODLANDS,EXECUTIVE,357,WOODLANDS AVE 5,04 TO 06,141.0,Apartment,1996,71 years,889000.0
2024-09-01,WOODLANDS,EXECUTIVE,789,WOODLANDS AVE 6,07 TO 09,141.0,Apartment,1997,72 years 01 month,840000.0
2024-09-01,WOODLANDS,EXECUTIVE,788D,WOODLANDS CRES,04 TO 06,143.0,Maisonette,1999,73 years 09 months,800000.0
2024-09-01,WOODLANDS,EXECUTIVE,788D,WOODLANDS CRES,01 TO 03,143.0,Maisonette,1999,73 years 08 months,810000.0
2024-09-01,WOODLANDS,EXECUTIVE,521,WOODLANDS DR 14,01 TO 03,141.0,Premium Apartment,2000,74 years 10 months,800000.0
2024-09-01,WOODLANDS,EXECUTIVE,589,WOODLANDS DR 16,07 TO 09,131.0,Apartment,2001,75 years 08 months,765000.0
2024-09-01,WOODLANDS,EXECUTIVE,893C,WOODLANDS DR 50,04 TO 06,145.0,Maisonette,1996,71 years 02 months,835000.0
2024-09-01,WOODLANDS,EXECUTIVE,650,WOODLANDS RING RD,01 TO 03,144.0,Maisonette,1998,72 years 10 months,830000.0
2024-09-01,WOODLANDS,EXECUTIVE,171,WOODLANDS ST 11,01 TO 03,182.0,Apartment,1985,60 years 05 months,1008000.0
2024-09-01,WOODLANDS,EXECUTIVE,322,WOODLANDS ST 32,07 TO 09,172.0,Apartment,1994,68 years 08 months,980000.0
2024-09-01,WOODLANDS,EXECUTIVE,412,WOODLANDS ST 41,10 TO 12,177.0,Apartment,1995,70 years,980000.0
2024-09-01,WOODLANDS,EXECUTIVE,804,WOODLANDS ST 81,04 TO 06,146.0,Maisonette,1988,63 years 03 months,815000.0
2024-09-01,WOODLANDS,EXECUTIVE,821,WOODLANDS ST 82,04 TO 06,177.0,Apartment,1995,69 years 07 months,1100000.0
2024-09-01,WOODLANDS,EXECUTIVE,867,WOODLANDS ST 83,04 TO 06,148.0,Apartment,1996,70 years 07 months,870000.0
2024-09-01,WOODLANDS,EXECUTIVE,834,WOODLANDS ST 83,10 TO 12,192.0,Apartment,1994,68 years 08 months,1070000.0
2024-09-01,WOODLANDS,EXECUTIVE,867,WOODLANDS ST 83,10 TO 12,146.0,Apartment,1996,70 years 07 months,825000.0
2024-09-01,YISHUN,2 ROOM,675B,YISHUN AVE 4,04 TO 06,47.0,Model A,2018,93 years 03 months,357000.0
2024-09-01,YISHUN,2 ROOM,462D,YISHUN AVE 6,07 TO 09,47.0,2-room,2019,94 years,340000.0
2024-09-01,YISHUN,2 ROOM,462B,YISHUN AVE 6,10 TO 12,38.0,Model A,2019,94 years,330000.0
2024-09-01,YISHUN,2 ROOM,462C,YISHUN AVE 6,10 TO 12,47.0,Model A,2019,94 years,365000.0
2024-09-01,YISHUN,2 ROOM,469B,YISHUN ST 43,04 TO 06,47.0,Model A,2019,94 years 03 months,348000.0
2024-09-01,YISHUN,3 ROOM,446,YISHUN AVE 11,07 TO 09,67.0,Model A,2012,86 years 11 months,480000.0
2024-09-01,YISHUN,3 ROOM,442,YISHUN AVE 11,04 TO 06,67.0,Model A,2012,86 years 11 months,440000.0
2024-09-01,YISHUN,3 ROOM,424A,YISHUN AVE 11,04 TO 06,67.0,Model A,2015,90 years 04 months,463000.0
2024-09-01,YISHUN,3 ROOM,459,YISHUN AVE 11,01 TO 03,67.0,Model A,2013,88 years,430000.0
2024-09-01,YISHUN,3 ROOM,424A,YISHUN AVE 11,07 TO 09,67.0,Model A,2015,90 years 04 months,445000.0
2024-09-01,YISHUN,3 ROOM,742,YISHUN AVE 5,07 TO 09,67.0,New Generation,1985,60 years 04 months,458988.0
2024-09-01,YISHUN,3 ROOM,742,YISHUN AVE 5,01 TO 03,67.0,New Generation,1985,60 years 04 months,420000.0
2024-09-01,YISHUN,3 ROOM,706,YISHUN AVE 5,01 TO 03,68.0,New Generation,1984,58 years 05 months,385000.0
2024-09-01,YISHUN,3 ROOM,712,YISHUN AVE 5,10 TO 12,68.0,New Generation,1984,58 years 08 months,420000.0
2024-09-01,YISHUN,3 ROOM,741,YISHUN AVE 5,10 TO 12,67.0,New Generation,1985,59 years 05 months,438000.0
2024-09-01,YISHUN,3 ROOM,703,YISHUN AVE 5,04 TO 06,68.0,New Generation,1984,58 years 05 months,408000.0
2024-09-01,YISHUN,3 ROOM,409,YISHUN RING RD,10 TO 12,74.0,Model A,1988,63 years 04 months,438888.0
2024-09-01,YISHUN,3 ROOM,621,YISHUN RING RD,04 TO 06,73.0,Model A,1988,62 years 07 months,440000.0
2024-09-01,YISHUN,3 ROOM,114,YISHUN RING RD,01 TO 03,74.0,Model A,1983,57 years 11 months,375000.0
2024-09-01,YISHUN,3 ROOM,116,YISHUN RING RD,07 TO 09,74.0,Model A,1983,57 years 10 months,405000.0
2024-09-01,YISHUN,3 ROOM,813A,YISHUN RING RD,01 TO 03,67.0,Model A,2018,92 years 09 months,515000.0
2024-09-01,YISHUN,3 ROOM,813B,YISHUN RING RD,10 TO 12,67.0,Model A,2018,92 years 09 months,578000.0
2024-09-01,YISHUN,3 ROOM,113,YISHUN RING RD,07 TO 09,64.0,Simplified,1986,60 years 07 months,395000.0
2024-09-01,YISHUN,3 ROOM,237,YISHUN RING RD,10 TO 12,67.0,New Generation,1985,59 years 10 months,430000.0
2024-09-01,YISHUN,3 ROOM,342B,YISHUN RING RD,01 TO 03,68.0,Premium Apartment,2016,90 years 05 months,450000.0
2024-09-01,YISHUN,3 ROOM,451,YISHUN RING RD,13 TO 15,67.0,Model A,2012,87 years,490000.0
2024-09-01,YISHUN,3 ROOM,144,YISHUN ST 11,01 TO 03,68.0,New Generation,1984,59 years 02 months,390000.0
2024-09-01,YISHUN,3 ROOM,126,YISHUN ST 11,10 TO 12,67.0,New Generation,1984,59 years 02 months,420000.0
2024-09-01,YISHUN,3 ROOM,145,YISHUN ST 11,01 TO 03,67.0,New Generation,1985,59 years 10 months,412000.0
2024-09-01,YISHUN,3 ROOM,134,YISHUN ST 11,01 TO 03,68.0,New Generation,1984,59 years 01 month,375000.0
2024-09-01,YISHUN,3 ROOM,134,YISHUN ST 11,07 TO 09,68.0,New Generation,1984,59 years 01 month,400000.0
2024-09-01,YISHUN,3 ROOM,126,YISHUN ST 11,01 TO 03,67.0,New Generation,1984,59 years 01 month,393000.0
2024-09-01,YISHUN,3 ROOM,148,YISHUN ST 11,07 TO 09,67.0,New Generation,1985,60 years 01 month,408000.0
2024-09-01,YISHUN,3 ROOM,146,YISHUN ST 11,10 TO 12,67.0,New Generation,1985,59 years 08 months,415000.0
2024-09-01,YISHUN,3 ROOM,211,YISHUN ST 21,07 TO 09,67.0,New Generation,1985,60 years 01 month,445888.0
2024-09-01,YISHUN,3 ROOM,227,YISHUN ST 21,07 TO 09,67.0,New Generation,1985,60 years 02 months,380000.0
2024-09-01,YISHUN,3 ROOM,225,YISHUN ST 21,10 TO 12,72.0,New Generation,1985,60 years 04 months,406000.0
2024-09-01,YISHUN,3 ROOM,270,YISHUN ST 22,04 TO 06,74.0,Model A,1987,62 years 04 months,402000.0
2024-09-01,YISHUN,3 ROOM,333D,YISHUN ST 31,10 TO 12,67.0,Model A,2015,90 years 04 months,455000.0
2024-09-01,YISHUN,3 ROOM,512B,YISHUN ST 51,07 TO 09,68.0,Model A,2017,92 years,486000.0
2024-09-01,YISHUN,3 ROOM,513A,YISHUN ST 51,10 TO 12,68.0,Model A,2018,92 years 06 months,500000.0
2024-09-01,YISHUN,3 ROOM,823,YISHUN ST 81,01 TO 03,64.0,Simplified,1992,66 years 10 months,433000.0
2024-09-01,YISHUN,3 ROOM,829,YISHUN ST 81,10 TO 12,73.0,Model A,1988,62 years 07 months,492000.0
2024-09-01,YISHUN,3 ROOM,830,YISHUN ST 81,04 TO 06,73.0,Model A,1988,62 years 09 months,430000.0
2024-09-01,YISHUN,4 ROOM,431C,YISHUN AVE 1,13 TO 15,92.0,Model A,2015,90 years 01 month,580000.0
2024-09-01,YISHUN,4 ROOM,431A,YISHUN AVE 1,10 TO 12,92.0,Model A,2015,90 years 01 month,599000.0
2024-09-01,YISHUN,4 ROOM,431A,YISHUN AVE 1,07 TO 09,92.0,Model A,2015,90 years 01 month,560000.0
2024-09-01,YISHUN,4 ROOM,346,YISHUN AVE 11,04 TO 06,86.0,Simplified,1988,63 years 01 month,475000.0
2024-09-01,YISHUN,4 ROOM,445,YISHUN AVE 11,10 TO 12,92.0,Model A,2012,87 years,600000.0
2024-09-01,YISHUN,4 ROOM,348C,YISHUN AVE 11,13 TO 15,92.0,DBSS,2013,88 years 01 month,785000.0
2024-09-01,YISHUN,4 ROOM,443,YISHUN AVE 11,10 TO 12,92.0,Model A,2012,86 years 11 months,608000.0
2024-09-01,YISHUN,4 ROOM,671B,YISHUN AVE 4,04 TO 06,93.0,Model A,2018,92 years 05 months,608000.0
2024-09-01,YISHUN,4 ROOM,666A,YISHUN AVE 4,01 TO 03,109.0,Model A,1987,61 years 08 months,570000.0
2024-09-01,YISHUN,4 ROOM,507A,YISHUN AVE 4,04 TO 06,93.0,Model A,2018,92 years 08 months,600000.0
2024-09-01,YISHUN,4 ROOM,710,YISHUN AVE 5,07 TO 09,93.0,New Generation,1984,58 years 08 months,510000.0
2024-09-01,YISHUN,4 ROOM,706,YISHUN AVE 5,04 TO 06,93.0,New Generation,1984,58 years 05 months,500000.0
2024-09-01,YISHUN,4 ROOM,407,YISHUN AVE 6,10 TO 12,84.0,Simplified,1988,62 years 09 months,480000.0
2024-09-01,YISHUN,4 ROOM,394,YISHUN AVE 6,07 TO 09,104.0,Model A,1989,64 years,480000.0
2024-09-01,YISHUN,4 ROOM,390,YISHUN AVE 6,01 TO 03,84.0,Simplified,1988,63 years,485000.0
2024-09-01,YISHUN,4 ROOM,404,YISHUN AVE 6,10 TO 12,84.0,Simplified,1988,63 years 01 month,510000.0
2024-09-01,YISHUN,4 ROOM,113,YISHUN RING RD,04 TO 06,103.0,Model A,1986,60 years 07 months,485000.0
2024-09-01,YISHUN,4 ROOM,677B,YISHUN RING RD,01 TO 03,93.0,Model A,2018,93 years 03 months,555000.0
2024-09-01,YISHUN,4 ROOM,308,YISHUN RING RD,01 TO 03,104.0,Model A,1988,62 years 11 months,510000.0
2024-09-01,YISHUN,4 ROOM,253,YISHUN RING RD,04 TO 06,104.0,Model A,1985,59 years 07 months,530000.0
2024-09-01,YISHUN,4 ROOM,805,YISHUN RING RD,01 TO 03,109.0,Model A,1987,61 years 09 months,605000.0
2024-09-01,YISHUN,4 ROOM,410,YISHUN RING RD,10 TO 12,104.0,Model A,1988,63 years,521888.0
2024-09-01,YISHUN,4 ROOM,386,YISHUN RING RD,10 TO 12,104.0,Model A,1988,62 years 11 months,540000.0
2024-09-01,YISHUN,4 ROOM,327,YISHUN RING RD,04 TO 06,104.0,Model A,1988,62 years 09 months,550000.0
2024-09-01,YISHUN,4 ROOM,255,YISHUN RING RD,07 TO 09,84.0,Simplified,1985,60 years,468000.0
2024-09-01,YISHUN,4 ROOM,311,YISHUN RING RD,01 TO 03,84.0,Simplified,1987,61 years 09 months,460000.0
2024-09-01,YISHUN,4 ROOM,451,YISHUN RING RD,10 TO 12,92.0,Model A,2012,87 years,566888.0
2024-09-01,YISHUN,4 ROOM,677C,YISHUN RING RD,04 TO 06,93.0,Model A,2018,93 years 02 months,580000.0
2024-09-01,YISHUN,4 ROOM,311,YISHUN RING RD,10 TO 12,104.0,Model A,1987,61 years 09 months,565000.0
2024-09-01,YISHUN,4 ROOM,148,YISHUN ST 11,04 TO 06,95.0,New Generation,1985,60 years 01 month,500000.0
2024-09-01,YISHUN,4 ROOM,151,YISHUN ST 11,04 TO 06,91.0,New Generation,1985,59 years 07 months,530000.0
2024-09-01,YISHUN,4 ROOM,214,YISHUN ST 21,04 TO 06,92.0,New Generation,1985,59 years 05 months,538000.0
2024-09-01,YISHUN,4 ROOM,201,YISHUN ST 21,01 TO 03,96.0,New Generation,1985,59 years 10 months,528000.0
2024-09-01,YISHUN,4 ROOM,225,YISHUN ST 21,10 TO 12,100.0,New Generation,1985,60 years 04 months,538000.0
2024-09-01,YISHUN,4 ROOM,201,YISHUN ST 21,04 TO 06,99.0,New Generation,1985,59 years 10 months,577000.0
2024-09-01,YISHUN,4 ROOM,205,YISHUN ST 21,10 TO 12,92.0,New Generation,1985,59 years 05 months,570000.0
2024-09-01,YISHUN,4 ROOM,232,YISHUN ST 21,04 TO 06,98.0,New Generation,1985,59 years 11 months,500888.0
2024-09-01,YISHUN,4 ROOM,266,YISHUN ST 22,04 TO 06,104.0,Model A,1987,61 years 07 months,545000.0
2024-09-01,YISHUN,4 ROOM,275,YISHUN ST 22,04 TO 06,104.0,Model A,1986,60 years 05 months,530000.0
2024-09-01,YISHUN,4 ROOM,274,YISHUN ST 22,04 TO 06,104.0,Model A,1986,60 years 06 months,500000.0
2024-09-01,YISHUN,4 ROOM,266,YISHUN ST 22,10 TO 12,104.0,Model A,1987,61 years 07 months,537000.0
2024-09-01,YISHUN,4 ROOM,269,YISHUN ST 22,04 TO 06,84.0,Simplified,1988,62 years 08 months,490000.0
2024-09-01,YISHUN,4 ROOM,333D,YISHUN ST 31,07 TO 09,92.0,Model A,2015,90 years 03 months,577000.0
2024-09-01,YISHUN,4 ROOM,453,YISHUN ST 41,10 TO 12,93.0,Model A,2013,88 years,618000.0
2024-09-01,YISHUN,4 ROOM,468A,YISHUN ST 43,10 TO 12,93.0,Model A,2019,94 years 03 months,610000.0
2024-09-01,YISHUN,4 ROOM,468A,YISHUN ST 43,10 TO 12,93.0,Model A,2019,94 years 03 months,595000.0
2024-09-01,YISHUN,4 ROOM,504C,YISHUN ST 51,07 TO 09,93.0,Model A,2016,90 years 07 months,615000.0
2024-09-01,YISHUN,4 ROOM,502C,YISHUN ST 51,01 TO 03,92.0,Model A,2018,92 years 05 months,560000.0
2024-09-01,YISHUN,4 ROOM,504A,YISHUN ST 51,04 TO 06,92.0,Model A,2016,90 years 07 months,575000.0
2024-09-01,YISHUN,4 ROOM,647,YISHUN ST 61,07 TO 09,83.0,Simplified,1987,61 years 08 months,500000.0
2024-09-01,YISHUN,4 ROOM,610,YISHUN ST 61,04 TO 06,84.0,Simplified,1986,60 years 11 months,500000.0
2024-09-01,YISHUN,4 ROOM,638,YISHUN ST 61,01 TO 03,84.0,Simplified,1987,61 years 07 months,485000.0
2024-09-01,YISHUN,4 ROOM,725,YISHUN ST 71,01 TO 03,84.0,Simplified,1987,62 years 02 months,460000.0
2024-09-01,YISHUN,4 ROOM,717,YISHUN ST 71,01 TO 03,84.0,Simplified,1987,62 years 03 months,463000.0
2024-09-01,YISHUN,4 ROOM,726,YISHUN ST 71,01 TO 03,90.0,Simplified,1985,60 years 03 months,485000.0
2024-09-01,YISHUN,4 ROOM,721,YISHUN ST 71,10 TO 12,104.0,Model A,1985,60 years 01 month,536000.0
2024-09-01,YISHUN,4 ROOM,716,YISHUN ST 71,01 TO 03,88.0,Simplified,1987,62 years 02 months,470000.0
2024-09-01,YISHUN,4 ROOM,838,YISHUN ST 81,04 TO 06,104.0,Model A,1987,62 years 02 months,603888.0
2024-09-01,YISHUN,4 ROOM,844,YISHUN ST 81,10 TO 12,104.0,Model A,1988,63 years 04 months,628000.0
2024-09-01,YISHUN,4 ROOM,879,YISHUN ST 81,04 TO 06,104.0,Model A,1987,62 years 02 months,560000.0
2024-09-01,YISHUN,4 ROOM,820,YISHUN ST 81,01 TO 03,104.0,Model A,1988,63 years,568000.0
2024-09-01,YISHUN,4 ROOM,873,YISHUN ST 81,10 TO 12,104.0,Model A,1988,62 years 08 months,611000.0
2024-09-01,YISHUN,4 ROOM,820,YISHUN ST 81,04 TO 06,104.0,Model A,1988,63 years,550000.0
2024-09-01,YISHUN,5 ROOM,432C,YISHUN AVE 1,01 TO 03,112.0,Improved,2015,90 years 02 months,610000.0
2024-09-01,YISHUN,5 ROOM,432A,YISHUN AVE 1,07 TO 09,112.0,Improved,2015,90 years 01 month,675000.0
2024-09-01,YISHUN,5 ROOM,428B,YISHUN AVE 11,01 TO 03,112.0,Improved,2015,89 years 07 months,640000.0
2024-09-01,YISHUN,5 ROOM,788,YISHUN AVE 2,07 TO 09,121.0,Improved,1987,62 years 04 months,669000.0
2024-09-01,YISHUN,5 ROOM,776,YISHUN AVE 2,10 TO 12,120.0,Improved,1986,60 years 10 months,678000.0
2024-09-01,YISHUN,5 ROOM,317A,YISHUN AVE 9,07 TO 09,112.0,Improved,2015,90 years 02 months,730000.0
2024-09-01,YISHUN,5 ROOM,318A,YISHUN AVE 9,13 TO 15,112.0,Improved,2015,90 years 03 months,740888.0
2024-09-01,YISHUN,5 ROOM,318A,YISHUN AVE 9,07 TO 09,112.0,Improved,2015,90 years 02 months,718000.0
2024-09-01,YISHUN,5 ROOM,318B,YISHUN AVE 9,13 TO 15,112.0,Improved,2015,90 years 02 months,726000.0
2024-09-01,YISHUN,5 ROOM,305,YISHUN CTRL,10 TO 12,122.0,Improved,1988,62 years 07 months,660000.0
2024-09-01,YISHUN,5 ROOM,676B,YISHUN RING RD,13 TO 15,120.0,3Gen,2018,93 years 03 months,760000.0
2024-09-01,YISHUN,5 ROOM,332,YISHUN RING RD,04 TO 06,122.0,Improved,1988,63 years,705000.0
2024-09-01,YISHUN,5 ROOM,238,YISHUN RING RD,04 TO 06,121.0,Improved,1985,59 years 11 months,631000.0
2024-09-01,YISHUN,5 ROOM,308,YISHUN RING RD,01 TO 03,122.0,Improved,1988,62 years 10 months,650000.0
2024-09-01,YISHUN,5 ROOM,809,YISHUN RING RD,07 TO 09,122.0,Improved,1987,61 years 08 months,750000.0
2024-09-01,YISHUN,5 ROOM,149,YISHUN ST 11,07 TO 09,121.0,Improved,1985,59 years 07 months,630000.0
2024-09-01,YISHUN,5 ROOM,298,YISHUN ST 20,10 TO 12,111.0,Improved,2000,75 years 04 months,653888.0
2024-09-01,YISHUN,5 ROOM,221,YISHUN ST 21,04 TO 06,121.0,Improved,1985,59 years 10 months,628000.0
2024-09-01,YISHUN,5 ROOM,229,YISHUN ST 21,07 TO 09,121.0,Improved,1985,59 years 10 months,678000.0
2024-09-01,YISHUN,5 ROOM,259,YISHUN ST 22,07 TO 09,122.0,Improved,1986,60 years 10 months,671000.0
2024-09-01,YISHUN,5 ROOM,511B,YISHUN ST 51,07 TO 09,113.0,Improved,2017,92 years,705000.0
2024-09-01,YISHUN,5 ROOM,505B,YISHUN ST 51,13 TO 15,113.0,Improved,2016,90 years 07 months,720000.0
2024-09-01,YISHUN,5 ROOM,513D,YISHUN ST 51,04 TO 06,113.0,Improved,2018,92 years 06 months,730000.0
2024-09-01,YISHUN,5 ROOM,513B,YISHUN ST 51,10 TO 12,113.0,Improved,2018,92 years 06 months,760000.0
2024-09-01,YISHUN,5 ROOM,636,YISHUN ST 61,04 TO 06,121.0,Improved,1987,62 years 03 months,660000.0
2024-09-01,YISHUN,5 ROOM,865,YISHUN ST 81,07 TO 09,122.0,Improved,1988,62 years 07 months,738000.0
2024-09-01,YISHUN,EXECUTIVE,392,YISHUN AVE 6,04 TO 06,146.0,Maisonette,1988,62 years 10 months,808888.0
2024-09-01,YISHUN,EXECUTIVE,392,YISHUN AVE 6,04 TO 06,142.0,Apartment,1988,62 years 10 months,790000.0
2024-09-01,YISHUN,EXECUTIVE,792,YISHUN RING RD,07 TO 09,142.0,Apartment,1987,62 years,818888.0
2024-09-01,YISHUN,EXECUTIVE,358,YISHUN RING RD,01 TO 03,146.0,Maisonette,1988,62 years 10 months,850000.0
2024-09-01,YISHUN,EXECUTIVE,361,YISHUN RING RD,01 TO 03,146.0,Maisonette,1988,62 years 10 months,800000.0
2024-09-01,YISHUN,EXECUTIVE,358,YISHUN RING RD,01 TO 03,146.0,Maisonette,1988,62 years 10 months,900000.0
2024-09-01,YISHUN,EXECUTIVE,606,YISHUN ST 61,01 TO 03,147.0,Apartment,1987,62 years 03 months,770000.0
2024-09-01,YISHUN,EXECUTIVE,641,YISHUN ST 61,07 TO 09,164.0,Apartment,1992,66 years 10 months,1068888.0
2024-09-01,YISHUN,EXECUTIVE,606,YISHUN ST 61,13 TO 15,147.0,Apartment,1987,62 years 03 months,880000.0
2024-09-01,YISHUN,EXECUTIVE,824,YISHUN ST 81,01 TO 03,146.0,Maisonette,1987,62 years 03 months,893888.0
2024-10-01,ANG MO KIO,3 ROOM,218,ANG MO KIO AVE 1,10 TO 12,67.0,New Generation,1976,50 years 08 months,428000.0
2024-10-01,ANG MO KIO,3 ROOM,332,ANG MO KIO AVE 1,04 TO 06,68.0,New Generation,1981,55 years 04 months,423888.0
2024-10-01,ANG MO KIO,3 ROOM,418,ANG MO KIO AVE 10,04 TO 06,74.0,New Generation,1979,53 years 11 months,412000.0
2024-10-01,ANG MO KIO,3 ROOM,560,ANG MO KIO AVE 10,10 TO 12,67.0,New Generation,1980,54 years 05 months,390000.0
2024-10-01,ANG MO KIO,3 ROOM,465,ANG MO KIO AVE 10,10 TO 12,82.0,New Generation,1980,54 years 05 months,475000.0
2024-10-01,ANG MO KIO,3 ROOM,550,ANG MO KIO AVE 10,10 TO 12,68.0,New Generation,1981,55 years 04 months,408000.0
2024-10-01,ANG MO KIO,3 ROOM,558,ANG MO KIO AVE 10,07 TO 09,67.0,New Generation,1980,54 years 05 months,410888.0
2024-10-01,ANG MO KIO,3 ROOM,442,ANG MO KIO AVE 10,10 TO 12,67.0,New Generation,1979,53 years 11 months,420000.0
2024-10-01,ANG MO KIO,3 ROOM,462,ANG MO KIO AVE 10,01 TO 03,68.0,New Generation,1980,54 years 05 months,382000.0
2024-10-01,ANG MO KIO,3 ROOM,421,ANG MO KIO AVE 10,07 TO 09,74.0,New Generation,1979,53 years 11 months,430000.0
2024-10-01,ANG MO KIO,3 ROOM,558,ANG MO KIO AVE 10,07 TO 09,67.0,New Generation,1980,54 years 05 months,402000.0
2024-10-01,ANG MO KIO,3 ROOM,462,ANG MO KIO AVE 10,01 TO 03,68.0,New Generation,1980,54 years 05 months,385000.0
2024-10-01,ANG MO KIO,3 ROOM,417,ANG MO KIO AVE 10,10 TO 12,74.0,New Generation,1979,53 years 11 months,438000.0
2024-10-01,ANG MO KIO,3 ROOM,463,ANG MO KIO AVE 10,01 TO 03,68.0,New Generation,1980,54 years 05 months,380888.0
2024-10-01,ANG MO KIO,3 ROOM,534,ANG MO KIO AVE 10,01 TO 03,68.0,New Generation,1980,54 years 05 months,375000.0
2024-10-01,ANG MO KIO,3 ROOM,443,ANG MO KIO AVE 10,07 TO 09,67.0,New Generation,1979,53 years 11 months,405000.0
2024-10-01,ANG MO KIO,3 ROOM,445,ANG MO KIO AVE 10,10 TO 12,67.0,New Generation,1979,53 years 11 months,438000.0
2024-10-01,ANG MO KIO,3 ROOM,474,ANG MO KIO AVE 10,01 TO 03,67.0,New Generation,1984,58 years 05 months,390000.0
2024-10-01,ANG MO KIO,3 ROOM,536,ANG MO KIO AVE 10,01 TO 03,68.0,New Generation,1980,54 years 05 months,385000.0
2024-10-01,ANG MO KIO,3 ROOM,444,ANG MO KIO AVE 10,04 TO 06,67.0,New Generation,1979,53 years 11 months,410000.0
2024-10-01,ANG MO KIO,3 ROOM,474,ANG MO KIO AVE 10,13 TO 15,67.0,New Generation,1984,58 years 05 months,450000.0
2024-10-01,ANG MO KIO,3 ROOM,474,ANG MO KIO AVE 10,07 TO 09,67.0,New Generation,1984,58 years 05 months,390000.0
2024-10-01,ANG MO KIO,3 ROOM,540,ANG MO KIO AVE 10,04 TO 06,68.0,New Generation,1981,55 years 04 months,418000.0
2024-10-01,ANG MO KIO,3 ROOM,403,ANG MO KIO AVE 10,04 TO 06,67.0,New Generation,1979,53 years 08 months,420000.0
2024-10-01,ANG MO KIO,3 ROOM,577,ANG MO KIO AVE 10,07 TO 09,67.0,New Generation,1980,54 years 04 months,410000.0
2024-10-01,ANG MO KIO,3 ROOM,473,ANG MO KIO AVE 10,07 TO 09,67.0,New Generation,1984,58 years 10 months,410000.0
2024-10-01,ANG MO KIO,3 ROOM,230,ANG MO KIO AVE 3,07 TO 09,67.0,New Generation,1978,52 years 05 months,408000.0
2024-10-01,ANG MO KIO,3 ROOM,201,ANG MO KIO AVE 3,01 TO 03,67.0,New Generation,1977,51 years 08 months,425000.0
2024-10-01,ANG MO KIO,3 ROOM,571,ANG MO KIO AVE 3,10 TO 12,67.0,New Generation,1979,53 years 08 months,395000.0
2024-10-01,ANG MO KIO,3 ROOM,235,ANG MO KIO AVE 3,04 TO 06,82.0,New Generation,1977,52 years,512000.0
2024-10-01,ANG MO KIO,3 ROOM,584,ANG MO KIO AVE 3,04 TO 06,67.0,New Generation,1979,53 years 09 months,485000.0
2024-10-01,ANG MO KIO,3 ROOM,422,ANG MO KIO AVE 3,07 TO 09,73.0,New Generation,1979,53 years 04 months,400000.0
2024-10-01,ANG MO KIO,3 ROOM,348,ANG MO KIO AVE 3,01 TO 03,73.0,New Generation,1978,52 years 07 months,420000.0
2024-10-01,ANG MO KIO,3 ROOM,214,ANG MO KIO AVE 3,07 TO 09,67.0,New Generation,1976,50 years 07 months,402000.0
2024-10-01,ANG MO KIO,3 ROOM,345,ANG MO KIO AVE 3,04 TO 06,73.0,New Generation,1978,52 years 07 months,470000.0
2024-10-01,ANG MO KIO,3 ROOM,129,ANG MO KIO AVE 3,07 TO 09,73.0,New Generation,1979,53 years 04 months,420000.0
2024-10-01,ANG MO KIO,3 ROOM,235,ANG MO KIO AVE 3,07 TO 09,67.0,New Generation,1977,52 years,455000.0
2024-10-01,ANG MO KIO,3 ROOM,570,ANG MO KIO AVE 3,07 TO 09,67.0,New Generation,1979,53 years 08 months,422000.0
2024-10-01,ANG MO KIO,3 ROOM,345,ANG MO KIO AVE 3,10 TO 12,73.0,New Generation,1978,52 years 07 months,500000.0
2024-10-01,ANG MO KIO,3 ROOM,212,ANG MO KIO AVE 3,04 TO 06,67.0,New Generation,1977,51 years 07 months,370000.0
2024-10-01,BEDOK,4 ROOM,34,BEDOK STH AVE 2,07 TO 09,90.0,Improved,1977,52 years,480888.0
2024-10-01,ANG MO KIO,3 ROOM,644,ANG MO KIO AVE 4,04 TO 06,75.0,New Generation,1980,55 years 02 months,430000.0
2024-10-01,ANG MO KIO,3 ROOM,170,ANG MO KIO AVE 4,04 TO 06,60.0,Improved,1986,60 years 04 months,415000.0
2024-10-01,ANG MO KIO,3 ROOM,644,ANG MO KIO AVE 4,01 TO 03,89.0,New Generation,1980,55 years 02 months,480000.0
2024-10-01,ANG MO KIO,3 ROOM,611,ANG MO KIO AVE 5,07 TO 09,67.0,New Generation,1980,54 years 10 months,410000.0
2024-10-01,ANG MO KIO,3 ROOM,151,ANG MO KIO AVE 5,01 TO 03,68.0,New Generation,1981,55 years 04 months,392000.0
2024-10-01,ANG MO KIO,3 ROOM,151,ANG MO KIO AVE 5,04 TO 06,68.0,New Generation,1981,55 years 04 months,470000.0
2024-10-01,ANG MO KIO,3 ROOM,154,ANG MO KIO AVE 5,04 TO 06,68.0,New Generation,1981,55 years 04 months,428888.0
2024-10-01,ANG MO KIO,3 ROOM,633,ANG MO KIO AVE 6,01 TO 03,82.0,New Generation,1985,59 years 04 months,470000.0
2024-10-01,ANG MO KIO,3 ROOM,639,ANG MO KIO AVE 6,10 TO 12,68.0,New Generation,1980,55 years,430000.0
2024-10-01,ANG MO KIO,3 ROOM,635,ANG MO KIO AVE 6,10 TO 12,68.0,New Generation,1980,55 years,433000.0
2024-10-01,ANG MO KIO,3 ROOM,124,ANG MO KIO AVE 6,10 TO 12,67.0,New Generation,1979,53 years 04 months,431000.0
2024-10-01,ANG MO KIO,3 ROOM,455A,ANG MO KIO ST 44,34 TO 36,68.0,Model A,2018,92 years 06 months,750000.0
2024-10-01,ANG MO KIO,4 ROOM,221,ANG MO KIO AVE 1,07 TO 09,102.0,Model A,1993,67 years 08 months,620000.0
2024-10-01,ANG MO KIO,4 ROOM,337,ANG MO KIO AVE 1,07 TO 09,91.0,New Generation,1982,56 years 05 months,520000.0
2024-10-01,ANG MO KIO,4 ROOM,310B,ANG MO KIO AVE 1,10 TO 12,87.0,Model A,2012,87 years,870000.0
2024-10-01,ANG MO KIO,4 ROOM,546,ANG MO KIO AVE 10,04 TO 06,92.0,New Generation,1981,55 years 04 months,528000.0
2024-10-01,ANG MO KIO,4 ROOM,577,ANG MO KIO AVE 10,10 TO 12,91.0,New Generation,1980,54 years 04 months,515000.0
2024-10-01,ANG MO KIO,4 ROOM,344,ANG MO KIO AVE 3,04 TO 06,98.0,New Generation,1978,52 years 07 months,625000.0
2024-10-01,ANG MO KIO,4 ROOM,573,ANG MO KIO AVE 3,10 TO 12,92.0,New Generation,1979,53 years 08 months,580000.0
2024-10-01,ANG MO KIO,4 ROOM,229,ANG MO KIO AVE 3,07 TO 09,91.0,New Generation,1978,52 years 04 months,560888.0
2024-10-01,ANG MO KIO,4 ROOM,426,ANG MO KIO AVE 3,07 TO 09,92.0,New Generation,1978,53 years 01 month,493000.0
2024-10-01,ANG MO KIO,4 ROOM,344,ANG MO KIO AVE 3,01 TO 03,98.0,New Generation,1978,52 years 07 months,590000.0
2024-10-01,ANG MO KIO,4 ROOM,214,ANG MO KIO AVE 3,10 TO 12,82.0,New Generation,1976,50 years 07 months,483000.0
2024-10-01,ANG MO KIO,4 ROOM,426,ANG MO KIO AVE 3,10 TO 12,92.0,New Generation,1978,53 years 01 month,600000.0
2024-10-01,ANG MO KIO,4 ROOM,327,ANG MO KIO AVE 3,10 TO 12,98.0,New Generation,1977,51 years 09 months,623000.0
2024-10-01,ANG MO KIO,4 ROOM,572,ANG MO KIO AVE 3,07 TO 09,92.0,New Generation,1979,53 years 08 months,550000.0
2024-10-01,ANG MO KIO,4 ROOM,118,ANG MO KIO AVE 4,01 TO 03,99.0,New Generation,1978,52 years 09 months,538000.0
2024-10-01,ANG MO KIO,4 ROOM,175,ANG MO KIO AVE 4,01 TO 03,91.0,New Generation,1981,55 years 10 months,561000.0
2024-10-01,ANG MO KIO,4 ROOM,537,ANG MO KIO AVE 5,01 TO 03,92.0,New Generation,1980,54 years 05 months,532000.0
2024-10-01,ANG MO KIO,4 ROOM,522,ANG MO KIO AVE 5,10 TO 12,91.0,New Generation,1980,54 years 11 months,580000.0
2024-10-01,ANG MO KIO,4 ROOM,634,ANG MO KIO AVE 6,10 TO 12,91.0,New Generation,1980,54 years 10 months,580000.0
2024-10-01,ANG MO KIO,4 ROOM,634,ANG MO KIO AVE 6,10 TO 12,91.0,New Generation,1980,54 years 10 months,563888.0
2024-10-01,ANG MO KIO,4 ROOM,511,ANG MO KIO AVE 8,01 TO 03,91.0,New Generation,1980,54 years 11 months,535000.0
2024-10-01,ANG MO KIO,4 ROOM,625,ANG MO KIO AVE 9,10 TO 12,92.0,New Generation,1980,55 years,606888.0
2024-10-01,ANG MO KIO,4 ROOM,315A,ANG MO KIO ST 31,04 TO 06,90.0,Model A,2006,80 years 07 months,772000.0
2024-10-01,ANG MO KIO,4 ROOM,351,ANG MO KIO ST 32,10 TO 12,95.0,Model A,2001,76 years,828000.0
2024-10-01,ANG MO KIO,4 ROOM,455B,ANG MO KIO ST 44,07 TO 09,93.0,Model A,2018,92 years 06 months,900000.0
2024-10-01,ANG MO KIO,4 ROOM,590A,ANG MO KIO ST 51,01 TO 03,93.0,Model A,2019,93 years 05 months,901888.0
2024-10-01,ANG MO KIO,4 ROOM,591A,ANG MO KIO ST 51,13 TO 15,93.0,Model A,2019,93 years 05 months,1025000.0
2024-10-01,ANG MO KIO,5 ROOM,310A,ANG MO KIO AVE 1,19 TO 21,121.0,Improved,2012,87 years,1300000.0
2024-10-01,ANG MO KIO,5 ROOM,306,ANG MO KIO AVE 1,07 TO 09,123.0,Standard,1977,51 years 10 months,750000.0
2024-10-01,ANG MO KIO,5 ROOM,437,ANG MO KIO AVE 10,13 TO 15,119.0,Improved,1979,53 years 04 months,762888.0
2024-10-01,ANG MO KIO,5 ROOM,545,ANG MO KIO AVE 10,04 TO 06,118.0,Improved,1981,55 years 04 months,690000.0
2024-10-01,ANG MO KIO,5 ROOM,539,ANG MO KIO AVE 10,16 TO 18,118.0,Improved,1980,54 years 05 months,785000.0
2024-10-01,ANG MO KIO,5 ROOM,552,ANG MO KIO AVE 10,04 TO 06,119.0,Improved,1980,55 years,665888.0
2024-10-01,ANG MO KIO,5 ROOM,111,ANG MO KIO AVE 4,10 TO 12,117.0,Improved,1978,52 years 11 months,810000.0
2024-10-01,ANG MO KIO,5 ROOM,111,ANG MO KIO AVE 4,01 TO 03,117.0,Improved,1978,52 years 11 months,660000.0
2024-10-01,ANG MO KIO,5 ROOM,506,ANG MO KIO AVE 8,04 TO 06,136.0,Adjoined flat,1980,55 years,900000.0
2024-10-01,ANG MO KIO,5 ROOM,104B,ANG MO KIO ST 11,01 TO 03,128.0,Improved,1996,70 years 08 months,750000.0
2024-10-01,ANG MO KIO,5 ROOM,455B,ANG MO KIO ST 44,25 TO 27,113.0,Improved,2018,92 years 06 months,1170000.0
2024-10-01,ANG MO KIO,5 ROOM,588D,ANG MO KIO ST 52,04 TO 06,117.0,DBSS,2011,85 years 11 months,1188800.0
2024-10-01,ANG MO KIO,5 ROOM,596C,ANG MO KIO ST 52,10 TO 12,110.0,Improved,2002,77 years 03 months,960000.0
2024-10-01,ANG MO KIO,5 ROOM,588D,ANG MO KIO ST 52,04 TO 06,112.0,DBSS,2011,85 years 11 months,1000000.0
2024-10-01,ANG MO KIO,EXECUTIVE,104A,ANG MO KIO ST 11,07 TO 09,146.0,Apartment,1996,70 years 08 months,1200000.0
2024-10-01,BEDOK,3 ROOM,550,BEDOK NTH AVE 1,10 TO 12,68.0,New Generation,1980,54 years 09 months,410000.0
2024-10-01,BEDOK,3 ROOM,521,BEDOK NTH AVE 1,10 TO 12,67.0,New Generation,1979,53 years 10 months,420000.0
2024-10-01,BEDOK,3 ROOM,519,BEDOK NTH AVE 1,07 TO 09,67.0,New Generation,1979,53 years 10 months,403000.0
2024-10-01,BEDOK,3 ROOM,423,BEDOK NTH AVE 1,07 TO 09,81.0,New Generation,1979,53 years 04 months,480000.0
2024-10-01,BEDOK,3 ROOM,410,BEDOK NTH AVE 2,10 TO 12,68.0,New Generation,1980,54 years 07 months,455000.0
2024-10-01,BEDOK,3 ROOM,418,BEDOK NTH AVE 2,07 TO 09,82.0,New Generation,1978,53 years 02 months,505000.0
2024-10-01,BEDOK,3 ROOM,110,BEDOK NTH RD,04 TO 06,67.0,New Generation,1977,51 years 10 months,418000.0
2024-10-01,BEDOK,3 ROOM,115,BEDOK NTH RD,10 TO 12,73.0,New Generation,1978,52 years 08 months,450000.0
2024-10-01,BEDOK,3 ROOM,125,BEDOK NTH RD,04 TO 06,67.0,New Generation,1978,52 years 08 months,388888.0
2024-10-01,BEDOK,3 ROOM,125,BEDOK NTH RD,10 TO 12,67.0,New Generation,1978,52 years 08 months,435000.0
2024-10-01,BEDOK,3 ROOM,77,BEDOK NTH RD,04 TO 06,60.0,Improved,1986,60 years 07 months,395000.0
2024-10-01,BEDOK,3 ROOM,420,BEDOK NTH ST 1,01 TO 03,82.0,New Generation,1979,53 years 04 months,480000.0
2024-10-01,BEDOK,3 ROOM,420,BEDOK NTH ST 1,10 TO 12,82.0,New Generation,1979,53 years 04 months,490000.0
2024-10-01,BEDOK,3 ROOM,502,BEDOK NTH ST 3,04 TO 06,59.0,Improved,1978,52 years 08 months,350500.0
2024-10-01,BEDOK,3 ROOM,529,BEDOK NTH ST 3,10 TO 12,68.0,New Generation,1979,53 years 11 months,380000.0
2024-10-01,BEDOK,3 ROOM,501,BEDOK NTH ST 3,04 TO 06,59.0,Improved,1978,52 years 07 months,380000.0
2024-10-01,BEDOK,3 ROOM,535,BEDOK NTH ST 3,10 TO 12,60.0,Improved,1986,60 years 04 months,388000.0
2024-10-01,BEDOK,3 ROOM,503,BEDOK NTH ST 3,01 TO 03,59.0,Improved,1978,52 years 07 months,371000.0
2024-10-01,BEDOK,3 ROOM,530,BEDOK NTH ST 3,07 TO 09,68.0,New Generation,1979,53 years 11 months,388000.0
2024-10-01,BEDOK,3 ROOM,545,BEDOK NTH ST 3,04 TO 06,68.0,New Generation,1980,54 years 08 months,420000.0
2024-10-01,BEDOK,3 ROOM,540,BEDOK NTH ST 3,01 TO 03,68.0,New Generation,1980,54 years 09 months,395000.0
2024-10-01,BEDOK,3 ROOM,703,BEDOK RESERVOIR RD,01 TO 03,68.0,New Generation,1980,55 years 02 months,402000.0
2024-10-01,BEDOK,3 ROOM,126,BEDOK RESERVOIR RD,04 TO 06,64.0,Simplified,1987,61 years 07 months,410000.0
2024-10-01,BEDOK,3 ROOM,129,BEDOK RESERVOIR RD,04 TO 06,64.0,Simplified,1986,61 years 03 months,475000.0
2024-10-01,BEDOK,3 ROOM,704,BEDOK RESERVOIR RD,04 TO 06,68.0,New Generation,1981,55 years 10 months,445000.0
2024-10-01,BEDOK,3 ROOM,3,BEDOK STH AVE 1,07 TO 09,59.0,Improved,1976,50 years 04 months,370000.0
2024-10-01,BEDOK,3 ROOM,33,BEDOK STH AVE 2,10 TO 12,73.0,New Generation,1978,52 years 06 months,410000.0
2024-10-01,BEDOK,3 ROOM,69,BEDOK STH AVE 3,07 TO 09,67.0,New Generation,1978,52 years 05 months,410000.0
2024-10-01,BEDOK,3 ROOM,71,BEDOK STH RD,01 TO 03,67.0,New Generation,1978,52 years 05 months,405000.0
2024-10-01,BEDOK,3 ROOM,39,BEDOK STH RD,07 TO 09,67.0,New Generation,1978,53 years,400000.0
2024-10-01,BEDOK,3 ROOM,36,CHAI CHEE AVE,10 TO 12,65.0,Improved,1974,48 years 04 months,380000.0
2024-10-01,BEDOK,3 ROOM,37,CHAI CHEE AVE,01 TO 03,66.0,Improved,1983,57 years 07 months,350000.0
2024-10-01,BEDOK,3 ROOM,55,CHAI CHEE DR,10 TO 12,76.0,Model A,1984,58 years 07 months,420000.0
2024-10-01,BEDOK,3 ROOM,20,CHAI CHEE RD,10 TO 12,65.0,Improved,1972,46 years 10 months,410000.0
2024-10-01,BEDOK,3 ROOM,54,CHAI CHEE ST,04 TO 06,68.0,New Generation,1981,55 years 08 months,395000.0
2024-10-01,BEDOK,3 ROOM,44,CHAI CHEE ST,01 TO 03,68.0,New Generation,1980,54 years 07 months,385000.0
2024-10-01,BEDOK,4 ROOM,221A,BEDOK CTRL,04 TO 06,94.0,Model A,2010,84 years 08 months,868000.0
2024-10-01,BEDOK,4 ROOM,512,BEDOK NTH AVE 2,04 TO 06,92.0,New Generation,1979,53 years 10 months,500000.0
2024-10-01,BEDOK,4 ROOM,507,BEDOK NTH AVE 3,01 TO 03,92.0,New Generation,1978,53 years 02 months,506000.0
2024-10-01,BEDOK,4 ROOM,508,BEDOK NTH AVE 3,13 TO 15,92.0,New Generation,1978,53 years 02 months,520000.0
2024-10-01,BEDOK,4 ROOM,102,BEDOK NTH AVE 4,01 TO 03,91.0,New Generation,1977,51 years 11 months,500000.0
2024-10-01,BEDOK,4 ROOM,95,BEDOK NTH AVE 4,04 TO 06,92.0,New Generation,1979,53 years 09 months,482000.0
2024-10-01,BEDOK,4 ROOM,426,BEDOK NTH RD,10 TO 12,92.0,New Generation,1979,53 years 05 months,538000.0
2024-10-01,BEDOK,4 ROOM,181,BEDOK NTH RD,04 TO 06,92.0,Model A,2006,80 years 04 months,660000.0
2024-10-01,BEDOK,4 ROOM,422,BEDOK NTH RD,13 TO 15,92.0,New Generation,1979,53 years 04 months,558000.0
2024-10-01,BEDOK,4 ROOM,182,BEDOK NTH RD,10 TO 12,85.0,Model A,2006,80 years 05 months,745000.0
2024-10-01,BEDOK,4 ROOM,79,BEDOK NTH RD,10 TO 12,91.0,New Generation,1978,52 years 09 months,518888.0
2024-10-01,BEDOK,4 ROOM,421,BEDOK NTH RD,07 TO 09,92.0,New Generation,1979,53 years 04 months,575000.0
2024-10-01,BEDOK,4 ROOM,127,BEDOK NTH ST 2,07 TO 09,92.0,New Generation,1978,52 years 08 months,535000.0
2024-10-01,BEDOK,4 ROOM,188A,BEDOK NTH ST 4,07 TO 09,93.0,Model A,2018,93 years 03 months,750000.0
2024-10-01,BEDOK,4 ROOM,186A,BEDOK NTH ST 4,01 TO 03,93.0,Model A,2018,93 years 04 months,725000.0
2024-10-01,BEDOK,4 ROOM,747B,BEDOK RESERVOIR CRES,04 TO 06,86.0,DBSS,2014,89 years,856000.0
2024-10-01,BEDOK,4 ROOM,626,BEDOK RESERVOIR RD,07 TO 09,91.0,New Generation,1981,55 years 06 months,540000.0
2024-10-01,BEDOK,4 ROOM,612,BEDOK RESERVOIR RD,04 TO 06,98.0,New Generation,1981,55 years 07 months,540000.0
2024-10-01,BEDOK,4 ROOM,125,BEDOK RESERVOIR RD,07 TO 09,103.0,Model A,1987,61 years 10 months,660000.0
2024-10-01,BEDOK,4 ROOM,141,BEDOK RESERVOIR RD,10 TO 12,84.0,Simplified,1986,61 years 02 months,580000.0
2024-10-01,BEDOK,4 ROOM,626,BEDOK RESERVOIR RD,10 TO 12,91.0,New Generation,1981,55 years 05 months,550000.0
2024-10-01,BEDOK,4 ROOM,123,BEDOK RESERVOIR RD,10 TO 12,84.0,Simplified,1987,62 years,560000.0
2024-10-01,BEDOK,4 ROOM,135,BEDOK RESERVOIR RD,07 TO 09,103.0,Model A,1987,61 years 06 months,628000.0
2024-10-01,BEDOK,4 ROOM,120,BEDOK RESERVOIR RD,04 TO 06,93.0,New Generation,1985,60 years,613000.0
2024-10-01,BEDOK,4 ROOM,632,BEDOK RESERVOIR RD,01 TO 03,94.0,New Generation,1982,57 years 01 month,518000.0
2024-10-01,BEDOK,4 ROOM,773,BEDOK RESERVOIR VIEW,04 TO 06,105.0,Premium Apartment,2000,75 years 03 months,655000.0
2024-10-01,BEDOK,4 ROOM,772,BEDOK RESERVOIR VIEW,10 TO 12,105.0,Premium Apartment,2000,75 years 03 months,700000.0
2024-10-01,BEDOK,4 ROOM,7,BEDOK STH AVE 2,04 TO 06,82.0,Improved,1976,50 years 04 months,453888.0
2024-10-01,BEDOK,4 ROOM,44,BEDOK STH RD,10 TO 12,84.0,Improved,1977,52 years 01 month,475000.0
2024-10-01,BEDOK,4 ROOM,56,CHAI CHEE DR,10 TO 12,91.0,New Generation,1983,57 years 04 months,525000.0
2024-10-01,BEDOK,4 ROOM,43,CHAI CHEE ST,04 TO 06,92.0,New Generation,1980,54 years 08 months,545000.0
2024-10-01,BEDOK,4 ROOM,647,JLN TENAGA,10 TO 12,104.0,Model A,1993,67 years 08 months,736618.0
2024-10-01,BEDOK,4 ROOM,51,NEW UPP CHANGI RD,04 TO 06,84.0,Improved,1977,52 years,478000.0
2024-10-01,BEDOK,4 ROOM,64,NEW UPP CHANGI RD,10 TO 12,92.0,New Generation,1978,52 years 08 months,570000.0
2024-10-01,BEDOK,5 ROOM,552,BEDOK NTH AVE 1,10 TO 12,121.0,Improved,1980,54 years 09 months,655000.0
2024-10-01,BEDOK,5 ROOM,405,BEDOK NTH AVE 3,13 TO 15,118.0,Improved,1980,54 years 10 months,780000.0
2024-10-01,BEDOK,5 ROOM,405,BEDOK NTH AVE 3,10 TO 12,118.0,Improved,1980,54 years 09 months,780000.0
2024-10-01,BEDOK,5 ROOM,406,BEDOK NTH AVE 3,16 TO 18,118.0,Improved,1980,54 years 10 months,800000.0
2024-10-01,BEDOK,5 ROOM,181,BEDOK NTH RD,01 TO 03,110.0,Improved,2006,80 years 04 months,788000.0
2024-10-01,BEDOK,5 ROOM,118,BEDOK NTH ST 2,16 TO 18,123.0,Standard,1978,52 years 06 months,720000.0
2024-10-01,BEDOK,5 ROOM,186A,BEDOK NTH ST 4,19 TO 21,113.0,Improved,2018,93 years 03 months,1050000.0
2024-10-01,BEDOK,5 ROOM,186A,BEDOK NTH ST 4,04 TO 06,113.0,Improved,2018,93 years 03 months,978888.0
2024-10-01,BEDOK,5 ROOM,90,BEDOK NTH ST 4,04 TO 06,117.0,Standard,1978,52 years 09 months,620000.0
2024-10-01,BEDOK,5 ROOM,715,BEDOK RESERVOIR RD,10 TO 12,121.0,Improved,1980,55 years 02 months,750000.0
2024-10-01,BEDOK,5 ROOM,602,BEDOK RESERVOIR RD,04 TO 06,122.0,Improved,1982,56 years 08 months,615000.0
2024-10-01,BEDOK,5 ROOM,128,BEDOK RESERVOIR RD,07 TO 09,122.0,Improved,1986,61 years 02 months,710000.0
2024-10-01,BEDOK,5 ROOM,131,BEDOK RESERVOIR RD,01 TO 03,122.0,Improved,1987,61 years 04 months,635000.0
2024-10-01,BEDOK,5 ROOM,717,BEDOK RESERVOIR RD,10 TO 12,140.0,Model A-Maisonette,1984,58 years 03 months,908000.0
2024-10-01,BEDOK,5 ROOM,805,CHAI CHEE RD,07 TO 09,126.0,Improved,1993,67 years 08 months,828000.0
2024-10-01,BEDOK,5 ROOM,1,CHAI CHEE RD,04 TO 06,133.0,Model A,1983,57 years 11 months,688000.0
2024-10-01,BEDOK,5 ROOM,669,JLN DAMAI,04 TO 06,125.0,Improved,1996,71 years 02 months,808000.0
2024-10-01,BEDOK,5 ROOM,666,JLN DAMAI,04 TO 06,126.0,Improved,1996,71 years 02 months,815000.0
2024-10-01,BEDOK,5 ROOM,667,JLN DAMAI,04 TO 06,132.0,Model A,1996,71 years 02 months,865000.0
2024-10-01,BEDOK,5 ROOM,655,JLN TENAGA,07 TO 09,133.0,Model A,1996,71 years 02 months,910000.0
2024-10-01,BEDOK,5 ROOM,110,LENGKONG TIGA,01 TO 03,121.0,Improved,1989,63 years 03 months,830000.0
2024-10-01,BEDOK,5 ROOM,61,NEW UPP CHANGI RD,19 TO 21,118.0,Standard,1977,51 years 10 months,725000.0
2024-10-01,BEDOK,EXECUTIVE,719,BEDOK RESERVOIR RD,04 TO 06,148.0,Maisonette,1984,58 years 04 months,920000.0
2024-10-01,BEDOK,EXECUTIVE,637,BEDOK RESERVOIR RD,16 TO 18,142.0,Apartment,1993,67 years 08 months,1030000.0
2024-10-01,BEDOK,EXECUTIVE,160,BEDOK STH AVE 3,01 TO 03,146.0,Maisonette,1986,60 years 08 months,928888.0
2024-10-01,BEDOK,EXECUTIVE,665,JLN DAMAI,10 TO 12,145.0,Maisonette,1996,71 years,1039000.0
2024-10-01,BEDOK,EXECUTIVE,663,JLN DAMAI,10 TO 12,142.0,Apartment,1996,71 years,976888.0
2024-10-01,BISHAN,3 ROOM,176,BISHAN ST 13,07 TO 09,64.0,Simplified,1988,62 years 08 months,530000.0
2024-10-01,BISHAN,3 ROOM,308,SHUNFU RD,07 TO 09,67.0,New Generation,1984,59 years 03 months,552000.0
2024-10-01,BISHAN,3 ROOM,22,SIN MING RD,10 TO 12,68.0,Improved,1973,48 years 01 month,378888.0
2024-10-01,BISHAN,4 ROOM,145,BISHAN ST 11,04 TO 06,102.0,Model A,1987,62 years 01 month,730000.0
2024-10-01,BISHAN,4 ROOM,503,BISHAN ST 11,04 TO 06,113.0,Model A,1989,64 years 02 months,980000.0
2024-10-01,BISHAN,4 ROOM,149,BISHAN ST 11,07 TO 09,84.0,Simplified,1987,61 years 04 months,623000.0
2024-10-01,BISHAN,4 ROOM,124,BISHAN ST 12,07 TO 09,83.0,Simplified,1987,61 years 09 months,716000.0
2024-10-01,BISHAN,4 ROOM,109,BISHAN ST 12,10 TO 12,84.0,Simplified,1985,60 years 03 months,730000.0
2024-10-01,BISHAN,4 ROOM,111,BISHAN ST 12,04 TO 06,84.0,Simplified,1986,60 years 04 months,748000.0
2024-10-01,BISHAN,4 ROOM,131,BISHAN ST 12,04 TO 06,84.0,Simplified,1986,60 years 04 months,610000.0
2024-10-01,BISHAN,4 ROOM,154,BISHAN ST 13,04 TO 06,103.0,Model A,1987,62 years 03 months,731000.0
2024-10-01,BISHAN,4 ROOM,196,BISHAN ST 13,04 TO 06,84.0,Simplified,1987,61 years 04 months,739888.0
2024-10-01,BISHAN,4 ROOM,188,BISHAN ST 13,07 TO 09,85.0,Simplified,1988,62 years 06 months,755000.0
2024-10-01,BISHAN,4 ROOM,239,BISHAN ST 22,07 TO 09,105.0,Model A,1992,66 years 11 months,818000.0
2024-10-01,BISHAN,4 ROOM,254,BISHAN ST 22,04 TO 06,112.0,Model A,1992,66 years 11 months,730000.0
2024-10-01,BISHAN,4 ROOM,211,BISHAN ST 23,10 TO 12,103.0,Model A,1992,66 years 08 months,780000.0
2024-10-01,BISHAN,4 ROOM,204,BISHAN ST 23,04 TO 06,103.0,Model A,1992,66 years 07 months,750000.0
2024-10-01,BISHAN,4 ROOM,215,BISHAN ST 23,13 TO 15,106.0,Model A,1992,66 years 07 months,830000.0
2024-10-01,BISHAN,4 ROOM,220,BISHAN ST 23,10 TO 12,103.0,Model A,1992,66 years 10 months,780000.0
2024-10-01,BISHAN,4 ROOM,289,BISHAN ST 24,04 TO 06,102.0,Premium Apartment,1998,72 years 09 months,800000.0
2024-10-01,BISHAN,4 ROOM,268,BISHAN ST 24,13 TO 15,106.0,Model A,1992,66 years 11 months,875000.0
2024-10-01,BISHAN,4 ROOM,275A,BISHAN ST 24,01 TO 03,95.0,DBSS,2011,85 years 11 months,940000.0
2024-10-01,BISHAN,4 ROOM,454,SIN MING AVE,01 TO 03,105.0,Model A,1989,64 years 02 months,808000.0
2024-10-01,BISHAN,5 ROOM,157,BISHAN ST 13,01 TO 03,121.0,Improved,1988,62 years 04 months,840888.0
2024-10-01,BISHAN,5 ROOM,164,BISHAN ST 13,04 TO 06,121.0,Improved,1988,62 years 10 months,940000.0
2024-10-01,BISHAN,5 ROOM,216,BISHAN ST 23,10 TO 12,137.0,Model A,1992,66 years 07 months,1043000.0
2024-10-01,BISHAN,5 ROOM,310,SHUNFU RD,10 TO 12,121.0,Improved,1984,59 years 03 months,943000.0
2024-10-01,BISHAN,EXECUTIVE,103,BISHAN ST 12,22 TO 24,163.0,Maisonette,1986,61 years 02 months,1410000.0
2024-10-01,BISHAN,EXECUTIVE,238,BISHAN ST 22,07 TO 09,143.0,Apartment,1992,66 years 11 months,1270000.0
2024-10-01,BISHAN,EXECUTIVE,261,BISHAN ST 22,10 TO 12,149.0,Maisonette,1992,66 years 11 months,1339000.0
2024-10-01,BISHAN,EXECUTIVE,245,BISHAN ST 22,10 TO 12,147.0,Maisonette,1992,66 years 10 months,1238000.0
2024-10-01,BISHAN,EXECUTIVE,201,BISHAN ST 23,04 TO 06,149.0,Maisonette,1992,66 years 07 months,1260000.0
2024-10-01,BISHAN,EXECUTIVE,404,SIN MING AVE,01 TO 03,149.0,Maisonette,1986,60 years 10 months,1080000.0
2024-10-01,BUKIT BATOK,2 ROOM,450A,BT BATOK WEST AVE 6,10 TO 12,47.0,2-room,2019,93 years 06 months,375000.0
2024-10-01,BUKIT BATOK,2 ROOM,438C,BT BATOK WEST AVE 8,10 TO 12,47.0,Model A,2020,94 years 05 months,372000.0
2024-10-01,BUKIT BATOK,2 ROOM,439A,BT BATOK WEST AVE 8,04 TO 06,47.0,Model A,2020,94 years 06 months,345000.0
2024-10-01,BUKIT BATOK,2 ROOM,438C,BT BATOK WEST AVE 8,04 TO 06,47.0,Model A,2020,94 years 05 months,343888.0
2024-10-01,BUKIT BATOK,3 ROOM,280,BT BATOK EAST AVE 3,01 TO 03,64.0,Simplified,1988,62 years 08 months,405000.0
2024-10-01,BUKIT BATOK,3 ROOM,230,BT BATOK EAST AVE 3,07 TO 09,67.0,New Generation,1985,60 years 01 month,398000.0
2024-10-01,BUKIT BATOK,3 ROOM,258,BT BATOK EAST AVE 4,01 TO 03,73.0,Model A,1985,59 years 06 months,400000.0
2024-10-01,BUKIT BATOK,3 ROOM,265,BT BATOK EAST AVE 4,07 TO 09,67.0,New Generation,1985,60 years 01 month,391000.0
2024-10-01,BUKIT BATOK,3 ROOM,271,BT BATOK EAST AVE 4,07 TO 09,64.0,Simplified,1986,61 years,378000.0
2024-10-01,BUKIT BATOK,3 ROOM,263,BT BATOK EAST AVE 4,07 TO 09,73.0,Model A,1985,59 years 09 months,380000.0
2024-10-01,BUKIT BATOK,3 ROOM,258,BT BATOK EAST AVE 4,07 TO 09,73.0,Model A,1985,59 years 06 months,420000.0
2024-10-01,BUKIT BATOK,3 ROOM,242,BT BATOK EAST AVE 5,10 TO 12,69.0,New Generation,1985,60 years 04 months,428000.0
2024-10-01,BUKIT BATOK,3 ROOM,248,BT BATOK EAST AVE 5,01 TO 03,73.0,Model A,1985,59 years 11 months,420000.0
2024-10-01,BUKIT BATOK,3 ROOM,233,BT BATOK EAST AVE 5,07 TO 09,67.0,New Generation,1985,59 years 08 months,410000.0
2024-10-01,BUKIT BATOK,3 ROOM,231,BT BATOK EAST AVE 5,04 TO 06,69.0,New Generation,1985,59 years 09 months,390000.0
2024-10-01,BUKIT BATOK,3 ROOM,241,BT BATOK EAST AVE 5,13 TO 15,67.0,New Generation,1985,60 years,426000.0
2024-10-01,BUKIT BATOK,3 ROOM,240,BT BATOK EAST AVE 5,01 TO 03,69.0,New Generation,1985,60 years 01 month,395000.0
2024-10-01,BUKIT BATOK,3 ROOM,235,BT BATOK EAST AVE 5,10 TO 12,67.0,New Generation,1985,59 years 09 months,420000.0
2024-10-01,BUKIT BATOK,3 ROOM,219,BT BATOK ST 21,07 TO 09,69.0,New Generation,1985,59 years 06 months,400000.0
2024-10-01,BUKIT BATOK,3 ROOM,215,BT BATOK ST 21,04 TO 06,67.0,New Generation,1984,59 years 02 months,380000.0
2024-10-01,BUKIT BATOK,3 ROOM,207,BT BATOK ST 21,10 TO 12,73.0,Model A,1983,57 years 11 months,440000.0
2024-10-01,BUKIT BATOK,3 ROOM,215,BT BATOK ST 21,01 TO 03,67.0,New Generation,1984,59 years 02 months,388000.0
2024-10-01,BUKIT BATOK,3 ROOM,212,BT BATOK ST 21,01 TO 03,71.0,New Generation,1985,60 years,420000.0
2024-10-01,BUKIT BATOK,3 ROOM,205,BT BATOK ST 21,04 TO 06,73.0,Model A,1985,59 years 06 months,450000.0
2024-10-01,BUKIT BATOK,3 ROOM,224,BT BATOK ST 21,01 TO 03,67.0,New Generation,1984,59 years 04 months,378000.0
2024-10-01,BUKIT BATOK,3 ROOM,212,BT BATOK ST 21,04 TO 06,67.0,New Generation,1985,59 years 11 months,398000.0
2024-10-01,BUKIT BATOK,3 ROOM,212,BT BATOK ST 21,04 TO 06,69.0,New Generation,1985,59 years 11 months,425000.0
2024-10-01,BUKIT BATOK,3 ROOM,215,BT BATOK ST 21,04 TO 06,67.0,New Generation,1984,59 years 02 months,390000.0
2024-10-01,BUKIT BATOK,3 ROOM,377,BT BATOK ST 31,10 TO 12,67.0,Model A,2019,93 years 07 months,555000.0
2024-10-01,BUKIT BATOK,3 ROOM,304,BT BATOK ST 31,10 TO 12,68.0,New Generation,1985,59 years 09 months,435000.0
2024-10-01,BUKIT BATOK,3 ROOM,360,BT BATOK ST 31,07 TO 09,68.0,New Generation,1987,62 years,427000.0
2024-10-01,BUKIT BATOK,3 ROOM,324,BT BATOK ST 33,04 TO 06,64.0,Simplified,1988,62 years 07 months,385000.0
2024-10-01,BUKIT BATOK,3 ROOM,323,BT BATOK ST 33,01 TO 03,70.0,Simplified,1987,62 years 02 months,383000.0
2024-10-01,BUKIT BATOK,3 ROOM,343,BT BATOK ST 34,04 TO 06,73.0,Model A,1987,61 years 06 months,410000.0
2024-10-01,BUKIT BATOK,3 ROOM,345,BT BATOK ST 34,01 TO 03,73.0,Model A,1987,61 years 06 months,435000.0
2024-10-01,BUKIT BATOK,3 ROOM,505,BT BATOK ST 52,07 TO 09,60.0,Improved,1988,62 years 05 months,355000.0
2024-10-01,BUKIT BATOK,3 ROOM,505,BT BATOK ST 52,01 TO 03,65.0,Improved,1988,62 years 05 months,370000.0
2024-10-01,BUKIT BATOK,3 ROOM,501,BT BATOK ST 52,07 TO 09,64.0,Simplified,1986,61 years 03 months,411000.0
2024-10-01,BUKIT BATOK,3 ROOM,507,BT BATOK ST 52,07 TO 09,60.0,Improved,1987,61 years 08 months,380000.0
2024-10-01,BUKIT BATOK,3 ROOM,506,BT BATOK ST 52,04 TO 06,60.0,Improved,1987,61 years 10 months,365000.0
2024-10-01,BUKIT BATOK,3 ROOM,423,BT BATOK WEST AVE 2,07 TO 09,68.0,New Generation,1988,62 years 11 months,390000.0
2024-10-01,BUKIT BATOK,3 ROOM,409,BT BATOK WEST AVE 4,07 TO 09,68.0,New Generation,1988,62 years 07 months,370000.0
2024-10-01,BUKIT BATOK,3 ROOM,409,BT BATOK WEST AVE 4,07 TO 09,68.0,New Generation,1988,62 years 07 months,395000.0
2024-10-01,BUKIT BATOK,3 ROOM,146,BT BATOK WEST AVE 6,04 TO 06,68.0,New Generation,1984,58 years 11 months,390000.0
2024-10-01,BUKIT BATOK,3 ROOM,130,BT BATOK WEST AVE 6,07 TO 09,73.0,Model A,1984,59 years 02 months,440000.0
2024-10-01,BUKIT BATOK,3 ROOM,148,BT BATOK WEST AVE 6,10 TO 12,68.0,New Generation,1984,58 years 10 months,420988.0
2024-10-01,BUKIT BATOK,3 ROOM,136,BT BATOK WEST AVE 6,01 TO 03,68.0,New Generation,1984,59 years 01 month,381000.0
2024-10-01,BUKIT BATOK,3 ROOM,438B,BT BATOK WEST AVE 8,10 TO 12,68.0,Model A,2020,94 years 05 months,475000.0
2024-10-01,BUKIT BATOK,3 ROOM,175,BT BATOK WEST AVE 8,07 TO 09,67.0,New Generation,1985,59 years 04 months,398000.0
2024-10-01,BUKIT BATOK,3 ROOM,441C,BT BATOK WEST AVE 8,10 TO 12,67.0,Model A,2019,93 years 06 months,523000.0
2024-10-01,BUKIT BATOK,3 ROOM,448B,BT BATOK WEST AVE 9,13 TO 15,68.0,Model A,2019,93 years 07 months,488000.0
2024-10-01,BUKIT BATOK,3 ROOM,460B,BT BATOK WEST AVE 9,13 TO 15,68.0,Model A,2020,94 years 09 months,485000.0
2024-10-01,BUKIT BATOK,3 ROOM,460B,BT BATOK WEST AVE 9,04 TO 06,68.0,Model A,2020,94 years 08 months,465000.0
2024-10-01,BUKIT BATOK,4 ROOM,123,BT BATOK CTRL,01 TO 03,91.0,New Generation,1985,59 years 06 months,525000.0
2024-10-01,BUKIT BATOK,4 ROOM,225,BT BATOK CTRL,01 TO 03,93.0,New Generation,1985,59 years 11 months,543000.0
2024-10-01,BUKIT BATOK,4 ROOM,290D,BT BATOK EAST AVE 3,01 TO 03,104.0,Model A,1998,72 years 05 months,570000.0
2024-10-01,BUKIT BATOK,4 ROOM,259,BT BATOK EAST AVE 4,04 TO 06,93.0,New Generation,1985,59 years 10 months,531888.0
2024-10-01,BUKIT BATOK,4 ROOM,236,BT BATOK EAST AVE 5,04 TO 06,98.0,New Generation,1985,59 years 09 months,520000.0
2024-10-01,BUKIT BATOK,4 ROOM,233,BT BATOK EAST AVE 5,01 TO 03,92.0,New Generation,1985,59 years 08 months,470000.0
2024-10-01,BUKIT BATOK,4 ROOM,235,BT BATOK EAST AVE 5,10 TO 12,99.0,New Generation,1985,59 years 09 months,535000.0
2024-10-01,BUKIT BATOK,4 ROOM,292A,BT BATOK EAST AVE 6,25 TO 27,93.0,Model A,2019,93 years 04 months,750000.0
2024-10-01,BUKIT BATOK,4 ROOM,292B,BT BATOK EAST AVE 6,25 TO 27,93.0,Model A,2019,93 years 04 months,770000.0
2024-10-01,BUKIT BATOK,4 ROOM,293D,BT BATOK ST 21,25 TO 27,93.0,Model A,2019,93 years 05 months,788000.0
2024-10-01,BUKIT BATOK,4 ROOM,293D,BT BATOK ST 21,10 TO 12,93.0,Model A,2019,93 years 04 months,715000.0
2024-10-01,BUKIT BATOK,4 ROOM,293D,BT BATOK ST 21,34 TO 36,93.0,Model A,2019,93 years 04 months,800000.0
2024-10-01,BUKIT BATOK,4 ROOM,293D,BT BATOK ST 21,01 TO 03,93.0,Model A,2019,93 years 05 months,605000.0
2024-10-01,BUKIT BATOK,4 ROOM,293C,BT BATOK ST 21,19 TO 21,92.0,Model A,2019,93 years 04 months,720000.0
2024-10-01,BUKIT BATOK,4 ROOM,296A,BT BATOK ST 22,16 TO 18,92.0,Premium Apartment,2018,92 years 06 months,775000.0
2024-10-01,BUKIT BATOK,4 ROOM,296C,BT BATOK ST 22,19 TO 21,92.0,Premium Apartment,2018,92 years 06 months,785000.0
2024-10-01,BUKIT BATOK,4 ROOM,296A,BT BATOK ST 22,07 TO 09,92.0,Premium Apartment,2018,92 years 06 months,751000.0
2024-10-01,BUKIT BATOK,4 ROOM,290G,BT BATOK ST 24,01 TO 03,100.0,Model A,1998,72 years 03 months,530000.0
2024-10-01,BUKIT BATOK,4 ROOM,288D,BT BATOK ST 25,10 TO 12,92.0,Model A2,1998,72 years 07 months,580000.0
2024-10-01,BUKIT BATOK,4 ROOM,368,BT BATOK ST 31,04 TO 06,94.0,New Generation,1987,61 years 04 months,510000.0
2024-10-01,BUKIT BATOK,4 ROOM,361,BT BATOK ST 31,04 TO 06,94.0,New Generation,1987,61 years 05 months,525000.0
2024-10-01,BUKIT BATOK,4 ROOM,324,BT BATOK ST 33,10 TO 12,84.0,Simplified,1988,62 years 07 months,500000.0
2024-10-01,BUKIT BATOK,4 ROOM,331,BT BATOK ST 33,04 TO 06,84.0,Simplified,1986,61 years 02 months,475000.0
2024-10-01,BUKIT BATOK,4 ROOM,339,BT BATOK ST 34,07 TO 09,107.0,Model A,1987,62 years,550000.0
2024-10-01,BUKIT BATOK,4 ROOM,435B,BT BATOK WEST AVE 5,13 TO 15,93.0,Model A,2020,94 years 05 months,644000.0
2024-10-01,BUKIT BATOK,4 ROOM,386,BT BATOK WEST AVE 5,07 TO 09,92.0,Model A,2004,79 years 03 months,568000.0
2024-10-01,BUKIT BATOK,4 ROOM,392,BT BATOK WEST AVE 5,16 TO 18,92.0,Model A,2004,79 years 01 month,570000.0
2024-10-01,BUKIT BATOK,4 ROOM,437A,BT BATOK WEST AVE 5,07 TO 09,93.0,Model A,2020,94 years 05 months,650888.0
2024-10-01,BUKIT BATOK,4 ROOM,436A,BT BATOK WEST AVE 5,10 TO 12,93.0,Model A,2020,94 years 05 months,650000.0
2024-10-01,BUKIT BATOK,4 ROOM,394,BT BATOK WEST AVE 5,22 TO 24,92.0,Model A,2004,79 years,538888.0
2024-10-01,BUKIT BATOK,4 ROOM,112,BT BATOK WEST AVE 6,01 TO 03,104.0,Model A,1984,59 years 02 months,545000.0
2024-10-01,BUKIT BATOK,4 ROOM,194A,BT BATOK WEST AVE 6,10 TO 12,92.0,Premium Apartment,2017,91 years 10 months,700000.0
2024-10-01,BUKIT BATOK,4 ROOM,189,BT BATOK WEST AVE 6,01 TO 03,99.0,Model A,1997,71 years 06 months,545000.0
2024-10-01,BUKIT BATOK,4 ROOM,187,BT BATOK WEST AVE 6,04 TO 06,105.0,Model A,1989,63 years 05 months,557000.0
2024-10-01,BUKIT BATOK,4 ROOM,194B,BT BATOK WEST AVE 6,28 TO 30,95.0,Premium Apartment,2017,91 years 10 months,818000.0
2024-10-01,BUKIT BATOK,4 ROOM,451B,BT BATOK WEST AVE 6,16 TO 18,93.0,Model A,2019,93 years 06 months,680000.0
2024-10-01,BUKIT BATOK,4 ROOM,451B,BT BATOK WEST AVE 6,01 TO 03,93.0,Model A,2019,93 years 06 months,575888.0
2024-10-01,BUKIT BATOK,4 ROOM,451B,BT BATOK WEST AVE 6,19 TO 21,93.0,Model A,2019,93 years 06 months,680000.0
2024-10-01,BUKIT BATOK,4 ROOM,453B,BT BATOK WEST AVE 6,13 TO 15,93.0,Model A,2019,93 years 06 months,675000.0
2024-10-01,BUKIT BATOK,4 ROOM,190,BT BATOK WEST AVE 6,04 TO 06,100.0,Model A,1997,71 years 09 months,600000.0
2024-10-01,BUKIT BATOK,4 ROOM,453A,BT BATOK WEST AVE 6,16 TO 18,93.0,Model A,2019,93 years 06 months,670000.0
2024-10-01,BUKIT BATOK,4 ROOM,453B,BT BATOK WEST AVE 6,07 TO 09,93.0,Model A,2019,93 years 06 months,660000.0
2024-10-01,BUKIT BATOK,4 ROOM,129,BT BATOK WEST AVE 6,01 TO 03,103.0,Model A,1984,59 years 01 month,550888.0
2024-10-01,BUKIT BATOK,4 ROOM,461A,BT BATOK WEST AVE 8,13 TO 15,93.0,Model A,2019,94 years 01 month,680000.0
2024-10-01,BUKIT BATOK,4 ROOM,439C,BT BATOK WEST AVE 8,04 TO 06,93.0,Model A,2020,94 years 06 months,630000.0
2024-10-01,BUKIT BATOK,4 ROOM,461B,BT BATOK WEST AVE 8,01 TO 03,93.0,Model A,2019,94 years,598000.0
2024-10-01,BUKIT BATOK,4 ROOM,439C,BT BATOK WEST AVE 8,01 TO 03,93.0,Model A,2020,94 years 05 months,585000.0
2024-10-01,BUKIT BATOK,4 ROOM,439C,BT BATOK WEST AVE 8,04 TO 06,93.0,Model A,2020,94 years 05 months,635000.0
2024-10-01,BUKIT BATOK,4 ROOM,441A,BT BATOK WEST AVE 8,10 TO 12,92.0,Model A,2019,93 years 06 months,650000.0
2024-10-01,BUKIT BATOK,4 ROOM,443D,BT BATOK WEST AVE 8,10 TO 12,92.0,Model A,2019,93 years 06 months,645000.0
2024-10-01,BUKIT BATOK,4 ROOM,439B,BT BATOK WEST AVE 8,07 TO 09,93.0,Model A,2020,94 years 05 months,645000.0
2024-10-01,BUKIT BATOK,4 ROOM,438C,BT BATOK WEST AVE 8,07 TO 09,93.0,Model A,2020,94 years 05 months,625000.0
2024-10-01,BUKIT BATOK,4 ROOM,439A,BT BATOK WEST AVE 8,13 TO 15,93.0,Model A,2020,94 years 05 months,665000.0
2024-10-01,BUKIT BATOK,4 ROOM,443D,BT BATOK WEST AVE 8,01 TO 03,92.0,Model A,2019,93 years 06 months,600000.0
2024-10-01,BUKIT BATOK,4 ROOM,449B,BT BATOK WEST AVE 9,16 TO 18,93.0,Model A,2019,93 years 06 months,655888.0
2024-10-01,BUKIT PANJANG,3 ROOM,220,PETIR RD,07 TO 09,73.0,Model A,1989,63 years 05 months,415000.0
2024-10-01,BUKIT BATOK,4 ROOM,460B,BT BATOK WEST AVE 9,16 TO 18,93.0,Model A,2020,94 years 08 months,658000.0
2024-10-01,BUKIT BATOK,4 ROOM,449B,BT BATOK WEST AVE 9,07 TO 09,93.0,Model A,2019,93 years 06 months,628000.0
2024-10-01,BUKIT BATOK,4 ROOM,460C,BT BATOK WEST AVE 9,07 TO 09,93.0,Model A,2020,94 years 08 months,650000.0
2024-10-01,BUKIT BATOK,4 ROOM,460D,BT BATOK WEST AVE 9,01 TO 03,93.0,Model A,2020,94 years 08 months,605000.0
2024-10-01,BUKIT BATOK,4 ROOM,460C,BT BATOK WEST AVE 9,10 TO 12,93.0,Model A,2020,94 years 08 months,652800.0
2024-10-01,BUKIT BATOK,4 ROOM,449B,BT BATOK WEST AVE 9,19 TO 21,93.0,Model A,2019,93 years 06 months,695888.0
2024-10-01,BUKIT BATOK,5 ROOM,293A,BT BATOK ST 21,04 TO 06,113.0,Improved,2019,93 years 04 months,820000.0
2024-10-01,BUKIT BATOK,5 ROOM,288A,BT BATOK ST 25,07 TO 09,122.0,Improved,1997,72 years 03 months,738000.0
2024-10-01,BUKIT BATOK,5 ROOM,288B,BT BATOK ST 25,13 TO 15,122.0,Improved,1998,72 years 04 months,858000.0
2024-10-01,BUKIT BATOK,5 ROOM,329,BT BATOK ST 33,10 TO 12,122.0,Improved,1986,61 years 03 months,640000.0
2024-10-01,BUKIT BATOK,5 ROOM,419,BT BATOK WEST AVE 2,07 TO 09,120.0,Improved,1986,61 years,640000.0
2024-10-01,BUKIT BATOK,5 ROOM,392,BT BATOK WEST AVE 5,13 TO 15,118.0,Improved,2004,79 years 02 months,730000.0
2024-10-01,BUKIT BATOK,5 ROOM,388,BT BATOK WEST AVE 5,04 TO 06,118.0,Improved,2005,79 years 04 months,680000.0
2024-10-01,BUKIT BATOK,5 ROOM,102,BT BATOK WEST AVE 6,13 TO 15,150.0,Model A,1985,59 years 10 months,825000.0
2024-10-01,BUKIT BATOK,5 ROOM,452A,BT BATOK WEST AVE 6,13 TO 15,113.0,Improved,2019,93 years 06 months,850000.0
2024-10-01,BUKIT BATOK,5 ROOM,452A,BT BATOK WEST AVE 6,01 TO 03,115.0,Improved,2019,93 years 06 months,715000.0
2024-10-01,BUKIT BATOK,5 ROOM,191,BT BATOK WEST AVE 6,19 TO 21,118.0,Improved,1997,71 years 07 months,783000.0
2024-10-01,BUKIT BATOK,5 ROOM,450B,BT BATOK WEST AVE 6,22 TO 24,113.0,Improved,2019,93 years 06 months,900000.0
2024-10-01,BUKIT BATOK,5 ROOM,191,BT BATOK WEST AVE 6,13 TO 15,120.0,Improved,1997,71 years 07 months,742888.0
2024-10-01,BUKIT BATOK,5 ROOM,442A,BT BATOK WEST AVE 8,13 TO 15,112.0,Improved,2019,93 years 07 months,830000.0
2024-10-01,BUKIT BATOK,5 ROOM,440D,BT BATOK WEST AVE 8,01 TO 03,112.0,Improved,2019,93 years 06 months,700000.0
2024-10-01,BUKIT BATOK,5 ROOM,439B,BT BATOK WEST AVE 8,10 TO 12,113.0,Improved,2020,94 years 05 months,823888.0
2024-10-01,BUKIT BATOK,5 ROOM,461B,BT BATOK WEST AVE 8,10 TO 12,121.0,3Gen,2019,94 years,868000.0
2024-10-01,BUKIT BATOK,EXECUTIVE,125,BT BATOK CTRL,07 TO 09,150.0,Maisonette,1985,59 years 10 months,895000.0
2024-10-01,BUKIT BATOK,EXECUTIVE,221,BT BATOK EAST AVE 3,07 TO 09,141.0,Apartment,1985,59 years 09 months,861000.0
2024-10-01,BUKIT BATOK,EXECUTIVE,140,BT BATOK ST 11,04 TO 06,155.0,Maisonette,1984,59 years 03 months,912000.0
2024-10-01,BUKIT BATOK,EXECUTIVE,404,BT BATOK WEST AVE 7,13 TO 15,143.0,Apartment,1993,67 years 07 months,822888.0
2024-10-01,BUKIT BATOK,EXECUTIVE,402,BT BATOK WEST AVE 7,01 TO 03,152.0,Apartment,1993,67 years 07 months,818000.0
2024-10-01,BUKIT MERAH,1 ROOM,7,TELOK BLANGAH CRES,04 TO 06,31.0,Improved,1975,49 years 06 months,280000.0
2024-10-01,BUKIT MERAH,2 ROOM,95B,HENDERSON RD,07 TO 09,47.0,2-room,2019,93 years 08 months,503000.0
2024-10-01,BUKIT MERAH,2 ROOM,28,JLN BT MERAH,07 TO 09,47.0,Standard,1967,41 years 09 months,310000.0
2024-10-01,BUKIT MERAH,3 ROOM,24,BEO CRES,07 TO 09,59.0,Standard,1971,45 years 11 months,380000.0
2024-10-01,BUKIT MERAH,3 ROOM,40,BEO CRES,04 TO 06,59.0,Standard,1971,45 years 04 months,360888.0
2024-10-01,BUKIT MERAH,3 ROOM,128,BT MERAH VIEW,19 TO 21,65.0,Improved,1973,47 years 10 months,382000.0
2024-10-01,BUKIT MERAH,3 ROOM,129,BT MERAH VIEW,04 TO 06,76.0,Improved,1973,47 years 10 months,425000.0
2024-10-01,BUKIT MERAH,3 ROOM,129,BT MERAH VIEW,19 TO 21,65.0,Improved,1973,47 years 10 months,435000.0
2024-10-01,BUKIT MERAH,3 ROOM,130,BT MERAH VIEW,04 TO 06,65.0,Improved,1973,47 years 10 months,390000.0
2024-10-01,BUKIT MERAH,3 ROOM,119,BT MERAH VIEW,13 TO 15,65.0,Improved,1983,57 years 04 months,420000.0
2024-10-01,BUKIT MERAH,3 ROOM,109,BT PURMEI RD,07 TO 09,74.0,Model A,1984,59 years,495000.0
2024-10-01,BUKIT MERAH,3 ROOM,107,BT PURMEI RD,10 TO 12,67.0,New Generation,1983,57 years 04 months,510000.0
2024-10-01,BUKIT MERAH,3 ROOM,105A,DEPOT RD,04 TO 06,67.0,Model A,2017,92 years 02 months,660000.0
2024-10-01,BUKIT MERAH,3 ROOM,96B,HENDERSON RD,01 TO 03,68.0,Model A,2019,93 years 09 months,690000.0
2024-10-01,BUKIT MERAH,3 ROOM,95C,HENDERSON RD,25 TO 27,68.0,Model A,2019,93 years 08 months,760000.0
2024-10-01,BUKIT MERAH,3 ROOM,28,JLN BT MERAH,04 TO 06,60.0,Standard,1967,41 years 09 months,364000.0
2024-10-01,BUKIT MERAH,3 ROOM,113,JLN BT MERAH,10 TO 12,60.0,Standard,1969,43 years 04 months,350000.0
2024-10-01,BUKIT MERAH,3 ROOM,133,JLN BT MERAH,04 TO 06,59.0,Improved,1983,57 years 11 months,360000.0
2024-10-01,BUKIT MERAH,3 ROOM,138,JLN BT MERAH,07 TO 09,59.0,Improved,1983,57 years 11 months,375000.0
2024-10-01,BUKIT MERAH,3 ROOM,131,JLN BT MERAH,04 TO 06,65.0,Improved,1976,50 years 04 months,396000.0
2024-10-01,BUKIT MERAH,3 ROOM,26C,JLN MEMBINA,22 TO 24,60.0,Model A,2009,83 years 04 months,700000.0
2024-10-01,BUKIT MERAH,3 ROOM,26A,JLN MEMBINA,04 TO 06,60.0,Model A,2008,83 years 03 months,668000.0
2024-10-01,BUKIT MERAH,3 ROOM,34,KIM CHENG ST,01 TO 03,88.0,Standard,1973,47 years 04 months,760000.0
2024-10-01,BUKIT MERAH,3 ROOM,36,MOH GUAN TER,01 TO 03,88.0,Standard,1973,47 years 04 months,745000.0
2024-10-01,BUKIT MERAH,3 ROOM,149,SILAT AVE,01 TO 03,67.0,New Generation,1982,57 years 03 months,388000.0
2024-10-01,BUKIT MERAH,3 ROOM,13,TELOK BLANGAH CRES,01 TO 03,76.0,Improved,1975,50 years 03 months,388000.0
2024-10-01,BUKIT MERAH,3 ROOM,22,TELOK BLANGAH CRES,04 TO 06,70.0,Improved,1975,49 years 08 months,406000.0
2024-10-01,BUKIT MERAH,3 ROOM,16,TELOK BLANGAH CRES,07 TO 09,65.0,Improved,1975,49 years 07 months,355000.0
2024-10-01,BUKIT MERAH,3 ROOM,1,TELOK BLANGAH CRES,01 TO 03,66.0,Improved,1983,57 years 07 months,370000.0
2024-10-01,BUKIT MERAH,3 ROOM,21,TELOK BLANGAH CRES,01 TO 03,65.0,Improved,1975,49 years 08 months,363000.0
2024-10-01,BUKIT PANJANG,3 ROOM,220,PETIR RD,04 TO 06,73.0,Model A,1989,63 years 05 months,408000.0
2024-10-01,BUKIT MERAH,3 ROOM,18,TELOK BLANGAH CRES,04 TO 06,65.0,Improved,1975,49 years 07 months,385000.0
2024-10-01,BUKIT MERAH,3 ROOM,8,TELOK BLANGAH CRES,04 TO 06,59.0,Improved,1975,49 years 07 months,360000.0
2024-10-01,BUKIT MERAH,3 ROOM,16,TELOK BLANGAH CRES,10 TO 12,65.0,Improved,1975,49 years 07 months,390000.0
2024-10-01,BUKIT MERAH,3 ROOM,47,TELOK BLANGAH DR,04 TO 06,76.0,Improved,1976,50 years 04 months,382000.0
2024-10-01,BUKIT MERAH,3 ROOM,64,TELOK BLANGAH DR,10 TO 12,67.0,New Generation,1978,52 years 10 months,420888.0
2024-10-01,BUKIT MERAH,3 ROOM,47,TELOK BLANGAH DR,01 TO 03,65.0,Improved,1976,50 years 04 months,380000.0
2024-10-01,BUKIT MERAH,3 ROOM,61,TELOK BLANGAH HTS,01 TO 03,67.0,New Generation,1976,51 years 01 month,388000.0
2024-10-01,BUKIT MERAH,3 ROOM,28,TELOK BLANGAH RISE,07 TO 09,59.0,Improved,1976,50 years 09 months,365000.0
2024-10-01,BUKIT MERAH,3 ROOM,91A,TELOK BLANGAH ST 31,25 TO 27,68.0,Model A,2018,93 years 03 months,755000.0
2024-10-01,BUKIT MERAH,3 ROOM,91A,TELOK BLANGAH ST 31,04 TO 06,68.0,Model A,2018,93 years 03 months,650000.0
2024-10-01,BUKIT MERAH,3 ROOM,33,TELOK BLANGAH WAY,07 TO 09,70.0,Improved,1976,50 years 07 months,436888.0
2024-10-01,BUKIT MERAH,4 ROOM,9B,BOON TIONG RD,37 TO 39,92.0,Model A,2016,90 years 05 months,1320000.0
2024-10-01,BUKIT MERAH,4 ROOM,10B,BOON TIONG RD,01 TO 03,87.0,Model A,2016,90 years 04 months,1000688.0
2024-10-01,BUKIT MERAH,4 ROOM,103,BT PURMEI RD,01 TO 03,93.0,New Generation,1982,57 years 03 months,615000.0
2024-10-01,BUKIT MERAH,4 ROOM,18,CANTONMENT CL,04 TO 06,90.0,Model A,2002,77 years 04 months,850000.0
2024-10-01,BUKIT MERAH,4 ROOM,8,CANTONMENT CL,19 TO 21,90.0,Model A,2002,77 years 03 months,1020000.0
2024-10-01,BUKIT MERAH,4 ROOM,134,JLN BT MERAH,04 TO 06,105.0,Model A,1997,71 years 04 months,750000.0
2024-10-01,BUKIT MERAH,4 ROOM,142,JLN BT MERAH,04 TO 06,92.0,New Generation,1979,53 years 04 months,568000.0
2024-10-01,BUKIT MERAH,4 ROOM,25B,JLN MEMBINA,25 TO 27,90.0,Model A,2009,83 years 04 months,1000000.0
2024-10-01,BUKIT MERAH,4 ROOM,26D,JLN MEMBINA,25 TO 27,90.0,Model A,2009,83 years 04 months,980000.0
2024-10-01,BUKIT MERAH,4 ROOM,27B,JLN MEMBINA,01 TO 03,90.0,Model A,2008,83 years 01 month,900000.0
2024-10-01,BUKIT MERAH,4 ROOM,26D,JLN MEMBINA,28 TO 30,90.0,Model A,2009,83 years 04 months,988000.0
2024-10-01,BUKIT MERAH,4 ROOM,38,JLN RUMAH TINGGI,19 TO 21,99.0,Model A,1997,71 years 09 months,760000.0
2024-10-01,BUKIT MERAH,4 ROOM,38,JLN RUMAH TINGGI,07 TO 09,99.0,Model A,1997,71 years 09 months,768000.0
2024-10-01,BUKIT MERAH,4 ROOM,121A,KIM TIAN PL,28 TO 30,101.0,Model A,2001,75 years 05 months,1000000.0
2024-10-01,BUKIT MERAH,4 ROOM,127D,KIM TIAN RD,07 TO 09,93.0,Model A,2013,87 years 05 months,950000.0
2024-10-01,BUKIT MERAH,4 ROOM,127A,KIM TIAN RD,22 TO 24,93.0,Model A,2013,87 years 05 months,1012888.0
2024-10-01,BUKIT MERAH,4 ROOM,129,KIM TIAN RD,04 TO 06,88.0,Improved,1976,50 years 04 months,545000.0
2024-10-01,BUKIT MERAH,4 ROOM,127C,KIM TIAN RD,40 TO 42,93.0,Model A,2013,87 years 05 months,980000.0
2024-10-01,BUKIT MERAH,4 ROOM,126C,KIM TIAN RD,31 TO 33,93.0,Model A,2013,87 years 05 months,1026000.0
2024-10-01,BUKIT MERAH,4 ROOM,69,REDHILL CL,28 TO 30,100.0,Model A,2001,75 years 05 months,918000.0
2024-10-01,BUKIT MERAH,4 ROOM,75C,REDHILL RD,19 TO 21,100.0,Model A,2007,81 years 04 months,999000.0
2024-10-01,BUKIT MERAH,4 ROOM,24,TELOK BLANGAH CRES,01 TO 03,82.0,Improved,1975,49 years 08 months,515000.0
2024-10-01,BUKIT MERAH,4 ROOM,17A,TELOK BLANGAH CRES,01 TO 03,100.0,Model A,2002,76 years 04 months,688000.0
2024-10-01,BUKIT MERAH,4 ROOM,70A,TELOK BLANGAH HTS,07 TO 09,93.0,Model A,2017,91 years 09 months,928888.0
2024-10-01,BUKIT MERAH,4 ROOM,88,TELOK BLANGAH HTS,22 TO 24,85.0,Model A,2003,77 years 06 months,790000.0
2024-10-01,BUKIT MERAH,4 ROOM,70B,TELOK BLANGAH HTS,01 TO 03,93.0,Model A,2017,91 years 08 months,805000.0
2024-10-01,BUKIT MERAH,4 ROOM,40,TELOK BLANGAH RISE,04 TO 06,82.0,Improved,1976,50 years 07 months,485000.0
2024-10-01,BUKIT MERAH,4 ROOM,92B,TELOK BLANGAH ST 31,10 TO 12,93.0,Model A,2018,93 years 03 months,895000.0
2024-10-01,BUKIT MERAH,4 ROOM,92B,TELOK BLANGAH ST 31,28 TO 30,93.0,Model A,2018,93 years 03 months,980000.0
2024-10-01,BUKIT MERAH,4 ROOM,90A,TELOK BLANGAH ST 31,16 TO 18,93.0,Model A,2018,93 years 03 months,975588.0
2024-10-01,BUKIT MERAH,4 ROOM,93A,TELOK BLANGAH ST 31,19 TO 21,93.0,Model A,2018,93 years 03 months,965000.0
2024-10-01,BUKIT MERAH,5 ROOM,4A,BOON TIONG RD,04 TO 06,115.0,Improved,2005,80 years 01 month,1188888.0
2024-10-01,BUKIT MERAH,5 ROOM,8,CANTONMENT CL,16 TO 18,110.0,Improved,2002,77 years 03 months,1088000.0
2024-10-01,BUKIT MERAH,5 ROOM,113,DEPOT RD,01 TO 03,117.0,Standard,1976,51 years 02 months,690000.0
2024-10-01,BUKIT MERAH,5 ROOM,112A,DEPOT RD,01 TO 03,116.0,Improved,2006,80 years 05 months,895000.0
2024-10-01,BUKIT MERAH,5 ROOM,96A,HENDERSON RD,16 TO 18,113.0,Improved,2019,93 years 08 months,1360000.0
2024-10-01,BUKIT MERAH,5 ROOM,49,HOY FATT RD,10 TO 12,122.0,Improved,1986,60 years 10 months,815000.0
2024-10-01,BUKIT MERAH,5 ROOM,120,KIM TIAN PL,04 TO 06,114.0,Improved,2001,75 years 05 months,1020000.0
2024-10-01,BUKIT MERAH,5 ROOM,81,REDHILL LANE,04 TO 06,129.0,Improved,1996,71 years 02 months,1160000.0
2024-10-01,BUKIT MERAH,5 ROOM,75A,REDHILL RD,10 TO 12,115.0,Improved,2005,80 years 03 months,1150000.0
2024-10-01,BUKIT MERAH,5 ROOM,25,TELOK BLANGAH CRES,19 TO 21,114.0,Standard,1975,49 years 10 months,780000.0
2024-10-01,BUKIT PANJANG,2 ROOM,547C,SEGAR RD,07 TO 09,47.0,Model A,2015,89 years 10 months,355000.0
2024-10-01,BUKIT PANJANG,2 ROOM,547C,SEGAR RD,10 TO 12,47.0,Model A,2015,89 years 10 months,353000.0
2024-10-01,BUKIT PANJANG,2 ROOM,488,SEGAR RD,07 TO 09,47.0,Model A,2014,89 years 03 months,355000.0
2024-10-01,BUKIT PANJANG,3 ROOM,251,BANGKIT RD,07 TO 09,73.0,Model A,1988,63 years 04 months,430000.0
2024-10-01,BUKIT PANJANG,3 ROOM,131,CASHEW RD,10 TO 12,73.0,Model A,1988,62 years 07 months,428000.0
2024-10-01,BUKIT PANJANG,3 ROOM,442B,FAJAR RD,10 TO 12,68.0,Model A,2016,91 years 03 months,518000.0
2024-10-01,BUKIT PANJANG,3 ROOM,223,PENDING RD,04 TO 06,73.0,Model A,1988,62 years 06 months,420000.0
2024-10-01,BUKIT PANJANG,3 ROOM,485,SEGAR RD,04 TO 06,67.0,Model A,2014,89 years 03 months,462888.0
2024-10-01,BUKIT PANJANG,3 ROOM,547D,SEGAR RD,04 TO 06,67.0,Model A,2015,89 years 11 months,482000.0
2024-10-01,BUKIT PANJANG,3 ROOM,550A,SEGAR RD,13 TO 15,67.0,Model A,2015,90 years 03 months,470000.0
2024-10-01,BUKIT PANJANG,3 ROOM,485,SEGAR RD,07 TO 09,67.0,Model A,2014,89 years 03 months,470000.0
2024-10-01,BUKIT PANJANG,4 ROOM,620,BT PANJANG RING RD,10 TO 12,90.0,Model A,2001,76 years 01 month,508000.0
2024-10-01,BUKIT PANJANG,4 ROOM,237,BT PANJANG RING RD,10 TO 12,103.0,Model A,1988,63 years 01 month,508000.0
2024-10-01,BUKIT PANJANG,4 ROOM,448,BT PANJANG RING RD,07 TO 09,101.0,Model A,1997,71 years 09 months,533000.0
2024-10-01,BUKIT PANJANG,4 ROOM,407,FAJAR RD,01 TO 03,84.0,Simplified,1989,63 years 05 months,442888.0
2024-10-01,BUKIT PANJANG,4 ROOM,402,FAJAR RD,01 TO 03,107.0,Model A,1988,63 years 03 months,480000.0
2024-10-01,BUKIT PANJANG,4 ROOM,403,FAJAR RD,10 TO 12,84.0,Simplified,1988,62 years 10 months,480000.0
2024-10-01,BUKIT PANJANG,4 ROOM,443D,FAJAR RD,13 TO 15,93.0,Model A,2016,91 years 03 months,625000.0
2024-10-01,BUKIT PANJANG,4 ROOM,406,FAJAR RD,01 TO 03,104.0,Model A,1989,63 years 04 months,508888.0
2024-10-01,BUKIT PANJANG,4 ROOM,166,GANGSA RD,13 TO 15,100.0,Model A,1998,72 years 08 months,750000.0
2024-10-01,BUKIT PANJANG,4 ROOM,512,JELAPANG RD,01 TO 03,102.0,Model A,1998,72 years 08 months,520000.0
2024-10-01,BUKIT PANJANG,4 ROOM,506,JELAPANG RD,13 TO 15,102.0,Model A,1998,72 years 07 months,568000.0
2024-10-01,BUKIT PANJANG,4 ROOM,229,PENDING RD,10 TO 12,103.0,Model A,1988,63 years 03 months,575000.0
2024-10-01,BUKIT PANJANG,4 ROOM,227,PENDING RD,10 TO 12,103.0,Model A,1989,63 years 05 months,556000.0
2024-10-01,BUKIT PANJANG,4 ROOM,214,PETIR RD,04 TO 06,103.0,Model A,1988,63 years 01 month,520000.0
2024-10-01,BUKIT PANJANG,4 ROOM,550A,SEGAR RD,13 TO 15,92.0,Model A,2015,90 years 03 months,600000.0
2024-10-01,BUKIT PANJANG,4 ROOM,550A,SEGAR RD,10 TO 12,92.0,Model A,2015,90 years 03 months,600000.0
2024-10-01,BUKIT PANJANG,4 ROOM,550B,SEGAR RD,10 TO 12,92.0,Model A,2015,90 years 03 months,594000.0
2024-10-01,BUKIT PANJANG,4 ROOM,486,SEGAR RD,01 TO 03,92.0,Model A,2014,89 years 03 months,528000.0
2024-10-01,BUKIT PANJANG,4 ROOM,629,SENJA RD,22 TO 24,90.0,Premium Apartment,2004,79 years 02 months,588000.0
2024-10-01,BUKIT PANJANG,4 ROOM,618,SENJA RD,16 TO 18,90.0,Model A2,2002,76 years 07 months,530000.0
2024-10-01,BUKIT PANJANG,4 ROOM,634B,SENJA RD,07 TO 09,92.0,Model A,2015,90 years 01 month,618000.0
2024-10-01,BUKIT PANJANG,4 ROOM,636B,SENJA RD,22 TO 24,92.0,Model A,2015,90 years 02 months,660000.0
2024-10-01,BUKIT PANJANG,5 ROOM,537,BT PANJANG RING RD,07 TO 09,122.0,Improved,1999,73 years 09 months,785888.0
2024-10-01,BUKIT PANJANG,5 ROOM,609,BT PANJANG RING RD,16 TO 18,112.0,Improved,2001,76 years 03 months,729000.0
2024-10-01,BUKIT PANJANG,5 ROOM,539,BT PANJANG RING RD,22 TO 24,122.0,Improved,1999,73 years 09 months,738888.0
2024-10-01,BUKIT PANJANG,5 ROOM,244,BT PANJANG RING RD,07 TO 09,122.0,Improved,1988,63 years 03 months,615000.0
2024-10-01,BUKIT PANJANG,5 ROOM,406,FAJAR RD,10 TO 12,122.0,Improved,1989,63 years 04 months,628888.0
2024-10-01,BUKIT PANJANG,5 ROOM,443D,FAJAR RD,10 TO 12,113.0,Improved,2016,91 years 03 months,725000.0
2024-10-01,BUKIT PANJANG,5 ROOM,443D,FAJAR RD,10 TO 12,113.0,Improved,2016,91 years 03 months,728888.0
2024-10-01,BUKIT PANJANG,5 ROOM,153,GANGSA RD,01 TO 03,121.0,Improved,1998,73 years 01 month,653000.0
2024-10-01,BUKIT PANJANG,5 ROOM,171,GANGSA RD,16 TO 18,121.0,Improved,1997,72 years 03 months,900000.0
2024-10-01,BUKIT PANJANG,5 ROOM,154,GANGSA RD,07 TO 09,121.0,Improved,1998,73 years 02 months,721000.0
2024-10-01,BUKIT PANJANG,5 ROOM,179,LOMPANG RD,13 TO 15,110.0,Improved,2001,76 years 03 months,815888.0
2024-10-01,BUKIT PANJANG,5 ROOM,203,PETIR RD,07 TO 09,122.0,Improved,1988,63 years 03 months,630000.0
2024-10-01,BUKIT PANJANG,5 ROOM,167,PETIR RD,16 TO 18,122.0,Improved,1998,72 years 11 months,850000.0
2024-10-01,BUKIT PANJANG,5 ROOM,546B,SEGAR RD,13 TO 15,112.0,Improved,2015,89 years 11 months,695000.0
2024-10-01,BUKIT PANJANG,5 ROOM,546B,SEGAR RD,13 TO 15,112.0,Improved,2015,89 years 10 months,723000.0
2024-10-01,BUKIT PANJANG,5 ROOM,550B,SEGAR RD,07 TO 09,113.0,Improved,2015,90 years 03 months,720000.0
2024-10-01,BUKIT PANJANG,5 ROOM,652,SENJA LINK,10 TO 12,110.0,Premium Apartment,2001,76 years 02 months,622000.0
2024-10-01,BUKIT PANJANG,5 ROOM,622,SENJA RD,16 TO 18,111.0,Improved,2001,76 years 04 months,688888.0
2024-10-01,BUKIT PANJANG,5 ROOM,627,SENJA RD,16 TO 18,110.0,Premium Apartment,2004,79 years 02 months,685000.0
2024-10-01,BUKIT PANJANG,5 ROOM,626,SENJA RD,28 TO 30,110.0,Premium Apartment,2005,79 years 06 months,721888.0
2024-10-01,BUKIT PANJANG,5 ROOM,621,SENJA RD,16 TO 18,111.0,Improved,2001,76 years 03 months,665000.0
2024-10-01,BUKIT PANJANG,5 ROOM,655,SENJA RD,07 TO 09,110.0,Premium Apartment,2001,76 years 01 month,590000.0
2024-10-01,BUKIT PANJANG,5 ROOM,621,SENJA RD,04 TO 06,110.0,Improved,2001,76 years 03 months,628000.0
2024-10-01,BUKIT PANJANG,5 ROOM,604,SENJA RD,22 TO 24,120.0,Improved,1999,73 years 08 months,875000.0
2024-10-01,BUKIT PANJANG,5 ROOM,627,SENJA RD,16 TO 18,110.0,Premium Apartment,2004,79 years 01 month,702000.0
2024-10-01,BUKIT PANJANG,5 ROOM,627,SENJA RD,28 TO 30,110.0,Premium Apartment,2004,79 years 01 month,710000.0
2024-10-01,BUKIT PANJANG,EXECUTIVE,254,BANGKIT RD,10 TO 12,146.0,Maisonette,1988,62 years 07 months,870000.0
2024-10-01,BUKIT PANJANG,EXECUTIVE,273,BANGKIT RD,01 TO 03,146.0,Maisonette,1988,63 years 02 months,850000.0
2024-10-01,BUKIT PANJANG,EXECUTIVE,133,CASHEW RD,07 TO 09,146.0,Maisonette,1988,63 years 03 months,915888.0
2024-10-01,BUKIT PANJANG,EXECUTIVE,155,GANGSA RD,04 TO 06,140.0,Apartment,1998,73 years 03 months,838000.0
2024-10-01,BUKIT PANJANG,EXECUTIVE,107,GANGSA RD,10 TO 12,144.0,Apartment,1987,62 years,918888.0
2024-10-01,BUKIT PANJANG,EXECUTIVE,530,JELAPANG RD,10 TO 12,142.0,Apartment,1999,73 years 05 months,980000.0
2024-10-01,BUKIT PANJANG,EXECUTIVE,543,JELAPANG RD,04 TO 06,142.0,Maisonette,1999,73 years 10 months,1012000.0
2024-10-01,BUKIT PANJANG,EXECUTIVE,542,JELAPANG RD,04 TO 06,142.0,Maisonette,1999,73 years 11 months,1030000.0
2024-10-01,BUKIT PANJANG,EXECUTIVE,129,PENDING RD,04 TO 06,151.0,Apartment,1987,62 years 03 months,860000.0
2024-10-01,BUKIT TIMAH,3 ROOM,8,EMPRESS RD,04 TO 06,76.0,Improved,1976,50 years 07 months,510000.0
2024-10-01,BUKIT TIMAH,4 ROOM,17,TOH YI DR,04 TO 06,104.0,Model A,1988,62 years 10 months,898000.0
2024-10-01,BUKIT TIMAH,5 ROOM,17,TOH YI DR,10 TO 12,122.0,Improved,1988,62 years 10 months,1238000.0
2024-10-01,BUKIT TIMAH,5 ROOM,12,TOH YI DR,01 TO 03,122.0,Improved,1989,63 years 08 months,1050000.0
2024-10-01,CENTRAL AREA,3 ROOM,9,JLN KUKOH,07 TO 09,66.0,Improved,1982,56 years 04 months,429000.0
2024-10-01,CENTRAL AREA,3 ROOM,9,SELEGIE RD,16 TO 18,56.0,Standard,1974,48 years 04 months,430000.0
2024-10-01,CENTRAL AREA,3 ROOM,9,SELEGIE RD,13 TO 15,56.0,Standard,1974,48 years 04 months,400000.0
2024-10-01,CENTRAL AREA,3 ROOM,2,TG PAGAR PLAZA,13 TO 15,59.0,Improved,1977,51 years 05 months,530000.0
2024-10-01,CENTRAL AREA,3 ROOM,3,TG PAGAR PLAZA,16 TO 18,70.0,Improved,1977,51 years 05 months,562000.0
2024-10-01,CENTRAL AREA,4 ROOM,1C,CANTONMENT RD,31 TO 33,93.0,Type S1,2011,85 years 04 months,1325000.0
2024-10-01,CENTRAL AREA,4 ROOM,1G,CANTONMENT RD,34 TO 36,93.0,Type S1,2011,85 years 04 months,1388888.0
2024-10-01,CENTRAL AREA,4 ROOM,1C,CANTONMENT RD,34 TO 36,93.0,Type S1,2011,85 years 04 months,1350000.0
2024-10-01,CENTRAL AREA,5 ROOM,1E,CANTONMENT RD,40 TO 42,107.0,Type S2,2011,85 years 04 months,1466000.0
2024-10-01,CENTRAL AREA,5 ROOM,1F,CANTONMENT RD,43 TO 45,107.0,Type S2,2011,85 years 04 months,1540000.0
2024-10-01,CENTRAL AREA,5 ROOM,1E,CANTONMENT RD,37 TO 39,106.0,Type S2,2011,85 years 04 months,1480000.0
2024-10-01,CHOA CHU KANG,3 ROOM,807A,CHOA CHU KANG AVE 1,07 TO 09,67.0,Model A,2017,91 years 08 months,470000.0
2024-10-01,CHOA CHU KANG,3 ROOM,807A,CHOA CHU KANG AVE 1,10 TO 12,67.0,Model A,2017,91 years 08 months,466888.0
2024-10-01,CHOA CHU KANG,3 ROOM,2,TECK WHYE AVE,01 TO 03,74.0,Model A,1984,59 years 02 months,420000.0
2024-10-01,CHOA CHU KANG,3 ROOM,10,TECK WHYE AVE,10 TO 12,67.0,New Generation,1978,52 years 08 months,390000.0
2024-10-01,CHOA CHU KANG,4 ROOM,808A,CHOA CHU KANG AVE 1,04 TO 06,92.0,Model A,2017,91 years 07 months,588888.0
2024-10-01,CHOA CHU KANG,4 ROOM,818B,CHOA CHU KANG AVE 1,07 TO 09,92.0,Model A,2017,92 years,618000.0
2024-10-01,CHOA CHU KANG,4 ROOM,807B,CHOA CHU KANG AVE 1,04 TO 06,92.0,Model A,2017,91 years 07 months,580000.0
2024-10-01,CHOA CHU KANG,4 ROOM,808D,CHOA CHU KANG AVE 1,16 TO 18,92.0,Model A,2017,91 years 07 months,588000.0
2024-10-01,CHOA CHU KANG,4 ROOM,248,CHOA CHU KANG AVE 2,13 TO 15,104.0,Model A,1993,67 years 09 months,530000.0
2024-10-01,CHOA CHU KANG,4 ROOM,251,CHOA CHU KANG AVE 2,04 TO 06,104.0,Model A,1994,69 years 03 months,502000.0
2024-10-01,CHOA CHU KANG,4 ROOM,296A,CHOA CHU KANG AVE 2,13 TO 15,102.0,Premium Apartment,1999,73 years 10 months,530888.0
2024-10-01,CHOA CHU KANG,4 ROOM,413,CHOA CHU KANG AVE 3,01 TO 03,108.0,Model A,1992,66 years 10 months,525000.0
2024-10-01,CHOA CHU KANG,4 ROOM,444,CHOA CHU KANG AVE 4,04 TO 06,101.0,Model A,1997,71 years 07 months,525000.0
2024-10-01,CHOA CHU KANG,4 ROOM,307,CHOA CHU KANG AVE 4,01 TO 03,106.0,Model A,1993,67 years 09 months,538000.0
2024-10-01,CHOA CHU KANG,4 ROOM,446,CHOA CHU KANG AVE 4,10 TO 12,100.0,Model A,1997,71 years 07 months,562888.0
2024-10-01,CHOA CHU KANG,4 ROOM,485,CHOA CHU KANG AVE 5,13 TO 15,102.0,Model A,1999,73 years 10 months,513000.0
2024-10-01,CHOA CHU KANG,4 ROOM,488C,CHOA CHU KANG AVE 5,04 TO 06,93.0,Model A,2016,90 years 09 months,560888.0
2024-10-01,CHOA CHU KANG,4 ROOM,487B,CHOA CHU KANG AVE 5,13 TO 15,93.0,Model A,2016,90 years 09 months,595000.0
2024-10-01,CHOA CHU KANG,4 ROOM,489A,CHOA CHU KANG AVE 5,01 TO 03,93.0,Model A,2016,90 years 09 months,550000.0
2024-10-01,CHOA CHU KANG,4 ROOM,490D,CHOA CHU KANG AVE 5,07 TO 09,93.0,Model A,2016,90 years 09 months,580000.0
2024-10-01,CHOA CHU KANG,4 ROOM,476B,CHOA CHU KANG AVE 5,04 TO 06,92.0,Model A,2013,87 years 10 months,520000.0
2024-10-01,CHOA CHU KANG,4 ROOM,810A,CHOA CHU KANG AVE 7,13 TO 15,93.0,Model A,2017,92 years 02 months,615000.0
2024-10-01,CHOA CHU KANG,4 ROOM,815A,CHOA CHU KANG AVE 7,01 TO 03,93.0,Model A,2017,91 years 06 months,581000.0
2024-10-01,CHOA CHU KANG,4 ROOM,682,CHOA CHU KANG CRES,04 TO 06,106.0,Premium Apartment,1999,74 years 02 months,533000.0
2024-10-01,CHOA CHU KANG,4 ROOM,685C,CHOA CHU KANG CRES,01 TO 03,86.0,Model A2,2002,77 years 01 month,485000.0
2024-10-01,CHOA CHU KANG,4 ROOM,672,CHOA CHU KANG CRES,10 TO 12,100.0,Premium Apartment,2000,74 years 05 months,540088.0
2024-10-01,CHOA CHU KANG,4 ROOM,690A,CHOA CHU KANG CRES,10 TO 12,90.0,Model A,2003,77 years 09 months,501188.0
2024-10-01,CHOA CHU KANG,4 ROOM,684B,CHOA CHU KANG CRES,07 TO 09,90.0,Model A,2002,77 years 01 month,540000.0
2024-10-01,CHOA CHU KANG,4 ROOM,656,CHOA CHU KANG CRES,04 TO 06,104.0,Premium Apartment,1999,73 years 07 months,510000.0
2024-10-01,CHOA CHU KANG,4 ROOM,669,CHOA CHU KANG CRES,07 TO 09,104.0,Premium Apartment,1999,74 years 01 month,545000.0
2024-10-01,CHOA CHU KANG,4 ROOM,659,CHOA CHU KANG CRES,13 TO 15,104.0,Premium Apartment,1999,73 years 08 months,550000.0
2024-10-01,CHOA CHU KANG,4 ROOM,670,CHOA CHU KANG CRES,04 TO 06,104.0,Premium Apartment,1999,74 years 03 months,535000.0
2024-10-01,CHOA CHU KANG,4 ROOM,670,CHOA CHU KANG CRES,04 TO 06,104.0,Premium Apartment,1999,74 years 04 months,525000.0
2024-10-01,CHOA CHU KANG,4 ROOM,226,CHOA CHU KANG CTRL,04 TO 06,105.0,Model A,1993,67 years 10 months,538000.0
2024-10-01,CHOA CHU KANG,4 ROOM,219,CHOA CHU KANG CTRL,07 TO 09,106.0,Model A,1990,64 years 06 months,548888.0
2024-10-01,CHOA CHU KANG,4 ROOM,354,CHOA CHU KANG CTRL,13 TO 15,105.0,Model A,1993,67 years 09 months,578000.0
2024-10-01,CHOA CHU KANG,4 ROOM,546,CHOA CHU KANG ST 52,07 TO 09,105.0,Model A,1995,69 years 04 months,550000.0
2024-10-01,CHOA CHU KANG,4 ROOM,572,CHOA CHU KANG ST 52,07 TO 09,92.0,Model A,2015,89 years 04 months,588000.0
2024-10-01,CHOA CHU KANG,4 ROOM,548,CHOA CHU KANG ST 52,01 TO 03,105.0,Model A,1995,69 years 08 months,515000.0
2024-10-01,CHOA CHU KANG,4 ROOM,702,CHOA CHU KANG ST 53,04 TO 06,108.0,Model A,1995,69 years 08 months,495000.0
2024-10-01,CHOA CHU KANG,4 ROOM,705,CHOA CHU KANG ST 53,07 TO 09,109.0,Model A,1995,69 years 08 months,528888.0
2024-10-01,CHOA CHU KANG,4 ROOM,620,CHOA CHU KANG ST 62,01 TO 03,108.0,Model A,1996,70 years 09 months,532000.0
2024-10-01,CHOA CHU KANG,4 ROOM,802C,KEAT HONG CL,10 TO 12,92.0,Model A,2018,92 years 05 months,582888.0
2024-10-01,CHOA CHU KANG,5 ROOM,808D,CHOA CHU KANG AVE 1,01 TO 03,112.0,Improved,2017,91 years 08 months,600000.0
2024-10-01,CHOA CHU KANG,5 ROOM,808B,CHOA CHU KANG AVE 1,01 TO 03,112.0,Improved,2017,91 years 07 months,622000.0
2024-10-01,CHOA CHU KANG,5 ROOM,807C,CHOA CHU KANG AVE 1,07 TO 09,112.0,Improved,2017,91 years 07 months,710000.0
2024-10-01,CHOA CHU KANG,5 ROOM,276,CHOA CHU KANG AVE 2,13 TO 15,122.0,Improved,1993,67 years 09 months,680888.0
2024-10-01,CHOA CHU KANG,5 ROOM,469,CHOA CHU KANG AVE 3,10 TO 12,121.0,Improved,1999,73 years 07 months,640000.0
2024-10-01,CHOA CHU KANG,5 ROOM,464,CHOA CHU KANG AVE 4,01 TO 03,123.0,Premium Apartment,2000,74 years 06 months,585000.0
2024-10-01,CHOA CHU KANG,5 ROOM,430,CHOA CHU KANG AVE 4,01 TO 03,124.0,Improved,1993,67 years 09 months,628000.0
2024-10-01,CHOA CHU KANG,5 ROOM,489A,CHOA CHU KANG AVE 5,10 TO 12,113.0,Improved,2016,90 years 09 months,672000.0
2024-10-01,CHOA CHU KANG,5 ROOM,487A,CHOA CHU KANG AVE 5,13 TO 15,113.0,Improved,2016,90 years 09 months,685000.0
2024-10-01,CHOA CHU KANG,5 ROOM,815C,CHOA CHU KANG AVE 7,13 TO 15,113.0,Improved,2017,91 years 06 months,758000.0
2024-10-01,CHOA CHU KANG,5 ROOM,815C,CHOA CHU KANG AVE 7,04 TO 06,113.0,Improved,2017,91 years 06 months,710000.0
2024-10-01,CHOA CHU KANG,5 ROOM,676,CHOA CHU KANG CRES,04 TO 06,124.0,Premium Apartment,1999,74 years 03 months,618000.0
2024-10-01,CHOA CHU KANG,5 ROOM,691A,CHOA CHU KANG CRES,16 TO 18,110.0,Improved,2003,77 years 09 months,580000.0
2024-10-01,CHOA CHU KANG,5 ROOM,683A,CHOA CHU KANG CRES,01 TO 03,111.0,Improved,2002,76 years 10 months,517000.0
2024-10-01,CHOA CHU KANG,5 ROOM,684D,CHOA CHU KANG CRES,10 TO 12,110.0,Improved,2002,77 years,550000.0
2024-10-01,CHOA CHU KANG,5 ROOM,675,CHOA CHU KANG CRES,04 TO 06,124.0,Premium Apartment,1999,74 years 01 month,625000.0
2024-10-01,CHOA CHU KANG,5 ROOM,686D,CHOA CHU KANG CRES,10 TO 12,110.0,Improved,2002,77 years 01 month,588000.0
2024-10-01,CHOA CHU KANG,5 ROOM,691A,CHOA CHU KANG CRES,07 TO 09,110.0,Improved,2003,77 years 08 months,575000.0
2024-10-01,CHOA CHU KANG,5 ROOM,690B,CHOA CHU KANG CRES,22 TO 24,110.0,Improved,2003,77 years 07 months,590888.0
2024-10-01,CHOA CHU KANG,5 ROOM,353,CHOA CHU KANG CTRL,07 TO 09,123.0,Improved,1993,67 years 09 months,603000.0
2024-10-01,CHOA CHU KANG,5 ROOM,688A,CHOA CHU KANG DR,01 TO 03,110.0,Improved,2002,76 years 06 months,540000.0
2024-10-01,CHOA CHU KANG,5 ROOM,687B,CHOA CHU KANG DR,10 TO 12,110.0,Improved,2002,76 years 09 months,563000.0
2024-10-01,CHOA CHU KANG,5 ROOM,688B,CHOA CHU KANG DR,04 TO 06,110.0,Improved,2002,76 years 06 months,542000.0
2024-10-01,CHOA CHU KANG,5 ROOM,632,CHOA CHU KANG NTH 6,13 TO 15,127.0,Premium Apartment,1998,72 years 04 months,728000.0
2024-10-01,CHOA CHU KANG,5 ROOM,633,CHOA CHU KANG NTH 6,10 TO 12,127.0,Premium Apartment,1998,72 years 04 months,708888.0
2024-10-01,CHOA CHU KANG,5 ROOM,569,CHOA CHU KANG ST 52,01 TO 03,127.0,Improved,1995,69 years 09 months,595000.0
2024-10-01,CHOA CHU KANG,5 ROOM,707,CHOA CHU KANG ST 53,04 TO 06,128.0,Improved,1995,69 years 08 months,650000.0
2024-10-01,CHOA CHU KANG,5 ROOM,626,CHOA CHU KANG ST 62,04 TO 06,121.0,Improved,1997,71 years 08 months,697168.0
2024-10-01,CHOA CHU KANG,5 ROOM,159,JLN TECK WHYE,07 TO 09,121.0,Improved,1998,72 years 04 months,693388.0
2024-10-01,CHOA CHU KANG,5 ROOM,155,JLN TECK WHYE,07 TO 09,120.0,Improved,1997,72 years 04 months,688000.0
2024-10-01,CHOA CHU KANG,5 ROOM,803D,KEAT HONG CL,10 TO 12,113.0,Improved,2017,91 years 08 months,670000.0
2024-10-01,CHOA CHU KANG,5 ROOM,817A,KEAT HONG LINK,07 TO 09,112.0,Improved,2017,92 years,720000.0
2024-10-01,CHOA CHU KANG,5 ROOM,816A,KEAT HONG LINK,07 TO 09,112.0,Improved,2017,92 years,715000.0
2024-10-01,CHOA CHU KANG,5 ROOM,7,TECK WHYE AVE,13 TO 15,132.0,Model A,1984,58 years 06 months,678000.0
2024-10-01,CHOA CHU KANG,EXECUTIVE,437,CHOA CHU KANG AVE 4,01 TO 03,144.0,Apartment,1993,67 years 09 months,780000.0
2024-10-01,CHOA CHU KANG,EXECUTIVE,671A,CHOA CHU KANG CRES,04 TO 06,141.0,Premium Apartment,2000,74 years 05 months,715000.0
2024-10-01,CHOA CHU KANG,EXECUTIVE,601,CHOA CHU KANG ST 62,04 TO 06,146.0,Maisonette,1996,70 years 03 months,908000.0
2024-10-01,CHOA CHU KANG,EXECUTIVE,605,CHOA CHU KANG ST 62,07 TO 09,147.0,Apartment,1996,70 years 07 months,769000.0
2024-10-01,CHOA CHU KANG,EXECUTIVE,109,TECK WHYE LANE,04 TO 06,146.0,Maisonette,1989,63 years 06 months,768000.0
2024-10-01,CHOA CHU KANG,EXECUTIVE,108,TECK WHYE LANE,10 TO 12,154.0,Maisonette,1989,63 years 07 months,895000.0
2024-10-01,CLEMENTI,3 ROOM,335,CLEMENTI AVE 2,04 TO 06,67.0,New Generation,1978,53 years 02 months,420000.0
2024-10-01,CLEMENTI,3 ROOM,334,CLEMENTI AVE 2,04 TO 06,67.0,New Generation,1978,52 years 10 months,430000.0
2024-10-01,CLEMENTI,3 ROOM,364,CLEMENTI AVE 2,04 TO 06,82.0,New Generation,1978,52 years 04 months,488888.0
2024-10-01,CLEMENTI,3 ROOM,363,CLEMENTI AVE 2,07 TO 09,67.0,New Generation,1978,52 years 04 months,438000.0
2024-10-01,CLEMENTI,3 ROOM,365,CLEMENTI AVE 2,07 TO 09,67.0,New Generation,1978,52 years 04 months,410000.0
2024-10-01,CLEMENTI,3 ROOM,440A,CLEMENTI AVE 3,22 TO 24,69.0,Model A,2018,92 years 11 months,840000.0
2024-10-01,CLEMENTI,3 ROOM,441B,CLEMENTI AVE 3,22 TO 24,70.0,Model A,2012,86 years 10 months,710000.0
2024-10-01,CLEMENTI,3 ROOM,427,CLEMENTI AVE 3,04 TO 06,67.0,New Generation,1978,52 years 08 months,436000.0
2024-10-01,CLEMENTI,3 ROOM,305,CLEMENTI AVE 4,01 TO 03,67.0,New Generation,1979,53 years 06 months,375000.0
2024-10-01,CLEMENTI,3 ROOM,306,CLEMENTI AVE 4,10 TO 12,67.0,New Generation,1979,53 years 07 months,420000.0
2024-10-01,CLEMENTI,3 ROOM,339,CLEMENTI AVE 5,10 TO 12,67.0,New Generation,1979,54 years 05 months,420000.0
2024-10-01,CLEMENTI,3 ROOM,345,CLEMENTI AVE 5,04 TO 06,67.0,New Generation,1979,53 years 07 months,410000.0
2024-10-01,CLEMENTI,3 ROOM,345,CLEMENTI AVE 5,01 TO 03,67.0,New Generation,1979,53 years 06 months,390000.0
2024-10-01,CLEMENTI,3 ROOM,345,CLEMENTI AVE 5,01 TO 03,67.0,New Generation,1979,53 years 06 months,385000.0
2024-10-01,CLEMENTI,3 ROOM,345,CLEMENTI AVE 5,10 TO 12,67.0,New Generation,1979,53 years 06 months,420000.0
2024-10-01,CLEMENTI,3 ROOM,377,CLEMENTI AVE 5,04 TO 06,67.0,New Generation,1980,55 years 01 month,480000.0
2024-10-01,CLEMENTI,3 ROOM,208B,CLEMENTI AVE 6,37 TO 39,68.0,Model A,2017,92 years 01 month,690000.0
2024-10-01,CLEMENTI,3 ROOM,109,CLEMENTI ST 11,04 TO 06,67.0,New Generation,1984,59 years 02 months,413000.0
2024-10-01,CLEMENTI,3 ROOM,714,CLEMENTI WEST ST 2,10 TO 12,82.0,New Generation,1980,55 years 01 month,435000.0
2024-10-01,CLEMENTI,3 ROOM,731,CLEMENTI WEST ST 2,07 TO 09,82.0,New Generation,1980,54 years 09 months,455000.0
2024-10-01,CLEMENTI,3 ROOM,706,CLEMENTI WEST ST 2,04 TO 06,68.0,New Generation,1980,54 years 11 months,402000.0
2024-10-01,CLEMENTI,3 ROOM,730,CLEMENTI WEST ST 2,07 TO 09,68.0,New Generation,1980,54 years 11 months,393000.0
2024-10-01,CLEMENTI,3 ROOM,714,CLEMENTI WEST ST 2,01 TO 03,67.0,New Generation,1980,55 years 01 month,375000.0
2024-10-01,CLEMENTI,3 ROOM,506,WEST COAST DR,10 TO 12,67.0,New Generation,1978,52 years 11 months,380000.0
2024-10-01,CLEMENTI,3 ROOM,508,WEST COAST DR,13 TO 15,67.0,New Generation,1978,52 years 11 months,412000.0
2024-10-01,CLEMENTI,3 ROOM,506,WEST COAST DR,10 TO 12,67.0,New Generation,1978,52 years 11 months,399000.0
2024-10-01,CLEMENTI,4 ROOM,411,C'WEALTH AVE WEST,13 TO 15,97.0,New Generation,1978,52 years 06 months,578888.0
2024-10-01,CLEMENTI,4 ROOM,420,CLEMENTI AVE 1,31 TO 33,92.0,Model A,2013,88 years,975000.0
2024-10-01,CLEMENTI,4 ROOM,457,CLEMENTI AVE 3,19 TO 21,90.0,Model A,2002,77 years 03 months,848000.0
2024-10-01,CLEMENTI,4 ROOM,432,CLEMENTI AVE 3,04 TO 06,91.0,New Generation,1978,53 years 03 months,640888.0
2024-10-01,CLEMENTI,4 ROOM,462,CLEMENTI AVE 3,19 TO 21,90.0,Model A,2006,80 years 10 months,930000.0
2024-10-01,CLEMENTI,4 ROOM,428,CLEMENTI AVE 3,01 TO 03,91.0,New Generation,1978,52 years 08 months,593000.0
2024-10-01,CLEMENTI,4 ROOM,311B,CLEMENTI AVE 4,34 TO 36,80.0,DBSS,2014,89 years 04 months,995000.0
2024-10-01,CLEMENTI,4 ROOM,312A,CLEMENTI AVE 4,19 TO 21,93.0,Model A,2017,91 years 11 months,1040104.0
2024-10-01,CLEMENTI,4 ROOM,308,CLEMENTI AVE 4,07 TO 09,92.0,New Generation,1980,54 years 04 months,672500.0
2024-10-01,CLEMENTI,4 ROOM,311A,CLEMENTI AVE 4,37 TO 39,82.0,DBSS,2014,89 years 03 months,1018888.0
2024-10-01,CLEMENTI,4 ROOM,311C,CLEMENTI AVE 4,04 TO 06,80.0,DBSS,2014,89 years 04 months,830000.0
2024-10-01,CLEMENTI,4 ROOM,607,CLEMENTI WEST ST 1,01 TO 03,92.0,New Generation,1979,54 years 03 months,500000.0
2024-10-01,CLEMENTI,5 ROOM,355,CLEMENTI AVE 2,04 TO 06,117.0,Standard,1978,52 years 06 months,845000.0
2024-10-01,CLEMENTI,5 ROOM,340,CLEMENTI AVE 5,07 TO 09,121.0,Improved,1979,54 years 02 months,708000.0
2024-10-01,CLEMENTI,EXECUTIVE,115,CLEMENTI ST 13,10 TO 12,151.0,Maisonette,1985,59 years 05 months,1000000.0
2024-10-01,GEYLANG,2 ROOM,62,CIRCUIT RD,01 TO 03,45.0,Standard,1967,41 years 04 months,290000.0
2024-10-01,GEYLANG,2 ROOM,68,CIRCUIT RD,04 TO 06,45.0,Standard,1969,43 years 04 months,285000.0
2024-10-01,GEYLANG,3 ROOM,99,ALJUNIED CRES,07 TO 09,67.0,New Generation,1978,52 years 04 months,375000.0
2024-10-01,GEYLANG,3 ROOM,109,ALJUNIED CRES,07 TO 09,60.0,Improved,1986,60 years 04 months,428000.0
2024-10-01,GEYLANG,3 ROOM,42,CASSIA CRES,07 TO 09,68.0,New Generation,1981,55 years 10 months,512800.0
2024-10-01,GEYLANG,3 ROOM,36,CASSIA CRES,07 TO 09,68.0,Improved,1986,60 years 05 months,455000.0
2024-10-01,GEYLANG,3 ROOM,82A,CIRCUIT RD,13 TO 15,68.0,Model A,2020,94 years 09 months,758000.0
2024-10-01,GEYLANG,3 ROOM,48,CIRCUIT RD,01 TO 03,60.0,Standard,1969,43 years 05 months,320000.0
2024-10-01,GEYLANG,3 ROOM,43,CIRCUIT RD,07 TO 09,52.0,Standard,1971,45 years 04 months,305000.0
2024-10-01,GEYLANG,3 ROOM,61,CIRCUIT RD,10 TO 12,61.0,Standard,1969,43 years 04 months,325000.0
2024-10-01,GEYLANG,3 ROOM,43,CIRCUIT RD,01 TO 03,52.0,Standard,1971,45 years 04 months,310000.0
2024-10-01,GEYLANG,3 ROOM,82B,CIRCUIT RD,13 TO 15,68.0,Model A,2020,94 years 08 months,755000.0
2024-10-01,GEYLANG,3 ROOM,87,CIRCUIT RD,07 TO 09,60.0,Improved,1970,44 years 04 months,325000.0
2024-10-01,GEYLANG,3 ROOM,82B,CIRCUIT RD,13 TO 15,68.0,Model A,2020,94 years 08 months,750000.0
2024-10-01,GEYLANG,3 ROOM,82A,CIRCUIT RD,19 TO 21,68.0,Model A,2020,94 years 08 months,762000.0
2024-10-01,GEYLANG,3 ROOM,19,EUNOS CRES,07 TO 09,65.0,Improved,1977,51 years 08 months,360000.0
2024-10-01,GEYLANG,3 ROOM,21,EUNOS CRES,07 TO 09,66.0,Improved,1982,56 years 04 months,360000.0
2024-10-01,GEYLANG,3 ROOM,93,JLN DUA,07 TO 09,62.0,Standard,1969,43 years 04 months,360000.0
2024-10-01,GEYLANG,3 ROOM,95,OLD AIRPORT RD,01 TO 03,53.0,Standard,1969,43 years 04 months,335000.0
2024-10-01,GEYLANG,3 ROOM,121,PAYA LEBAR WAY,01 TO 03,68.0,New Generation,1980,54 years 11 months,410000.0
2024-10-01,GEYLANG,3 ROOM,45,SIMS DR,10 TO 12,65.0,Improved,1977,51 years 07 months,415000.0
2024-10-01,GEYLANG,3 ROOM,45,SIMS DR,01 TO 03,65.0,Improved,1977,51 years 07 months,360000.0
2024-10-01,GEYLANG,3 ROOM,342,UBI AVE 1,01 TO 03,64.0,Simplified,1985,60 years 01 month,440000.0
2024-10-01,GEYLANG,3 ROOM,304,UBI AVE 1,04 TO 06,63.0,Simplified,2000,74 years 08 months,420000.0
2024-10-01,GEYLANG,3 ROOM,301,UBI AVE 1,04 TO 06,64.0,Simplified,2000,74 years 08 months,422000.0
2024-10-01,GEYLANG,4 ROOM,104,ALJUNIED CRES,04 TO 06,92.0,New Generation,1978,52 years 04 months,590000.0
2024-10-01,GEYLANG,4 ROOM,56,CASSIA CRES,01 TO 03,101.0,Model A,1998,72 years 05 months,841888.0
2024-10-01,GEYLANG,4 ROOM,82A,CIRCUIT RD,07 TO 09,93.0,Model A,2020,94 years 09 months,970000.0
2024-10-01,GEYLANG,4 ROOM,82B,CIRCUIT RD,07 TO 09,93.0,Model A,2020,94 years 08 months,1000000.0
2024-10-01,GEYLANG,4 ROOM,18B,CIRCUIT RD,19 TO 21,93.0,Model A,2016,91 years 02 months,1010000.0
2024-10-01,GEYLANG,4 ROOM,82B,CIRCUIT RD,13 TO 15,93.0,Model A,2020,94 years 08 months,975000.0
2024-10-01,GEYLANG,4 ROOM,82B,CIRCUIT RD,04 TO 06,93.0,Model A,2020,94 years 08 months,952000.0
2024-10-01,GEYLANG,4 ROOM,82A,CIRCUIT RD,04 TO 06,93.0,Model A,2020,94 years 08 months,945000.0
2024-10-01,GEYLANG,4 ROOM,82B,CIRCUIT RD,10 TO 12,93.0,Model A,2020,94 years 08 months,990000.0
2024-10-01,GEYLANG,4 ROOM,82B,CIRCUIT RD,04 TO 06,93.0,Model A,2020,94 years 08 months,925000.0
2024-10-01,GEYLANG,4 ROOM,82B,CIRCUIT RD,10 TO 12,93.0,Model A,2020,94 years 08 months,995000.0
2024-10-01,GEYLANG,4 ROOM,2C,GEYLANG SERAI,04 TO 06,95.0,Model A,2011,86 years 03 months,800000.0
2024-10-01,GEYLANG,4 ROOM,2D,GEYLANG SERAI,13 TO 15,95.0,Model A,2011,86 years 03 months,893000.0
2024-10-01,GEYLANG,4 ROOM,5,HAIG RD,04 TO 06,92.0,New Generation,1976,50 years 10 months,580000.0
2024-10-01,GEYLANG,4 ROOM,47,JLN TIGA,04 TO 06,85.0,Model A,2005,79 years 07 months,890088.0
2024-10-01,GEYLANG,4 ROOM,346,UBI AVE 1,01 TO 03,84.0,Simplified,1986,60 years 06 months,520000.0
2024-10-01,GEYLANG,4 ROOM,322,UBI AVE 1,04 TO 06,84.0,Simplified,1985,60 years 01 month,545000.0
2024-10-01,GEYLANG,4 ROOM,343,UBI AVE 1,04 TO 06,104.0,Model A,1986,60 years 08 months,610000.0
2024-10-01,GEYLANG,5 ROOM,97,ALJUNIED CRES,01 TO 03,130.0,Adjoined flat,1975,49 years 11 months,738388.0
2024-10-01,GEYLANG,5 ROOM,28,CASSIA CRES,04 TO 06,120.0,Improved,1998,72 years 09 months,1130000.0
2024-10-01,GEYLANG,5 ROOM,412,EUNOS RD 5,01 TO 03,122.0,Improved,1992,66 years 11 months,820000.0
2024-10-01,GEYLANG,5 ROOM,43A,SIMS DR,04 TO 06,122.0,Improved,1989,64 years 01 month,753000.0
2024-10-01,HOUGANG,2 ROOM,998A,BUANGKOK CRES,01 TO 03,38.0,Model A,2019,94 years 03 months,325000.0
2024-10-01,HOUGANG,3 ROOM,987B,BUANGKOK GREEN,07 TO 09,68.0,Model A,2015,89 years 05 months,488888.0
2024-10-01,HOUGANG,3 ROOM,126,HOUGANG AVE 1,01 TO 03,70.0,New Generation,1983,57 years 05 months,380000.0
2024-10-01,HOUGANG,3 ROOM,119,HOUGANG AVE 1,10 TO 12,82.0,New Generation,1981,56 years,492000.0
2024-10-01,HOUGANG,3 ROOM,174B,HOUGANG AVE 1,13 TO 15,66.0,Model A,2014,88 years 04 months,490000.0
2024-10-01,HOUGANG,3 ROOM,106,HOUGANG AVE 1,04 TO 06,81.0,New Generation,1984,58 years 07 months,450000.0
2024-10-01,HOUGANG,3 ROOM,248,HOUGANG AVE 3,01 TO 03,71.0,New Generation,1984,59 years 01 month,420000.0
2024-10-01,HOUGANG,3 ROOM,19,HOUGANG AVE 3,10 TO 12,88.0,New Generation,1978,52 years 08 months,460000.0
2024-10-01,HOUGANG,3 ROOM,247,HOUGANG AVE 3,04 TO 06,82.0,New Generation,1984,58 years 09 months,463000.0
2024-10-01,HOUGANG,3 ROOM,313,HOUGANG AVE 5,07 TO 09,59.0,Improved,1993,67 years 07 months,410000.0
2024-10-01,HOUGANG,3 ROOM,333,HOUGANG AVE 5,01 TO 03,80.0,Model A,1983,57 years 08 months,440000.0
2024-10-01,HOUGANG,3 ROOM,328,HOUGANG AVE 5,13 TO 15,67.0,New Generation,1983,57 years 10 months,455888.0
2024-10-01,HOUGANG,3 ROOM,309,HOUGANG AVE 5,04 TO 06,67.0,New Generation,1982,57 years 01 month,440000.0
2024-10-01,HOUGANG,3 ROOM,356,HOUGANG AVE 7,01 TO 03,67.0,New Generation,1984,59 years 03 months,405000.0
2024-10-01,HOUGANG,3 ROOM,620,HOUGANG AVE 8,10 TO 12,69.0,Improved,1985,59 years 11 months,442000.0
2024-10-01,HOUGANG,3 ROOM,632,HOUGANG AVE 8,01 TO 03,64.0,Simplified,1986,60 years 09 months,400000.0
2024-10-01,HOUGANG,3 ROOM,617,HOUGANG AVE 8,07 TO 09,64.0,Simplified,1986,60 years 04 months,408000.0
2024-10-01,HOUGANG,3 ROOM,244,HOUGANG ST 22,10 TO 12,67.0,New Generation,1984,59 years,428000.0
2024-10-01,HOUGANG,3 ROOM,688,HOUGANG ST 61,10 TO 12,74.0,Model A,1987,61 years 06 months,460000.0
2024-10-01,HOUGANG,3 ROOM,694,HOUGANG ST 61,04 TO 06,64.0,Simplified,1987,61 years 05 months,430000.0
2024-10-01,HOUGANG,3 ROOM,473B,UPP SERANGOON CRES,10 TO 12,68.0,Model A,2017,91 years 10 months,510000.0
2024-10-01,HOUGANG,4 ROOM,999B,BUANGKOK CRES,13 TO 15,94.0,Model A,2019,94 years 03 months,682500.0
2024-10-01,HOUGANG,4 ROOM,981A,BUANGKOK CRES,13 TO 15,90.0,Model A,2003,77 years 08 months,565000.0
2024-10-01,HOUGANG,4 ROOM,999B,BUANGKOK CRES,04 TO 06,94.0,Model A,2019,94 years 03 months,628000.0
2024-10-01,HOUGANG,4 ROOM,999B,BUANGKOK CRES,16 TO 18,93.0,Model A,2019,94 years 03 months,688000.0
2024-10-01,HOUGANG,4 ROOM,997B,BUANGKOK CRES,04 TO 06,93.0,Model A,2018,93 years 02 months,600000.0
2024-10-01,HOUGANG,4 ROOM,987C,BUANGKOK GREEN,07 TO 09,93.0,Model A,2015,89 years 05 months,638000.0
2024-10-01,HOUGANG,4 ROOM,991B,BUANGKOK LINK,07 TO 09,93.0,Model A,2019,93 years 09 months,640000.0
2024-10-01,HOUGANG,4 ROOM,103,HOUGANG AVE 1,04 TO 06,108.0,Model A,1983,58 years 03 months,630000.0
2024-10-01,HOUGANG,4 ROOM,171,HOUGANG AVE 1,04 TO 06,101.0,Model A,1998,72 years 04 months,572000.0
2024-10-01,HOUGANG,4 ROOM,453,HOUGANG AVE 10,07 TO 09,104.0,Model A,1992,66 years 11 months,680000.0
2024-10-01,HOUGANG,4 ROOM,420,HOUGANG AVE 10,04 TO 06,105.0,Model A,1989,63 years 11 months,620000.0
2024-10-01,HOUGANG,4 ROOM,510,HOUGANG AVE 10,01 TO 03,104.0,Model A,1986,60 years 09 months,590000.0
2024-10-01,HOUGANG,4 ROOM,420,HOUGANG AVE 10,07 TO 09,105.0,Model A,1989,63 years 11 months,648000.0
2024-10-01,HOUGANG,4 ROOM,703,HOUGANG AVE 2,04 TO 06,93.0,New Generation,1986,60 years 09 months,550000.0
2024-10-01,HOUGANG,4 ROOM,701,HOUGANG AVE 2,01 TO 03,93.0,New Generation,1985,60 years 01 month,530000.0
2024-10-01,HOUGANG,4 ROOM,603,HOUGANG AVE 4,04 TO 06,84.0,Simplified,1985,60 years 01 month,525888.0
2024-10-01,HOUGANG,4 ROOM,308,HOUGANG AVE 5,04 TO 06,93.0,New Generation,1983,58 years 01 month,520000.0
2024-10-01,HOUGANG,4 ROOM,307,HOUGANG AVE 5,01 TO 03,93.0,New Generation,1983,57 years 04 months,545000.0
2024-10-01,HOUGANG,4 ROOM,326,HOUGANG AVE 7,10 TO 12,104.0,Model A,1983,57 years 08 months,560000.0
2024-10-01,HOUGANG,4 ROOM,680,HOUGANG AVE 8,01 TO 03,104.0,Model A,1987,61 years 04 months,575000.0
2024-10-01,HOUGANG,4 ROOM,932B,HOUGANG AVE 9,07 TO 09,92.0,Model A,2017,92 years 02 months,670000.0
2024-10-01,HOUGANG,4 ROOM,932A,HOUGANG AVE 9,10 TO 12,92.0,Model A,2017,92 years 02 months,728000.0
2024-10-01,HOUGANG,4 ROOM,932B,HOUGANG AVE 9,16 TO 18,92.0,Model A,2017,92 years 02 months,720888.0
2024-10-01,HOUGANG,4 ROOM,830,HOUGANG CTRL,04 TO 06,111.0,Model A,1992,66 years 11 months,737888.0
2024-10-01,HOUGANG,4 ROOM,240,HOUGANG ST 22,07 TO 09,104.0,Model A,1984,59 years 01 month,620000.0
2024-10-01,HOUGANG,4 ROOM,553,HOUGANG ST 51,10 TO 12,104.0,Model A,1989,64 years,600000.0
2024-10-01,HOUGANG,4 ROOM,910,HOUGANG ST 91,04 TO 06,93.0,Model A2,1997,72 years 02 months,540000.0
2024-10-01,HOUGANG,4 ROOM,473C,UPP SERANGOON CRES,01 TO 03,93.0,Model A,2017,91 years 09 months,605000.0
2024-10-01,HOUGANG,4 ROOM,475C,UPP SERANGOON CRES,10 TO 12,92.0,DBSS,2014,89 years 02 months,803000.0
2024-10-01,HOUGANG,4 ROOM,471A,UPP SERANGOON CRES,13 TO 15,92.0,Model A,2015,89 years 08 months,660000.0
2024-10-01,HOUGANG,4 ROOM,473D,UPP SERANGOON CRES,10 TO 12,93.0,Model A,2017,91 years 09 months,660000.0
2024-10-01,HOUGANG,4 ROOM,365A,UPP SERANGOON RD,13 TO 15,93.0,Model A,2018,92 years 05 months,828888.0
2024-10-01,HOUGANG,5 ROOM,980B,BUANGKOK CRES,04 TO 06,110.0,Improved,2003,77 years 09 months,688000.0
2024-10-01,HOUGANG,5 ROOM,997B,BUANGKOK CRES,13 TO 15,113.0,Improved,2018,93 years 03 months,765000.0
2024-10-01,HOUGANG,5 ROOM,997B,BUANGKOK CRES,10 TO 12,113.0,Improved,2018,93 years 02 months,772000.0
2024-10-01,HOUGANG,5 ROOM,985B,BUANGKOK CRES,07 TO 09,110.0,Improved,2004,78 years 06 months,635000.0
2024-10-01,HOUGANG,5 ROOM,984D,BUANGKOK LINK,01 TO 03,110.0,Improved,2004,78 years 08 months,590000.0
2024-10-01,HOUGANG,5 ROOM,230,HOUGANG AVE 1,01 TO 03,140.0,Model A-Maisonette,1984,59 years 03 months,908888.0
2024-10-01,HOUGANG,5 ROOM,460,HOUGANG AVE 10,01 TO 03,123.0,Improved,1992,66 years 11 months,725000.0
2024-10-01,HOUGANG,5 ROOM,521,HOUGANG AVE 6,04 TO 06,121.0,Improved,1987,62 years,740000.0
2024-10-01,HOUGANG,5 ROOM,443,HOUGANG AVE 8,07 TO 09,123.0,Improved,1990,65 years,750000.0
2024-10-01,HOUGANG,5 ROOM,966,HOUGANG AVE 9,04 TO 06,115.0,Improved,1999,73 years 11 months,670000.0
2024-10-01,HOUGANG,5 ROOM,156,HOUGANG ST 11,10 TO 12,121.0,Improved,1984,59 years 03 months,710000.0
2024-10-01,HOUGANG,5 ROOM,699A,HOUGANG ST 52,16 TO 18,120.0,Improved,1999,73 years 06 months,785000.0
2024-10-01,HOUGANG,5 ROOM,926,HOUGANG ST 91,04 TO 06,120.0,Improved,1998,72 years 10 months,730000.0
2024-10-01,HOUGANG,5 ROOM,921,HOUGANG ST 91,07 TO 09,120.0,Improved,1998,72 years 07 months,743000.0
2024-10-01,HOUGANG,5 ROOM,937,HOUGANG ST 92,10 TO 12,121.0,Improved,1998,72 years 05 months,800000.0
2024-10-01,HOUGANG,5 ROOM,941,HOUGANG ST 92,07 TO 09,121.0,Improved,1998,72 years 05 months,770000.0
2024-10-01,HOUGANG,5 ROOM,470A,UPP SERANGOON CRES,04 TO 06,112.0,Improved,2015,89 years 08 months,809000.0
2024-10-01,HOUGANG,5 ROOM,475B,UPP SERANGOON CRES,10 TO 12,109.0,DBSS,2014,89 years 02 months,939999.0
2024-10-01,HOUGANG,EXECUTIVE,508,HOUGANG AVE 10,07 TO 09,146.0,Maisonette,1987,61 years 10 months,955000.0
2024-10-01,HOUGANG,EXECUTIVE,508,HOUGANG AVE 10,04 TO 06,146.0,Maisonette,1987,61 years 10 months,978000.0
2024-10-01,HOUGANG,EXECUTIVE,407,HOUGANG AVE 10,10 TO 12,148.0,Maisonette,1986,61 years,1068000.0
2024-10-01,HOUGANG,EXECUTIVE,533,HOUGANG AVE 6,04 TO 06,145.0,Apartment,1988,62 years 07 months,935000.0
2024-10-01,HOUGANG,EXECUTIVE,622,HOUGANG AVE 8,01 TO 03,155.0,Maisonette,1986,60 years 06 months,956000.0
2024-10-01,HOUGANG,EXECUTIVE,656,HOUGANG AVE 8,01 TO 03,151.0,Maisonette,1987,61 years 08 months,950000.0
2024-10-01,HOUGANG,EXECUTIVE,834,HOUGANG CTRL,01 TO 03,156.0,Maisonette,1992,66 years 11 months,968000.0
2024-10-01,HOUGANG,EXECUTIVE,374,HOUGANG ST 31,13 TO 15,141.0,Apartment,2000,74 years 04 months,1098000.0
2024-10-01,HOUGANG,EXECUTIVE,560,HOUGANG ST 51,13 TO 15,143.0,Apartment,1992,66 years 11 months,960000.0
2024-10-01,HOUGANG,EXECUTIVE,974,HOUGANG ST 91,13 TO 15,137.0,Apartment,1999,74 years 02 months,868888.0
2024-10-01,HOUGANG,EXECUTIVE,141,LOR AH SOO,01 TO 03,148.0,Maisonette,1985,59 years 04 months,988000.0
2024-10-01,HOUGANG,EXECUTIVE,128,LOR AH SOO,10 TO 12,142.0,Apartment,1984,58 years 10 months,920000.0
2024-10-01,JURONG EAST,2 ROOM,371,JURONG EAST ST 32,01 TO 03,44.0,Model A,2014,88 years 05 months,328000.0
2024-10-01,JURONG EAST,2 ROOM,23,TEBAN GDNS RD,25 TO 27,47.0,Model A,2013,88 years,368000.0
2024-10-01,JURONG EAST,3 ROOM,240A,JURONG EAST AVE 1,19 TO 21,68.0,Model A,2020,94 years 09 months,553000.0
2024-10-01,JURONG EAST,3 ROOM,240A,JURONG EAST AVE 1,16 TO 18,68.0,Model A,2020,94 years 08 months,563000.0
2024-10-01,JURONG EAST,3 ROOM,329,JURONG EAST AVE 1,10 TO 12,74.0,Model A,1983,57 years 09 months,398000.0
2024-10-01,JURONG EAST,3 ROOM,240A,JURONG EAST AVE 1,13 TO 15,68.0,Model A,2020,94 years 08 months,552000.0
2024-10-01,JURONG EAST,3 ROOM,101,JURONG EAST ST 13,04 TO 06,68.0,New Generation,1983,57 years 06 months,430000.0
2024-10-01,JURONG EAST,3 ROOM,205,JURONG EAST ST 21,07 TO 09,67.0,New Generation,1983,57 years 09 months,396888.0
2024-10-01,JURONG EAST,3 ROOM,208,JURONG EAST ST 21,01 TO 03,67.0,New Generation,1982,57 years 04 months,420000.0
2024-10-01,JURONG EAST,3 ROOM,243,JURONG EAST ST 24,10 TO 12,67.0,New Generation,1983,57 years 06 months,383000.0
2024-10-01,JURONG EAST,3 ROOM,253,JURONG EAST ST 24,01 TO 03,67.0,New Generation,1985,59 years 09 months,385000.0
2024-10-01,JURONG EAST,3 ROOM,252,JURONG EAST ST 24,04 TO 06,67.0,New Generation,1985,59 years 09 months,370000.0
2024-10-01,JURONG EAST,3 ROOM,241,JURONG EAST ST 24,10 TO 12,68.0,New Generation,1983,57 years 05 months,425000.0
2024-10-01,JURONG EAST,3 ROOM,248,JURONG EAST ST 24,10 TO 12,82.0,New Generation,1983,57 years 06 months,455000.0
2024-10-01,JURONG EAST,3 ROOM,247,JURONG EAST ST 24,13 TO 15,68.0,New Generation,1983,57 years 09 months,405000.0
2024-10-01,JURONG EAST,3 ROOM,306,JURONG EAST ST 32,07 TO 09,68.0,New Generation,1983,58 years 01 month,398000.0
2024-10-01,JURONG EAST,3 ROOM,301,JURONG EAST ST 32,01 TO 03,84.0,New Generation,1983,57 years 07 months,428000.0
2024-10-01,JURONG EAST,3 ROOM,303,JURONG EAST ST 32,04 TO 06,82.0,New Generation,1983,57 years 11 months,410000.0
2024-10-01,JURONG EAST,3 ROOM,308,JURONG EAST ST 32,01 TO 03,74.0,Model A,1984,58 years 06 months,380000.0
2024-10-01,JURONG EAST,3 ROOM,23,TEBAN GDNS RD,37 TO 39,72.0,Model A,2013,88 years,473000.0
2024-10-01,JURONG EAST,3 ROOM,35,TEBAN GDNS RD,01 TO 03,74.0,Improved,1977,51 years 09 months,330000.0
2024-10-01,JURONG EAST,3 ROOM,23,TEBAN GDNS RD,04 TO 06,72.0,Model A,2013,88 years,445000.0
2024-10-01,JURONG EAST,3 ROOM,57,TEBAN GDNS RD,13 TO 15,67.0,Model A,2016,91 years 03 months,470000.0
2024-10-01,JURONG EAST,4 ROOM,112,JURONG EAST ST 13,07 TO 09,93.0,New Generation,1981,55 years 09 months,510000.0
2024-10-01,JURONG EAST,4 ROOM,108,JURONG EAST ST 13,04 TO 06,92.0,New Generation,1982,57 years 01 month,495888.0
2024-10-01,JURONG EAST,4 ROOM,228,JURONG EAST ST 21,10 TO 12,84.0,Simplified,1987,62 years 03 months,510000.0
2024-10-01,JURONG EAST,4 ROOM,218,JURONG EAST ST 21,01 TO 03,92.0,New Generation,1984,59 years 02 months,525000.0
2024-10-01,JURONG EAST,4 ROOM,214,JURONG EAST ST 21,01 TO 03,105.0,New Generation,1983,57 years 06 months,485000.0
2024-10-01,JURONG EAST,4 ROOM,314,JURONG EAST ST 32,04 TO 06,104.0,Model A,1984,58 years 11 months,565000.0
2024-10-01,JURONG EAST,4 ROOM,314,JURONG EAST ST 32,10 TO 12,106.0,Model A,1984,58 years 10 months,528000.0
2024-10-01,JURONG EAST,4 ROOM,22,TEBAN GDNS RD,04 TO 06,92.0,Model A,2013,88 years,525000.0
2024-10-01,JURONG EAST,4 ROOM,25,TEBAN GDNS RD,10 TO 12,99.0,Model A,1993,67 years 10 months,510000.0
2024-10-01,JURONG EAST,4 ROOM,280,TOH GUAN RD,10 TO 12,90.0,Model A2,1998,73 years,560000.0
2024-10-01,JURONG EAST,4 ROOM,285B,TOH GUAN RD,07 TO 09,100.0,Model A,1998,73 years 03 months,618888.0
2024-10-01,JURONG EAST,4 ROOM,274,TOH GUAN RD,07 TO 09,101.0,Model A,1999,73 years 04 months,613000.0
2024-10-01,JURONG EAST,5 ROOM,340,JURONG EAST AVE 1,07 TO 09,140.0,Model A-Maisonette,1984,58 years 10 months,765000.0
2024-10-01,JURONG EAST,5 ROOM,111,JURONG EAST ST 13,16 TO 18,120.0,Improved,1981,56 years,700000.0
2024-10-01,JURONG EAST,5 ROOM,107,JURONG EAST ST 13,10 TO 12,135.0,Model A,1993,67 years 08 months,750000.0
2024-10-01,JURONG EAST,5 ROOM,238,JURONG EAST ST 21,16 TO 18,120.0,Improved,1982,57 years,705000.0
2024-10-01,JURONG EAST,5 ROOM,201,JURONG EAST ST 21,07 TO 09,120.0,Improved,1989,63 years 07 months,760000.0
2024-10-01,JURONG EAST,5 ROOM,212,JURONG EAST ST 21,10 TO 12,120.0,Improved,1982,57 years 03 months,720000.0
2024-10-01,JURONG EAST,5 ROOM,230,JURONG EAST ST 21,13 TO 15,120.0,Improved,1981,56 years,675000.0
2024-10-01,JURONG EAST,5 ROOM,305,JURONG EAST ST 32,07 TO 09,126.0,Improved,1983,57 years 04 months,610000.0
2024-10-01,JURONG EAST,5 ROOM,309,JURONG EAST ST 32,01 TO 03,131.0,Model A,1983,57 years 10 months,630000.0
2024-10-01,JURONG EAST,5 ROOM,62,TEBAN GDNS RD,04 TO 06,110.0,Improved,2003,77 years 09 months,625000.0
2024-10-01,JURONG EAST,5 ROOM,267,TOH GUAN RD,13 TO 15,121.0,Improved,1998,73 years 01 month,790000.0
2024-10-01,JURONG EAST,5 ROOM,277,TOH GUAN RD,16 TO 18,120.0,Improved,1998,73 years 01 month,760000.0
2024-10-01,JURONG EAST,5 ROOM,281,TOH GUAN RD,07 TO 09,120.0,Improved,1998,73 years 03 months,792888.0
2024-10-01,JURONG WEST,2 ROOM,140C,CORPORATION DR,04 TO 06,47.0,Model A,2019,93 years 09 months,350000.0
2024-10-01,JURONG WEST,2 ROOM,150A,CORPORATION DR,13 TO 15,47.0,Model A,2019,93 years 08 months,335000.0
2024-10-01,JURONG WEST,2 ROOM,140D,CORPORATION DR,04 TO 06,38.0,Model A,2019,93 years 09 months,298688.0
2024-10-01,JURONG WEST,2 ROOM,140C,CORPORATION DR,07 TO 09,47.0,Model A,2019,93 years 09 months,342000.0
2024-10-01,JURONG WEST,2 ROOM,150A,CORPORATION DR,13 TO 15,47.0,Model A,2019,93 years 08 months,350000.0
2024-10-01,JURONG WEST,2 ROOM,990A,JURONG WEST ST 93,10 TO 12,56.0,Premium Apartment,2008,82 years 11 months,352000.0
2024-10-01,JURONG WEST,3 ROOM,187,BOON LAY AVE,04 TO 06,59.0,Improved,1978,52 years 10 months,285000.0
2024-10-01,JURONG WEST,3 ROOM,185,BOON LAY AVE,13 TO 15,59.0,Improved,1975,50 years 01 month,336000.0
2024-10-01,JURONG WEST,3 ROOM,175,BOON LAY DR,10 TO 12,59.0,Improved,1978,52 years 11 months,308000.0
2024-10-01,JURONG WEST,3 ROOM,181A,BOON LAY DR,16 TO 18,68.0,Model A,2014,88 years 09 months,470000.0
2024-10-01,JURONG WEST,3 ROOM,174,BOON LAY DR,01 TO 03,59.0,Improved,1978,52 years 10 months,315000.0
2024-10-01,JURONG WEST,3 ROOM,174,BOON LAY DR,07 TO 09,59.0,Improved,1978,52 years 09 months,300000.0
2024-10-01,JURONG WEST,3 ROOM,211,BOON LAY PL,13 TO 15,65.0,Improved,1976,51 years 02 months,340000.0
2024-10-01,JURONG WEST,3 ROOM,208,BOON LAY PL,13 TO 15,74.0,Improved,1976,51 years 02 months,372000.0
2024-10-01,JURONG WEST,3 ROOM,208,BOON LAY PL,19 TO 21,74.0,Improved,1976,51 years 02 months,370000.0
2024-10-01,JURONG WEST,3 ROOM,209,BOON LAY PL,10 TO 12,65.0,Improved,1976,50 years 08 months,350000.0
2024-10-01,JURONG WEST,3 ROOM,209,BOON LAY PL,10 TO 12,65.0,Improved,1976,50 years 08 months,343000.0
2024-10-01,JURONG WEST,3 ROOM,207,BOON LAY PL,04 TO 06,65.0,Improved,1976,50 years 08 months,335000.0
2024-10-01,JURONG WEST,3 ROOM,119,HO CHING RD,01 TO 03,67.0,Improved,1972,46 years 04 months,316000.0
2024-10-01,JURONG WEST,3 ROOM,119,HO CHING RD,10 TO 12,67.0,Improved,1972,46 years 04 months,345000.0
2024-10-01,JURONG WEST,3 ROOM,112,HO CHING RD,07 TO 09,68.0,Improved,1970,45 years,350000.0
2024-10-01,JURONG WEST,3 ROOM,491,JURONG WEST AVE 1,07 TO 09,67.0,New Generation,1985,60 years,420000.0
2024-10-01,JURONG WEST,3 ROOM,698B,JURONG WEST CTRL 3,13 TO 15,68.0,Model A,2017,92 years 01 month,585000.0
2024-10-01,JURONG WEST,3 ROOM,463,JURONG WEST ST 41,01 TO 03,67.0,New Generation,1985,59 years 09 months,400000.0
2024-10-01,JURONG WEST,3 ROOM,498,JURONG WEST ST 41,01 TO 03,64.0,Simplified,1986,60 years 10 months,385000.0
2024-10-01,JURONG WEST,3 ROOM,560A,JURONG WEST ST 42,01 TO 03,68.0,Model A,2018,92 years 05 months,438888.0
2024-10-01,JURONG WEST,3 ROOM,421,JURONG WEST ST 42,07 TO 09,64.0,Simplified,1985,59 years 09 months,388000.0
2024-10-01,JURONG WEST,3 ROOM,527,JURONG WEST ST 52,01 TO 03,67.0,New Generation,1983,57 years 11 months,385000.0
2024-10-01,JURONG WEST,3 ROOM,531,JURONG WEST ST 52,07 TO 09,67.0,New Generation,1983,57 years 11 months,380000.0
2024-10-01,JURONG WEST,3 ROOM,516,JURONG WEST ST 52,07 TO 09,74.0,Model A,1984,58 years 11 months,450000.0
2024-10-01,JURONG WEST,3 ROOM,510,JURONG WEST ST 52,07 TO 09,74.0,Model A,1984,58 years 05 months,410000.0
2024-10-01,JURONG WEST,3 ROOM,521,JURONG WEST ST 52,07 TO 09,67.0,New Generation,1982,57 years 03 months,380000.0
2024-10-01,JURONG WEST,3 ROOM,520,JURONG WEST ST 52,10 TO 12,79.0,Model A,1984,58 years 10 months,460000.0
2024-10-01,JURONG WEST,3 ROOM,514,JURONG WEST ST 52,01 TO 03,74.0,Model A,1984,58 years 08 months,395000.0
2024-10-01,JURONG WEST,3 ROOM,904,JURONG WEST ST 91,07 TO 09,73.0,Model A,1988,63 years 02 months,405000.0
2024-10-01,JURONG WEST,3 ROOM,908,JURONG WEST ST 91,07 TO 09,73.0,Model A,1989,63 years 08 months,390000.0
2024-10-01,JURONG WEST,3 ROOM,138B,YUAN CHING RD,13 TO 15,67.0,DBSS,2014,89 years,545000.0
2024-10-01,JURONG WEST,3 ROOM,121,YUAN CHING RD,07 TO 09,61.0,Improved,1974,48 years 08 months,295000.0
2024-10-01,JURONG WEST,3 ROOM,138B,YUAN CHING RD,13 TO 15,67.0,DBSS,2014,89 years,548000.0
2024-10-01,JURONG WEST,4 ROOM,183A,BOON LAY AVE,10 TO 12,92.0,Model A,2015,89 years 05 months,611700.0
2024-10-01,JURONG WEST,4 ROOM,196B,BOON LAY DR,16 TO 18,93.0,Model A,2015,89 years 07 months,708000.0
2024-10-01,JURONG WEST,4 ROOM,365,CORPORATION DR,04 TO 06,102.0,Model A,1997,71 years 11 months,520000.0
2024-10-01,JURONG WEST,4 ROOM,442,JURONG WEST AVE 1,01 TO 03,103.0,Model A,1984,59 years 01 month,480000.0
2024-10-01,JURONG WEST,4 ROOM,273C,JURONG WEST AVE 3,04 TO 06,90.0,Model A,2001,76 years 03 months,462000.0
2024-10-01,JURONG WEST,4 ROOM,273B,JURONG WEST AVE 3,13 TO 15,90.0,Model A,2001,76 years 03 months,488000.0
2024-10-01,JURONG WEST,4 ROOM,273A,JURONG WEST AVE 3,10 TO 12,90.0,Model A,2001,76 years 03 months,488888.0
2024-10-01,JURONG WEST,4 ROOM,725,JURONG WEST AVE 5,04 TO 06,104.0,Model A,1989,64 years 02 months,510000.0
2024-10-01,JURONG WEST,4 ROOM,727,JURONG WEST AVE 5,10 TO 12,104.0,Model A,1989,64 years 01 month,538888.0
2024-10-01,JURONG WEST,4 ROOM,679C,JURONG WEST CTRL 1,04 TO 06,95.0,Premium Apartment,2000,75 years,570000.0
2024-10-01,JURONG WEST,4 ROOM,686B,JURONG WEST CTRL 1,10 TO 12,93.0,Premium Apartment,2000,75 years 01 month,578888.0
2024-10-01,JURONG WEST,4 ROOM,693,JURONG WEST CTRL 1,10 TO 12,102.0,Premium Apartment,1998,72 years 06 months,612000.0
2024-10-01,JURONG WEST,4 ROOM,697A,JURONG WEST CTRL 3,16 TO 18,93.0,Model A,2017,92 years 01 month,700000.0
2024-10-01,JURONG WEST,4 ROOM,475,JURONG WEST ST 41,01 TO 03,102.0,Model A,1984,58 years 11 months,463000.0
2024-10-01,JURONG WEST,4 ROOM,478,JURONG WEST ST 41,07 TO 09,91.0,New Generation,1985,59 years 06 months,520000.0
2024-10-01,JURONG WEST,4 ROOM,417,JURONG WEST ST 42,01 TO 03,84.0,Simplified,1985,60 years 03 months,435000.0
2024-10-01,JURONG WEST,4 ROOM,417,JURONG WEST ST 42,07 TO 09,84.0,Simplified,1985,60 years 03 months,484000.0
2024-10-01,JURONG WEST,4 ROOM,449,JURONG WEST ST 42,07 TO 09,104.0,Model A,1985,59 years 05 months,500000.0
2024-10-01,JURONG WEST,4 ROOM,557,JURONG WEST ST 42,04 TO 06,104.0,Model A,1985,59 years 05 months,481000.0
2024-10-01,JURONG WEST,4 ROOM,417,JURONG WEST ST 42,07 TO 09,89.0,Simplified,1985,60 years 03 months,480000.0
2024-10-01,JURONG WEST,4 ROOM,413,JURONG WEST ST 42,10 TO 12,104.0,Model A,1984,58 years 10 months,485000.0
2024-10-01,JURONG WEST,4 ROOM,448,JURONG WEST ST 42,01 TO 03,104.0,Model A,1984,59 years,505000.0
2024-10-01,JURONG WEST,4 ROOM,419,JURONG WEST ST 42,01 TO 03,84.0,Simplified,1985,59 years 08 months,460000.0
2024-10-01,JURONG WEST,4 ROOM,414,JURONG WEST ST 42,04 TO 06,104.0,Model A,1984,59 years 01 month,506000.0
2024-10-01,JURONG WEST,4 ROOM,419,JURONG WEST ST 42,10 TO 12,84.0,Simplified,1985,59 years 08 months,465000.0
2024-10-01,JURONG WEST,4 ROOM,561B,JURONG WEST ST 42,04 TO 06,93.0,Model A,2018,92 years 05 months,580000.0
2024-10-01,JURONG WEST,4 ROOM,515,JURONG WEST ST 52,04 TO 06,104.0,Model A,1984,58 years 09 months,580000.0
2024-10-01,JURONG WEST,4 ROOM,534,JURONG WEST ST 52,01 TO 03,91.0,New Generation,1982,56 years 08 months,515000.0
2024-10-01,JURONG WEST,4 ROOM,534,JURONG WEST ST 52,10 TO 12,91.0,New Generation,1982,56 years 08 months,508888.0
2024-10-01,JURONG WEST,4 ROOM,643,JURONG WEST ST 61,01 TO 03,90.0,Model A2,1998,72 years 09 months,483000.0
2024-10-01,JURONG WEST,4 ROOM,641,JURONG WEST ST 61,07 TO 09,100.0,Model A,1998,72 years 10 months,530000.0
2024-10-01,JURONG WEST,4 ROOM,651A,JURONG WEST ST 61,10 TO 12,91.0,Model A,2002,76 years 08 months,599000.0
2024-10-01,JURONG WEST,4 ROOM,613,JURONG WEST ST 62,04 TO 06,94.0,Premium Apartment,2001,75 years 04 months,540000.0
2024-10-01,JURONG WEST,4 ROOM,668D,JURONG WEST ST 64,13 TO 15,86.0,Model A2,2000,74 years 10 months,578000.0
2024-10-01,JURONG WEST,4 ROOM,685B,JURONG WEST ST 64,07 TO 09,93.0,Premium Apartment,2000,74 years 11 months,560000.0
2024-10-01,JURONG WEST,4 ROOM,667C,JURONG WEST ST 65,07 TO 09,90.0,Model A,2000,74 years 10 months,545000.0
2024-10-01,JURONG WEST,4 ROOM,657B,JURONG WEST ST 65,13 TO 15,92.0,Model A,2001,75 years 09 months,532000.0
2024-10-01,JURONG WEST,4 ROOM,673A,JURONG WEST ST 65,01 TO 03,86.0,Model A2,2002,77 years 01 month,480000.0
2024-10-01,JURONG WEST,4 ROOM,657B,JURONG WEST ST 65,01 TO 03,91.0,Model A,2001,75 years 09 months,500000.0
2024-10-01,JURONG WEST,4 ROOM,657A,JURONG WEST ST 65,10 TO 12,91.0,Model A,2002,76 years 07 months,540000.0
2024-10-01,JURONG WEST,4 ROOM,713,JURONG WEST ST 71,07 TO 09,104.0,Model A,1990,65 years 02 months,496000.0
2024-10-01,JURONG WEST,4 ROOM,704,JURONG WEST ST 71,07 TO 09,108.0,Model A,1995,69 years 10 months,520000.0
2024-10-01,JURONG WEST,4 ROOM,716,JURONG WEST ST 71,04 TO 06,103.0,Model A,1991,65 years 05 months,530000.0
2024-10-01,JURONG WEST,4 ROOM,731,JURONG WEST ST 72,10 TO 12,104.0,Model A,1990,65 years 04 months,500000.0
2024-10-01,JURONG WEST,4 ROOM,730,JURONG WEST ST 72,07 TO 09,104.0,Model A,1990,65 years 02 months,535000.0
2024-10-01,JURONG WEST,4 ROOM,739,JURONG WEST ST 73,07 TO 09,106.0,Model A,1995,69 years 09 months,512000.0
2024-10-01,JURONG WEST,4 ROOM,733,JURONG WEST ST 73,01 TO 03,107.0,Model A,1995,69 years 09 months,515000.0
2024-10-01,JURONG WEST,4 ROOM,817,JURONG WEST ST 81,10 TO 12,107.0,Model A,1993,68 years 01 month,513888.0
2024-10-01,JURONG WEST,4 ROOM,810,JURONG WEST ST 81,04 TO 06,107.0,Model A,1993,68 years 03 months,520000.0
2024-10-01,JURONG WEST,4 ROOM,840,JURONG WEST ST 81,04 TO 06,106.0,Model A,1993,67 years 09 months,485000.0
2024-10-01,JURONG WEST,4 ROOM,832,JURONG WEST ST 81,04 TO 06,107.0,Model A,1993,68 years,495000.0
2024-10-01,JURONG WEST,4 ROOM,950,JURONG WEST ST 91,04 TO 06,105.0,Model A,1989,63 years 08 months,510000.0
2024-10-01,JURONG WEST,4 ROOM,945,JURONG WEST ST 91,10 TO 12,103.0,Model A,1989,63 years 10 months,498000.0
2024-10-01,JURONG WEST,4 ROOM,939,JURONG WEST ST 91,04 TO 06,103.0,Model A,1989,63 years 05 months,485000.0
2024-10-01,JURONG WEST,4 ROOM,965,JURONG WEST ST 93,01 TO 03,103.0,Model A,1989,63 years 08 months,460000.0
2024-10-01,JURONG WEST,4 ROOM,346,KANG CHING RD,01 TO 03,101.0,Model A,1997,71 years 08 months,540000.0
2024-10-01,JURONG WEST,4 ROOM,339B,KANG CHING RD,04 TO 06,92.0,Model A,2012,86 years 06 months,630000.0
2024-10-01,JURONG WEST,4 ROOM,359,YUNG AN RD,10 TO 12,106.0,Model A,1995,70 years 02 months,540000.0
2024-10-01,JURONG WEST,4 ROOM,166B,YUNG KUANG RD,01 TO 03,93.0,Model A,2018,93 years 01 month,535000.0
2024-10-01,JURONG WEST,4 ROOM,164A,YUNG KUANG RD,04 TO 06,93.0,Model A,2018,93 years 01 month,600000.0
2024-10-01,JURONG WEST,4 ROOM,165B,YUNG KUANG RD,16 TO 18,93.0,Model A,2018,93 years 01 month,642888.0
2024-10-01,JURONG WEST,4 ROOM,166A,YUNG KUANG RD,16 TO 18,93.0,Model A,2018,93 years 01 month,667500.0
2024-10-01,JURONG WEST,4 ROOM,158,YUNG LOH RD,04 TO 06,110.0,Model A,1996,70 years 05 months,495000.0
2024-10-01,JURONG WEST,5 ROOM,217A,BOON LAY AVE,01 TO 03,121.0,3Gen,2018,92 years 10 months,640000.0
2024-10-01,JURONG WEST,5 ROOM,183A,BOON LAY AVE,07 TO 09,112.0,Improved,2015,89 years 04 months,696000.0
2024-10-01,JURONG WEST,5 ROOM,201,BOON LAY DR,01 TO 03,113.0,Standard,1976,50 years 09 months,510000.0
2024-10-01,JURONG WEST,5 ROOM,367,CORPORATION DR,04 TO 06,122.0,Improved,1997,71 years 11 months,620000.0
2024-10-01,JURONG WEST,5 ROOM,351,CORPORATION DR,04 TO 06,122.0,Improved,1997,72 years 03 months,630000.0
2024-10-01,JURONG WEST,5 ROOM,539,JURONG WEST AVE 1,04 TO 06,134.0,Model A,1984,59 years 02 months,670000.0
2024-10-01,JURONG WEST,5 ROOM,685C,JURONG WEST CTRL 1,04 TO 06,111.0,Premium Apartment,2000,74 years 11 months,615000.0
2024-10-01,JURONG WEST,5 ROOM,685C,JURONG WEST CTRL 1,10 TO 12,111.0,Premium Apartment,2000,74 years 11 months,668888.88
2024-10-01,JURONG WEST,5 ROOM,686A,JURONG WEST CTRL 1,10 TO 12,111.0,Premium Apartment,2000,75 years 01 month,688000.0
2024-10-01,JURONG WEST,5 ROOM,682B,JURONG WEST CTRL 1,04 TO 06,115.0,Premium Apartment,2000,75 years,635000.0
2024-10-01,JURONG WEST,5 ROOM,272B,JURONG WEST ST 24,04 TO 06,113.0,Premium Apartment,2003,78 years 02 months,531000.0
2024-10-01,JURONG WEST,5 ROOM,271C,JURONG WEST ST 24,04 TO 06,112.0,Premium Apartment,2003,78 years 01 month,560000.0
2024-10-01,JURONG WEST,5 ROOM,559,JURONG WEST ST 42,04 TO 06,137.0,Model A-Maisonette,1985,59 years 09 months,640000.0
2024-10-01,JURONG WEST,5 ROOM,648D,JURONG WEST ST 61,10 TO 12,110.0,Improved,2001,75 years 07 months,637000.0
2024-10-01,JURONG WEST,5 ROOM,653A,JURONG WEST ST 61,01 TO 03,111.0,Improved,2002,77 years 01 month,580000.0
2024-10-01,JURONG WEST,5 ROOM,652C,JURONG WEST ST 61,07 TO 09,110.0,Improved,2002,76 years 09 months,600000.0
2024-10-01,JURONG WEST,5 ROOM,639,JURONG WEST ST 61,13 TO 15,120.0,Improved,1998,72 years 10 months,660000.0
2024-10-01,JURONG WEST,5 ROOM,653A,JURONG WEST ST 61,04 TO 06,110.0,Improved,2002,77 years 01 month,630000.0
2024-10-01,JURONG WEST,5 ROOM,646,JURONG WEST ST 61,10 TO 12,120.0,Improved,1998,72 years 11 months,640000.0
2024-10-01,JURONG WEST,5 ROOM,661A,JURONG WEST ST 64,10 TO 12,110.0,Improved,2001,76 years,685000.0
2024-10-01,JURONG WEST,5 ROOM,662D,JURONG WEST ST 64,10 TO 12,110.0,Improved,2001,76 years 01 month,655666.0
2024-10-01,JURONG WEST,5 ROOM,678B,JURONG WEST ST 64,04 TO 06,110.0,Premium Apartment,2008,82 years 09 months,610000.0
2024-10-01,JURONG WEST,5 ROOM,664A,JURONG WEST ST 64,04 TO 06,110.0,Improved,2000,74 years 10 months,610000.0
2024-10-01,JURONG WEST,5 ROOM,660D,JURONG WEST ST 64,10 TO 12,110.0,Improved,2001,76 years 01 month,620000.0
2024-10-01,JURONG WEST,5 ROOM,676B,JURONG WEST ST 64,01 TO 03,110.0,Premium Apartment,2008,82 years 09 months,580000.0
2024-10-01,JURONG WEST,5 ROOM,676B,JURONG WEST ST 64,13 TO 15,110.0,Premium Apartment,2008,82 years 09 months,610000.0
2024-10-01,JURONG WEST,5 ROOM,663D,JURONG WEST ST 65,13 TO 15,110.0,Improved,2000,74 years 11 months,660000.0
2024-10-01,JURONG WEST,5 ROOM,673C,JURONG WEST ST 65,04 TO 06,111.0,Improved,2002,77 years 04 months,581000.0
2024-10-01,JURONG WEST,5 ROOM,673B,JURONG WEST ST 65,07 TO 09,111.0,Improved,2002,77 years 03 months,565000.0
2024-10-01,JURONG WEST,5 ROOM,632,JURONG WEST ST 65,16 TO 18,110.0,Improved,2001,76 years 02 months,595000.0
2024-10-01,JURONG WEST,5 ROOM,663A,JURONG WEST ST 65,13 TO 15,110.0,Improved,2000,74 years 10 months,625888.0
2024-10-01,JURONG WEST,5 ROOM,707,JURONG WEST ST 71,13 TO 15,127.0,Improved,1995,69 years 10 months,588000.0
2024-10-01,JURONG WEST,5 ROOM,743,JURONG WEST ST 73,10 TO 12,122.0,Improved,1992,67 years,615000.0
2024-10-01,JURONG WEST,5 ROOM,839,JURONG WEST ST 81,10 TO 12,136.0,Model A,1993,67 years 08 months,610000.0
2024-10-01,JURONG WEST,5 ROOM,819,JURONG WEST ST 81,04 TO 06,135.0,Model A,1993,67 years 09 months,648000.0
2024-10-01,JURONG WEST,5 ROOM,858,JURONG WEST ST 81,04 TO 06,126.0,Improved,1996,70 years 11 months,588000.0
2024-10-01,JURONG WEST,5 ROOM,909,JURONG WEST ST 91,10 TO 12,122.0,Improved,1989,63 years 04 months,580000.0
2024-10-01,JURONG WEST,5 ROOM,919,JURONG WEST ST 91,04 TO 06,127.0,Improved,1988,62 years 10 months,555786.0
2024-10-01,JURONG WEST,5 ROOM,940,JURONG WEST ST 91,04 TO 06,121.0,Improved,1989,63 years 08 months,580000.0
2024-10-01,JURONG WEST,5 ROOM,348,KANG CHING RD,04 TO 06,121.0,Improved,1997,71 years 09 months,660000.0
2024-10-01,JURONG WEST,5 ROOM,346,KANG CHING RD,01 TO 03,123.0,Improved,1997,71 years 09 months,640000.0
2024-10-01,JURONG WEST,5 ROOM,326,TAH CHING RD,16 TO 18,119.0,Improved,1997,71 years 08 months,680000.0
2024-10-01,JURONG WEST,5 ROOM,328,TAH CHING RD,16 TO 18,124.0,Improved,1997,71 years 11 months,685000.0
2024-10-01,JURONG WEST,5 ROOM,166A,YUNG KUANG RD,07 TO 09,113.0,Improved,2018,93 years 02 months,706000.0
2024-10-01,JURONG WEST,5 ROOM,166A,YUNG KUANG RD,10 TO 12,113.0,Improved,2018,93 years 01 month,728000.0
2024-10-01,JURONG WEST,5 ROOM,175A,YUNG KUANG RD,16 TO 18,113.0,Premium Apartment,2015,89 years 08 months,765000.0
2024-10-01,JURONG WEST,5 ROOM,166B,YUNG KUANG RD,04 TO 06,113.0,Improved,2018,93 years 01 month,738000.0
2024-10-01,JURONG WEST,5 ROOM,166B,YUNG KUANG RD,07 TO 09,113.0,Improved,2018,93 years 01 month,710000.0
2024-10-01,JURONG WEST,5 ROOM,184,YUNG SHENG RD,13 TO 15,116.0,Improved,2001,75 years 07 months,625000.0
2024-10-01,JURONG WEST,5 ROOM,180,YUNG SHENG RD,16 TO 18,116.0,Improved,2001,75 years 08 months,648000.0
2024-10-01,JURONG WEST,EXECUTIVE,115,HO CHING RD,16 TO 18,140.0,Apartment,1999,73 years 06 months,850000.0
2024-10-01,JURONG WEST,EXECUTIVE,669A,JURONG WEST ST 64,04 TO 06,130.0,Apartment,2000,74 years 10 months,738000.0
2024-10-01,JURONG WEST,EXECUTIVE,609,JURONG WEST ST 65,10 TO 12,133.0,Premium Apartment,2001,75 years 08 months,800000.0
2024-10-01,JURONG WEST,EXECUTIVE,830,JURONG WEST ST 81,04 TO 06,145.0,Apartment,1993,67 years 09 months,690000.0
2024-10-01,JURONG WEST,EXECUTIVE,828A,JURONG WEST ST 81,01 TO 03,149.0,Maisonette,1993,67 years 09 months,780000.0
2024-10-01,JURONG WEST,EXECUTIVE,906,JURONG WEST ST 91,04 TO 06,145.0,Maisonette,1989,63 years 04 months,728000.0
2024-10-01,JURONG WEST,EXECUTIVE,906,JURONG WEST ST 91,07 TO 09,141.0,Apartment,1989,63 years 04 months,675000.0
2024-10-01,JURONG WEST,EXECUTIVE,906,JURONG WEST ST 91,04 TO 06,141.0,Apartment,1989,63 years 04 months,663000.0
2024-10-01,JURONG WEST,EXECUTIVE,910,JURONG WEST ST 91,10 TO 12,141.0,Apartment,1988,63 years,700000.0
2024-10-01,JURONG WEST,EXECUTIVE,363,YUNG AN RD,07 TO 09,146.0,Apartment,1995,69 years 11 months,808000.0
2024-10-01,JURONG WEST,EXECUTIVE,162,YUNG PING RD,04 TO 06,148.0,Apartment,1997,71 years 04 months,788000.0
2024-10-01,JURONG WEST,EXECUTIVE,159,YUNG PING RD,10 TO 12,144.0,Maisonette,1996,70 years 08 months,850000.0
2024-10-01,KALLANG/WHAMPOA,2 ROOM,7,JLN BATU,07 TO 09,48.0,Standard,1970,44 years 09 months,320000.0
2024-10-01,KALLANG/WHAMPOA,3 ROOM,3,BEACH RD,04 TO 06,68.0,Improved,1979,54 years,460000.0
2024-10-01,KALLANG/WHAMPOA,3 ROOM,3,BEACH RD,10 TO 12,68.0,Improved,1979,54 years,480000.0
2024-10-01,KALLANG/WHAMPOA,3 ROOM,1,BEACH RD,13 TO 15,68.0,Improved,1979,54 years,450000.0
2024-10-01,KALLANG/WHAMPOA,3 ROOM,1,BEACH RD,07 TO 09,74.0,Improved,1979,54 years,470000.0
2024-10-01,KALLANG/WHAMPOA,3 ROOM,10A,BENDEMEER RD,34 TO 36,68.0,Model A,2017,92 years 03 months,838000.0
2024-10-01,KALLANG/WHAMPOA,3 ROOM,23,BENDEMEER RD,04 TO 06,68.0,Improved,1972,46 years 04 months,408000.0
2024-10-01,KALLANG/WHAMPOA,3 ROOM,24,BENDEMEER RD,10 TO 12,68.0,Improved,1972,46 years 04 months,460000.0
2024-10-01,KALLANG/WHAMPOA,3 ROOM,44,BENDEMEER RD,01 TO 03,63.0,Standard,1981,55 years 04 months,365000.0
2024-10-01,KALLANG/WHAMPOA,3 ROOM,38C,BENDEMEER RD,13 TO 15,69.0,Model A,2012,86 years 08 months,688000.0
2024-10-01,KALLANG/WHAMPOA,3 ROOM,40,JLN BAHAGIA,01 TO 03,90.8,Terrace,1972,46 years 10 months,930000.0
2024-10-01,KALLANG/WHAMPOA,3 ROOM,51,JLN BAHAGIA,01 TO 03,89.7,Terrace,1972,46 years 10 months,925800.0
2024-10-01,KALLANG/WHAMPOA,3 ROOM,35,JLN BAHAGIA,01 TO 03,56.0,Standard,1971,45 years 04 months,323000.0
2024-10-01,KALLANG/WHAMPOA,3 ROOM,54,JLN MA'MOR,01 TO 03,88.4,Terrace,1972,46 years 10 months,993888.0
2024-10-01,KALLANG/WHAMPOA,3 ROOM,116A,JLN TENTERAM,19 TO 21,67.0,Model A,2017,92 years 02 months,653000.0
2024-10-01,KALLANG/WHAMPOA,3 ROOM,65,KALLANG BAHRU,01 TO 03,65.0,Improved,1981,55 years 04 months,428000.0
2024-10-01,KALLANG/WHAMPOA,3 ROOM,65,KALLANG BAHRU,07 TO 09,65.0,Improved,1981,55 years 04 months,420000.0
2024-10-01,KALLANG/WHAMPOA,3 ROOM,63,KALLANG BAHRU,10 TO 12,65.0,Improved,1974,48 years 04 months,390000.0
2024-10-01,KALLANG/WHAMPOA,3 ROOM,1,KG KAYU RD,07 TO 09,62.0,Standard,1984,59 years 01 month,438888.0
2024-10-01,KALLANG/WHAMPOA,3 ROOM,123,MCNAIR RD,13 TO 15,64.0,Simplified,1987,61 years 08 months,515000.0
2024-10-01,KALLANG/WHAMPOA,3 ROOM,123,MCNAIR RD,04 TO 06,64.0,Simplified,1987,61 years 07 months,488888.0
2024-10-01,KALLANG/WHAMPOA,3 ROOM,468,NTH BRIDGE RD,04 TO 06,68.0,Improved,1979,53 years 10 months,460000.0
2024-10-01,KALLANG/WHAMPOA,3 ROOM,685,RACE COURSE RD,10 TO 12,63.0,Simplified,1986,60 years 05 months,500000.0
2024-10-01,KALLANG/WHAMPOA,3 ROOM,684,RACE COURSE RD,01 TO 03,63.0,Simplified,1986,60 years 04 months,490000.0
2024-10-01,KALLANG/WHAMPOA,3 ROOM,3,ST. GEORGE'S RD,07 TO 09,70.0,Improved,1976,50 years 08 months,450000.0
2024-10-01,KALLANG/WHAMPOA,3 ROOM,8B,UPP BOON KENG RD,07 TO 09,70.0,Premium Apartment,2017,91 years 10 months,760000.0
2024-10-01,KALLANG/WHAMPOA,3 ROOM,93,WHAMPOA DR,04 TO 06,65.0,Improved,1974,48 years 06 months,368888.0
2024-10-01,KALLANG/WHAMPOA,3 ROOM,98,WHAMPOA DR,07 TO 09,65.0,Improved,1974,48 years 06 months,360000.0
2024-10-01,KALLANG/WHAMPOA,3 ROOM,98,WHAMPOA DR,01 TO 03,65.0,Improved,1974,48 years 06 months,362000.0
2024-10-01,KALLANG/WHAMPOA,3 ROOM,82,WHAMPOA DR,07 TO 09,77.0,Improved,1974,48 years 10 months,410000.0
2024-10-01,KALLANG/WHAMPOA,3 ROOM,74,WHAMPOA DR,04 TO 06,66.0,Improved,1981,55 years 09 months,378000.0
2024-10-01,KALLANG/WHAMPOA,3 ROOM,34,WHAMPOA WEST,01 TO 03,68.0,Improved,1972,46 years 04 months,415000.0
2024-10-01,KALLANG/WHAMPOA,3 ROOM,34,WHAMPOA WEST,10 TO 12,68.0,Improved,1972,46 years 04 months,410000.0
2024-10-01,KALLANG/WHAMPOA,4 ROOM,39A,BENDEMEER RD,16 TO 18,92.0,Model A,2012,86 years 08 months,938000.0
2024-10-01,KALLANG/WHAMPOA,4 ROOM,10C,BENDEMEER RD,01 TO 03,93.0,Model A,2017,92 years 03 months,885000.0
2024-10-01,KALLANG/WHAMPOA,4 ROOM,7,BOON KENG RD,25 TO 27,95.0,DBSS,2011,85 years 05 months,1107000.0
2024-10-01,KALLANG/WHAMPOA,4 ROOM,43,CAMBRIDGE RD,04 TO 06,91.0,New Generation,1982,56 years 09 months,628000.0
2024-10-01,KALLANG/WHAMPOA,4 ROOM,15,FARRER PK RD,01 TO 03,76.0,Model A,2004,78 years 09 months,700888.0
2024-10-01,KALLANG/WHAMPOA,4 ROOM,59B,GEYLANG BAHRU,07 TO 09,102.0,Model A,1998,73 years 03 months,780000.0
2024-10-01,KALLANG/WHAMPOA,4 ROOM,59B,GEYLANG BAHRU,10 TO 12,100.0,Model A,1998,73 years 03 months,800000.0
2024-10-01,KALLANG/WHAMPOA,4 ROOM,60,GEYLANG BAHRU,19 TO 21,101.0,Model A,1999,73 years 05 months,838888.0
2024-10-01,KALLANG/WHAMPOA,4 ROOM,9,GLOUCESTER RD,04 TO 06,91.0,New Generation,1976,51 years 02 months,660000.0
2024-10-01,KALLANG/WHAMPOA,4 ROOM,101,JLN RAJAH,01 TO 03,94.0,New Generation,1980,55 years 03 months,568000.0
2024-10-01,KALLANG/WHAMPOA,4 ROOM,116A,JLN TENTERAM,25 TO 27,93.0,Model A,2017,92 years 02 months,872888.0
2024-10-01,KALLANG/WHAMPOA,4 ROOM,117B,JLN TENTERAM,16 TO 18,93.0,Model A,2017,92 years 02 months,840000.0
2024-10-01,KALLANG/WHAMPOA,4 ROOM,117B,JLN TENTERAM,13 TO 15,93.0,Model A,2017,92 years 02 months,815000.0
2024-10-01,KALLANG/WHAMPOA,4 ROOM,116A,JLN TENTERAM,28 TO 30,93.0,Model A,2017,92 years 02 months,885000.0
2024-10-01,KALLANG/WHAMPOA,4 ROOM,119,MCNAIR RD,07 TO 09,84.0,Simplified,1987,62 years,630000.0
2024-10-01,KALLANG/WHAMPOA,4 ROOM,121,MCNAIR RD,01 TO 03,104.0,Model A,1987,61 years 09 months,668000.0
2024-10-01,KALLANG/WHAMPOA,4 ROOM,113B,MCNAIR RD,19 TO 21,93.0,Premium Apartment,2017,92 years 03 months,1058888.0
2024-10-01,KALLANG/WHAMPOA,4 ROOM,113A,MCNAIR RD,34 TO 36,93.0,Premium Apartment,2017,92 years 03 months,1190000.0
2024-10-01,KALLANG/WHAMPOA,4 ROOM,26B,ST. GEORGE'S LANE,25 TO 27,92.0,Model A,2020,94 years 08 months,1135000.0
2024-10-01,KALLANG/WHAMPOA,4 ROOM,26B,ST. GEORGE'S LANE,13 TO 15,92.0,Model A,2020,94 years 08 months,1030000.0
2024-10-01,KALLANG/WHAMPOA,4 ROOM,26B,ST. GEORGE'S LANE,10 TO 12,92.0,Model A,2020,94 years 08 months,1042000.0
2024-10-01,KALLANG/WHAMPOA,4 ROOM,4B,ST. GEORGE'S LANE,04 TO 06,105.0,Model A,1996,71 years 03 months,870000.0
2024-10-01,KALLANG/WHAMPOA,4 ROOM,25A,ST. GEORGE'S LANE,16 TO 18,92.0,Model A,2020,94 years 08 months,1080000.0
2024-10-01,KALLANG/WHAMPOA,4 ROOM,26A,ST. GEORGE'S LANE,07 TO 09,92.0,Model A,2020,94 years 08 months,1016000.0
2024-10-01,KALLANG/WHAMPOA,4 ROOM,25A,ST. GEORGE'S LANE,31 TO 33,92.0,Model A,2020,94 years 08 months,1178888.0
2024-10-01,KALLANG/WHAMPOA,4 ROOM,25A,ST. GEORGE'S LANE,25 TO 27,92.0,Model A,2020,94 years 08 months,1125000.0
2024-10-01,KALLANG/WHAMPOA,4 ROOM,16,ST. GEORGE'S RD,01 TO 03,93.0,New Generation,1984,59 years,615000.0
2024-10-01,KALLANG/WHAMPOA,4 ROOM,8A,UPP BOON KENG RD,04 TO 06,94.0,Premium Apartment,2017,91 years 10 months,980000.0
2024-10-01,KALLANG/WHAMPOA,4 ROOM,8B,UPP BOON KENG RD,04 TO 06,95.0,Premium Apartment,2017,91 years 10 months,960000.0
2024-10-01,KALLANG/WHAMPOA,4 ROOM,14A,UPP BOON KENG RD,13 TO 15,103.0,Model A,1999,73 years 09 months,800000.0
2024-10-01,KALLANG/WHAMPOA,4 ROOM,101,WHAMPOA DR,07 TO 09,91.0,Improved,1974,48 years 06 months,490000.0
2024-10-01,KALLANG/WHAMPOA,4 ROOM,49,WHAMPOA STH,13 TO 15,87.0,Improved,1974,49 years 01 month,500000.0
2024-10-01,KALLANG/WHAMPOA,5 ROOM,7,BOON KENG RD,31 TO 33,109.0,DBSS,2011,85 years 05 months,1350000.0
2024-10-01,KALLANG/WHAMPOA,5 ROOM,9,BOON KENG RD,37 TO 39,117.0,DBSS,2011,85 years 04 months,1390000.0
2024-10-01,KALLANG/WHAMPOA,5 ROOM,53,GEYLANG BAHRU,04 TO 06,117.0,Standard,1974,48 years 10 months,730000.0
2024-10-01,KALLANG/WHAMPOA,5 ROOM,60,GEYLANG BAHRU,13 TO 15,120.0,Improved,1999,73 years 04 months,1030000.0
2024-10-01,KALLANG/WHAMPOA,5 ROOM,54,GEYLANG BAHRU,13 TO 15,120.0,Standard,1974,48 years 10 months,738000.0
2024-10-01,KALLANG/WHAMPOA,5 ROOM,56,GEYLANG BAHRU,10 TO 12,117.0,Standard,1974,48 years 10 months,750000.0
2024-10-01,KALLANG/WHAMPOA,5 ROOM,56,GEYLANG BAHRU,22 TO 24,117.0,Standard,1974,48 years 10 months,800000.0
2024-10-01,KALLANG/WHAMPOA,5 ROOM,14A,UPP BOON KENG RD,01 TO 03,120.0,Improved,1999,73 years 09 months,850000.0
2024-10-01,KALLANG/WHAMPOA,5 ROOM,14,UPP BOON KENG RD,19 TO 21,123.0,Improved,1999,73 years 08 months,1150000.0
2024-10-01,KALLANG/WHAMPOA,EXECUTIVE,46,BENDEMEER RD,16 TO 18,146.0,Apartment,1994,69 years 03 months,1200000.0
2024-10-01,MARINE PARADE,3 ROOM,31,MARINE CRES,10 TO 12,76.0,Improved,1975,49 years 08 months,520000.0
2024-10-01,MARINE PARADE,3 ROOM,35,MARINE CRES,07 TO 09,71.0,Improved,1975,49 years 08 months,490000.0
2024-10-01,MARINE PARADE,3 ROOM,33,MARINE CRES,13 TO 15,65.0,Improved,1975,49 years 08 months,490000.0
2024-10-01,MARINE PARADE,3 ROOM,47,MARINE CRES,01 TO 03,65.0,Improved,1975,49 years 09 months,392000.0
2024-10-01,MARINE PARADE,3 ROOM,35,MARINE CRES,07 TO 09,59.0,Improved,1975,49 years 08 months,390000.0
2024-10-01,MARINE PARADE,3 ROOM,33,MARINE CRES,10 TO 12,65.0,Improved,1975,49 years 08 months,485000.0
2024-10-01,MARINE PARADE,3 ROOM,5,MARINE TER,07 TO 09,65.0,Improved,1975,49 years 04 months,435000.0
2024-10-01,MARINE PARADE,4 ROOM,45,MARINE CRES,01 TO 03,88.0,Improved,1975,49 years 09 months,568000.0
2024-10-01,MARINE PARADE,4 ROOM,17,MARINE TER,04 TO 06,82.0,Improved,1975,49 years 06 months,533000.0
2024-10-01,MARINE PARADE,4 ROOM,54,MARINE TER,01 TO 03,88.0,Improved,1975,49 years 04 months,530000.0
2024-10-01,PASIR RIS,3 ROOM,1,CHANGI VILLAGE RD,04 TO 06,66.0,Improved,1980,54 years 10 months,365000.0
2024-10-01,PASIR RIS,3 ROOM,4,CHANGI VILLAGE RD,01 TO 03,66.0,Improved,1980,54 years 10 months,355000.0
2024-10-01,PASIR RIS,3 ROOM,528A,PASIR RIS ST 51,01 TO 03,68.0,Model A,2015,89 years 10 months,534000.0
2024-10-01,PASIR RIS,3 ROOM,527B,PASIR RIS ST 51,13 TO 15,68.0,Model A,2015,89 years 10 months,580000.0
2024-10-01,PASIR RIS,4 ROOM,530D,PASIR RIS DR 1,07 TO 09,86.0,DBSS,2015,89 years 09 months,845000.0
2024-10-01,PASIR RIS,4 ROOM,640,PASIR RIS DR 1,04 TO 06,104.0,Model A,1995,69 years 07 months,585000.0
2024-10-01,PASIR RIS,4 ROOM,626,PASIR RIS DR 3,07 TO 09,104.0,Model A,1995,69 years 10 months,620000.0
2024-10-01,PASIR RIS,4 ROOM,478,PASIR RIS DR 4,04 TO 06,103.0,Model A,1992,67 years 03 months,550000.0
2024-10-01,PASIR RIS,4 ROOM,479,PASIR RIS DR 4,07 TO 09,103.0,Model A,1992,67 years 03 months,620000.0
2024-10-01,PASIR RIS,4 ROOM,486,PASIR RIS DR 4,04 TO 06,104.0,Model A,1992,67 years 03 months,562000.0
2024-10-01,PASIR RIS,4 ROOM,482,PASIR RIS DR 4,01 TO 03,103.0,Model A,1989,64 years 02 months,555000.0
2024-10-01,PASIR RIS,4 ROOM,475,PASIR RIS DR 6,07 TO 09,105.0,Model A,1990,64 years 08 months,600000.0
2024-10-01,PASIR RIS,4 ROOM,414,PASIR RIS DR 6,07 TO 09,105.0,Model A,1990,64 years 06 months,600000.0
2024-10-01,PASIR RIS,4 ROOM,467,PASIR RIS DR 6,04 TO 06,105.0,Model A,1989,63 years 09 months,595000.0
2024-10-01,PASIR RIS,4 ROOM,419,PASIR RIS DR 6,07 TO 09,105.0,Model A,1989,63 years 09 months,640000.0
2024-10-01,PASIR RIS,4 ROOM,452,PASIR RIS DR 6,04 TO 06,105.0,Model A,1989,63 years 11 months,593000.0
2024-10-01,PASIR RIS,4 ROOM,416,PASIR RIS DR 6,04 TO 06,105.0,Model A,1989,64 years 03 months,640000.0
2024-10-01,PASIR RIS,4 ROOM,143,PASIR RIS ST 11,01 TO 03,109.0,Model A,1995,69 years 04 months,558000.0
2024-10-01,PASIR RIS,4 ROOM,114,PASIR RIS ST 11,01 TO 03,111.0,Model A,1989,63 years 09 months,600000.0
2024-10-01,PASIR RIS,4 ROOM,144,PASIR RIS ST 11,04 TO 06,106.0,Model A,1994,68 years 07 months,568000.0
2024-10-01,PASIR RIS,4 ROOM,148,PASIR RIS ST 13,01 TO 03,109.0,Model A,1995,69 years 05 months,569000.0
2024-10-01,PASIR RIS,4 ROOM,525B,PASIR RIS ST 51,10 TO 12,93.0,Model A,2015,89 years 10 months,755000.0
2024-10-01,PASIR RIS,4 ROOM,560,PASIR RIS ST 51,01 TO 03,105.0,Model A,1993,68 years,568000.0
2024-10-01,PASIR RIS,4 ROOM,558,PASIR RIS ST 51,10 TO 12,104.0,Model A,1993,67 years 10 months,605000.0
2024-10-01,PASIR RIS,4 ROOM,571,PASIR RIS ST 53,01 TO 03,108.0,Model A,1995,70 years 01 month,638000.0
2024-10-01,PASIR RIS,4 ROOM,761,PASIR RIS ST 71,04 TO 06,106.0,Model A,1996,71 years 01 month,575000.0
2024-10-01,PASIR RIS,4 ROOM,773,PASIR RIS ST 71,07 TO 09,105.0,Model A,1996,70 years 11 months,602000.0
2024-10-01,PASIR RIS,5 ROOM,530A,PASIR RIS DR 1,01 TO 03,105.0,DBSS,2015,89 years 09 months,860000.0
2024-10-01,PASIR RIS,5 ROOM,640,PASIR RIS DR 1,04 TO 06,122.0,Improved,1995,69 years 07 months,730000.0
2024-10-01,PASIR RIS,5 ROOM,736,PASIR RIS DR 10,01 TO 03,124.0,Improved,1996,70 years 10 months,675000.0
2024-10-01,PASIR RIS,5 ROOM,440,PASIR RIS DR 4,01 TO 03,126.0,Improved,1989,63 years 08 months,670000.0
2024-10-01,PASIR RIS,5 ROOM,428,PASIR RIS DR 6,04 TO 06,123.0,Improved,1990,64 years 05 months,700000.0
2024-10-01,PASIR RIS,5 ROOM,138,PASIR RIS ST 11,04 TO 06,126.0,Improved,1994,68 years 07 months,692000.0
2024-10-01,PASIR RIS,5 ROOM,143,PASIR RIS ST 11,04 TO 06,127.0,Improved,1995,69 years 04 months,651888.0
2024-10-01,PASIR RIS,5 ROOM,185,PASIR RIS ST 11,01 TO 03,123.0,Improved,1993,67 years 10 months,670000.0
2024-10-01,PASIR RIS,5 ROOM,113,PASIR RIS ST 11,04 TO 06,123.0,Improved,1990,64 years 07 months,690000.0
2024-10-01,PASIR RIS,5 ROOM,228,PASIR RIS ST 21,07 TO 09,123.0,Improved,1993,67 years 10 months,682000.0
2024-10-01,PASIR RIS,5 ROOM,562,PASIR RIS ST 51,01 TO 03,123.0,Improved,1993,68 years,700000.0
2024-10-01,PASIR RIS,5 ROOM,564,PASIR RIS ST 51,10 TO 12,123.0,Improved,1992,67 years 03 months,790000.0
2024-10-01,PASIR RIS,5 ROOM,560,PASIR RIS ST 51,04 TO 06,121.0,Improved,1993,68 years 01 month,630000.0
2024-10-01,PASIR RIS,5 ROOM,564,PASIR RIS ST 51,07 TO 09,121.0,Improved,1992,67 years 03 months,828000.0
2024-10-01,PASIR RIS,5 ROOM,520,PASIR RIS ST 52,04 TO 06,128.0,Improved,1993,68 years 03 months,808000.0
2024-10-01,PASIR RIS,EXECUTIVE,534,PASIR RIS DR 1,04 TO 06,144.0,Apartment,1992,67 years 03 months,928000.0
2024-10-01,PASIR RIS,EXECUTIVE,132,PASIR RIS ST 11,01 TO 03,149.0,Apartment,1994,69 years 02 months,840000.0
2024-10-01,PASIR RIS,EXECUTIVE,128,PASIR RIS ST 11,07 TO 09,151.0,Maisonette,1988,63 years 03 months,835000.0
2024-10-01,PASIR RIS,EXECUTIVE,101,PASIR RIS ST 12,04 TO 06,146.0,Maisonette,1988,63 years 02 months,855000.0
2024-10-01,PASIR RIS,EXECUTIVE,155,PASIR RIS ST 13,07 TO 09,152.0,Apartment,1995,69 years 05 months,840000.0
2024-10-01,PASIR RIS,EXECUTIVE,247,PASIR RIS ST 21,10 TO 12,149.0,Apartment,1993,67 years 10 months,769000.0
2024-10-01,PASIR RIS,EXECUTIVE,237,PASIR RIS ST 21,04 TO 06,146.0,Apartment,1993,67 years 11 months,808000.0
2024-10-01,PASIR RIS,EXECUTIVE,208,PASIR RIS ST 21,04 TO 06,148.0,Apartment,1993,68 years,868000.0
2024-10-01,PASIR RIS,EXECUTIVE,500,PASIR RIS ST 52,07 TO 09,146.0,Apartment,1993,68 years 03 months,938888.0
2024-10-01,PASIR RIS,EXECUTIVE,509,PASIR RIS ST 52,07 TO 09,146.0,Apartment,1993,68 years,925000.0
2024-10-01,PUNGGOL,2 ROOM,210C,PUNGGOL PL,13 TO 15,46.0,Model A,2014,89 years 03 months,370000.0
2024-10-01,PUNGGOL,2 ROOM,233A,SUMANG LANE,07 TO 09,47.0,Model A,2018,93 years 03 months,376000.0
2024-10-01,PUNGGOL,2 ROOM,232C,SUMANG LANE,13 TO 15,38.0,2-room,2018,93 years 02 months,350000.0
2024-10-01,PUNGGOL,2 ROOM,232C,SUMANG LANE,10 TO 12,47.0,Model A,2018,93 years 02 months,401000.0
2024-10-01,PUNGGOL,2 ROOM,327A,SUMANG WALK,10 TO 12,37.0,Model A,2018,93 years 02 months,333000.0
2024-10-01,PUNGGOL,3 ROOM,662A,EDGEDALE PLAINS,07 TO 09,68.0,Premium Apartment,2017,91 years 08 months,525000.0
2024-10-01,PUNGGOL,3 ROOM,673B,EDGEFIELD PLAINS,04 TO 06,65.0,Model A,2015,90 years 03 months,480888.0
2024-10-01,PUNGGOL,3 ROOM,672C,EDGEFIELD PLAINS,04 TO 06,65.0,Model A,2015,90 years 03 months,492000.0
2024-10-01,PUNGGOL,3 ROOM,601C,PUNGGOL CTRL,07 TO 09,70.0,Model A,2012,86 years 11 months,522888.0
2024-10-01,PUNGGOL,3 ROOM,664A,PUNGGOL DR,04 TO 06,65.0,Model A,2016,90 years 10 months,500000.0
2024-10-01,PUNGGOL,3 ROOM,663A,PUNGGOL DR,07 TO 09,65.0,Model A,2016,90 years 09 months,508888.0
2024-10-01,PUNGGOL,3 ROOM,658A,PUNGGOL EAST,19 TO 21,68.0,Model A,2018,93 years 02 months,530888.0
2024-10-01,PUNGGOL,3 ROOM,208A,PUNGGOL PL,13 TO 15,67.0,Model A,2014,88 years 09 months,533000.0
2024-10-01,PUNGGOL,3 ROOM,210A,PUNGGOL PL,10 TO 12,67.0,Model A,2014,89 years 03 months,518000.0
2024-10-01,PUNGGOL,3 ROOM,208C,PUNGGOL PL,01 TO 03,67.0,Model A,2014,88 years 09 months,492888.0
2024-10-01,PUNGGOL,3 ROOM,306C,PUNGGOL PL,04 TO 06,67.0,Premium Apartment,2012,86 years 10 months,530000.0
2024-10-01,PUNGGOL,3 ROOM,310B,PUNGGOL WALK,04 TO 06,67.0,Premium Apartment,2016,90 years 09 months,510000.0
2024-10-01,PUNGGOL,3 ROOM,266C,PUNGGOL WAY,01 TO 03,67.0,Model A,2015,89 years 09 months,480000.0
2024-10-01,PUNGGOL,3 ROOM,261A,PUNGGOL WAY,07 TO 09,68.0,Model A,2016,90 years 09 months,526888.0
2024-10-01,PUNGGOL,3 ROOM,221A,SUMANG LANE,04 TO 06,68.0,Model A,2018,93 years 03 months,510000.0
2024-10-01,PUNGGOL,3 ROOM,224B,SUMANG LANE,04 TO 06,68.0,Model A,2018,93 years 03 months,500000.0
2024-10-01,PUNGGOL,3 ROOM,327B,SUMANG WALK,10 TO 12,68.0,Model A,2018,93 years 02 months,515000.0
2024-10-01,PUNGGOL,3 ROOM,256D,SUMANG WALK,10 TO 12,68.0,Model A,2016,91 years 03 months,501000.0
2024-10-01,PUNGGOL,3 ROOM,256D,SUMANG WALK,07 TO 09,68.0,Model A,2016,91 years 03 months,510000.0
2024-10-01,PUNGGOL,5 ROOM,204A,PUNGGOL FIELD,13 TO 15,110.0,Improved,2004,79 years,665000.0
2024-10-01,PUNGGOL,4 ROOM,662B,EDGEDALE PLAINS,10 TO 12,92.0,Premium Apartment,2017,91 years 08 months,690000.0
2024-10-01,PUNGGOL,4 ROOM,683B,EDGEDALE PLAINS,07 TO 09,93.0,Premium Apartment,2018,92 years 11 months,638000.0
2024-10-01,PUNGGOL,4 ROOM,121B,EDGEDALE PLAINS,04 TO 06,93.0,Model A,2017,91 years 08 months,590000.0
2024-10-01,PUNGGOL,4 ROOM,684A,EDGEDALE PLAINS,07 TO 09,93.0,Premium Apartment,2018,92 years 11 months,740000.0
2024-10-01,PUNGGOL,4 ROOM,171C,EDGEDALE PLAINS,13 TO 15,85.0,Model A,2004,78 years 06 months,548000.0
2024-10-01,PUNGGOL,4 ROOM,661C,EDGEDALE PLAINS,07 TO 09,92.0,Premium Apartment,2017,91 years 08 months,630000.0
2024-10-01,PUNGGOL,4 ROOM,682C,EDGEDALE PLAINS,07 TO 09,93.0,Premium Apartment,2018,92 years 11 months,672000.0
2024-10-01,PUNGGOL,4 ROOM,614B,EDGEFIELD PLAINS,16 TO 18,92.0,Model A,2012,87 years 03 months,680000.0
2024-10-01,PUNGGOL,4 ROOM,614B,EDGEFIELD PLAINS,07 TO 09,92.0,Model A,2012,87 years 03 months,638000.0
2024-10-01,PUNGGOL,4 ROOM,668B,EDGEFIELD PLAINS,01 TO 03,93.0,Premium Apartment,2016,90 years 09 months,611000.0
2024-10-01,PUNGGOL,4 ROOM,673C,EDGEFIELD PLAINS,04 TO 06,90.0,Model A,2015,90 years 03 months,608888.0
2024-10-01,PUNGGOL,4 ROOM,623A,PUNGGOL CTRL,01 TO 03,94.0,Model A,2014,88 years 07 months,600000.0
2024-10-01,PUNGGOL,4 ROOM,622B,PUNGGOL CTRL,01 TO 03,94.0,Model A,2014,88 years 07 months,643888.0
2024-10-01,PUNGGOL,4 ROOM,622C,PUNGGOL CTRL,04 TO 06,94.0,Model A,2014,88 years 07 months,625000.0
2024-10-01,PUNGGOL,4 ROOM,162B,PUNGGOL CTRL,10 TO 12,94.0,Premium Apartment,2004,78 years 08 months,615000.0
2024-10-01,PUNGGOL,4 ROOM,617D,PUNGGOL DR,07 TO 09,93.0,Premium Apartment,2013,88 years,700000.0
2024-10-01,PUNGGOL,4 ROOM,679A,PUNGGOL DR,07 TO 09,93.0,Premium Apartment,2016,91 years,698000.0
2024-10-01,PUNGGOL,4 ROOM,613C,PUNGGOL DR,07 TO 09,93.0,Model A,2012,87 years 03 months,640000.0
2024-10-01,PUNGGOL,4 ROOM,306D,PUNGGOL DR,10 TO 12,96.0,Premium Apartment,2012,86 years 10 months,743888.0
2024-10-01,PUNGGOL,4 ROOM,635C,PUNGGOL DR,10 TO 12,93.0,Premium Apartment,2007,82 years 03 months,660000.0
2024-10-01,PUNGGOL,4 ROOM,613B,PUNGGOL DR,04 TO 06,93.0,Model A,2012,87 years 03 months,618888.0
2024-10-01,PUNGGOL,4 ROOM,618D,PUNGGOL DR,13 TO 15,95.0,Premium Apartment,2013,88 years,688000.0
2024-10-01,PUNGGOL,4 ROOM,613A,PUNGGOL DR,13 TO 15,93.0,Model A,2012,87 years 03 months,660000.0
2024-10-01,PUNGGOL,4 ROOM,637C,PUNGGOL DR,16 TO 18,91.0,Premium Apartment,2005,79 years 04 months,593000.0
2024-10-01,PUNGGOL,4 ROOM,612B,PUNGGOL DR,10 TO 12,93.0,Model A,2012,87 years 03 months,655888.0
2024-10-01,PUNGGOL,4 ROOM,665A,PUNGGOL DR,10 TO 12,93.0,Premium Apartment,2016,90 years 05 months,715000.0
2024-10-01,PUNGGOL,4 ROOM,665A,PUNGGOL DR,01 TO 03,93.0,Premium Apartment,2016,90 years 05 months,620000.0
2024-10-01,PUNGGOL,4 ROOM,306D,PUNGGOL DR,10 TO 12,93.0,Premium Apartment,2012,86 years 10 months,770000.0
2024-10-01,PUNGGOL,4 ROOM,613A,PUNGGOL DR,13 TO 15,93.0,Model A,2012,87 years 03 months,655888.0
2024-10-01,PUNGGOL,4 ROOM,677C,PUNGGOL DR,01 TO 03,93.0,Premium Apartment,2016,91 years,645000.0
2024-10-01,PUNGGOL,4 ROOM,637B,PUNGGOL DR,16 TO 18,90.0,Premium Apartment,2005,79 years 04 months,595000.0
2024-10-01,PUNGGOL,4 ROOM,678A,PUNGGOL DR,10 TO 12,93.0,Premium Apartment,2016,91 years,745000.0
2024-10-01,PUNGGOL,4 ROOM,613B,PUNGGOL DR,04 TO 06,93.0,Model A,2012,87 years 03 months,634000.0
2024-10-01,PUNGGOL,4 ROOM,619D,PUNGGOL DR,07 TO 09,93.0,Premium Apartment,2013,88 years,640088.0
2024-10-01,PUNGGOL,4 ROOM,168A,PUNGGOL EAST,07 TO 09,92.0,Premium Apartment,2009,83 years 06 months,608888.0
2024-10-01,PUNGGOL,4 ROOM,204B,PUNGGOL FIELD,07 TO 09,90.0,Model A,2004,79 years 02 months,570000.0
2024-10-01,PUNGGOL,4 ROOM,170A,PUNGGOL FIELD,13 TO 15,92.0,Model A,2014,88 years 07 months,638888.0
2024-10-01,PUNGGOL,4 ROOM,168D,PUNGGOL FIELD,10 TO 12,92.0,Model A,2014,88 years 08 months,640000.0
2024-10-01,PUNGGOL,4 ROOM,269B,PUNGGOL FIELD,10 TO 12,95.0,Premium Apartment,2013,87 years 04 months,726666.0
2024-10-01,PUNGGOL,4 ROOM,202B,PUNGGOL FIELD,07 TO 09,85.0,Model A,2004,79 years,580000.0
2024-10-01,PUNGGOL,4 ROOM,268C,PUNGGOL FIELD,13 TO 15,93.0,Premium Apartment,2013,87 years 04 months,708088.0
2024-10-01,PUNGGOL,4 ROOM,101A,PUNGGOL FIELD,07 TO 09,90.0,Model A,2002,77 years,550888.0
2024-10-01,PUNGGOL,4 ROOM,210B,PUNGGOL PL,07 TO 09,92.0,Model A,2014,89 years 04 months,625000.0
2024-10-01,PUNGGOL,4 ROOM,209A,PUNGGOL PL,07 TO 09,92.0,Model A,2014,89 years 03 months,675000.0
2024-10-01,PUNGGOL,4 ROOM,210A,PUNGGOL PL,13 TO 15,92.0,Model A,2014,89 years 03 months,672000.0
2024-10-01,PUNGGOL,4 ROOM,274D,PUNGGOL PL,04 TO 06,93.0,Premium Apartment,2013,87 years 10 months,728000.0
2024-10-01,PUNGGOL,4 ROOM,274C,PUNGGOL PL,01 TO 03,94.0,Premium Apartment,2013,87 years 10 months,720800.0
2024-10-01,PUNGGOL,4 ROOM,207B,PUNGGOL PL,13 TO 15,92.0,Model A,2014,88 years 09 months,670000.0
2024-10-01,PUNGGOL,4 ROOM,195E,PUNGGOL RD,13 TO 15,90.0,Premium Apartment,2007,82 years,619000.0
2024-10-01,PUNGGOL,4 ROOM,604C,PUNGGOL RD,10 TO 12,93.0,Model A,2012,87 years,640000.0
2024-10-01,PUNGGOL,4 ROOM,305B,PUNGGOL RD,04 TO 06,93.0,Premium Apartment,2012,86 years 10 months,665888.0
2024-10-01,PUNGGOL,4 ROOM,305A,PUNGGOL RD,10 TO 12,95.0,Premium Apartment,2012,86 years 10 months,720000.0
2024-10-01,PUNGGOL,4 ROOM,603B,PUNGGOL RD,13 TO 15,93.0,Model A,2012,87 years,655000.0
2024-10-01,PUNGGOL,4 ROOM,272B,PUNGGOL WALK,04 TO 06,93.0,Premium Apartment,2014,88 years 07 months,768000.0
2024-10-01,PUNGGOL,4 ROOM,308B,PUNGGOL WALK,04 TO 06,92.0,Premium Apartment,2016,90 years 06 months,680000.0
2024-10-01,PUNGGOL,4 ROOM,212B,PUNGGOL WALK,04 TO 06,93.0,Model A,2015,89 years 07 months,620000.0
2024-10-01,PUNGGOL,4 ROOM,310B,PUNGGOL WALK,07 TO 09,92.0,Premium Apartment,2016,90 years 09 months,668000.0
2024-10-01,PUNGGOL,4 ROOM,212B,PUNGGOL WALK,10 TO 12,93.0,Model A,2015,89 years 07 months,660000.0
2024-10-01,PUNGGOL,4 ROOM,308C,PUNGGOL WALK,04 TO 06,92.0,Premium Apartment,2016,90 years 06 months,658000.0
2024-10-01,PUNGGOL,4 ROOM,271D,PUNGGOL WALK,04 TO 06,94.0,Premium Apartment,2014,88 years 07 months,665000.0
2024-10-01,PUNGGOL,4 ROOM,310C,PUNGGOL WALK,04 TO 06,92.0,Premium Apartment,2016,90 years 09 months,625000.0
2024-10-01,PUNGGOL,4 ROOM,314A,PUNGGOL WAY,13 TO 15,93.0,Premium Apartment,2017,92 years,695000.0
2024-10-01,PUNGGOL,4 ROOM,314B,PUNGGOL WAY,16 TO 18,93.0,Premium Apartment,2017,92 years,740000.0
2024-10-01,PUNGGOL,4 ROOM,265C,PUNGGOL WAY,13 TO 15,92.0,Model A,2015,89 years 09 months,708000.0
2024-10-01,PUNGGOL,4 ROOM,266B,PUNGGOL WAY,10 TO 12,92.0,Model A,2015,89 years 09 months,700000.0
2024-10-01,PUNGGOL,4 ROOM,265D,PUNGGOL WAY,04 TO 06,92.0,Model A,2015,89 years 09 months,680000.0
2024-10-01,PUNGGOL,4 ROOM,261C,PUNGGOL WAY,10 TO 12,93.0,Model A,2016,90 years 09 months,680000.0
2024-10-01,PUNGGOL,4 ROOM,265B,PUNGGOL WAY,13 TO 15,92.0,Model A,2015,89 years 09 months,702000.0
2024-10-01,PUNGGOL,4 ROOM,261B,PUNGGOL WAY,10 TO 12,93.0,Model A,2016,90 years 11 months,650088.0
2024-10-01,PUNGGOL,4 ROOM,232B,SUMANG LANE,01 TO 03,93.0,Model A,2018,93 years 02 months,590000.0
2024-10-01,PUNGGOL,4 ROOM,226C,SUMANG LANE,10 TO 12,92.0,Premium Apartment,2018,92 years 06 months,630000.0
2024-10-01,PUNGGOL,4 ROOM,222A,SUMANG LANE,13 TO 15,93.0,Model A,2018,93 years 03 months,650000.0
2024-10-01,PUNGGOL,4 ROOM,232C,SUMANG LANE,13 TO 15,93.0,Model A,2018,93 years 02 months,625000.0
2024-10-01,PUNGGOL,4 ROOM,221A,SUMANG LANE,04 TO 06,93.0,Model A,2018,93 years 03 months,640000.0
2024-10-01,PUNGGOL,4 ROOM,224B,SUMANG LANE,13 TO 15,93.0,Model A,2018,93 years 03 months,635000.0
2024-10-01,PUNGGOL,4 ROOM,234B,SUMANG LANE,07 TO 09,93.0,Model A,2018,93 years 02 months,635000.0
2024-10-01,PUNGGOL,4 ROOM,224C,SUMANG LANE,07 TO 09,93.0,Model A,2018,93 years 03 months,651000.0
2024-10-01,PUNGGOL,4 ROOM,220A,SUMANG LANE,10 TO 12,93.0,Model A,2018,93 years 03 months,680000.0
2024-10-01,PUNGGOL,4 ROOM,232A,SUMANG LANE,16 TO 18,93.0,Model A,2018,93 years 02 months,665000.0
2024-10-01,PUNGGOL,4 ROOM,313A,SUMANG LINK,04 TO 06,92.0,Model A,2015,89 years 09 months,640000.0
2024-10-01,PUNGGOL,4 ROOM,323A,SUMANG WALK,16 TO 18,93.0,Premium Apartment,2020,94 years 04 months,706000.0
2024-10-01,PUNGGOL,4 ROOM,256B,SUMANG WALK,10 TO 12,93.0,Model A,2016,91 years 03 months,668888.0
2024-10-01,PUNGGOL,4 ROOM,322B,SUMANG WALK,10 TO 12,93.0,Premium Apartment,2019,93 years 06 months,690000.0
2024-10-01,PUNGGOL,4 ROOM,256D,SUMANG WALK,10 TO 12,93.0,Model A,2016,91 years 03 months,668000.0
2024-10-01,PUNGGOL,4 ROOM,217B,SUMANG WALK,07 TO 09,92.0,Model A,2017,91 years 10 months,658000.0
2024-10-01,PUNGGOL,5 ROOM,130,EDGEDALE PLAINS,04 TO 06,111.0,Premium Apartment,2003,78 years 03 months,600000.0
2024-10-01,PUNGGOL,5 ROOM,682A,EDGEDALE PLAINS,10 TO 12,113.0,Premium Apartment,2018,92 years 11 months,835000.0
2024-10-01,PUNGGOL,5 ROOM,126C,EDGEDALE PLAINS,10 TO 12,110.0,Improved,2003,77 years 06 months,653000.0
2024-10-01,PUNGGOL,5 ROOM,126A,EDGEDALE PLAINS,10 TO 12,110.0,Improved,2003,77 years 06 months,620000.0
2024-10-01,PUNGGOL,5 ROOM,662C,EDGEDALE PLAINS,04 TO 06,112.0,Premium Apartment,2017,91 years 08 months,806000.0
2024-10-01,PUNGGOL,5 ROOM,661C,EDGEDALE PLAINS,01 TO 03,112.0,Premium Apartment,2017,91 years 09 months,753888.0
2024-10-01,PUNGGOL,5 ROOM,682B,EDGEDALE PLAINS,01 TO 03,113.0,Premium Apartment,2018,92 years 11 months,820000.0
2024-10-01,PUNGGOL,5 ROOM,130,EDGEDALE PLAINS,10 TO 12,112.0,Premium Apartment,2003,78 years 02 months,600000.0
2024-10-01,PUNGGOL,5 ROOM,126B,EDGEDALE PLAINS,07 TO 09,110.0,Improved,2003,77 years 05 months,618000.0
2024-10-01,PUNGGOL,5 ROOM,661B,EDGEDALE PLAINS,10 TO 12,112.0,Premium Apartment,2017,91 years 08 months,791888.0
2024-10-01,PUNGGOL,5 ROOM,172B,EDGEDALE PLAINS,10 TO 12,110.0,Improved,2004,78 years 07 months,662000.0
2024-10-01,PUNGGOL,5 ROOM,135,EDGEDALE PLAINS,16 TO 18,111.0,Premium Apartment,2003,78 years 01 month,605000.0
2024-10-01,PUNGGOL,5 ROOM,126A,EDGEDALE PLAINS,07 TO 09,110.0,Improved,2003,77 years 06 months,625000.0
2024-10-01,PUNGGOL,5 ROOM,178,EDGEFIELD PLAINS,07 TO 09,110.0,Premium Apartment,2003,78 years 02 months,632000.0
2024-10-01,PUNGGOL,5 ROOM,668B,EDGEFIELD PLAINS,07 TO 09,113.0,Premium Apartment,2016,90 years 09 months,865000.0
2024-10-01,PUNGGOL,5 ROOM,107A,EDGEFIELD PLAINS,01 TO 03,110.0,Improved,2003,77 years 05 months,615000.0
2024-10-01,PUNGGOL,5 ROOM,193,EDGEFIELD PLAINS,01 TO 03,110.0,Premium Apartment,2003,78 years 02 months,620000.0
2024-10-01,PUNGGOL,5 ROOM,105D,EDGEFIELD PLAINS,07 TO 09,110.0,Improved,2003,77 years 08 months,635000.0
2024-10-01,PUNGGOL,5 ROOM,296,PUNGGOL CTRL,13 TO 15,110.0,Premium Apartment,2003,78 years 01 month,718000.0
2024-10-01,PUNGGOL,5 ROOM,192,PUNGGOL CTRL,04 TO 06,112.0,Premium Apartment,2004,78 years 08 months,615000.0
2024-10-01,PUNGGOL,5 ROOM,295,PUNGGOL CTRL,13 TO 15,110.0,Premium Apartment,2003,78 years 02 months,718888.0
2024-10-01,PUNGGOL,5 ROOM,648,PUNGGOL CTRL,10 TO 12,110.0,Premium Apartment,2005,79 years 04 months,700000.0
2024-10-01,PUNGGOL,5 ROOM,652,PUNGGOL CTRL,04 TO 06,110.0,Premium Apartment,2005,79 years 04 months,663388.0
2024-10-01,PUNGGOL,5 ROOM,677C,PUNGGOL DR,16 TO 18,113.0,Premium Apartment,2016,91 years 01 month,892000.0
2024-10-01,PUNGGOL,5 ROOM,642D,PUNGGOL DR,04 TO 06,110.0,Premium Apartment,2005,79 years 04 months,645000.0
2024-10-01,PUNGGOL,5 ROOM,618B,PUNGGOL DR,04 TO 06,120.0,Premium Apartment,2013,88 years,798000.0
2024-10-01,PUNGGOL,5 ROOM,642D,PUNGGOL DR,13 TO 15,112.0,Premium Apartment,2005,79 years 04 months,788000.0
2024-10-01,PUNGGOL,5 ROOM,618C,PUNGGOL DR,13 TO 15,120.0,Premium Apartment,2013,88 years,925000.0
2024-10-01,PUNGGOL,5 ROOM,677D,PUNGGOL DR,07 TO 09,113.0,Premium Apartment,2016,91 years,855000.0
2024-10-01,PUNGGOL,5 ROOM,677D,PUNGGOL DR,07 TO 09,113.0,Premium Apartment,2016,91 years,846000.0
2024-10-01,PUNGGOL,5 ROOM,676C,PUNGGOL DR,13 TO 15,113.0,Premium Apartment,2016,91 years,838000.0
2024-10-01,PUNGGOL,5 ROOM,638A,PUNGGOL DR,16 TO 18,112.0,Premium Apartment,2005,79 years 04 months,688000.0
2024-10-01,PUNGGOL,5 ROOM,658C,PUNGGOL EAST,01 TO 03,113.0,Improved,2018,93 years 02 months,755000.0
2024-10-01,PUNGGOL,5 ROOM,173A,PUNGGOL FIELD,01 TO 03,110.0,Improved,2003,78 years 04 months,628000.0
2024-10-01,PUNGGOL,5 ROOM,170A,PUNGGOL FIELD,01 TO 03,112.0,Improved,2014,88 years 07 months,668000.0
2024-10-01,PUNGGOL,5 ROOM,102D,PUNGGOL FIELD,04 TO 06,110.0,Improved,2002,77 years 02 months,670000.0
2024-10-01,PUNGGOL,5 ROOM,267B,PUNGGOL FIELD,16 TO 18,115.0,Premium Apartment,2013,87 years 04 months,910000.0
2024-10-01,PUNGGOL,5 ROOM,110D,PUNGGOL FIELD,07 TO 09,110.0,Improved,2003,77 years 07 months,650000.0
2024-10-01,PUNGGOL,5 ROOM,101A,PUNGGOL FIELD,16 TO 18,110.0,Improved,2002,77 years,650000.0
2024-10-01,PUNGGOL,5 ROOM,267C,PUNGGOL FIELD,01 TO 03,113.0,Premium Apartment,2013,87 years 04 months,815888.0
2024-10-01,PUNGGOL,5 ROOM,204B,PUNGGOL FIELD,13 TO 15,110.0,Improved,2004,79 years 01 month,650000.0
2024-10-01,PUNGGOL,5 ROOM,173A,PUNGGOL FIELD,04 TO 06,110.0,Improved,2003,78 years 03 months,625000.0
2024-10-01,PUNGGOL,5 ROOM,173A,PUNGGOL FIELD,16 TO 18,110.0,Improved,2003,78 years 03 months,675000.0
2024-10-01,PUNGGOL,5 ROOM,207D,PUNGGOL PL,16 TO 18,112.0,Improved,2014,88 years 09 months,820000.0
2024-10-01,PUNGGOL,5 ROOM,308C,PUNGGOL WALK,10 TO 12,112.0,Premium Apartment,2016,90 years 06 months,838888.0
2024-10-01,PUNGGOL,5 ROOM,226A,SUMANG LANE,10 TO 12,114.0,Premium Apartment,2018,92 years 07 months,788888.0
2024-10-01,PUNGGOL,5 ROOM,226A,SUMANG LANE,04 TO 06,114.0,Premium Apartment,2018,92 years 06 months,770000.0
2024-10-01,PUNGGOL,5 ROOM,226C,SUMANG LANE,04 TO 06,114.0,Premium Apartment,2018,92 years 06 months,740000.0
2024-10-01,PUNGGOL,5 ROOM,234B,SUMANG LANE,13 TO 15,113.0,Improved,2018,93 years 02 months,760000.0
2024-10-01,PUNGGOL,5 ROOM,313C,SUMANG LINK,07 TO 09,112.0,Improved,2015,89 years 09 months,850000.0
2024-10-01,PUNGGOL,5 ROOM,313C,SUMANG LINK,10 TO 12,112.0,Improved,2015,89 years 09 months,850000.0
2024-10-01,PUNGGOL,5 ROOM,322D,SUMANG WALK,04 TO 06,116.0,Premium Apartment,2019,93 years 07 months,868000.0
2024-10-01,PUNGGOL,5 ROOM,323D,SUMANG WALK,01 TO 03,113.0,Premium Apartment,2020,94 years 04 months,770000.0
2024-10-01,PUNGGOL,5 ROOM,323A,SUMANG WALK,19 TO 21,113.0,Premium Apartment,2020,94 years 04 months,870000.0
2024-10-01,PUNGGOL,5 ROOM,217C,SUMANG WALK,13 TO 15,112.0,Improved,2017,91 years 10 months,783000.0
2024-10-01,PUNGGOL,5 ROOM,323D,SUMANG WALK,10 TO 12,113.0,Premium Apartment,2020,94 years 04 months,888000.0
2024-10-01,PUNGGOL,5 ROOM,322B,SUMANG WALK,01 TO 03,113.0,Premium Apartment,2019,93 years 06 months,738000.0
2024-10-01,PUNGGOL,5 ROOM,323A,SUMANG WALK,13 TO 15,113.0,Premium Apartment,2020,94 years 04 months,850000.0
2024-10-01,PUNGGOL,EXECUTIVE,186,PUNGGOL CTRL,07 TO 09,128.0,Premium Apartment,2004,78 years 07 months,810000.0
2024-10-01,QUEENSTOWN,2 ROOM,82,C'WEALTH CL,01 TO 03,46.0,Standard,1967,41 years 03 months,255000.0
2024-10-01,QUEENSTOWN,2 ROOM,83,C'WEALTH CL,01 TO 03,46.0,Standard,1967,41 years 04 months,258000.0
2024-10-01,QUEENSTOWN,2 ROOM,112,C'WEALTH CRES,04 TO 06,47.0,Standard,1969,43 years 05 months,285888.0
2024-10-01,QUEENSTOWN,3 ROOM,86,C'WEALTH CL,01 TO 03,60.0,Standard,1967,41 years 04 months,380000.0
2024-10-01,QUEENSTOWN,3 ROOM,50,C'WEALTH DR,07 TO 09,63.0,Model A,2015,89 years 06 months,692000.0
2024-10-01,QUEENSTOWN,3 ROOM,50,C'WEALTH DR,04 TO 06,63.0,Model A,2015,89 years 05 months,611000.0
2024-10-01,QUEENSTOWN,3 ROOM,91,C'WEALTH DR,01 TO 03,58.0,Standard,1967,41 years 04 months,343000.0
2024-10-01,QUEENSTOWN,3 ROOM,21,DOVER CRES,01 TO 03,73.0,Improved,1976,50 years 10 months,355000.0
2024-10-01,QUEENSTOWN,3 ROOM,1,DOVER RD,01 TO 03,65.0,Improved,1975,49 years 11 months,368000.0
2024-10-01,QUEENSTOWN,3 ROOM,32,GHIM MOH LINK,16 TO 18,68.0,Model A,2018,92 years 09 months,760000.0
2024-10-01,QUEENSTOWN,3 ROOM,27,GHIM MOH LINK,28 TO 30,67.0,Model A,2013,87 years 08 months,735000.0
2024-10-01,QUEENSTOWN,3 ROOM,2,GHIM MOH RD,01 TO 03,65.0,Improved,1976,50 years 11 months,372000.0
2024-10-01,QUEENSTOWN,3 ROOM,3,GHIM MOH RD,10 TO 12,65.0,Improved,1976,50 years 10 months,395000.0
2024-10-01,QUEENSTOWN,3 ROOM,3,GHIM MOH RD,04 TO 06,65.0,Improved,1976,50 years 10 months,375000.0
2024-10-01,QUEENSTOWN,3 ROOM,4,GHIM MOH RD,04 TO 06,65.0,Improved,1976,50 years 10 months,367000.0
2024-10-01,QUEENSTOWN,3 ROOM,2,GHIM MOH RD,07 TO 09,65.0,Improved,1976,50 years 10 months,420000.0
2024-10-01,QUEENSTOWN,3 ROOM,12,HOLLAND AVE,10 TO 12,65.0,Improved,1975,49 years 04 months,489000.0
2024-10-01,QUEENSTOWN,3 ROOM,6,HOLLAND CL,07 TO 09,65.0,Improved,1974,48 years 09 months,442000.0
2024-10-01,QUEENSTOWN,3 ROOM,6,HOLLAND CL,13 TO 15,65.0,Improved,1974,48 years 08 months,420000.0
2024-10-01,QUEENSTOWN,3 ROOM,43,HOLLAND DR,04 TO 06,59.0,Improved,1975,49 years 10 months,380000.0
2024-10-01,QUEENSTOWN,3 ROOM,170,STIRLING RD,07 TO 09,60.0,Improved,1970,44 years 10 months,383000.0
2024-10-01,QUEENSTOWN,4 ROOM,52,C'WEALTH DR,01 TO 03,88.0,Model A,2015,89 years 05 months,891000.0
2024-10-01,QUEENSTOWN,4 ROOM,53,C'WEALTH DR,31 TO 33,96.0,Model A,2015,89 years 05 months,1050000.0
2024-10-01,QUEENSTOWN,4 ROOM,130,CLARENCE LANE,13 TO 15,104.0,Model A,1996,70 years 11 months,988000.0
2024-10-01,QUEENSTOWN,4 ROOM,88,DAWSON RD,04 TO 06,83.0,Premium Apartment,2016,90 years 11 months,935000.0
2024-10-01,QUEENSTOWN,4 ROOM,23,DOVER CRES,04 TO 06,88.0,Improved,1976,50 years 11 months,510000.0
2024-10-01,QUEENSTOWN,4 ROOM,17,DOVER CRES,04 TO 06,92.0,Model A,2003,78 years,782000.0
2024-10-01,QUEENSTOWN,4 ROOM,30,GHIM MOH LINK,34 TO 36,93.0,Model A,2018,92 years 09 months,1030000.0
2024-10-01,QUEENSTOWN,4 ROOM,29,GHIM MOH LINK,28 TO 30,93.0,Model A,2018,92 years 09 months,1025888.0
2024-10-01,QUEENSTOWN,4 ROOM,23,GHIM MOH LINK,04 TO 06,93.0,Model A,2013,87 years 07 months,780000.0
2024-10-01,QUEENSTOWN,4 ROOM,29,GHIM MOH LINK,04 TO 06,93.0,Model A,2018,92 years 09 months,958000.0
2024-10-01,QUEENSTOWN,4 ROOM,29,GHIM MOH LINK,37 TO 39,93.0,Model A,2018,92 years 09 months,1060888.0
2024-10-01,QUEENSTOWN,4 ROOM,10,HOLLAND AVE,13 TO 15,88.0,Improved,1975,49 years 04 months,612000.0
2024-10-01,QUEENSTOWN,4 ROOM,6,HOLLAND CL,04 TO 06,86.0,Improved,1974,48 years 08 months,625000.0
2024-10-01,QUEENSTOWN,4 ROOM,3A,HOLLAND CL,10 TO 12,106.0,Model A,1998,73 years 02 months,1028000.0
2024-10-01,QUEENSTOWN,4 ROOM,168A,QUEENSWAY,13 TO 15,84.0,Improved,1974,48 years 09 months,489000.0
2024-10-01,QUEENSTOWN,4 ROOM,61A,STRATHMORE AVE,10 TO 12,96.0,Model A,2011,85 years 11 months,988000.0
2024-10-01,QUEENSTOWN,4 ROOM,51,STRATHMORE AVE,19 TO 21,90.0,Model A,2006,81 years 02 months,925000.0
2024-10-01,QUEENSTOWN,4 ROOM,48,STRATHMORE AVE,34 TO 36,85.0,Model A,2006,81 years 03 months,1028000.0
2024-10-01,QUEENSTOWN,4 ROOM,61B,STRATHMORE AVE,01 TO 03,94.0,Model A,2011,85 years 10 months,870000.0
2024-10-01,QUEENSTOWN,4 ROOM,91,TANGLIN HALT RD,16 TO 18,85.0,Model A,2008,82 years 11 months,1000000.0
2024-10-01,QUEENSTOWN,4 ROOM,89,TANGLIN HALT RD,10 TO 12,90.0,Model A,2008,82 years 11 months,940000.0
2024-10-01,QUEENSTOWN,5 ROOM,7,C'WEALTH AVE,10 TO 12,136.0,Model A,1996,71 years,1180000.0
2024-10-01,QUEENSTOWN,5 ROOM,86,DAWSON RD,16 TO 18,108.0,Premium Apartment,2016,90 years 11 months,1400000.0
2024-10-01,QUEENSTOWN,5 ROOM,13,DOVER CL EAST,13 TO 15,119.0,Standard,1978,52 years 04 months,926888.0
2024-10-01,QUEENSTOWN,5 ROOM,12,DOVER CL EAST,16 TO 18,117.0,Standard,1978,52 years 04 months,938000.0
2024-10-01,QUEENSTOWN,5 ROOM,28A,DOVER CRES,19 TO 21,124.0,Improved,2012,86 years 06 months,1239888.0
2024-10-01,QUEENSTOWN,5 ROOM,23,GHIM MOH LINK,10 TO 12,113.0,Improved,2013,87 years 07 months,1250000.0
2024-10-01,QUEENSTOWN,5 ROOM,28,GHIM MOH LINK,04 TO 06,113.0,Improved,2013,87 years 07 months,1155000.0
2024-10-01,QUEENSTOWN,5 ROOM,20,HOLLAND DR,04 TO 06,117.0,Standard,1975,49 years 04 months,960000.0
2024-10-01,SEMBAWANG,2 ROOM,131B,CANBERRA CRES,04 TO 06,47.0,Model A,2020,95 years,395000.0
2024-10-01,SEMBAWANG,2 ROOM,117B,CANBERRA CRES,04 TO 06,47.0,Model A,2020,94 years 08 months,385000.0
2024-10-01,SEMBAWANG,2 ROOM,116A,CANBERRA CRES,04 TO 06,47.0,Model A,2020,94 years 08 months,380000.0
2024-10-01,SEMBAWANG,2 ROOM,129B,CANBERRA ST,10 TO 12,47.0,Model A,2018,93 years 01 month,396000.0
2024-10-01,SEMBAWANG,2 ROOM,104D,CANBERRA ST,10 TO 12,47.0,Model A,2018,92 years 10 months,370000.0
2024-10-01,SEMBAWANG,2 ROOM,590A,MONTREAL LINK,01 TO 03,47.0,Model A,2015,89 years 07 months,333000.0
2024-10-01,SEMBAWANG,2 ROOM,590A,MONTREAL LINK,13 TO 15,47.0,Model A,2015,89 years 07 months,370000.0
2024-10-01,SEMBAWANG,2 ROOM,365A,SEMBAWANG CRES,07 TO 09,38.0,Model A,2019,93 years 07 months,360888.0
2024-10-01,SEMBAWANG,2 ROOM,363B,SEMBAWANG CRES,07 TO 09,47.0,Model A,2019,93 years 08 months,368888.0
2024-10-01,SEMBAWANG,2 ROOM,363A,SEMBAWANG CRES,10 TO 12,47.0,Model A,2019,93 years 08 months,358000.0
2024-10-01,SEMBAWANG,2 ROOM,366B,SEMBAWANG CRES,01 TO 03,48.0,Model A,2019,93 years 07 months,350000.0
2024-10-01,SEMBAWANG,3 ROOM,118B,CANBERRA CRES,07 TO 09,68.0,Model A,2020,94 years 09 months,502000.0
2024-10-01,SEMBAWANG,3 ROOM,117A,CANBERRA CRES,04 TO 06,68.0,Model A,2020,94 years 08 months,510000.0
2024-10-01,SEMBAWANG,3 ROOM,117B,CANBERRA CRES,07 TO 09,68.0,Model A,2020,94 years 08 months,540000.0
2024-10-01,SEMBAWANG,3 ROOM,131A,CANBERRA CRES,10 TO 12,68.0,Model A,2020,95 years,563000.0
2024-10-01,SEMBAWANG,3 ROOM,118B,CANBERRA CRES,04 TO 06,68.0,Model A,2020,94 years 08 months,518888.0
2024-10-01,SEMBAWANG,3 ROOM,131A,CANBERRA CRES,07 TO 09,68.0,Model A,2020,95 years,520000.0
2024-10-01,SEMBAWANG,3 ROOM,131A,CANBERRA CRES,10 TO 12,68.0,Model A,2020,95 years,572000.0
2024-10-01,SEMBAWANG,3 ROOM,128B,CANBERRA ST,10 TO 12,68.0,Model A,2018,93 years 01 month,518000.0
2024-10-01,SEMBAWANG,3 ROOM,104C,CANBERRA ST,04 TO 06,67.0,Model A,2018,92 years 10 months,498000.0
2024-10-01,SEMBAWANG,3 ROOM,129B,CANBERRA ST,01 TO 03,68.0,Model A,2018,93 years 01 month,458000.0
2024-10-01,SEMBAWANG,3 ROOM,104C,CANBERRA ST,13 TO 15,67.0,Model A,2018,92 years 10 months,530000.0
2024-10-01,SEMBAWANG,3 ROOM,128B,CANBERRA ST,07 TO 09,68.0,Model A,2018,93 years 01 month,510000.0
2024-10-01,SEMBAWANG,3 ROOM,128B,CANBERRA ST,10 TO 12,68.0,Model A,2018,93 years 01 month,518888.0
2024-10-01,SEMBAWANG,3 ROOM,115D,CANBERRA WALK,01 TO 03,68.0,Model A,2018,92 years 10 months,488000.0
2024-10-01,SEMBAWANG,3 ROOM,590A,MONTREAL LINK,10 TO 12,68.0,Model A,2015,89 years 08 months,470000.0
2024-10-01,SEMBAWANG,3 ROOM,590A,MONTREAL LINK,13 TO 15,68.0,Model A,2015,89 years 08 months,468000.0
2024-10-01,SEMBAWANG,3 ROOM,366A,SEMBAWANG CRES,01 TO 03,68.0,Model A,2019,93 years 08 months,445000.0
2024-10-01,SEMBAWANG,3 ROOM,366B,SEMBAWANG CRES,13 TO 15,68.0,Model A,2019,93 years 07 months,500000.0
2024-10-01,SEMBAWANG,4 ROOM,359B,ADMIRALTY DR,07 TO 09,95.0,Premium Apartment,2001,76 years,565000.0
2024-10-01,SEMBAWANG,4 ROOM,356A,ADMIRALTY DR,07 TO 09,95.0,Premium Apartment,2001,75 years 09 months,575000.0
2024-10-01,SEMBAWANG,4 ROOM,360A,ADMIRALTY DR,13 TO 15,95.0,Premium Apartment,2001,76 years,598000.0
2024-10-01,SEMBAWANG,4 ROOM,469B,ADMIRALTY DR,10 TO 12,102.0,Premium Apartment,2001,75 years 11 months,580000.0
2024-10-01,SEMBAWANG,4 ROOM,488,ADMIRALTY LINK,16 TO 18,94.0,Model A,2010,84 years 11 months,570000.0
2024-10-01,SEMBAWANG,4 ROOM,131A,CANBERRA CRES,07 TO 09,92.0,Model A,2020,95 years,765000.0
2024-10-01,SEMBAWANG,4 ROOM,120B,CANBERRA CRES,04 TO 06,93.0,Model A,2018,92 years 05 months,670000.0
2024-10-01,SEMBAWANG,4 ROOM,130B,CANBERRA CRES,01 TO 03,93.0,Model A,2018,93 years 01 month,600000.0
2024-10-01,SEMBAWANG,4 ROOM,120B,CANBERRA CRES,04 TO 06,93.0,Model A,2018,92 years 05 months,618000.0
2024-10-01,SEMBAWANG,4 ROOM,132A,CANBERRA CRES,04 TO 06,92.0,Model A,2020,94 years 11 months,748000.0
2024-10-01,SEMBAWANG,4 ROOM,130A,CANBERRA CRES,10 TO 12,93.0,Model A,2018,93 years 01 month,725000.0
2024-10-01,SEMBAWANG,4 ROOM,118B,CANBERRA CRES,10 TO 12,92.0,Model A,2020,94 years 08 months,768880.0
2024-10-01,SEMBAWANG,4 ROOM,131B,CANBERRA CRES,01 TO 03,92.0,Model A,2020,95 years,740000.0
2024-10-01,SEMBAWANG,4 ROOM,101A,CANBERRA ST,01 TO 03,93.0,Model A,2020,95 years 04 months,580000.0
2024-10-01,SEMBAWANG,4 ROOM,107B,CANBERRA ST,04 TO 06,93.0,Model A,2018,92 years 10 months,618000.0
2024-10-01,SEMBAWANG,4 ROOM,132B,CANBERRA VIEW,01 TO 03,92.0,Model A,2020,95 years,726000.0
2024-10-01,SEMBAWANG,4 ROOM,115B,CANBERRA WALK,01 TO 03,93.0,Model A,2018,92 years 10 months,600000.0
2024-10-01,SEMBAWANG,4 ROOM,108B,CANBERRA WALK,10 TO 12,93.0,Model A,2018,92 years 08 months,680000.0
2024-10-01,SEMBAWANG,4 ROOM,115D,CANBERRA WALK,10 TO 12,93.0,Model A,2018,92 years 10 months,683000.0
2024-10-01,SEMBAWANG,4 ROOM,589B,MONTREAL DR,13 TO 15,85.0,Model A2,2002,77 years 03 months,535000.0
2024-10-01,SEMBAWANG,4 ROOM,593A,MONTREAL LINK,07 TO 09,93.0,Model A,2015,89 years 07 months,586800.0
2024-10-01,SEMBAWANG,4 ROOM,334,SEMBAWANG CL,01 TO 03,100.0,Model A,1999,74 years 03 months,520000.0
2024-10-01,SEMBAWANG,4 ROOM,340A,SEMBAWANG CL,04 TO 06,95.0,Premium Apartment,2001,75 years 09 months,570000.0
2024-10-01,SEMBAWANG,4 ROOM,341,SEMBAWANG CL,13 TO 15,95.0,Premium Apartment,2001,75 years 09 months,600000.0
2024-10-01,SEMBAWANG,4 ROOM,319,SEMBAWANG CL,13 TO 15,100.0,Model A,1999,73 years 08 months,560000.0
2024-10-01,SEMBAWANG,4 ROOM,321,SEMBAWANG CL,13 TO 15,100.0,Model A,1999,73 years 08 months,560000.0
2024-10-01,SEMBAWANG,4 ROOM,362A,SEMBAWANG CRES,13 TO 15,93.0,Model A,2019,93 years 08 months,638000.0
2024-10-01,SEMBAWANG,4 ROOM,365C,SEMBAWANG CRES,10 TO 12,93.0,Model A,2019,93 years 07 months,605000.0
2024-10-01,SEMBAWANG,4 ROOM,362C,SEMBAWANG CRES,01 TO 03,93.0,Model A,2019,93 years 08 months,578000.0
2024-10-01,SEMBAWANG,4 ROOM,365C,SEMBAWANG CRES,16 TO 18,93.0,Model A,2019,93 years 07 months,640000.0
2024-10-01,SEMBAWANG,4 ROOM,365B,SEMBAWANG CRES,01 TO 03,93.0,Model A,2019,93 years 07 months,558888.0
2024-10-01,SEMBAWANG,4 ROOM,407,SEMBAWANG DR,07 TO 09,90.0,Model A,2001,75 years 07 months,510000.0
2024-10-01,SEMBAWANG,4 ROOM,510A,WELLINGTON CIRCLE,10 TO 12,90.0,Model A,2004,78 years 11 months,550000.0
2024-10-01,SEMBAWANG,4 ROOM,508A,WELLINGTON CIRCLE,10 TO 12,90.0,Model A,2004,78 years 11 months,535000.0
2024-10-01,SEMBAWANG,4 ROOM,510A,WELLINGTON CIRCLE,10 TO 12,90.0,Model A,2004,78 years 11 months,535000.0
2024-10-01,SEMBAWANG,5 ROOM,353A,ADMIRALTY DR,13 TO 15,113.0,Improved,2002,76 years 04 months,700000.0
2024-10-01,SEMBAWANG,5 ROOM,467A,ADMIRALTY DR,04 TO 06,123.0,Premium Apartment,2001,75 years 10 months,680000.0
2024-10-01,SEMBAWANG,5 ROOM,484,ADMIRALTY LINK,13 TO 15,111.0,Improved,2003,77 years 10 months,628000.0
2024-10-01,SEMBAWANG,5 ROOM,484,ADMIRALTY LINK,07 TO 09,110.0,Improved,2003,77 years 10 months,550000.0
2024-10-01,SEMBAWANG,5 ROOM,417,CANBERRA RD,13 TO 15,110.0,Improved,2001,75 years 06 months,625000.0
2024-10-01,SEMBAWANG,5 ROOM,306,CANBERRA RD,10 TO 12,120.0,Improved,1998,73 years 02 months,670000.0
2024-10-01,SEMBAWANG,5 ROOM,418,CANBERRA RD,10 TO 12,110.0,Improved,2001,75 years 06 months,645888.0
2024-10-01,SEMBAWANG,5 ROOM,422,CANBERRA RD,10 TO 12,110.0,Improved,2001,75 years 06 months,638000.0
2024-10-01,SEMBAWANG,5 ROOM,304,CANBERRA RD,16 TO 18,122.0,Improved,1998,73 years 03 months,675000.0
2024-10-01,SEMBAWANG,5 ROOM,121B,CANBERRA ST,04 TO 06,113.0,Improved,2018,92 years 04 months,725000.0
2024-10-01,SEMBAWANG,5 ROOM,121C,CANBERRA ST,13 TO 15,113.0,Improved,2018,92 years 04 months,780000.0
2024-10-01,SEMBAWANG,5 ROOM,108A,CANBERRA WALK,01 TO 03,113.0,Improved,2018,92 years 08 months,758000.0
2024-10-01,SEMBAWANG,5 ROOM,504B,MONTREAL DR,07 TO 09,110.0,Improved,2001,75 years 09 months,610000.0
2024-10-01,SEMBAWANG,5 ROOM,466B,SEMBAWANG DR,10 TO 12,110.0,Premium Apartment,2006,80 years 05 months,585000.0
2024-10-01,SEMBAWANG,5 ROOM,474,SEMBAWANG DR,04 TO 06,110.0,Improved,2000,75 years 01 month,590000.0
2024-10-01,SEMBAWANG,5 ROOM,411,SEMBAWANG DR,10 TO 12,110.0,Improved,2001,75 years 07 months,620000.0
2024-10-01,SEMBAWANG,5 ROOM,466D,SEMBAWANG DR,13 TO 15,110.0,Premium Apartment,2006,80 years 05 months,605000.0
2024-10-01,SEMBAWANG,EXECUTIVE,351D,CANBERRA RD,10 TO 12,126.0,Apartment,2001,76 years 03 months,765000.0
2024-10-01,SEMBAWANG,EXECUTIVE,303,CANBERRA RD,16 TO 18,141.0,Apartment,1998,73 years 03 months,800000.0
2024-10-01,SEMBAWANG,EXECUTIVE,504A,MONTREAL DR,04 TO 06,130.0,Apartment,2001,75 years 08 months,745000.0
2024-10-01,SENGKANG,2 ROOM,353A,ANCHORVALE LANE,13 TO 15,47.0,2-room,2021,95 years 05 months,375000.0
2024-10-01,SENGKANG,2 ROOM,353A,ANCHORVALE LANE,04 TO 06,47.0,2-room,2021,95 years 05 months,385000.0
2024-10-01,SENGKANG,2 ROOM,351B,ANCHORVALE RD,13 TO 15,47.0,Model A,2019,93 years 08 months,400000.0
2024-10-01,SENGKANG,3 ROOM,336A,ANCHORVALE CRES,10 TO 12,67.0,Premium Apartment,2015,90 years 03 months,570000.0
2024-10-01,SENGKANG,3 ROOM,351C,ANCHORVALE RD,13 TO 15,67.0,Model A,2019,93 years 08 months,538888.0
2024-10-01,SENGKANG,3 ROOM,289B,COMPASSVALE CRES,13 TO 15,68.0,Premium Apartment,2017,92 years 02 months,510000.0
2024-10-01,SENGKANG,3 ROOM,217B,COMPASSVALE DR,16 TO 18,68.0,Premium Apartment,2017,91 years 09 months,600000.0
2024-10-01,SENGKANG,3 ROOM,414A,FERNVALE LINK,07 TO 09,68.0,Model A,2016,90 years 04 months,481888.0
2024-10-01,SENGKANG,3 ROOM,430C,FERNVALE LINK,16 TO 18,67.0,Model A,2015,89 years 08 months,500000.0
2024-10-01,SENGKANG,3 ROOM,418A,FERNVALE LINK,01 TO 03,68.0,Model A,2018,92 years 10 months,500000.0
2024-10-01,SENGKANG,3 ROOM,435B,FERNVALE RD,13 TO 15,68.0,Premium Apartment,2013,87 years 09 months,513000.0
2024-10-01,SENGKANG,3 ROOM,445B,FERNVALE RD,16 TO 18,67.0,Model A,2012,87 years 02 months,542000.0
2024-10-01,SENGKANG,3 ROOM,445B,FERNVALE RD,13 TO 15,67.0,Model A,2012,87 years 02 months,538000.0
2024-10-01,SENGKANG,3 ROOM,453A,FERNVALE RD,25 TO 27,67.0,Model A,2015,89 years 10 months,565000.0
2024-10-01,SENGKANG,3 ROOM,445A,FERNVALE RD,16 TO 18,67.0,Model A,2012,87 years 02 months,528000.0
2024-10-01,SENGKANG,3 ROOM,447B,JLN KAYU,16 TO 18,67.0,Model A,2013,88 years 03 months,548888.0
2024-10-01,SENGKANG,3 ROOM,180A,RIVERVALE CRES,10 TO 12,67.0,Model A,2015,89 years 06 months,515000.0
2024-10-01,SENGKANG,3 ROOM,281A,SENGKANG EAST AVE,10 TO 12,67.0,Premium Apartment,2015,89 years 11 months,578000.0
2024-10-01,SENGKANG,3 ROOM,455B,SENGKANG WEST AVE,07 TO 09,68.0,Model A,2020,95 years 01 month,500000.0
2024-10-01,SENGKANG,3 ROOM,455A,SENGKANG WEST AVE,01 TO 03,68.0,Model A,2020,95 years,485000.0
2024-10-01,SENGKANG,3 ROOM,448A,SENGKANG WEST WAY,07 TO 09,67.0,Model A,2014,88 years 10 months,490000.0
2024-10-01,SENGKANG,4 ROOM,338C,ANCHORVALE CRES,04 TO 06,93.0,Model A,2018,92 years 08 months,600000.0
2024-10-01,SENGKANG,4 ROOM,336B,ANCHORVALE CRES,04 TO 06,92.0,Premium Apartment,2015,90 years 03 months,638888.0
2024-10-01,SENGKANG,4 ROOM,334B,ANCHORVALE CRES,13 TO 15,95.0,Premium Apartment,2015,90 years 03 months,752000.0
2024-10-01,SENGKANG,4 ROOM,334C,ANCHORVALE CRES,10 TO 12,92.0,Premium Apartment,2015,90 years 03 months,688000.0
2024-10-01,SENGKANG,4 ROOM,336C,ANCHORVALE CRES,10 TO 12,92.0,Premium Apartment,2015,90 years 03 months,670000.0
2024-10-01,SENGKANG,4 ROOM,320A,ANCHORVALE DR,10 TO 12,85.0,Model A2,2002,77 years,569000.0
2024-10-01,SENGKANG,4 ROOM,322C,ANCHORVALE DR,13 TO 15,91.0,Model A,2002,76 years 09 months,607500.0
2024-10-01,SENGKANG,4 ROOM,333A,ANCHORVALE LINK,01 TO 03,92.0,Model A,2015,89 years 09 months,625000.0
2024-10-01,SENGKANG,4 ROOM,333B,ANCHORVALE LINK,13 TO 15,92.0,Model A,2015,89 years 09 months,650000.0
2024-10-01,SENGKANG,4 ROOM,333D,ANCHORVALE LINK,04 TO 06,92.0,Model A,2015,89 years 09 months,635000.0
2024-10-01,SENGKANG,4 ROOM,333A,ANCHORVALE LINK,07 TO 09,92.0,Model A,2015,89 years 09 months,658888.0
2024-10-01,SENGKANG,4 ROOM,351D,ANCHORVALE RD,04 TO 06,92.0,Model A,2019,93 years 07 months,650000.0
2024-10-01,SENGKANG,4 ROOM,329B,ANCHORVALE ST,10 TO 12,93.0,Model A,2015,89 years 11 months,695000.0
2024-10-01,SENGKANG,4 ROOM,331B,ANCHORVALE ST,07 TO 09,92.0,Model A,2015,89 years 11 months,650000.0
2024-10-01,SENGKANG,4 ROOM,329A,ANCHORVALE ST,16 TO 18,92.0,Model A,2015,89 years 11 months,682088.0
2024-10-01,SENGKANG,4 ROOM,329B,ANCHORVALE ST,10 TO 12,93.0,Model A,2015,89 years 11 months,695000.0
2024-10-01,SENGKANG,4 ROOM,264E,COMPASSVALE BOW,13 TO 15,92.0,Premium Apartment,2008,82 years 08 months,768888.0
2024-10-01,SENGKANG,4 ROOM,265E,COMPASSVALE BOW,13 TO 15,92.0,Premium Apartment,2007,81 years 11 months,725000.0
2024-10-01,SENGKANG,4 ROOM,264C,COMPASSVALE BOW,01 TO 03,92.0,Premium Apartment,2008,82 years 08 months,690000.0
2024-10-01,SENGKANG,4 ROOM,287A,COMPASSVALE CRES,01 TO 03,96.0,Premium Apartment,2017,92 years 02 months,628000.0
2024-10-01,SENGKANG,4 ROOM,288A,COMPASSVALE CRES,10 TO 12,93.0,Premium Apartment,2017,92 years 02 months,670000.0
2024-10-01,SENGKANG,4 ROOM,293C,COMPASSVALE CRES,04 TO 06,93.0,Model A,2016,91 years 02 months,680000.0
2024-10-01,SENGKANG,4 ROOM,212C,COMPASSVALE DR,04 TO 06,98.0,Premium Apartment,2012,87 years 01 month,630000.0
2024-10-01,SENGKANG,4 ROOM,215B,COMPASSVALE DR,07 TO 09,92.0,Premium Apartment,2017,91 years 08 months,808888.0
2024-10-01,SENGKANG,4 ROOM,217B,COMPASSVALE DR,01 TO 03,92.0,Premium Apartment,2017,91 years 08 months,738888.0
2024-10-01,SENGKANG,4 ROOM,215B,COMPASSVALE DR,04 TO 06,92.0,Premium Apartment,2017,91 years 08 months,775000.0
2024-10-01,SENGKANG,4 ROOM,215A,COMPASSVALE DR,13 TO 15,92.0,Premium Apartment,2017,91 years 08 months,848000.0
2024-10-01,SENGKANG,4 ROOM,211B,COMPASSVALE LANE,13 TO 15,95.0,Model A,2013,87 years 05 months,685000.0
2024-10-01,SENGKANG,4 ROOM,206B,COMPASSVALE LANE,07 TO 09,102.0,Model A,1999,73 years 10 months,565000.0
2024-10-01,SENGKANG,4 ROOM,210C,COMPASSVALE LANE,10 TO 12,93.0,Model A,2013,87 years 05 months,670000.0
2024-10-01,SENGKANG,4 ROOM,213B,COMPASSVALE LANE,04 TO 06,95.0,Premium Apartment,2012,87 years 01 month,650000.0
2024-10-01,SENGKANG,4 ROOM,213A,COMPASSVALE LANE,10 TO 12,95.0,Premium Apartment,2012,87 years 01 month,700008.0
2024-10-01,SENGKANG,4 ROOM,211A,COMPASSVALE LANE,07 TO 09,93.0,Model A,2013,87 years 05 months,642000.0
2024-10-01,SENGKANG,4 ROOM,269A,COMPASSVALE LINK,07 TO 09,90.0,Premium Apartment,2006,80 years 05 months,658888.0
2024-10-01,SENGKANG,4 ROOM,273D,COMPASSVALE LINK,07 TO 09,90.0,Premium Apartment,2009,83 years 11 months,762000.0
2024-10-01,SENGKANG,4 ROOM,267A,COMPASSVALE LINK,16 TO 18,91.0,Premium Apartment,2006,80 years 05 months,680000.0
2024-10-01,SENGKANG,4 ROOM,273B,COMPASSVALE LINK,04 TO 06,90.0,Premium Apartment,2009,84 years 01 month,755000.0
2024-10-01,SENGKANG,4 ROOM,277B,COMPASSVALE LINK,04 TO 06,90.0,Premium Apartment,2009,83 years 09 months,780000.0
2024-10-01,SENGKANG,4 ROOM,247,COMPASSVALE RD,04 TO 06,85.0,Model A2,2000,74 years 08 months,545000.0
2024-10-01,SENGKANG,4 ROOM,298C,COMPASSVALE ST,13 TO 15,94.0,Premium Apartment,2001,75 years 10 months,550000.0
2024-10-01,SENGKANG,4 ROOM,299B,COMPASSVALE ST,04 TO 06,94.0,Premium Apartment,2001,75 years 11 months,605888.0
2024-10-01,SENGKANG,4 ROOM,403C,FERNVALE LANE,07 TO 09,94.0,Premium Apartment,2004,78 years 08 months,552000.0
2024-10-01,SENGKANG,4 ROOM,414B,FERNVALE LINK,16 TO 18,93.0,Model A,2016,90 years 04 months,640000.0
2024-10-01,SENGKANG,4 ROOM,418C,FERNVALE LINK,13 TO 15,94.0,Model A,2018,92 years 10 months,668000.0
2024-10-01,SENGKANG,4 ROOM,470B,FERNVALE LINK,07 TO 09,93.0,Model A,2016,91 years,628888.0
2024-10-01,SENGKANG,4 ROOM,470C,FERNVALE LINK,01 TO 03,93.0,Model A,2016,91 years,575000.0
2024-10-01,SENGKANG,4 ROOM,418B,FERNVALE LINK,13 TO 15,94.0,Model A,2018,92 years 10 months,685000.0
2024-10-01,SENGKANG,4 ROOM,440C,FERNVALE LINK,19 TO 21,92.0,Model A,2015,89 years 10 months,685888.0
2024-10-01,SENGKANG,4 ROOM,430D,FERNVALE LINK,16 TO 18,92.0,Model A,2015,89 years 08 months,655000.0
2024-10-01,SENGKANG,4 ROOM,470B,FERNVALE LINK,10 TO 12,93.0,Model A,2016,91 years,615000.0
2024-10-01,SENGKANG,4 ROOM,418C,FERNVALE LINK,10 TO 12,94.0,Model A,2018,92 years 10 months,700000.0
2024-10-01,SENGKANG,4 ROOM,418C,FERNVALE LINK,07 TO 09,94.0,Model A,2018,92 years 10 months,652000.0
2024-10-01,SENGKANG,4 ROOM,410C,FERNVALE RD,25 TO 27,96.0,Premium Apartment,2012,87 years 02 months,660000.0
2024-10-01,SENGKANG,4 ROOM,410A,FERNVALE RD,19 TO 21,96.0,Premium Apartment,2012,87 years 02 months,660000.0
2024-10-01,SENGKANG,4 ROOM,443A,FERNVALE RD,10 TO 12,94.0,Model A,2012,87 years 02 months,650000.0
2024-10-01,SENGKANG,4 ROOM,410B,FERNVALE RD,04 TO 06,95.0,Premium Apartment,2012,87 years 02 months,615000.0
2024-10-01,SENGKANG,4 ROOM,436D,FERNVALE RD,07 TO 09,96.0,Model A,2010,84 years 06 months,648000.0
2024-10-01,SENGKANG,4 ROOM,472A,FERNVALE ST,10 TO 12,93.0,Model A,2016,91 years,648688.0
2024-10-01,SENGKANG,4 ROOM,472C,FERNVALE ST,01 TO 03,93.0,Model A,2016,91 years,650000.0
2024-10-01,SENGKANG,4 ROOM,185C,RIVERVALE CRES,10 TO 12,91.0,Model A2,2000,75 years 04 months,563888.0
2024-10-01,SENGKANG,4 ROOM,162A,RIVERVALE CRES,13 TO 15,93.0,Model A,2017,91 years 09 months,659888.0
2024-10-01,SENGKANG,4 ROOM,156,RIVERVALE CRES,04 TO 06,90.0,Model A,2005,80 years 04 months,550000.0
2024-10-01,SENGKANG,4 ROOM,156,RIVERVALE CRES,07 TO 09,90.0,Model A,2005,80 years 03 months,588000.0
2024-10-01,SENGKANG,4 ROOM,180C,RIVERVALE CRES,16 TO 18,93.0,Model A,2015,89 years 06 months,658000.0
2024-10-01,SENGKANG,4 ROOM,180C,RIVERVALE CRES,07 TO 09,93.0,Model A,2015,89 years 06 months,630000.0
2024-10-01,SENGKANG,4 ROOM,183D,RIVERVALE CRES,10 TO 12,85.0,Model A2,2003,77 years 09 months,525000.0
2024-10-01,SENGKANG,4 ROOM,180C,RIVERVALE CRES,01 TO 03,93.0,Model A,2015,89 years 06 months,561000.0
2024-10-01,SENGKANG,4 ROOM,145,RIVERVALE DR,01 TO 03,100.0,Model A,1999,74 years 03 months,545000.0
2024-10-01,SENGKANG,4 ROOM,190B,RIVERVALE DR,07 TO 09,96.0,Model A,2000,74 years 08 months,575555.0
2024-10-01,SENGKANG,4 ROOM,124A,RIVERVALE DR,07 TO 09,101.0,Model A,1999,73 years 10 months,585000.0
2024-10-01,SENGKANG,4 ROOM,140,RIVERVALE ST,04 TO 06,97.0,Model A2,1999,73 years 04 months,560000.0
2024-10-01,SENGKANG,4 ROOM,131,RIVERVALE ST,13 TO 15,92.0,Model A2,1999,73 years 08 months,535000.0
2024-10-01,SENGKANG,4 ROOM,127,RIVERVALE ST,13 TO 15,101.0,Model A,1999,73 years 10 months,590000.0
2024-10-01,SENGKANG,4 ROOM,272A,SENGKANG CTRL,07 TO 09,90.0,Premium Apartment,2009,84 years 03 months,788888.0
2024-10-01,SENGKANG,4 ROOM,272B,SENGKANG CTRL,13 TO 15,90.0,Premium Apartment,2009,84 years 03 months,760000.0
2024-10-01,SENGKANG,4 ROOM,282A,SENGKANG EAST AVE,10 TO 12,92.0,Premium Apartment,2015,89 years 11 months,800000.0
2024-10-01,SENGKANG,4 ROOM,282A,SENGKANG EAST AVE,07 TO 09,92.0,Premium Apartment,2015,89 years 11 months,778800.0
2024-10-01,SENGKANG,4 ROOM,282A,SENGKANG EAST AVE,07 TO 09,92.0,Premium Apartment,2015,89 years 11 months,800000.0
2024-10-01,SENGKANG,4 ROOM,282B,SENGKANG EAST AVE,10 TO 12,92.0,Premium Apartment,2015,89 years 11 months,820000.0
2024-10-01,SENGKANG,4 ROOM,202C,SENGKANG EAST RD,13 TO 15,90.0,Model A,2001,75 years 08 months,585000.0
2024-10-01,SENGKANG,4 ROOM,438B,SENGKANG WEST AVE,19 TO 21,94.0,Model A,2011,85 years 05 months,650000.0
2024-10-01,SENGKANG,4 ROOM,455B,SENGKANG WEST AVE,07 TO 09,93.0,Model A,2020,95 years,632000.0
2024-10-01,SENGKANG,4 ROOM,455B,SENGKANG WEST AVE,01 TO 03,93.0,Model A,2020,95 years,608888.0
2024-10-01,SENGKANG,4 ROOM,458A,SENGKANG WEST RD,01 TO 03,93.0,Model A,2020,95 years 01 month,630000.0
2024-10-01,SENGKANG,4 ROOM,458C,SENGKANG WEST RD,13 TO 15,93.0,Model A,2020,95 years,652000.0
2024-10-01,SENGKANG,4 ROOM,458C,SENGKANG WEST RD,13 TO 15,93.0,Model A,2020,95 years,685888.0
2024-10-01,SENGKANG,4 ROOM,432A,SENGKANG WEST WAY,04 TO 06,93.0,Model A,2014,89 years 01 month,600000.0
2024-10-01,SENGKANG,4 ROOM,432A,SENGKANG WEST WAY,19 TO 21,93.0,Model A,2014,89 years 01 month,660000.0
2024-10-01,SENGKANG,4 ROOM,469B,SENGKANG WEST WAY,10 TO 12,93.0,Model A,2016,90 years 11 months,633888.0
2024-10-01,SENGKANG,4 ROOM,451B,SENGKANG WEST WAY,07 TO 09,92.0,Model A,2015,89 years 08 months,630000.0
2024-10-01,SENGKANG,5 ROOM,338A,ANCHORVALE CRES,07 TO 09,113.0,Improved,2018,92 years 08 months,855000.0
2024-10-01,SENGKANG,5 ROOM,302A,ANCHORVALE LINK,04 TO 06,110.0,Improved,2001,75 years 10 months,625000.0
2024-10-01,SENGKANG,5 ROOM,333C,ANCHORVALE LINK,04 TO 06,112.0,Improved,2015,89 years 09 months,780000.0
2024-10-01,SENGKANG,5 ROOM,316C,ANCHORVALE LINK,13 TO 15,110.0,Premium Apartment,2003,77 years 08 months,660000.0
2024-10-01,SENGKANG,5 ROOM,333C,ANCHORVALE LINK,13 TO 15,112.0,Improved,2015,89 years 09 months,815000.0
2024-10-01,SENGKANG,5 ROOM,305A,ANCHORVALE LINK,10 TO 12,110.0,Improved,2002,76 years 05 months,610000.0
2024-10-01,SENGKANG,5 ROOM,309C,ANCHORVALE RD,16 TO 18,112.0,Premium Apartment,2002,77 years 02 months,630000.0
2024-10-01,SENGKANG,5 ROOM,308B,ANCHORVALE RD,04 TO 06,110.0,Improved,2001,76 years 02 months,620000.0
2024-10-01,SENGKANG,5 ROOM,329B,ANCHORVALE ST,10 TO 12,112.0,Improved,2015,89 years 11 months,820000.0
2024-10-01,SENGKANG,5 ROOM,278A,COMPASSVALE BOW,16 TO 18,113.0,Improved,2017,92 years 03 months,955000.0
2024-10-01,SENGKANG,5 ROOM,293A,COMPASSVALE CRES,10 TO 12,113.0,Improved,2016,91 years 03 months,808000.0
2024-10-01,SENGKANG,5 ROOM,286B,COMPASSVALE CRES,13 TO 15,113.0,Premium Apartment,2017,92 years 02 months,782500.0
2024-10-01,SENGKANG,5 ROOM,203B,COMPASSVALE RD,10 TO 12,110.0,Improved,2001,75 years 05 months,725000.0
2024-10-01,SENGKANG,5 ROOM,299A,COMPASSVALE ST,10 TO 12,114.0,Premium Apartment,2001,76 years,660000.0
2024-10-01,SENGKANG,5 ROOM,252,COMPASSVALE ST,07 TO 09,116.0,Improved,2000,75 years,670000.0
2024-10-01,SENGKANG,5 ROOM,292A,COMPASSVALE ST,13 TO 15,110.0,Improved,2002,76 years 04 months,635000.0
2024-10-01,SENGKANG,5 ROOM,299A,COMPASSVALE ST,16 TO 18,114.0,Premium Apartment,2001,75 years 10 months,680000.0
2024-10-01,SENGKANG,5 ROOM,236,COMPASSVALE WALK,13 TO 15,123.0,Improved,1999,73 years 10 months,690000.0
2024-10-01,SENGKANG,5 ROOM,223B,COMPASSVALE WALK,07 TO 09,121.0,Improved,1999,73 years 07 months,690000.0
2024-10-01,SENGKANG,5 ROOM,225B,COMPASSVALE WALK,13 TO 15,122.0,Improved,1999,74 years 02 months,726000.0
2024-10-01,SENGKANG,5 ROOM,228B,COMPASSVALE WALK,01 TO 03,115.0,Improved,1999,74 years 03 months,600000.0
2024-10-01,SENGKANG,5 ROOM,229,COMPASSVALE WALK,10 TO 12,123.0,Improved,1999,74 years,680000.0
2024-10-01,SENGKANG,5 ROOM,405A,FERNVALE LANE,19 TO 21,112.0,Premium Apartment,2004,78 years 05 months,720000.0
2024-10-01,SENGKANG,5 ROOM,404B,FERNVALE LANE,16 TO 18,112.0,Premium Apartment,2004,78 years 08 months,630000.0
2024-10-01,SENGKANG,5 ROOM,415C,FERNVALE LINK,16 TO 18,113.0,Improved,2016,90 years 05 months,768888.0
2024-10-01,SENGKANG,5 ROOM,430A,FERNVALE LINK,07 TO 09,112.0,Improved,2015,89 years 09 months,760000.0
2024-10-01,SENGKANG,5 ROOM,416B,FERNVALE LINK,13 TO 15,113.0,Improved,2016,90 years 05 months,788288.0
2024-10-01,SENGKANG,5 ROOM,416B,FERNVALE LINK,13 TO 15,113.0,Improved,2016,90 years 04 months,808000.0
2024-10-01,SENGKANG,5 ROOM,415A,FERNVALE LINK,07 TO 09,113.0,Improved,2016,90 years 04 months,725000.0
2024-10-01,SENGKANG,5 ROOM,430D,FERNVALE LINK,22 TO 24,115.0,Improved,2015,89 years 08 months,810000.0
2024-10-01,SENGKANG,5 ROOM,407B,FERNVALE RD,19 TO 21,110.0,Premium Apartment,2005,79 years 04 months,670000.0
2024-10-01,SENGKANG,5 ROOM,158A,RIVERVALE CRES,07 TO 09,111.0,Premium Apartment,2003,78 years 03 months,630000.0
2024-10-01,SENGKANG,5 ROOM,159A,RIVERVALE CRES,16 TO 18,111.0,Premium Apartment,2003,78 years 01 month,658000.0
2024-10-01,SENGKANG,5 ROOM,184A,RIVERVALE CRES,04 TO 06,110.0,Improved,2003,77 years 08 months,628000.0
2024-10-01,SENGKANG,5 ROOM,196,RIVERVALE DR,10 TO 12,111.0,Improved,2001,75 years 07 months,680000.0
2024-10-01,SENGKANG,5 ROOM,121,RIVERVALE DR,16 TO 18,110.0,Improved,2000,74 years 11 months,638000.0
2024-10-01,SENGKANG,5 ROOM,117C,RIVERVALE DR,10 TO 12,115.0,Improved,2000,74 years 10 months,650000.0
2024-10-01,SENGKANG,5 ROOM,193,RIVERVALE DR,04 TO 06,111.0,Improved,2001,75 years 07 months,628888.0
2024-10-01,SENGKANG,5 ROOM,193,RIVERVALE DR,07 TO 09,111.0,Improved,2001,75 years 07 months,642000.0
2024-10-01,SENGKANG,5 ROOM,144,RIVERVALE DR,04 TO 06,116.0,Improved,1999,74 years 03 months,630000.0
2024-10-01,SENGKANG,5 ROOM,187B,RIVERVALE DR,13 TO 15,110.0,Improved,2000,75 years 03 months,630000.0
2024-10-01,SENGKANG,5 ROOM,112,RIVERVALE WALK,10 TO 12,121.0,Improved,1998,73 years 02 months,713000.0
2024-10-01,SENGKANG,EXECUTIVE,320C,ANCHORVALE DR,13 TO 15,125.0,Apartment,2002,76 years 06 months,825000.0
2024-10-01,SENGKANG,EXECUTIVE,302C,ANCHORVALE LINK,10 TO 12,130.0,Apartment,2001,76 years 02 months,800000.0
2024-10-01,SENGKANG,EXECUTIVE,310B,ANCHORVALE RD,07 TO 09,128.0,Premium Apartment,2003,77 years 04 months,790000.0
2024-10-01,SENGKANG,EXECUTIVE,204D,COMPASSVALE DR,01 TO 03,130.0,Apartment,2001,75 years 04 months,780000.0
2024-10-01,SENGKANG,EXECUTIVE,205A,COMPASSVALE LANE,07 TO 09,143.0,Apartment,1999,73 years 10 months,950000.0
2024-10-01,SENGKANG,EXECUTIVE,250A,COMPASSVALE ST,13 TO 15,131.0,Apartment,2000,74 years 10 months,958000.0
2024-10-01,SENGKANG,EXECUTIVE,262B,COMPASSVALE ST,04 TO 06,130.0,Apartment,2001,75 years 07 months,770000.0
2024-10-01,SENGKANG,EXECUTIVE,147,RIVERVALE CRES,10 TO 12,135.0,Apartment,1999,74 years,860000.0
2024-10-01,SENGKANG,EXECUTIVE,119C,RIVERVALE DR,04 TO 06,141.0,Premium Apartment,2001,75 years 07 months,840000.0
2024-10-01,SENGKANG,EXECUTIVE,189B,RIVERVALE DR,13 TO 15,131.0,Apartment,2000,74 years 10 months,795000.0
2024-10-01,SENGKANG,EXECUTIVE,119B,RIVERVALE DR,07 TO 09,141.0,Premium Apartment,2001,75 years 06 months,905000.0
2024-10-01,SENGKANG,EXECUTIVE,138,RIVERVALE ST,10 TO 12,141.0,Apartment,1999,73 years 04 months,840000.0
2024-10-01,SENGKANG,EXECUTIVE,102,RIVERVALE WALK,10 TO 12,141.0,Apartment,1999,73 years 06 months,900000.0
2024-10-01,SENGKANG,EXECUTIVE,202B,SENGKANG EAST RD,10 TO 12,130.0,Apartment,2001,75 years 08 months,846888.0
2024-10-01,SENGKANG,EXECUTIVE,122C,SENGKANG EAST WAY,10 TO 12,131.0,Apartment,2000,74 years 10 months,795000.0
2024-10-01,SENGKANG,EXECUTIVE,122B,SENGKANG EAST WAY,01 TO 03,129.0,Apartment,2000,74 years 11 months,635000.0
2024-10-01,SENGKANG,EXECUTIVE,122C,SENGKANG EAST WAY,04 TO 06,131.0,Apartment,2000,74 years 09 months,755888.0
2024-10-01,SERANGOON,3 ROOM,1,LOR LEW LIAN,10 TO 12,73.0,Improved,1978,52 years 09 months,458000.0
2024-10-01,SERANGOON,3 ROOM,5,LOR LEW LIAN,10 TO 12,64.0,Improved,1978,52 years 08 months,475888.0
2024-10-01,SERANGOON,3 ROOM,241,SERANGOON AVE 3,04 TO 06,64.0,Simplified,1985,60 years 03 months,478000.0
2024-10-01,SERANGOON,3 ROOM,222,SERANGOON AVE 4,10 TO 12,67.0,New Generation,1985,60 years,470000.0
2024-10-01,SERANGOON,3 ROOM,263,SERANGOON CTRL DR,04 TO 06,64.0,Simplified,1988,62 years 11 months,480888.0
2024-10-01,SERANGOON,3 ROOM,262,SERANGOON CTRL DR,04 TO 06,64.0,Simplified,1988,63 years 01 month,516888.0
2024-10-01,SERANGOON,4 ROOM,426,SERANGOON AVE 1,10 TO 12,105.0,Model A,1988,63 years 04 months,770000.0
2024-10-01,SERANGOON,4 ROOM,405,SERANGOON AVE 1,04 TO 06,94.0,New Generation,1989,63 years 05 months,708000.0
2024-10-01,SERANGOON,4 ROOM,236,SERANGOON AVE 3,01 TO 03,84.0,Simplified,1985,59 years 10 months,590000.0
2024-10-01,SERANGOON,4 ROOM,325,SERANGOON AVE 3,07 TO 09,84.0,Simplified,1986,60 years 08 months,640000.0
2024-10-01,SERANGOON,4 ROOM,325,SERANGOON AVE 3,01 TO 03,104.0,Model A,1986,60 years 08 months,758888.0
2024-10-01,SERANGOON,4 ROOM,216,SERANGOON AVE 4,13 TO 15,98.0,New Generation,1985,59 years 10 months,628000.0
2024-10-01,SERANGOON,4 ROOM,211,SERANGOON AVE 4,01 TO 03,93.0,New Generation,1985,60 years,595000.0
2024-10-01,SERANGOON,4 ROOM,211,SERANGOON AVE 4,01 TO 03,93.0,New Generation,1985,60 years,585000.0
2024-10-01,SERANGOON,4 ROOM,409,SERANGOON CTRL,10 TO 12,94.0,New Generation,1989,63 years 04 months,800000.0
2024-10-01,SERANGOON,4 ROOM,203,SERANGOON CTRL,07 TO 09,84.0,Simplified,1986,60 years 04 months,736888.0
2024-10-01,SERANGOON,4 ROOM,207,SERANGOON CTRL,10 TO 12,83.0,Simplified,1986,60 years 07 months,675000.0
2024-10-01,SERANGOON,4 ROOM,116,SERANGOON NTH AVE 1,04 TO 06,98.0,New Generation,1986,60 years 04 months,540000.0
2024-10-01,SERANGOON,4 ROOM,536,SERANGOON NTH AVE 4,10 TO 12,103.0,Model A,1992,67 years 02 months,608888.0
2024-10-01,SERANGOON,5 ROOM,216,SERANGOON AVE 4,04 TO 06,121.0,Improved,1985,59 years 10 months,740000.0
2024-10-01,SERANGOON,5 ROOM,205,SERANGOON CTRL,04 TO 06,122.0,Improved,1986,61 years 02 months,975000.0
2024-10-01,SERANGOON,5 ROOM,205,SERANGOON CTRL,10 TO 12,122.0,Improved,1986,61 years 02 months,960000.0
2024-10-01,SERANGOON,EXECUTIVE,236A,SERANGOON AVE 2,07 TO 09,140.0,Apartment,1998,72 years 09 months,1180000.0
2024-10-01,SERANGOON,EXECUTIVE,506,SERANGOON NTH AVE 4,07 TO 09,145.0,Apartment,1992,67 years 02 months,1010000.0
2024-10-01,SERANGOON,EXECUTIVE,537,SERANGOON NTH AVE 4,07 TO 09,149.0,Apartment,1992,67 years 02 months,1080000.0
2024-10-01,TAMPINES,3 ROOM,890B,TAMPINES AVE 1,13 TO 15,69.0,Model A,2015,90 years,570000.0
2024-10-01,TAMPINES,3 ROOM,907,TAMPINES AVE 4,07 TO 09,73.0,Model A,1984,59 years 01 month,485000.0
2024-10-01,TAMPINES,3 ROOM,808,TAMPINES AVE 4,04 TO 06,73.0,Model A,1984,58 years 07 months,480000.0
2024-10-01,TAMPINES,3 ROOM,879B,TAMPINES AVE 8,10 TO 12,68.0,Model A,2017,91 years 09 months,560000.0
2024-10-01,TAMPINES,3 ROOM,879B,TAMPINES AVE 8,04 TO 06,68.0,Model A,2017,91 years 09 months,523000.0
2024-10-01,TAMPINES,3 ROOM,601B,TAMPINES AVE 9,04 TO 06,68.0,Model A,2020,94 years 05 months,547000.0
2024-10-01,TAMPINES,3 ROOM,520C,TAMPINES CTRL 8,10 TO 12,61.0,DBSS,2014,88 years 10 months,640000.0
2024-10-01,TAMPINES,3 ROOM,520C,TAMPINES CTRL 8,10 TO 12,61.0,DBSS,2014,88 years 09 months,640000.0
2024-10-01,TAMPINES,3 ROOM,108,TAMPINES ST 11,04 TO 06,74.0,Model A,1984,58 years 10 months,465000.0
2024-10-01,TAMPINES,3 ROOM,112,TAMPINES ST 11,10 TO 12,75.0,Model A,1982,56 years 09 months,460000.0
2024-10-01,TAMPINES,3 ROOM,161,TAMPINES ST 12,07 TO 09,74.0,Model A,1984,59 years 01 month,490000.0
2024-10-01,TAMPINES,3 ROOM,265,TAMPINES ST 21,10 TO 12,74.0,Model A,1984,59 years,508500.0
2024-10-01,TAMPINES,3 ROOM,258,TAMPINES ST 21,01 TO 03,72.0,New Generation,1985,59 years 06 months,450000.0
2024-10-01,TAMPINES,3 ROOM,249,TAMPINES ST 21,04 TO 06,74.0,Model A,1984,59 years,460000.0
2024-10-01,TAMPINES,3 ROOM,277,TAMPINES ST 22,04 TO 06,74.0,Model A,1985,59 years 06 months,435000.0
2024-10-01,TAMPINES,3 ROOM,284,TAMPINES ST 22,07 TO 09,74.0,Model A,1984,58 years 10 months,460000.0
2024-10-01,TAMPINES,3 ROOM,283,TAMPINES ST 22,07 TO 09,84.0,Model A,1984,59 years,498800.0
2024-10-01,TAMPINES,3 ROOM,275,TAMPINES ST 22,07 TO 09,73.0,Model A,1985,59 years 04 months,458000.0
2024-10-01,TAMPINES,3 ROOM,299A,TAMPINES ST 22,01 TO 03,65.0,Model A,2012,86 years 06 months,466000.0
2024-10-01,TAMPINES,3 ROOM,283,TAMPINES ST 22,01 TO 03,74.0,Model A,1984,59 years,435000.0
2024-10-01,TAMPINES,3 ROOM,213,TAMPINES ST 23,01 TO 03,73.0,Model A,1985,59 years 06 months,440000.0
2024-10-01,TAMPINES,3 ROOM,217,TAMPINES ST 23,04 TO 06,70.0,New Generation,1986,60 years 05 months,470000.0
2024-10-01,TAMPINES,3 ROOM,411,TAMPINES ST 41,07 TO 09,60.0,Improved,1985,60 years 01 month,426000.0
2024-10-01,TAMPINES,3 ROOM,417,TAMPINES ST 41,04 TO 06,60.0,Improved,1985,60 years 03 months,460000.0
2024-10-01,TAMPINES,3 ROOM,434,TAMPINES ST 43,07 TO 09,74.0,Model A,1986,60 years 11 months,490000.0
2024-10-01,TAMPINES,3 ROOM,492G,TAMPINES ST 45,01 TO 03,67.0,Model A,2018,93 years 02 months,500000.0
2024-10-01,TAMPINES,3 ROOM,606C,TAMPINES ST 61,10 TO 12,68.0,Model A,2020,94 years 05 months,590000.0
2024-10-01,TAMPINES,3 ROOM,606C,TAMPINES ST 61,04 TO 06,68.0,Model A,2020,94 years 05 months,588000.0
2024-10-01,TAMPINES,3 ROOM,852,TAMPINES ST 82,10 TO 12,74.0,Model A,1985,59 years 08 months,480000.0
2024-10-01,TAMPINES,3 ROOM,830,TAMPINES ST 82,01 TO 03,64.0,Simplified,1986,60 years 05 months,450000.0
2024-10-01,TAMPINES,3 ROOM,853,TAMPINES ST 83,04 TO 06,74.0,Model A,1987,62 years 03 months,450000.0
2024-10-01,TAMPINES,4 ROOM,151,SIMEI ST 1,04 TO 06,84.0,Simplified,1988,62 years 04 months,575000.0
2024-10-01,TAMPINES,4 ROOM,130,SIMEI ST 1,07 TO 09,84.0,Simplified,1987,62 years 02 months,543000.0
2024-10-01,TAMPINES,4 ROOM,123,SIMEI ST 1,04 TO 06,104.0,Model A,1988,63 years 02 months,680000.0
2024-10-01,TAMPINES,4 ROOM,134,SIMEI ST 1,04 TO 06,84.0,Simplified,1988,62 years 11 months,518000.0
2024-10-01,TAMPINES,4 ROOM,116,SIMEI ST 1,07 TO 09,104.0,Model A,1988,63 years 02 months,688000.0
2024-10-01,TAMPINES,4 ROOM,102,SIMEI ST 1,10 TO 12,104.0,Model A,1988,63 years 02 months,645000.0
2024-10-01,TAMPINES,4 ROOM,112,SIMEI ST 1,10 TO 12,84.0,Simplified,1988,62 years 04 months,550000.0
2024-10-01,TAMPINES,4 ROOM,141,SIMEI ST 2,01 TO 03,104.0,Model A,1989,63 years 04 months,630000.0
2024-10-01,TAMPINES,4 ROOM,233,SIMEI ST 4,07 TO 09,106.0,Model A,1989,63 years 09 months,645000.0
2024-10-01,TAMPINES,4 ROOM,227,SIMEI ST 4,07 TO 09,104.0,Model A,1988,62 years 10 months,650000.0
2024-10-01,TAMPINES,4 ROOM,868B,TAMPINES AVE 8,07 TO 09,92.0,Model A,2015,89 years 09 months,700000.0
2024-10-01,TAMPINES,4 ROOM,868A,TAMPINES AVE 8,13 TO 15,92.0,Model A,2015,89 years 09 months,733888.0
2024-10-01,TAMPINES,4 ROOM,869A,TAMPINES AVE 8,13 TO 15,92.0,Model A,2015,89 years 09 months,715888.0
2024-10-01,TAMPINES,4 ROOM,869A,TAMPINES AVE 8,07 TO 09,92.0,Model A,2015,89 years 09 months,742000.0
2024-10-01,TAMPINES,4 ROOM,878A,TAMPINES AVE 8,10 TO 12,93.0,Model A,2017,91 years 09 months,750000.0
2024-10-01,TAMPINES,4 ROOM,601C,TAMPINES AVE 9,10 TO 12,92.0,Model A,2020,94 years 05 months,770000.0
2024-10-01,TAMPINES,4 ROOM,486C,TAMPINES AVE 9,07 TO 09,108.0,Model A,1993,68 years,642000.0
2024-10-01,TAMPINES,4 ROOM,601D,TAMPINES AVE 9,04 TO 06,92.0,Model A,2020,94 years 05 months,740000.0
2024-10-01,TAMPINES,4 ROOM,604B,TAMPINES AVE 9,04 TO 06,92.0,Model A,2020,94 years 05 months,725000.0
2024-10-01,TAMPINES,4 ROOM,601A,TAMPINES AVE 9,16 TO 18,92.0,Model A,2020,94 years 05 months,792000.0
2024-10-01,TAMPINES,4 ROOM,523D,TAMPINES CTRL 7,07 TO 09,93.0,Model A,2015,89 years 11 months,788000.0
2024-10-01,TAMPINES,4 ROOM,522C,TAMPINES CTRL 7,01 TO 03,93.0,Model A,2015,89 years 11 months,710000.0
2024-10-01,TAMPINES,4 ROOM,519A,TAMPINES CTRL 8,10 TO 12,83.0,DBSS,2014,88 years 09 months,855000.0
2024-10-01,TAMPINES,4 ROOM,610C,TAMPINES NTH DR 1,07 TO 09,93.0,Model A,2020,95 years 01 month,758000.0
2024-10-01,TAMPINES,4 ROOM,610A,TAMPINES NTH DR 1,13 TO 15,93.0,Model A,2020,95 years 01 month,780000.0
2024-10-01,TAMPINES,4 ROOM,610C,TAMPINES NTH DR 1,10 TO 12,93.0,Model A,2020,95 years 01 month,777888.0
2024-10-01,TAMPINES,4 ROOM,105,TAMPINES ST 11,10 TO 12,117.0,Model A,1982,57 years 03 months,650000.0
2024-10-01,TAMPINES,4 ROOM,109,TAMPINES ST 11,07 TO 09,103.0,Model A,1984,59 years,615000.0
2024-10-01,TAMPINES,4 ROOM,140,TAMPINES ST 12,01 TO 03,93.0,New Generation,1984,59 years 04 months,540000.0
2024-10-01,TAMPINES,4 ROOM,158,TAMPINES ST 12,04 TO 06,91.0,New Generation,1984,58 years 10 months,628000.0
2024-10-01,TAMPINES,4 ROOM,248,TAMPINES ST 21,07 TO 09,91.0,New Generation,1984,59 years 04 months,620000.0
2024-10-01,TAMPINES,4 ROOM,253,TAMPINES ST 21,01 TO 03,104.0,Model A,1984,58 years 10 months,622000.0
2024-10-01,TAMPINES,4 ROOM,251,TAMPINES ST 21,10 TO 12,104.0,Model A,1985,59 years 04 months,702888.0
2024-10-01,TAMPINES,4 ROOM,280,TAMPINES ST 22,01 TO 03,114.0,Model A,1984,58 years 10 months,615000.0
2024-10-01,TAMPINES,4 ROOM,279,TAMPINES ST 22,07 TO 09,104.0,Model A,1985,59 years 04 months,550000.0
2024-10-01,TAMPINES,4 ROOM,297,TAMPINES ST 22,01 TO 03,104.0,Model A,1984,58 years 08 months,565000.0
2024-10-01,TAMPINES,4 ROOM,282,TAMPINES ST 22,01 TO 03,102.0,Model A,1984,58 years 05 months,554000.0
2024-10-01,TAMPINES,4 ROOM,318,TAMPINES ST 33,04 TO 06,108.0,Model A,1995,70 years,600000.0
2024-10-01,TAMPINES,4 ROOM,351,TAMPINES ST 33,04 TO 06,105.0,Model A,1996,70 years 08 months,590000.0
2024-10-01,TAMPINES,4 ROOM,358,TAMPINES ST 33,04 TO 06,107.0,Model A,1996,70 years 06 months,624000.0
2024-10-01,TAMPINES,4 ROOM,321,TAMPINES ST 33,01 TO 03,108.0,Model A,1995,70 years 01 month,565000.0
2024-10-01,TAMPINES,4 ROOM,368,TAMPINES ST 34,10 TO 12,102.0,Model A,1997,71 years 08 months,575000.0
2024-10-01,TAMPINES,4 ROOM,365,TAMPINES ST 34,01 TO 03,101.0,Model A,1997,71 years 04 months,610000.0
2024-10-01,TAMPINES,4 ROOM,406,TAMPINES ST 41,01 TO 03,89.0,Simplified,1986,61 years 01 month,577500.0
2024-10-01,TAMPINES,4 ROOM,449,TAMPINES ST 42,10 TO 12,84.0,Simplified,1985,59 years 08 months,543000.0
2024-10-01,TAMPINES,4 ROOM,455,TAMPINES ST 42,10 TO 12,84.0,Simplified,1988,62 years 04 months,550000.0
2024-10-01,TAMPINES,4 ROOM,489B,TAMPINES ST 45,07 TO 09,107.0,Model A,1993,68 years,618000.0
2024-10-01,TAMPINES,4 ROOM,498G,TAMPINES ST 45,01 TO 03,106.0,Premium Apartment,1997,71 years 10 months,615000.0
2024-10-01,TAMPINES,4 ROOM,492G,TAMPINES ST 45,04 TO 06,92.0,Model A,2018,93 years 02 months,680000.0
2024-10-01,TAMPINES,4 ROOM,494H,TAMPINES ST 45,01 TO 03,93.0,Model A,2018,93 years 02 months,655000.0
2024-10-01,TAMPINES,4 ROOM,605A,TAMPINES ST 61,16 TO 18,92.0,Model A,2020,94 years 05 months,820000.0
2024-10-01,TAMPINES,4 ROOM,606D,TAMPINES ST 61,13 TO 15,92.0,Model A,2020,94 years 05 months,768000.0
2024-10-01,TAMPINES,4 ROOM,606B,TAMPINES ST 61,04 TO 06,92.0,Model A,2020,94 years 05 months,735000.0
2024-10-01,TAMPINES,4 ROOM,605D,TAMPINES ST 61,13 TO 15,92.0,Model A,2020,94 years 05 months,778888.0
2024-10-01,TAMPINES,4 ROOM,606B,TAMPINES ST 61,04 TO 06,92.0,Model A,2020,94 years 05 months,755000.0
2024-10-01,TAMPINES,4 ROOM,605C,TAMPINES ST 61,01 TO 03,92.0,Model A,2020,94 years 05 months,720000.0
2024-10-01,TAMPINES,4 ROOM,722,TAMPINES ST 72,01 TO 03,99.0,Model A,1997,71 years 07 months,620000.0
2024-10-01,TAMPINES,4 ROOM,888,TAMPINES ST 81,07 TO 09,108.0,Model A,1988,63 years 02 months,635000.0
2024-10-01,TAMPINES,4 ROOM,899A,TAMPINES ST 81,04 TO 06,107.0,Model A,1988,62 years 11 months,620000.0
2024-10-01,TAMPINES,4 ROOM,842C,TAMPINES ST 82,10 TO 12,108.0,Model A,1995,69 years 06 months,698800.0
2024-10-01,TAMPINES,4 ROOM,840,TAMPINES ST 82,01 TO 03,84.0,Simplified,1986,60 years 05 months,540000.0
2024-10-01,TAMPINES,4 ROOM,865,TAMPINES ST 83,04 TO 06,104.0,Model A,1989,63 years 08 months,605000.0
2024-10-01,TAMPINES,4 ROOM,837,TAMPINES ST 83,07 TO 09,84.0,Simplified,1985,59 years 06 months,530000.0
2024-10-01,TAMPINES,4 ROOM,833,TAMPINES ST 83,04 TO 06,84.0,Simplified,1985,59 years 04 months,558000.0
2024-10-01,TAMPINES,4 ROOM,874,TAMPINES ST 84,07 TO 09,104.0,Model A,1989,63 years 06 months,610000.0
2024-10-01,TAMPINES,4 ROOM,910,TAMPINES ST 91,10 TO 12,104.0,Model A,1984,59 years 01 month,650000.0
2024-10-01,TAMPINES,4 ROOM,935,TAMPINES ST 91,07 TO 09,106.0,Model A,1984,59 years,645000.0
2024-10-01,TAMPINES,4 ROOM,921,TAMPINES ST 91,04 TO 06,104.0,Model A,1984,59 years 01 month,608000.0
2024-10-01,TAMPINES,4 ROOM,916,TAMPINES ST 91,10 TO 12,106.0,Model A,1984,59 years,610000.0
2024-10-01,TAMPINES,4 ROOM,926,TAMPINES ST 91,04 TO 06,103.0,Model A,1983,58 years 03 months,590000.0
2024-10-01,TAMPINES,5 ROOM,168D,SIMEI LANE,04 TO 06,107.0,DBSS,2011,85 years 06 months,860000.0
2024-10-01,TAMPINES,5 ROOM,158,SIMEI RD,01 TO 03,122.0,Improved,1989,63 years 06 months,688000.0
2024-10-01,TAMPINES,5 ROOM,112,SIMEI ST 1,01 TO 03,122.0,Improved,1988,62 years 04 months,690800.0
2024-10-01,TAMPINES,5 ROOM,130,SIMEI ST 1,07 TO 09,122.0,Improved,1987,62 years 02 months,737000.0
2024-10-01,TAMPINES,5 ROOM,131,SIMEI ST 1,04 TO 06,122.0,Improved,1988,63 years,725000.0
2024-10-01,TAMPINES,5 ROOM,230,SIMEI ST 4,07 TO 09,122.0,Improved,1988,62 years 11 months,776000.0
2024-10-01,TAMPINES,5 ROOM,601D,TAMPINES AVE 9,07 TO 09,112.0,Improved,2020,94 years 05 months,908000.0
2024-10-01,TAMPINES,5 ROOM,486A,TAMPINES AVE 9,07 TO 09,128.0,Improved,1993,68 years,738000.0
2024-10-01,TAMPINES,5 ROOM,515B,TAMPINES CTRL 7,07 TO 09,114.0,DBSS,2008,83 years 03 months,980888.0
2024-10-01,TAMPINES,5 ROOM,515D,TAMPINES CTRL 7,07 TO 09,109.0,DBSS,2008,83 years 03 months,948888.0
2024-10-01,TAMPINES,5 ROOM,612B,TAMPINES NTH DR 1,07 TO 09,113.0,Improved,2020,95 years 01 month,832000.0
2024-10-01,TAMPINES,5 ROOM,610A,TAMPINES NTH DR 1,07 TO 09,113.0,Improved,2020,95 years 01 month,930000.0
2024-10-01,TAMPINES,5 ROOM,298,TAMPINES ST 22,04 TO 06,121.0,Improved,1985,59 years 06 months,668888.0
2024-10-01,TAMPINES,5 ROOM,210,TAMPINES ST 23,01 TO 03,121.0,Improved,1985,59 years 08 months,750000.0
2024-10-01,TAMPINES,5 ROOM,304,TAMPINES ST 32,07 TO 09,138.0,Model A,1993,67 years 11 months,740000.0
2024-10-01,TAMPINES,5 ROOM,387,TAMPINES ST 32,04 TO 06,126.0,Improved,1993,68 years,718000.0
2024-10-01,TAMPINES,5 ROOM,305,TAMPINES ST 32,10 TO 12,131.0,Improved,1993,67 years 10 months,788000.0
2024-10-01,TAMPINES,5 ROOM,305,TAMPINES ST 32,04 TO 06,125.0,Improved,1993,67 years 10 months,692000.0
2024-10-01,TAMPINES,5 ROOM,350,TAMPINES ST 33,10 TO 12,132.0,Model A,1996,70 years 08 months,725888.0
2024-10-01,TAMPINES,5 ROOM,349,TAMPINES ST 33,01 TO 03,127.0,Improved,1996,70 years 08 months,665000.0
2024-10-01,TAMPINES,5 ROOM,345,TAMPINES ST 33,04 TO 06,126.0,Improved,1996,70 years 09 months,700000.0
2024-10-01,TAMPINES,5 ROOM,366,TAMPINES ST 34,04 TO 06,120.0,Improved,1997,71 years 06 months,745000.0
2024-10-01,TAMPINES,5 ROOM,412,TAMPINES ST 41,10 TO 12,138.0,Model A,1985,60 years 01 month,750000.0
2024-10-01,TAMPINES,5 ROOM,458,TAMPINES ST 42,01 TO 03,122.0,Improved,1988,62 years 05 months,660000.0
2024-10-01,TAMPINES,5 ROOM,496B,TAMPINES ST 43,07 TO 09,129.0,Improved,1993,67 years 11 months,740000.0
2024-10-01,TAMPINES,5 ROOM,490B,TAMPINES ST 45,01 TO 03,126.0,Improved,1993,68 years,680000.0
2024-10-01,TAMPINES,5 ROOM,494H,TAMPINES ST 45,10 TO 12,113.0,Improved,2018,93 years 02 months,843000.0
2024-10-01,TAMPINES,5 ROOM,498M,TAMPINES ST 45,01 TO 03,124.0,Premium Apartment,1997,71 years 10 months,711500.0
2024-10-01,TAMPINES,5 ROOM,494H,TAMPINES ST 45,01 TO 03,113.0,Improved,2018,93 years 02 months,775000.0
2024-10-01,TAMPINES,5 ROOM,605A,TAMPINES ST 61,07 TO 09,112.0,Improved,2020,94 years 05 months,908000.0
2024-10-01,TAMPINES,5 ROOM,606A,TAMPINES ST 61,13 TO 15,112.0,Improved,2020,94 years 05 months,920000.0
2024-10-01,TAMPINES,5 ROOM,605C,TAMPINES ST 61,07 TO 09,112.0,Improved,2020,94 years 05 months,922000.0
2024-10-01,TAMPINES,5 ROOM,716,TAMPINES ST 71,13 TO 15,119.0,Improved,1997,71 years 07 months,800000.0
2024-10-01,TAMPINES,5 ROOM,729,TAMPINES ST 71,01 TO 03,123.0,Improved,1997,72 years,750000.0
2024-10-01,TAMPINES,5 ROOM,842C,TAMPINES ST 82,01 TO 03,133.0,Model A,1995,69 years 05 months,800000.0
2024-10-01,TAMPINES,5 ROOM,842D,TAMPINES ST 82,01 TO 03,137.0,Model A,1995,69 years 04 months,828000.0
2024-10-01,TAMPINES,5 ROOM,843,TAMPINES ST 83,01 TO 03,122.0,Improved,1988,62 years 04 months,680000.0
2024-10-01,TAMPINES,5 ROOM,926,TAMPINES ST 91,04 TO 06,133.0,Model A,1983,58 years 03 months,772000.0
2024-10-01,TAMPINES,EXECUTIVE,858,TAMPINES AVE 5,04 TO 06,146.0,Maisonette,1988,62 years 05 months,1000000.0
2024-10-01,TAMPINES,EXECUTIVE,858,TAMPINES AVE 5,01 TO 03,146.0,Maisonette,1988,62 years 05 months,938000.0
2024-10-01,TAMPINES,EXECUTIVE,858,TAMPINES AVE 5,10 TO 12,146.0,Maisonette,1988,62 years 05 months,1118888.0
2024-10-01,TAMPINES,EXECUTIVE,938,TAMPINES AVE 5,04 TO 06,146.0,Maisonette,1988,63 years 01 month,945000.0
2024-10-01,TAMPINES,EXECUTIVE,892,TAMPINES AVE 8,04 TO 06,144.0,Maisonette,1997,71 years 04 months,930000.0
2024-10-01,TAMPINES,EXECUTIVE,893A,TAMPINES AVE 8,01 TO 03,137.0,Apartment,1997,71 years 04 months,840000.0
2024-10-01,TAMPINES,EXECUTIVE,125,TAMPINES ST 11,04 TO 06,146.0,Maisonette,1985,60 years 02 months,900000.0
2024-10-01,TAMPINES,EXECUTIVE,329,TAMPINES ST 32,01 TO 03,148.0,Apartment,1995,70 years 04 months,848888.0
2024-10-01,TAMPINES,EXECUTIVE,331,TAMPINES ST 32,01 TO 03,147.0,Maisonette,1996,70 years 04 months,850000.0
2024-10-01,TAMPINES,EXECUTIVE,495E,TAMPINES ST 43,07 TO 09,147.0,Apartment,1994,68 years 04 months,908888.0
2024-10-01,TAMPINES,EXECUTIVE,497D,TAMPINES ST 45,07 TO 09,138.0,Premium Apartment,1996,70 years 09 months,920000.0
2024-10-01,TAMPINES,EXECUTIVE,740,TAMPINES ST 72,01 TO 03,141.0,Apartment,1997,72 years 01 month,835000.0
2024-10-01,TAMPINES,EXECUTIVE,894,TAMPINES ST 81,01 TO 03,146.0,Maisonette,1989,63 years 04 months,940000.0
2024-10-01,TAMPINES,EXECUTIVE,856F,TAMPINES ST 82,04 TO 06,143.0,Apartment,1995,70 years 02 months,1100000.0
2024-10-01,TAMPINES,EXECUTIVE,856B,TAMPINES ST 82,04 TO 06,145.0,Apartment,1995,70 years 02 months,900000.0
2024-10-01,TAMPINES,EXECUTIVE,867A,TAMPINES ST 83,04 TO 06,149.0,Maisonette,1989,63 years 05 months,990000.0
2024-10-01,TOA PAYOH,3 ROOM,195,KIM KEAT AVE,07 TO 09,66.0,Improved,1973,47 years 10 months,340000.0
2024-10-01,TOA PAYOH,3 ROOM,195,KIM KEAT AVE,01 TO 03,66.0,Improved,1973,47 years 10 months,330000.0
2024-10-01,TOA PAYOH,3 ROOM,126,LOR 1 TOA PAYOH,10 TO 12,67.0,Improved,1970,44 years 05 months,418000.0
2024-10-01,TOA PAYOH,3 ROOM,118,LOR 1 TOA PAYOH,01 TO 03,64.0,Improved,1968,42 years 10 months,360000.0
2024-10-01,TOA PAYOH,3 ROOM,168,LOR 1 TOA PAYOH,04 TO 06,65.0,Improved,1972,46 years 11 months,380000.0
2024-10-01,TOA PAYOH,3 ROOM,114,LOR 1 TOA PAYOH,01 TO 03,65.0,Improved,1967,41 years 09 months,385000.0
2024-10-01,TOA PAYOH,3 ROOM,157,LOR 1 TOA PAYOH,01 TO 03,67.0,Improved,1971,45 years 10 months,398000.0
2024-10-01,TOA PAYOH,3 ROOM,110,LOR 1 TOA PAYOH,01 TO 03,65.0,Improved,1967,41 years 09 months,360000.0
2024-10-01,TOA PAYOH,3 ROOM,117,LOR 1 TOA PAYOH,07 TO 09,65.0,Improved,1968,42 years 09 months,370000.0
2024-10-01,TOA PAYOH,3 ROOM,169,LOR 1 TOA PAYOH,10 TO 12,65.0,Improved,1972,46 years 10 months,365000.0
2024-10-01,TOA PAYOH,3 ROOM,116,LOR 2 TOA PAYOH,04 TO 06,63.0,Improved,1970,44 years 04 months,405000.0
2024-10-01,TOA PAYOH,3 ROOM,116,LOR 2 TOA PAYOH,13 TO 15,63.0,Improved,1970,44 years 04 months,420000.0
2024-10-01,TOA PAYOH,3 ROOM,116,LOR 2 TOA PAYOH,13 TO 15,72.0,Improved,1970,44 years 04 months,470000.0
2024-10-01,TOA PAYOH,3 ROOM,85B,LOR 4 TOA PAYOH,13 TO 15,68.0,Improved,1972,46 years 05 months,438000.0
2024-10-01,TOA PAYOH,3 ROOM,85C,LOR 4 TOA PAYOH,04 TO 06,68.0,Improved,1972,46 years 04 months,418000.0
2024-10-01,TOA PAYOH,3 ROOM,57,LOR 5 TOA PAYOH,07 TO 09,61.0,Standard,1973,47 years 04 months,350000.0
2024-10-01,TOA PAYOH,3 ROOM,38,LOR 5 TOA PAYOH,04 TO 06,67.0,Improved,1970,44 years 04 months,372000.0
2024-10-01,TOA PAYOH,3 ROOM,9,LOR 7 TOA PAYOH,04 TO 06,66.0,Improved,1970,44 years 10 months,385000.0
2024-10-01,TOA PAYOH,3 ROOM,20,LOR 7 TOA PAYOH,01 TO 03,67.0,Improved,1970,44 years 10 months,347000.0
2024-10-01,TOA PAYOH,3 ROOM,17,LOR 7 TOA PAYOH,16 TO 18,67.0,Improved,1971,45 years 04 months,390888.0
2024-10-01,TOA PAYOH,3 ROOM,13,LOR 7 TOA PAYOH,04 TO 06,66.0,Improved,1970,44 years 11 months,325000.0
2024-10-01,TOA PAYOH,3 ROOM,225,LOR 8 TOA PAYOH,10 TO 12,76.0,Improved,1976,50 years 08 months,418000.0
2024-10-01,TOA PAYOH,3 ROOM,101,POTONG PASIR AVE 1,13 TO 15,74.0,Model A,1984,59 years,620000.0
2024-10-01,TOA PAYOH,3 ROOM,186,TOA PAYOH CTRL,04 TO 06,64.0,Improved,1972,46 years 10 months,448000.0
2024-10-01,TOA PAYOH,3 ROOM,25,TOA PAYOH EAST,01 TO 03,67.0,Improved,1971,45 years 04 months,358000.0
2024-10-01,TOA PAYOH,3 ROOM,207,TOA PAYOH NTH,10 TO 12,65.0,Improved,1973,47 years 10 months,372000.0
2024-10-01,TOA PAYOH,3 ROOM,207,TOA PAYOH NTH,07 TO 09,65.0,Improved,1973,47 years 10 months,445000.0
2024-10-01,TOA PAYOH,3 ROOM,3,UPP ALJUNIED LANE,04 TO 06,57.0,Standard,1968,42 years 09 months,331000.0
2024-10-01,TOA PAYOH,3 ROOM,4,UPP ALJUNIED LANE,01 TO 03,57.0,Standard,1968,42 years 09 months,310000.0
2024-10-01,TOA PAYOH,4 ROOM,106B,BIDADARI PK DR,07 TO 09,94.0,Model A,2020,94 years 11 months,1055000.0
2024-10-01,TOA PAYOH,4 ROOM,105A,BIDADARI PK DR,10 TO 12,94.0,Model A,2020,94 years 11 months,1080000.0
2024-10-01,TOA PAYOH,4 ROOM,106A,BIDADARI PK DR,07 TO 09,94.0,Model A,2020,94 years 11 months,1050000.0
2024-10-01,TOA PAYOH,4 ROOM,9,JOO SENG RD,16 TO 18,93.0,Model A,2017,91 years 05 months,880000.0
2024-10-01,TOA PAYOH,4 ROOM,259,KIM KEAT AVE,07 TO 09,104.0,Model A,1989,63 years 06 months,680000.0
2024-10-01,TOA PAYOH,4 ROOM,259,KIM KEAT AVE,01 TO 03,104.0,Model A,1989,63 years 05 months,680000.0
2024-10-01,TOA PAYOH,4 ROOM,251,KIM KEAT LINK,04 TO 06,103.0,Model A,1988,63 years 02 months,678000.0
2024-10-01,TOA PAYOH,4 ROOM,131B,LOR 1 TOA PAYOH,25 TO 27,93.0,Model A,2018,92 years 11 months,1150000.0
2024-10-01,TOA PAYOH,4 ROOM,138B,LOR 1A TOA PAYOH,31 TO 33,91.0,DBSS,2012,86 years 08 months,1080000.0
2024-10-01,TOA PAYOH,4 ROOM,139B,LOR 1A TOA PAYOH,19 TO 21,91.0,DBSS,2012,86 years 08 months,1030000.0
2024-10-01,TOA PAYOH,4 ROOM,122,LOR 2 TOA PAYOH,13 TO 15,100.0,Model A,1999,74 years 03 months,740000.0
2024-10-01,TOA PAYOH,4 ROOM,14,LOR 7 TOA PAYOH,01 TO 03,104.0,Model A,1998,72 years 10 months,710000.0
2024-10-01,TOA PAYOH,4 ROOM,10,LOR 7 TOA PAYOH,04 TO 06,104.0,Model A,1998,72 years 10 months,726000.0
2024-10-01,TOA PAYOH,4 ROOM,143,POTONG PASIR AVE 2,01 TO 03,104.0,Model A,1984,58 years 10 months,745000.0
2024-10-01,TOA PAYOH,4 ROOM,140,POTONG PASIR AVE 3,01 TO 03,104.0,Model A,1984,58 years 10 months,740000.0
2024-10-01,TOA PAYOH,4 ROOM,79B,TOA PAYOH CTRL,19 TO 21,91.0,Model A,2009,83 years 07 months,990888.0
2024-10-01,TOA PAYOH,4 ROOM,79A,TOA PAYOH CTRL,16 TO 18,76.0,Model A,2009,83 years 07 months,832388.0
2024-10-01,TOA PAYOH,4 ROOM,79A,TOA PAYOH CTRL,31 TO 33,91.0,Model A,2009,83 years 07 months,1018888.0
2024-10-01,TOA PAYOH,4 ROOM,79C,TOA PAYOH CTRL,13 TO 15,91.0,Model A,2009,83 years 07 months,932000.0
2024-10-01,TOA PAYOH,4 ROOM,261,TOA PAYOH EAST,25 TO 27,93.0,Model A,2019,94 years 03 months,993000.0
2024-10-01,TOA PAYOH,4 ROOM,261,TOA PAYOH EAST,25 TO 27,93.0,Model A,2019,94 years 03 months,980000.0
2024-10-01,TOA PAYOH,4 ROOM,264,TOA PAYOH EAST,34 TO 36,93.0,Model A,2019,94 years 03 months,1059000.0
2024-10-01,TOA PAYOH,4 ROOM,264,TOA PAYOH EAST,31 TO 33,93.0,Model A,2019,94 years 03 months,1038888.0
2024-10-01,TOA PAYOH,4 ROOM,209,TOA PAYOH NTH,04 TO 06,81.0,Improved,1973,47 years 10 months,478000.0
2024-10-01,TOA PAYOH,4 ROOM,7,UPP ALJUNIED LANE,16 TO 18,93.0,Model A,2017,91 years 05 months,926668.0
2024-10-01,TOA PAYOH,5 ROOM,105A,BIDADARI PK DR,13 TO 15,113.0,Improved,2020,94 years 11 months,1300000.0
2024-10-01,TOA PAYOH,5 ROOM,105B,BIDADARI PK DR,07 TO 09,114.0,Improved,2020,94 years 11 months,1220000.0
2024-10-01,TOA PAYOH,5 ROOM,105A,BIDADARI PK DR,04 TO 06,113.0,Improved,2020,95 years,1210000.0
2024-10-01,TOA PAYOH,5 ROOM,138B,LOR 1A TOA PAYOH,31 TO 33,114.0,DBSS,2012,86 years 08 months,1500000.0
2024-10-01,TOA PAYOH,5 ROOM,50,LOR 5 TOA PAYOH,07 TO 09,134.0,Model A,1993,67 years 07 months,1050000.0
2024-10-01,TOA PAYOH,5 ROOM,122,POTONG PASIR AVE 1,16 TO 18,140.0,Model A,1984,58 years 08 months,1100000.0
2024-10-01,TOA PAYOH,EXECUTIVE,257,KIM KEAT AVE,07 TO 09,146.0,Maisonette,1988,63 years 03 months,1010000.0
2024-10-01,TOA PAYOH,EXECUTIVE,236,LOR 1 TOA PAYOH,04 TO 06,146.0,Maisonette,1986,61 years,1069000.0
2024-10-01,TOA PAYOH,EXECUTIVE,237,LOR 1 TOA PAYOH,01 TO 03,146.0,Maisonette,1986,60 years 11 months,1050000.0
2024-10-01,WOODLANDS,2 ROOM,780F,WOODLANDS CRES,07 TO 09,47.0,Model A,2015,89 years 10 months,320000.0
2024-10-01,WOODLANDS,2 ROOM,780A,WOODLANDS CRES,10 TO 12,47.0,Model A,2015,89 years 10 months,315000.0
2024-10-01,WOODLANDS,2 ROOM,573C,WOODLANDS DR 16,13 TO 15,47.0,Model A,2018,92 years 09 months,370000.0
2024-10-01,WOODLANDS,2 ROOM,573A,WOODLANDS DR 16,07 TO 09,47.0,Model A,2018,92 years 09 months,338000.0
2024-10-01,WOODLANDS,2 ROOM,182A,WOODLANDS ST 13,28 TO 30,38.0,2-room,2019,94 years 01 month,380000.0
2024-10-01,WOODLANDS,3 ROOM,6,MARSILING DR,13 TO 15,76.0,Improved,1976,50 years 04 months,362888.0
2024-10-01,WOODLANDS,3 ROOM,204,MARSILING DR,10 TO 12,68.0,New Generation,1981,55 years 07 months,370000.0
2024-10-01,WOODLANDS,3 ROOM,6,MARSILING DR,07 TO 09,65.0,Improved,1976,50 years 04 months,336000.0
2024-10-01,WOODLANDS,3 ROOM,6,MARSILING DR,07 TO 09,65.0,Improved,1976,50 years 04 months,346000.0
2024-10-01,WOODLANDS,3 ROOM,1,MARSILING DR,04 TO 06,65.0,Improved,1974,48 years 10 months,350000.0
2024-10-01,WOODLANDS,3 ROOM,1,MARSILING DR,01 TO 03,65.0,Improved,1974,48 years 10 months,310000.0
2024-10-01,WOODLANDS,3 ROOM,6,MARSILING DR,04 TO 06,65.0,Improved,1976,50 years 04 months,320000.0
2024-10-01,WOODLANDS,3 ROOM,12,MARSILING LANE,04 TO 06,65.0,Improved,1976,50 years 06 months,333000.0
2024-10-01,WOODLANDS,3 ROOM,13,MARSILING LANE,10 TO 12,65.0,Improved,1976,50 years 06 months,355000.0
2024-10-01,WOODLANDS,3 ROOM,13,MARSILING LANE,01 TO 03,78.0,Improved,1976,50 years 06 months,380000.0
2024-10-01,WOODLANDS,3 ROOM,180B,MARSILING RD,28 TO 30,66.0,Model A,2015,89 years 11 months,488000.0
2024-10-01,WOODLANDS,3 ROOM,130,MARSILING RISE,10 TO 12,60.0,Improved,1985,59 years 04 months,358000.0
2024-10-01,WOODLANDS,3 ROOM,125,MARSILING RISE,07 TO 09,60.0,Improved,1985,59 years 04 months,340000.0
2024-10-01,WOODLANDS,3 ROOM,570A,WOODLANDS AVE 1,04 TO 06,67.0,Model A,2013,88 years 02 months,475000.0
2024-10-01,WOODLANDS,3 ROOM,570A,WOODLANDS AVE 1,10 TO 12,67.0,Model A,2013,88 years 02 months,483000.0
2024-10-01,WOODLANDS,3 ROOM,342,WOODLANDS AVE 1,01 TO 03,69.0,New Generation,1995,69 years 08 months,415000.0
2024-10-01,WOODLANDS,3 ROOM,570A,WOODLANDS AVE 1,10 TO 12,67.0,Model A,2013,88 years 02 months,485000.0
2024-10-01,WOODLANDS,3 ROOM,780C,WOODLANDS CRES,04 TO 06,67.0,Model A,2015,89 years 10 months,455000.0
2024-10-01,WOODLANDS,3 ROOM,887B,WOODLANDS DR 50,04 TO 06,67.0,Premium Apartment,2015,89 years 05 months,468000.0
2024-10-01,WOODLANDS,3 ROOM,717B,WOODLANDS DR 70,01 TO 03,71.0,Model A,2017,92 years 03 months,490000.0
2024-10-01,WOODLANDS,3 ROOM,784C,WOODLANDS RISE,07 TO 09,68.0,Model A,2018,92 years 10 months,475000.0
2024-10-01,WOODLANDS,3 ROOM,160,WOODLANDS ST 13,10 TO 12,73.0,Model A,1990,64 years 08 months,455000.0
2024-10-01,WOODLANDS,3 ROOM,182A,WOODLANDS ST 13,19 TO 21,68.0,Model A,2019,94 years 01 month,530000.0
2024-10-01,WOODLANDS,3 ROOM,149,WOODLANDS ST 13,04 TO 06,68.0,New Generation,1985,59 years 06 months,390000.0
2024-10-01,WOODLANDS,3 ROOM,318,WOODLANDS ST 31,01 TO 03,83.0,Model A,1993,68 years 03 months,452000.0
2024-10-01,WOODLANDS,3 ROOM,310,WOODLANDS ST 31,07 TO 09,73.0,Model A,1993,68 years,435000.0
2024-10-01,WOODLANDS,3 ROOM,310,WOODLANDS ST 31,04 TO 06,73.0,Model A,1993,68 years,442000.0
2024-10-01,WOODLANDS,3 ROOM,317,WOODLANDS ST 31,04 TO 06,73.0,Model A,1993,67 years 07 months,440000.0
2024-10-01,WOODLANDS,3 ROOM,405,WOODLANDS ST 41,01 TO 03,68.0,New Generation,1995,69 years 11 months,420000.0
2024-10-01,WOODLANDS,4 ROOM,34,MARSILING DR,04 TO 06,98.0,New Generation,1978,53 years 04 months,432000.0
2024-10-01,WOODLANDS,4 ROOM,7,MARSILING DR,13 TO 15,88.0,Improved,1976,50 years 05 months,440000.0
2024-10-01,WOODLANDS,4 ROOM,205,MARSILING DR,07 TO 09,94.0,New Generation,1980,55 years 01 month,450000.0
2024-10-01,WOODLANDS,4 ROOM,8,MARSILING DR,04 TO 06,88.0,Improved,1976,50 years 04 months,368000.0
2024-10-01,WOODLANDS,4 ROOM,7,MARSILING DR,04 TO 06,88.0,Improved,1976,50 years 04 months,380000.0
2024-10-01,WOODLANDS,4 ROOM,7,MARSILING DR,10 TO 12,88.0,Improved,1976,50 years 04 months,415000.0
2024-10-01,WOODLANDS,4 ROOM,33,MARSILING DR,07 TO 09,98.0,New Generation,1978,52 years 03 months,450000.0
2024-10-01,WOODLANDS,4 ROOM,12A,MARSILING LANE,25 TO 27,93.0,Model A,2013,87 years 09 months,615000.0
2024-10-01,WOODLANDS,4 ROOM,12B,MARSILING LANE,25 TO 27,93.0,Model A,2013,87 years 09 months,570000.0
2024-10-01,WOODLANDS,4 ROOM,12A,MARSILING LANE,19 TO 21,94.0,Model A,2013,87 years 09 months,622000.0
2024-10-01,WOODLANDS,4 ROOM,12A,MARSILING LANE,19 TO 21,94.0,Model A,2013,87 years 09 months,590000.0
2024-10-01,WOODLANDS,4 ROOM,12B,MARSILING LANE,19 TO 21,93.0,Model A,2013,87 years 10 months,636000.0
2024-10-01,WOODLANDS,4 ROOM,570B,WOODLANDS AVE 1,01 TO 03,92.0,Model A,2013,88 years 02 months,600000.0
2024-10-01,WOODLANDS,4 ROOM,368,WOODLANDS AVE 1,04 TO 06,105.0,Model A,1997,71 years 05 months,580000.0
2024-10-01,WOODLANDS,4 ROOM,351,WOODLANDS AVE 1,01 TO 03,106.0,Model A,1996,71 years,550000.0
2024-10-01,WOODLANDS,4 ROOM,617,WOODLANDS AVE 4,01 TO 03,96.0,Model A2,1998,72 years 07 months,538800.0
2024-10-01,WOODLANDS,4 ROOM,616,WOODLANDS AVE 4,10 TO 12,102.0,Model A,1998,72 years 08 months,538000.0
2024-10-01,WOODLANDS,4 ROOM,722,WOODLANDS AVE 6,10 TO 12,103.0,Model A,1997,71 years 10 months,590000.0
2024-10-01,WOODLANDS,4 ROOM,626,WOODLANDS AVE 6,10 TO 12,92.0,Model A2,1998,72 years 11 months,506000.0
2024-10-01,WOODLANDS,4 ROOM,720,WOODLANDS AVE 6,04 TO 06,101.0,Model A,1997,71 years 08 months,588000.0
2024-10-01,WOODLANDS,4 ROOM,728,WOODLANDS CIRCLE,01 TO 03,101.0,Model A2,1997,72 years,530000.0
2024-10-01,WOODLANDS,4 ROOM,740,WOODLANDS CIRCLE,10 TO 12,103.0,Model A,1997,72 years 01 month,555000.0
2024-10-01,WOODLANDS,4 ROOM,742,WOODLANDS CIRCLE,10 TO 12,100.0,Model A,1997,71 years 11 months,548000.0
2024-10-01,WOODLANDS,4 ROOM,751,WOODLANDS CIRCLE,10 TO 12,102.0,Model A,1998,72 years 04 months,527000.0
2024-10-01,WOODLANDS,4 ROOM,739,WOODLANDS CIRCLE,04 TO 06,91.0,Model A2,1997,71 years 11 months,510000.0
2024-10-01,WOODLANDS,4 ROOM,782E,WOODLANDS CRES,13 TO 15,92.0,Model A,2015,89 years 09 months,580000.0
2024-10-01,WOODLANDS,4 ROOM,787D,WOODLANDS CRES,04 TO 06,100.0,Model A,1997,72 years,548000.0
2024-10-01,WOODLANDS,4 ROOM,584,WOODLANDS DR 16,07 TO 09,91.0,Model A,2001,75 years 10 months,530000.0
2024-10-01,WOODLANDS,4 ROOM,542,WOODLANDS DR 16,04 TO 06,101.0,Model A,2000,74 years 08 months,545000.0
2024-10-01,WOODLANDS,4 ROOM,544,WOODLANDS DR 16,10 TO 12,100.0,Model A,2000,74 years 10 months,600000.0
2024-10-01,WOODLANDS,4 ROOM,546,WOODLANDS DR 16,10 TO 12,100.0,Model A,2000,75 years,545000.0
2024-10-01,WOODLANDS,4 ROOM,577,WOODLANDS DR 16,04 TO 06,91.0,Model A,2000,75 years 02 months,535000.0
2024-10-01,WOODLANDS,4 ROOM,573B,WOODLANDS DR 16,10 TO 12,93.0,Model A,2018,92 years 09 months,638000.0
2024-10-01,WOODLANDS,4 ROOM,577,WOODLANDS DR 16,04 TO 06,91.0,Model A,2000,75 years 02 months,520000.0
2024-10-01,WOODLANDS,4 ROOM,704,WOODLANDS DR 40,10 TO 12,99.0,Model A,1996,71 years 01 month,570000.0
2024-10-01,WOODLANDS,4 ROOM,601,WOODLANDS DR 42,04 TO 06,92.0,Model A2,1997,71 years 06 months,540000.0
2024-10-01,WOODLANDS,4 ROOM,895C,WOODLANDS DR 50,07 TO 09,100.0,Model A,1997,71 years 04 months,575000.0
2024-10-01,WOODLANDS,4 ROOM,886B,WOODLANDS DR 50,07 TO 09,92.0,Premium Apartment,2015,89 years 05 months,620000.0
2024-10-01,WOODLANDS,4 ROOM,887B,WOODLANDS DR 50,13 TO 15,92.0,Premium Apartment,2015,89 years 05 months,645000.0
2024-10-01,WOODLANDS,4 ROOM,890A,WOODLANDS DR 50,04 TO 06,93.0,Model A,2017,91 years 10 months,635000.0
2024-10-01,WOODLANDS,4 ROOM,892A,WOODLANDS DR 50,01 TO 03,100.0,Model A,1996,71 years 02 months,550000.0
2024-10-01,WOODLANDS,4 ROOM,624A,WOODLANDS DR 52,01 TO 03,100.0,Model A,1998,73 years 01 month,510000.0
2024-10-01,WOODLANDS,4 ROOM,620,WOODLANDS DR 52,01 TO 03,91.0,Model A2,1998,72 years 10 months,525000.0
2024-10-01,WOODLANDS,4 ROOM,622,WOODLANDS DR 52,04 TO 06,102.0,Model A,1998,72 years 11 months,540000.0
2024-10-01,WOODLANDS,4 ROOM,625A,WOODLANDS DR 52,01 TO 03,101.0,Model A,1998,73 years 01 month,498000.0
2024-10-01,WOODLANDS,4 ROOM,786C,WOODLANDS DR 60,04 TO 06,100.0,Model A,1997,72 years,530000.0
2024-10-01,WOODLANDS,4 ROOM,694D,WOODLANDS DR 62,10 TO 12,92.0,Model A,2018,93 years,650000.0
2024-10-01,WOODLANDS,4 ROOM,694D,WOODLANDS DR 62,10 TO 12,92.0,Model A,2018,93 years,617888.0
2024-10-01,WOODLANDS,4 ROOM,712,WOODLANDS DR 70,10 TO 12,100.0,Model A,1996,71 years 03 months,560000.0
2024-10-01,WOODLANDS,4 ROOM,686B,WOODLANDS DR 73,13 TO 15,93.0,Premium Apartment,2003,77 years 05 months,565000.0
2024-10-01,WOODLANDS,4 ROOM,682D,WOODLANDS DR 73,13 TO 15,101.0,Premium Apartment,2000,74 years 05 months,605000.0
2024-10-01,WOODLANDS,4 ROOM,691A,WOODLANDS DR 73,10 TO 12,93.0,Model A,2018,92 years 09 months,668888.0
2024-10-01,WOODLANDS,4 ROOM,689E,WOODLANDS DR 75,13 TO 15,90.0,Premium Apartment,2004,78 years 06 months,535000.0
2024-10-01,WOODLANDS,5 ROOM,630,WOODLANDS RING RD,07 TO 09,122.0,Improved,1998,73 years,657000.0
2024-10-01,WOODLANDS,4 ROOM,609,WOODLANDS RING RD,01 TO 03,101.0,Model A,1998,72 years 11 months,510000.0
2024-10-01,WOODLANDS,4 ROOM,669,WOODLANDS RING RD,10 TO 12,85.0,Model A2,2000,75 years 02 months,530000.0
2024-10-01,WOODLANDS,4 ROOM,784B,WOODLANDS RISE,07 TO 09,93.0,Model A,2018,92 years 11 months,605000.0
2024-10-01,WOODLANDS,4 ROOM,784B,WOODLANDS RISE,04 TO 06,93.0,Model A,2018,92 years 10 months,573000.0
2024-10-01,WOODLANDS,4 ROOM,182B,WOODLANDS ST 13,28 TO 30,93.0,Model A,2019,94 years 01 month,712000.0
2024-10-01,WOODLANDS,4 ROOM,106,WOODLANDS ST 13,01 TO 03,92.0,New Generation,1985,59 years 07 months,520000.0
2024-10-01,WOODLANDS,4 ROOM,183C,WOODLANDS ST 13,01 TO 03,93.0,Model A,2019,94 years 01 month,615888.0
2024-10-01,WOODLANDS,4 ROOM,157,WOODLANDS ST 13,10 TO 12,103.0,Model A,1985,59 years 06 months,540000.0
2024-10-01,WOODLANDS,4 ROOM,185B,WOODLANDS ST 13,10 TO 12,93.0,Model A,2019,94 years 01 month,665000.0
2024-10-01,WOODLANDS,4 ROOM,185C,WOODLANDS ST 13,13 TO 15,93.0,Model A,2019,94 years 01 month,660000.0
2024-10-01,WOODLANDS,4 ROOM,424,WOODLANDS ST 41,04 TO 06,100.0,Model A,1997,71 years 09 months,518000.0
2024-10-01,WOODLANDS,4 ROOM,436,WOODLANDS ST 41,01 TO 03,84.0,Simplified,1996,71 years,445000.0
2024-10-01,WOODLANDS,4 ROOM,436,WOODLANDS ST 41,04 TO 06,84.0,Simplified,1996,70 years 11 months,465000.0
2024-10-01,WOODLANDS,4 ROOM,429,WOODLANDS ST 41,04 TO 06,104.0,Model A,1996,70 years 11 months,540000.0
2024-10-01,WOODLANDS,4 ROOM,825,WOODLANDS ST 81,07 TO 09,84.0,Simplified,1990,64 years 09 months,480000.0
2024-10-01,WOODLANDS,4 ROOM,842,WOODLANDS ST 82,04 TO 06,84.0,Simplified,1994,68 years 09 months,500000.0
2024-10-01,WOODLANDS,4 ROOM,845,WOODLANDS ST 82,04 TO 06,84.0,Simplified,1994,68 years 09 months,462888.0
2024-10-01,WOODLANDS,5 ROOM,36,MARSILING DR,19 TO 21,124.0,Standard,1978,52 years 07 months,535000.0
2024-10-01,WOODLANDS,5 ROOM,129,MARSILING RISE,07 TO 09,123.0,Improved,1985,59 years 04 months,595000.0
2024-10-01,WOODLANDS,5 ROOM,123,MARSILING RISE,07 TO 09,121.0,Improved,1985,60 years 04 months,570000.0
2024-10-01,WOODLANDS,5 ROOM,572B,WOODLANDS AVE 1,10 TO 12,112.0,Improved,2013,88 years 03 months,715000.0
2024-10-01,WOODLANDS,5 ROOM,572B,WOODLANDS AVE 1,13 TO 15,112.0,Improved,2013,88 years 02 months,738000.0
2024-10-01,WOODLANDS,5 ROOM,571B,WOODLANDS AVE 1,04 TO 06,112.0,Improved,2013,88 years 02 months,725500.0
2024-10-01,WOODLANDS,5 ROOM,341,WOODLANDS AVE 1,04 TO 06,136.0,Model A,1995,69 years 08 months,670000.0
2024-10-01,WOODLANDS,5 ROOM,756,WOODLANDS AVE 4,07 TO 09,122.0,Improved,1998,72 years 05 months,638000.0
2024-10-01,WOODLANDS,5 ROOM,757,WOODLANDS AVE 4,04 TO 06,122.0,Improved,1997,72 years 03 months,630000.0
2024-10-01,WOODLANDS,5 ROOM,757,WOODLANDS AVE 4,01 TO 03,121.0,Improved,1997,72 years 03 months,620000.0
2024-10-01,WOODLANDS,5 ROOM,758,WOODLANDS AVE 6,10 TO 12,122.0,Improved,1998,72 years 05 months,663000.0
2024-10-01,WOODLANDS,5 ROOM,760,WOODLANDS AVE 6,07 TO 09,121.0,Improved,1998,72 years 05 months,660000.0
2024-10-01,WOODLANDS,5 ROOM,725,WOODLANDS AVE 6,07 TO 09,122.0,Improved,1997,71 years 10 months,650000.0
2024-10-01,WOODLANDS,5 ROOM,763,WOODLANDS AVE 6,07 TO 09,121.0,Improved,1998,72 years 07 months,650888.0
2024-10-01,WOODLANDS,5 ROOM,876,WOODLANDS AVE 9,10 TO 12,121.0,Improved,1996,70 years 09 months,640888.0
2024-10-01,WOODLANDS,5 ROOM,747,WOODLANDS CIRCLE,01 TO 03,122.0,Improved,1998,72 years 07 months,635000.0
2024-10-01,WOODLANDS,5 ROOM,727,WOODLANDS CIRCLE,04 TO 06,121.0,Improved,1997,71 years 10 months,655000.0
2024-10-01,WOODLANDS,5 ROOM,764,WOODLANDS CIRCLE,01 TO 03,111.0,Improved,2003,77 years 09 months,570000.0
2024-10-01,WOODLANDS,5 ROOM,736,WOODLANDS CIRCLE,01 TO 03,122.0,Improved,1998,72 years 06 months,615000.0
2024-10-01,WOODLANDS,5 ROOM,740,WOODLANDS CIRCLE,07 TO 09,121.0,Improved,1997,72 years 01 month,658888.0
2024-10-01,WOODLANDS,5 ROOM,516,WOODLANDS DR 14,07 TO 09,125.0,Premium Apartment,1999,73 years 06 months,700000.0
2024-10-01,WOODLANDS,5 ROOM,502,WOODLANDS DR 14,01 TO 03,123.0,Improved,1998,73 years 02 months,620000.0
2024-10-01,WOODLANDS,5 ROOM,506,WOODLANDS DR 14,01 TO 03,121.0,Improved,1999,73 years 04 months,645000.0
2024-10-01,WOODLANDS,5 ROOM,507,WOODLANDS DR 14,01 TO 03,123.0,Improved,1999,73 years 04 months,650000.0
2024-10-01,WOODLANDS,5 ROOM,507,WOODLANDS DR 14,07 TO 09,123.0,Improved,1999,73 years 04 months,675000.0
2024-10-01,WOODLANDS,5 ROOM,501,WOODLANDS DR 14,07 TO 09,123.0,Improved,1998,73 years 03 months,650000.0
2024-10-01,WOODLANDS,5 ROOM,585,WOODLANDS DR 16,07 TO 09,111.0,Improved,2001,76 years 01 month,608000.0
2024-10-01,WOODLANDS,5 ROOM,580,WOODLANDS DR 16,10 TO 12,110.0,Improved,2001,75 years 07 months,615000.0
2024-10-01,WOODLANDS,5 ROOM,589,WOODLANDS DR 16,04 TO 06,111.0,Improved,2001,75 years 07 months,625000.0
2024-10-01,WOODLANDS,5 ROOM,552,WOODLANDS DR 44,01 TO 03,120.0,Improved,2000,74 years 06 months,625000.0
2024-10-01,WOODLANDS,5 ROOM,898B,WOODLANDS DR 50,01 TO 03,118.0,Improved,1997,71 years 11 months,620000.0
2024-10-01,WOODLANDS,5 ROOM,889D,WOODLANDS DR 50,04 TO 06,113.0,Improved,2017,91 years 10 months,740000.0
2024-10-01,WOODLANDS,5 ROOM,625B,WOODLANDS DR 52,01 TO 03,122.0,Improved,1998,73 years 01 month,610000.0
2024-10-01,WOODLANDS,5 ROOM,769,WOODLANDS DR 60,10 TO 12,120.0,Improved,1997,72 years 03 months,625000.0
2024-10-01,WOODLANDS,5 ROOM,694A,WOODLANDS DR 62,04 TO 06,113.0,Improved,2018,93 years,738000.0
2024-10-01,WOODLANDS,5 ROOM,681C,WOODLANDS DR 62,07 TO 09,120.0,Premium Apartment,2000,74 years 06 months,655000.0
2024-10-01,WOODLANDS,5 ROOM,682A,WOODLANDS DR 62,07 TO 09,120.0,Premium Apartment,2000,74 years 05 months,685000.0
2024-10-01,WOODLANDS,5 ROOM,711,WOODLANDS DR 70,07 TO 09,118.0,Improved,1997,71 years 06 months,672000.0
2024-10-01,WOODLANDS,5 ROOM,671,WOODLANDS DR 71,07 TO 09,110.0,Improved,2000,75 years 03 months,645000.0
2024-10-01,WOODLANDS,5 ROOM,689A,WOODLANDS DR 75,04 TO 06,110.0,Premium Apartment,2004,78 years 06 months,558888.0
2024-10-01,WOODLANDS,5 ROOM,655,WOODLANDS RING RD,04 TO 06,121.0,Improved,1998,72 years 07 months,670000.0
2024-10-01,WOODLANDS,5 ROOM,609,WOODLANDS RING RD,04 TO 06,122.0,Improved,1998,72 years 10 months,655000.0
2024-10-01,WOODLANDS,5 ROOM,606,WOODLANDS RING RD,04 TO 06,122.0,Improved,1998,72 years 05 months,656000.0
2024-10-01,WOODLANDS,5 ROOM,633,WOODLANDS RING RD,01 TO 03,121.0,Improved,1999,74 years,605800.0
2024-10-01,WOODLANDS,5 ROOM,657,WOODLANDS RING RD,04 TO 06,122.0,Improved,1998,72 years 06 months,642000.0
2024-10-01,WOODLANDS,5 ROOM,643,WOODLANDS RING RD,07 TO 09,122.0,Improved,1998,72 years 10 months,760000.0
2024-10-01,WOODLANDS,5 ROOM,183A,WOODLANDS ST 13,01 TO 03,113.0,Improved,2019,94 years 01 month,710000.0
2024-10-01,WOODLANDS,5 ROOM,182B,WOODLANDS ST 13,04 TO 06,113.0,Improved,2019,94 years 01 month,745000.0
2024-10-01,WOODLANDS,5 ROOM,179,WOODLANDS ST 13,04 TO 06,138.0,Model A,1994,68 years 04 months,695000.0
2024-10-01,WOODLANDS,5 ROOM,178,WOODLANDS ST 13,04 TO 06,121.0,Improved,1986,60 years 09 months,620000.0
2024-10-01,WOODLANDS,5 ROOM,304,WOODLANDS ST 31,04 TO 06,132.0,Model A,1993,67 years 05 months,650000.0
2024-10-01,WOODLANDS,5 ROOM,425,WOODLANDS ST 41,07 TO 09,121.0,Improved,1997,71 years 06 months,620000.0
2024-10-01,WOODLANDS,5 ROOM,881,WOODLANDS ST 82,07 TO 09,123.0,Improved,1996,70 years 09 months,635000.0
2024-10-01,WOODLANDS,5 ROOM,861,WOODLANDS ST 83,01 TO 03,129.0,Improved,1996,70 years 06 months,665000.0
2024-10-01,WOODLANDS,EXECUTIVE,142,MARSILING RD,07 TO 09,170.0,Apartment,1995,69 years 07 months,985000.0
2024-10-01,WOODLANDS,EXECUTIVE,139,MARSILING RD,01 TO 03,158.0,Apartment,1995,69 years 07 months,790000.0
2024-10-01,WOODLANDS,EXECUTIVE,134,MARSILING RD,07 TO 09,173.0,Apartment,1995,69 years 07 months,1000000.0
2024-10-01,WOODLANDS,EXECUTIVE,124,MARSILING RISE,01 TO 03,168.0,Apartment,1995,69 years 06 months,855000.0
2024-10-01,WOODLANDS,EXECUTIVE,118,MARSILING RISE,04 TO 06,173.0,Apartment,1995,69 years 06 months,910000.0
2024-10-01,WOODLANDS,EXECUTIVE,330,WOODLANDS AVE 1,04 TO 06,176.0,Apartment,1994,68 years 05 months,950500.0
2024-10-01,WOODLANDS,EXECUTIVE,358,WOODLANDS AVE 5,04 TO 06,150.0,Maisonette,1996,70 years 11 months,935000.0
2024-10-01,WOODLANDS,EXECUTIVE,356,WOODLANDS AVE 5,07 TO 09,140.0,Apartment,1996,70 years 11 months,881000.0
2024-10-01,WOODLANDS,EXECUTIVE,360,WOODLANDS AVE 5,04 TO 06,140.0,Apartment,1996,71 years 01 month,825000.0
2024-10-01,WOODLANDS,EXECUTIVE,788,WOODLANDS AVE 6,01 TO 03,143.0,Apartment,1997,72 years,820000.0
2024-10-01,WOODLANDS,EXECUTIVE,511,WOODLANDS DR 14,07 TO 09,147.0,Premium Apartment,1999,73 years 06 months,845000.0
2024-10-01,WOODLANDS,EXECUTIVE,583,WOODLANDS DR 16,04 TO 06,131.0,Apartment,2001,75 years 08 months,760000.0
2024-10-01,WOODLANDS,EXECUTIVE,670,WOODLANDS DR 71,04 TO 06,130.0,Apartment,2000,74 years 10 months,760000.0
2024-10-01,WOODLANDS,EXECUTIVE,797,WOODLANDS DR 72,10 TO 12,141.0,Maisonette,1997,72 years 02 months,850000.0
2024-10-01,WOODLANDS,EXECUTIVE,797,WOODLANDS DR 72,10 TO 12,141.0,Maisonette,1997,72 years 01 month,810000.0
2024-10-01,WOODLANDS,EXECUTIVE,650,WOODLANDS RING RD,01 TO 03,144.0,Maisonette,1998,72 years 09 months,835888.0
2024-10-01,WOODLANDS,EXECUTIVE,328,WOODLANDS ST 32,01 TO 03,163.0,Apartment,1994,68 years 07 months,920000.0
2024-10-01,WOODLANDS,EXECUTIVE,808,WOODLANDS ST 81,04 TO 06,189.0,Apartment,1994,68 years 04 months,1050000.0
2024-10-01,WOODLANDS,EXECUTIVE,849,WOODLANDS ST 82,01 TO 03,176.0,Apartment,1995,69 years 09 months,1000000.0
2024-10-01,WOODLANDS,EXECUTIVE,816,WOODLANDS ST 82,10 TO 12,177.0,Apartment,1994,69 years 03 months,1155000.0
2024-10-01,YISHUN,2 ROOM,675B,YISHUN AVE 4,10 TO 12,47.0,Model A,2018,93 years 03 months,360000.0
2024-10-01,YISHUN,2 ROOM,671B,YISHUN AVE 4,01 TO 03,47.0,Model A,2018,92 years 04 months,340000.0
2024-10-01,YISHUN,2 ROOM,469A,YISHUN ST 43,01 TO 03,47.0,Model A,2019,94 years 02 months,342000.0
2024-10-01,YISHUN,3 ROOM,431C,YISHUN AVE 1,04 TO 06,67.0,Model A,2015,90 years,460000.0
2024-10-01,YISHUN,3 ROOM,671A,YISHUN AVE 4,13 TO 15,68.0,Model A,2018,92 years 05 months,488000.0
2024-10-01,YISHUN,3 ROOM,734,YISHUN AVE 5,07 TO 09,67.0,New Generation,1985,59 years 05 months,420000.0
2024-10-01,YISHUN,3 ROOM,703,YISHUN AVE 5,07 TO 09,68.0,New Generation,1984,58 years 04 months,410000.0
2024-10-01,YISHUN,3 ROOM,701,YISHUN AVE 5,10 TO 12,68.0,New Generation,1984,58 years 04 months,410000.0
2024-10-01,YISHUN,3 ROOM,286,YISHUN AVE 6,07 TO 09,74.0,Model A,1987,61 years 10 months,420000.0
2024-10-01,YISHUN,3 ROOM,462D,YISHUN AVE 6,10 TO 12,68.0,Model A,2019,93 years 11 months,488000.0
2024-10-01,YISHUN,3 ROOM,172,YISHUN AVE 7,04 TO 06,64.0,Simplified,1988,62 years 10 months,385000.0
2024-10-01,YISHUN,3 ROOM,111,YISHUN RING RD,07 TO 09,67.0,New Generation,1982,56 years 09 months,403000.0
2024-10-01,YISHUN,3 ROOM,354,YISHUN RING RD,07 TO 09,74.0,Model A,1989,63 years 05 months,423500.0
2024-10-01,YISHUN,3 ROOM,108,YISHUN RING RD,01 TO 03,67.0,New Generation,1985,59 years 04 months,380000.0
2024-10-01,YISHUN,3 ROOM,808,YISHUN RING RD,10 TO 12,74.0,Model A,1987,61 years 06 months,475000.0
2024-10-01,YISHUN,3 ROOM,354,YISHUN RING RD,04 TO 06,74.0,Model A,1989,63 years 05 months,425000.0
2024-10-01,YISHUN,3 ROOM,137,YISHUN RING RD,04 TO 06,68.0,New Generation,1985,59 years 04 months,410000.0
2024-10-01,YISHUN,3 ROOM,849,YISHUN RING RD,01 TO 03,60.0,Model A,1999,73 years 10 months,450000.0
2024-10-01,YISHUN,3 ROOM,103,YISHUN RING RD,04 TO 06,67.0,New Generation,1985,59 years 04 months,407000.0
2024-10-01,YISHUN,3 ROOM,116,YISHUN RING RD,07 TO 09,74.0,Model A,1983,57 years 09 months,405000.0
2024-10-01,YISHUN,3 ROOM,137,YISHUN RING RD,10 TO 12,68.0,New Generation,1985,59 years 04 months,405000.0
2024-10-01,YISHUN,3 ROOM,803,YISHUN RING RD,10 TO 12,74.0,Model A,1988,62 years 04 months,468000.0
2024-10-01,YISHUN,3 ROOM,354,YISHUN RING RD,07 TO 09,74.0,Model A,1989,63 years 05 months,425000.0
2024-10-01,YISHUN,3 ROOM,134,YISHUN ST 11,10 TO 12,68.0,New Generation,1984,59 years,410000.0
2024-10-01,YISHUN,3 ROOM,217,YISHUN ST 21,10 TO 12,68.0,New Generation,1985,60 years,430888.0
2024-10-01,YISHUN,3 ROOM,230,YISHUN ST 21,01 TO 03,67.0,New Generation,1985,59 years 09 months,418888.0
2024-10-01,YISHUN,3 ROOM,201,YISHUN ST 21,10 TO 12,67.0,New Generation,1985,59 years 09 months,461000.0
2024-10-01,YISHUN,3 ROOM,215,YISHUN ST 21,07 TO 09,67.0,New Generation,1985,59 years 04 months,430000.0
2024-10-01,YISHUN,3 ROOM,230,YISHUN ST 21,01 TO 03,73.0,New Generation,1985,59 years 09 months,435000.0
2024-10-01,YISHUN,3 ROOM,225,YISHUN ST 21,10 TO 12,67.0,New Generation,1985,60 years 03 months,460000.0
2024-10-01,YISHUN,3 ROOM,335B,YISHUN ST 31,04 TO 06,67.0,Model A,2015,90 years 02 months,460000.0
2024-10-01,YISHUN,3 ROOM,334D,YISHUN ST 31,10 TO 12,67.0,Model A,2015,90 years 02 months,470000.0
2024-10-01,YISHUN,3 ROOM,336A,YISHUN ST 31,04 TO 06,67.0,Model A,2015,90 years 02 months,445000.0
2024-10-01,YISHUN,3 ROOM,454,YISHUN ST 41,01 TO 03,67.0,Model A,2013,87 years 11 months,427000.0
2024-10-01,YISHUN,3 ROOM,504A,YISHUN ST 51,07 TO 09,68.0,Model A,2016,90 years 06 months,485000.0
2024-10-01,YISHUN,3 ROOM,504A,YISHUN ST 51,04 TO 06,68.0,Model A,2016,90 years 06 months,470000.0
2024-10-01,YISHUN,3 ROOM,511A,YISHUN ST 51,04 TO 06,68.0,Model A,2017,91 years 11 months,470000.0
2024-10-01,YISHUN,3 ROOM,745,YISHUN ST 72,01 TO 03,67.0,New Generation,1985,59 years 04 months,410000.0
2024-10-01,YISHUN,3 ROOM,848,YISHUN ST 81,01 TO 03,65.0,Simplified,1993,67 years 05 months,430000.0
2024-10-01,YISHUN,4 ROOM,431D,YISHUN AVE 1,01 TO 03,92.0,Model A,2015,90 years,555888.0
2024-10-01,YISHUN,4 ROOM,431D,YISHUN AVE 1,13 TO 15,92.0,Model A,2015,90 years,600000.0
2024-10-01,YISHUN,4 ROOM,348C,YISHUN AVE 11,04 TO 06,92.0,DBSS,2013,87 years 11 months,735000.0
2024-10-01,YISHUN,4 ROOM,427,YISHUN AVE 11,07 TO 09,84.0,Simplified,1988,63 years,482500.0
2024-10-01,YISHUN,4 ROOM,427,YISHUN AVE 11,10 TO 12,84.0,Simplified,1988,63 years,490000.0
2024-10-01,YISHUN,4 ROOM,348A,YISHUN AVE 11,16 TO 18,92.0,DBSS,2013,88 years,800000.0
2024-10-01,YISHUN,4 ROOM,770,YISHUN AVE 3,04 TO 06,84.0,Simplified,1986,61 years 01 month,480000.0
2024-10-01,YISHUN,4 ROOM,771,YISHUN AVE 3,07 TO 09,84.0,Simplified,1985,60 years 01 month,490000.0
2024-10-01,YISHUN,4 ROOM,674A,YISHUN AVE 4,13 TO 15,93.0,Model A,2018,93 years 02 months,633000.0
2024-10-01,YISHUN,4 ROOM,507A,YISHUN AVE 4,07 TO 09,93.0,Model A,2018,92 years 07 months,625000.0
2024-10-01,YISHUN,4 ROOM,506C,YISHUN AVE 4,13 TO 15,93.0,Model A,2018,92 years 07 months,636000.0
2024-10-01,YISHUN,4 ROOM,507A,YISHUN AVE 4,01 TO 03,93.0,Model A,2018,92 years 07 months,560000.0
2024-10-01,YISHUN,4 ROOM,508A,YISHUN AVE 4,10 TO 12,93.0,Model A,2018,92 years 07 months,638000.0
2024-10-01,YISHUN,4 ROOM,732,YISHUN AVE 5,01 TO 03,93.0,New Generation,1984,58 years 10 months,520000.0
2024-10-01,YISHUN,4 ROOM,404,YISHUN AVE 6,10 TO 12,84.0,Simplified,1988,63 years 01 month,455000.0
2024-10-01,YISHUN,4 ROOM,435,YISHUN AVE 6,01 TO 03,84.0,Simplified,1988,63 years,470000.0
2024-10-01,YISHUN,4 ROOM,403,YISHUN AVE 6,07 TO 09,84.0,Simplified,1988,63 years 02 months,472888.0
2024-10-01,YISHUN,4 ROOM,462A,YISHUN AVE 6,10 TO 12,93.0,Model A,2019,93 years 11 months,610000.0
2024-10-01,YISHUN,4 ROOM,403,YISHUN AVE 6,10 TO 12,84.0,Simplified,1988,63 years 02 months,480000.0
2024-10-01,YISHUN,4 ROOM,316C,YISHUN AVE 9,07 TO 09,92.0,Model A,2015,90 years 01 month,585000.0
2024-10-01,YISHUN,4 ROOM,303,YISHUN CTRL,10 TO 12,105.0,Model A,1988,63 years 02 months,582000.0
2024-10-01,YISHUN,4 ROOM,302,YISHUN CTRL,04 TO 06,108.0,Model A,1988,62 years 06 months,571000.0
2024-10-01,YISHUN,4 ROOM,450,YISHUN RING RD,07 TO 09,92.0,Model A,2012,86 years 11 months,593500.0
2024-10-01,YISHUN,4 ROOM,112,YISHUN RING RD,10 TO 12,89.0,Simplified,1985,60 years 02 months,490000.0
2024-10-01,YISHUN,4 ROOM,165,YISHUN RING RD,04 TO 06,103.0,Model A,1988,62 years 09 months,515000.0
2024-10-01,YISHUN,4 ROOM,452,YISHUN RING RD,10 TO 12,97.0,Model A,2012,86 years 11 months,620000.0
2024-10-01,YISHUN,4 ROOM,677C,YISHUN RING RD,10 TO 12,93.0,Model A,2018,93 years 01 month,655000.0
2024-10-01,YISHUN,4 ROOM,783,YISHUN RING RD,07 TO 09,105.0,Model A,1987,61 years 08 months,565000.0
2024-10-01,YISHUN,4 ROOM,115A,YISHUN RING RD,01 TO 03,91.0,Model A,2001,75 years 10 months,538000.0
2024-10-01,YISHUN,4 ROOM,619,YISHUN RING RD,07 TO 09,85.0,Simplified,1987,61 years 07 months,505000.0
2024-10-01,YISHUN,4 ROOM,676B,YISHUN RING RD,10 TO 12,93.0,Model A,2018,93 years 01 month,660000.0
2024-10-01,YISHUN,4 ROOM,798,YISHUN RING RD,01 TO 03,83.0,Simplified,1986,61 years 01 month,485000.0
2024-10-01,YISHUN,4 ROOM,308,YISHUN RING RD,13 TO 15,104.0,Model A,1988,62 years 09 months,600000.0
2024-10-01,YISHUN,4 ROOM,798,YISHUN RING RD,10 TO 12,103.0,Model A,1986,61 years 01 month,580000.0
2024-10-01,YISHUN,4 ROOM,241,YISHUN RING RD,01 TO 03,99.0,New Generation,1986,61 years 03 months,510000.0
2024-10-01,YISHUN,4 ROOM,126,YISHUN ST 11,10 TO 12,93.0,New Generation,1984,59 years,588000.0
2024-10-01,YISHUN,4 ROOM,262,YISHUN ST 22,01 TO 03,84.0,Simplified,1985,60 years,470000.0
2024-10-01,YISHUN,4 ROOM,263,YISHUN ST 22,04 TO 06,104.0,Model A,1986,60 years 09 months,520000.0
2024-10-01,YISHUN,4 ROOM,274,YISHUN ST 22,10 TO 12,104.0,Model A,1986,60 years 05 months,520000.0
2024-10-01,YISHUN,4 ROOM,336A,YISHUN ST 31,04 TO 06,92.0,Model A,2015,90 years 02 months,580000.0
2024-10-01,YISHUN,4 ROOM,468A,YISHUN ST 43,10 TO 12,93.0,Model A,2019,94 years 03 months,620000.0
2024-10-01,YISHUN,4 ROOM,469A,YISHUN ST 43,07 TO 09,93.0,Model A,2019,94 years 02 months,575000.0
2024-10-01,YISHUN,4 ROOM,469B,YISHUN ST 43,13 TO 15,93.0,Model A,2019,94 years 02 months,628000.0
2024-10-01,YISHUN,4 ROOM,504D,YISHUN ST 51,07 TO 09,93.0,Model A,2016,90 years 06 months,618888.0
2024-10-01,YISHUN,4 ROOM,504C,YISHUN ST 51,10 TO 12,92.0,Model A,2016,90 years 06 months,645000.0
2024-10-01,YISHUN,4 ROOM,502A,YISHUN ST 51,07 TO 09,92.0,Model A,2018,92 years 04 months,628000.0
2024-10-01,YISHUN,4 ROOM,602,YISHUN ST 61,04 TO 06,88.0,Simplified,1987,61 years 08 months,505000.0
2024-10-01,YISHUN,4 ROOM,720,YISHUN ST 71,10 TO 12,84.0,Simplified,1985,59 years 10 months,480000.0
2024-10-01,YISHUN,4 ROOM,725,YISHUN ST 71,10 TO 12,89.0,Simplified,1987,62 years 01 month,530000.0
2024-10-01,YISHUN,4 ROOM,713,YISHUN ST 71,04 TO 06,103.0,Model A,1987,61 years 09 months,535000.0
2024-10-01,YISHUN,4 ROOM,764,YISHUN ST 72,01 TO 03,84.0,Simplified,1985,60 years,538000.0
2024-10-01,YISHUN,4 ROOM,875,YISHUN ST 81,04 TO 06,84.0,Simplified,1988,62 years 04 months,500000.0
2024-10-01,YISHUN,5 ROOM,428A,YISHUN AVE 11,07 TO 09,112.0,Improved,2015,89 years 06 months,670000.0
2024-10-01,YISHUN,5 ROOM,347B,YISHUN AVE 11,04 TO 06,112.0,DBSS,2013,88 years,880000.0
2024-10-01,YISHUN,5 ROOM,348D,YISHUN AVE 11,13 TO 15,112.0,DBSS,2013,88 years,929888.0
2024-10-01,YISHUN,5 ROOM,426D,YISHUN AVE 11,07 TO 09,112.0,Improved,2015,89 years 06 months,705000.0
2024-10-01,YISHUN,5 ROOM,785,YISHUN AVE 2,01 TO 03,121.0,Improved,1988,62 years 08 months,630000.0
2024-10-01,YISHUN,5 ROOM,788,YISHUN AVE 2,04 TO 06,121.0,Improved,1987,62 years 03 months,640000.0
2024-10-01,YISHUN,5 ROOM,657,YISHUN AVE 4,07 TO 09,121.0,Improved,1987,62 years 03 months,690000.0
2024-10-01,YISHUN,5 ROOM,509A,YISHUN AVE 4,10 TO 12,113.0,Improved,2018,92 years 07 months,745000.0
2024-10-01,YISHUN,5 ROOM,674A,YISHUN AVE 4,01 TO 03,112.0,Improved,2018,93 years 02 months,645000.0
2024-10-01,YISHUN,5 ROOM,315C,YISHUN AVE 9,04 TO 06,112.0,Improved,2015,90 years 01 month,738888.0
2024-10-01,YISHUN,5 ROOM,317A,YISHUN AVE 9,04 TO 06,112.0,Improved,2015,90 years 01 month,705000.0
2024-10-01,YISHUN,5 ROOM,930,YISHUN CTRL 1,07 TO 09,122.0,Improved,1993,67 years 05 months,728800.0
2024-10-01,YISHUN,5 ROOM,812,YISHUN RING RD,07 TO 09,122.0,Improved,1987,61 years 06 months,703888.0
2024-10-01,YISHUN,5 ROOM,624,YISHUN RING RD,04 TO 06,123.0,Improved,1987,61 years 06 months,715000.0
2024-10-01,YISHUN,5 ROOM,336C,YISHUN ST 31,01 TO 03,112.0,Improved,2015,90 years 02 months,650000.0
2024-10-01,YISHUN,5 ROOM,504C,YISHUN ST 51,10 TO 12,113.0,Improved,2016,90 years 06 months,747000.0
2024-10-01,YISHUN,5 ROOM,502D,YISHUN ST 51,04 TO 06,112.0,Improved,2018,92 years 04 months,725000.0
2024-10-01,YISHUN,5 ROOM,502B,YISHUN ST 51,07 TO 09,112.0,Improved,2018,92 years 05 months,748888.0
2024-10-01,YISHUN,5 ROOM,513D,YISHUN ST 51,01 TO 03,113.0,Improved,2018,92 years 05 months,730000.0
2024-10-01,YISHUN,5 ROOM,504D,YISHUN ST 51,07 TO 09,112.0,Improved,2016,90 years 06 months,768000.0
2024-10-01,YISHUN,5 ROOM,644,YISHUN ST 61,07 TO 09,123.0,Improved,1988,62 years 09 months,728000.0
2024-10-01,YISHUN,5 ROOM,631,YISHUN ST 61,01 TO 03,141.0,Model A,1992,66 years 09 months,800000.0
2024-10-01,YISHUN,5 ROOM,870,YISHUN ST 81,04 TO 06,122.0,Improved,1987,62 years 04 months,690000.0
2024-10-01,YISHUN,EXECUTIVE,654,YISHUN AVE 4,10 TO 12,164.0,Apartment,1992,66 years 09 months,1000000.0
2024-10-01,YISHUN,EXECUTIVE,654,YISHUN AVE 4,04 TO 06,164.0,Apartment,1992,66 years 09 months,995000.0
2024-10-01,YISHUN,EXECUTIVE,358,YISHUN RING RD,01 TO 03,145.0,Maisonette,1988,62 years 09 months,888888.0
2024-10-01,YISHUN,EXECUTIVE,352,YISHUN RING RD,01 TO 03,146.0,Maisonette,1988,62 years 10 months,848000.0
2024-10-01,YISHUN,EXECUTIVE,277,YISHUN ST 22,10 TO 12,152.0,Maisonette,1985,59 years 11 months,867000.0
2024-10-01,YISHUN,EXECUTIVE,293,YISHUN ST 22,01 TO 03,169.0,Apartment,1992,66 years 09 months,860000.0
2024-10-01,YISHUN,EXECUTIVE,824,YISHUN ST 81,10 TO 12,142.0,Apartment,1987,62 years 02 months,980000.0
2024-11-01,ANG MO KIO,2 ROOM,314,ANG MO KIO AVE 3,01 TO 03,44.0,Improved,1978,52 years 03 months,295000.0
2024-11-01,ANG MO KIO,3 ROOM,321,ANG MO KIO AVE 1,04 TO 06,88.0,New Generation,1977,51 years 07 months,488000.0
2024-11-01,ANG MO KIO,3 ROOM,536,ANG MO KIO AVE 10,07 TO 09,68.0,New Generation,1980,54 years 05 months,440000.0
2024-11-01,ANG MO KIO,3 ROOM,452,ANG MO KIO AVE 10,01 TO 03,68.0,New Generation,1979,53 years 10 months,380000.0
2024-11-01,ANG MO KIO,3 ROOM,418,ANG MO KIO AVE 10,04 TO 06,74.0,New Generation,1979,53 years 11 months,423000.0
2024-11-01,ANG MO KIO,3 ROOM,550,ANG MO KIO AVE 10,13 TO 15,68.0,New Generation,1981,55 years 03 months,418000.0
2024-11-01,ANG MO KIO,3 ROOM,534,ANG MO KIO AVE 10,04 TO 06,68.0,New Generation,1980,54 years 04 months,418000.0
2024-11-01,ANG MO KIO,3 ROOM,405,ANG MO KIO AVE 10,01 TO 03,67.0,New Generation,1979,53 years 07 months,408000.0
2024-11-01,ANG MO KIO,3 ROOM,444,ANG MO KIO AVE 10,10 TO 12,67.0,New Generation,1979,53 years 10 months,452000.0
2024-11-01,ANG MO KIO,3 ROOM,474,ANG MO KIO AVE 10,04 TO 06,81.0,New Generation,1984,58 years 04 months,475000.0
2024-11-01,ANG MO KIO,3 ROOM,457,ANG MO KIO AVE 10,10 TO 12,74.0,New Generation,1980,54 years 03 months,408000.0
2024-11-01,ANG MO KIO,3 ROOM,404,ANG MO KIO AVE 10,10 TO 12,67.0,New Generation,1979,53 years 07 months,412000.0
2024-11-01,ANG MO KIO,3 ROOM,577,ANG MO KIO AVE 10,13 TO 15,82.0,New Generation,1980,54 years 03 months,475000.0
2024-11-01,ANG MO KIO,3 ROOM,463,ANG MO KIO AVE 10,07 TO 09,82.0,New Generation,1980,54 years 04 months,462000.0
2024-11-01,ANG MO KIO,3 ROOM,556,ANG MO KIO AVE 10,04 TO 06,68.0,New Generation,1980,54 years 03 months,390000.0
2024-11-01,ANG MO KIO,3 ROOM,421,ANG MO KIO AVE 10,10 TO 12,74.0,New Generation,1979,53 years 10 months,475000.0
2024-11-01,ANG MO KIO,3 ROOM,422,ANG MO KIO AVE 3,04 TO 06,88.0,New Generation,1979,53 years 04 months,525000.0
2024-11-01,ANG MO KIO,3 ROOM,214,ANG MO KIO AVE 3,07 TO 09,67.0,New Generation,1976,50 years 06 months,418000.0
2024-11-01,ANG MO KIO,3 ROOM,214,ANG MO KIO AVE 3,04 TO 06,67.0,New Generation,1976,50 years 06 months,383000.0
2024-11-01,ANG MO KIO,3 ROOM,103,ANG MO KIO AVE 3,07 TO 09,89.0,New Generation,1978,52 years 04 months,500888.0
2024-11-01,ANG MO KIO,3 ROOM,348,ANG MO KIO AVE 3,01 TO 03,73.0,New Generation,1978,52 years 06 months,438888.0
2024-11-01,ANG MO KIO,3 ROOM,211,ANG MO KIO AVE 3,07 TO 09,67.0,New Generation,1977,51 years 06 months,412000.0
2024-11-01,ANG MO KIO,3 ROOM,624,ANG MO KIO AVE 4,13 TO 15,68.0,New Generation,1980,54 years 11 months,403888.0
2024-11-01,ANG MO KIO,3 ROOM,156,ANG MO KIO AVE 4,10 TO 12,68.0,New Generation,1981,55 years 07 months,418000.0
2024-11-01,ANG MO KIO,3 ROOM,163,ANG MO KIO AVE 4,04 TO 06,69.0,New Generation,1980,55 years,410000.0
2024-11-01,BEDOK,3 ROOM,28,NEW UPP CHANGI RD,01 TO 03,65.0,Improved,1977,51 years 08 months,380000.0
2024-11-01,ANG MO KIO,3 ROOM,108,ANG MO KIO AVE 4,04 TO 06,82.0,New Generation,1978,52 years 10 months,448000.0
2024-11-01,ANG MO KIO,3 ROOM,153,ANG MO KIO AVE 5,01 TO 03,68.0,New Generation,1981,55 years 03 months,380000.0
2024-11-01,ANG MO KIO,3 ROOM,608,ANG MO KIO AVE 5,07 TO 09,67.0,New Generation,1980,54 years 08 months,415000.0
2024-11-01,ANG MO KIO,3 ROOM,611,ANG MO KIO AVE 5,04 TO 06,81.0,New Generation,1980,54 years 08 months,450000.0
2024-11-01,ANG MO KIO,3 ROOM,180,ANG MO KIO AVE 5,01 TO 03,68.0,New Generation,1981,55 years 06 months,455888.0
2024-11-01,ANG MO KIO,3 ROOM,602,ANG MO KIO AVE 5,04 TO 06,67.0,New Generation,1980,54 years 08 months,395000.0
2024-11-01,ANG MO KIO,3 ROOM,524,ANG MO KIO AVE 5,07 TO 09,68.0,New Generation,1980,54 years 10 months,458888.0
2024-11-01,ANG MO KIO,3 ROOM,603,ANG MO KIO AVE 5,04 TO 06,67.0,New Generation,1980,54 years 08 months,388000.0
2024-11-01,ANG MO KIO,3 ROOM,513,ANG MO KIO AVE 8,04 TO 06,67.0,New Generation,1984,59 years,450888.0
2024-11-01,ANG MO KIO,3 ROOM,455A,ANG MO KIO ST 44,22 TO 24,68.0,Model A,2018,92 years 05 months,685000.0
2024-11-01,ANG MO KIO,3 ROOM,455A,ANG MO KIO ST 44,16 TO 18,68.0,Model A,2018,92 years 05 months,665000.0
2024-11-01,ANG MO KIO,3 ROOM,590A,ANG MO KIO ST 51,22 TO 24,68.0,Model A,2019,93 years 04 months,735000.0
2024-11-01,ANG MO KIO,4 ROOM,310C,ANG MO KIO AVE 1,25 TO 27,96.0,Model A,2012,87 years,1020000.0
2024-11-01,ANG MO KIO,4 ROOM,304,ANG MO KIO AVE 1,04 TO 06,98.0,New Generation,1977,51 years 06 months,608000.0
2024-11-01,ANG MO KIO,4 ROOM,221,ANG MO KIO AVE 1,04 TO 06,102.0,Model A,1993,67 years 06 months,598000.0
2024-11-01,ANG MO KIO,4 ROOM,472,ANG MO KIO AVE 10,10 TO 12,92.0,New Generation,1979,53 years 09 months,490000.0
2024-11-01,ANG MO KIO,4 ROOM,461,ANG MO KIO AVE 10,07 TO 09,92.0,New Generation,1980,54 years 04 months,510000.0
2024-11-01,ANG MO KIO,4 ROOM,102,ANG MO KIO AVE 3,01 TO 03,106.0,Model A,1993,67 years 07 months,652888.0
2024-11-01,ANG MO KIO,4 ROOM,572,ANG MO KIO AVE 3,10 TO 12,92.0,New Generation,1979,53 years 07 months,588000.0
2024-11-01,ANG MO KIO,4 ROOM,103,ANG MO KIO AVE 3,10 TO 12,99.0,New Generation,1978,52 years 04 months,600000.0
2024-11-01,ANG MO KIO,4 ROOM,326,ANG MO KIO AVE 3,10 TO 12,92.0,New Generation,1977,51 years 07 months,688000.0
2024-11-01,ANG MO KIO,4 ROOM,422,ANG MO KIO AVE 3,04 TO 06,98.0,New Generation,1979,53 years 03 months,615000.0
2024-11-01,ANG MO KIO,4 ROOM,429,ANG MO KIO AVE 3,10 TO 12,92.0,New Generation,1978,53 years,580000.0
2024-11-01,ANG MO KIO,4 ROOM,573,ANG MO KIO AVE 3,07 TO 09,92.0,New Generation,1979,53 years 07 months,586000.0
2024-11-01,ANG MO KIO,4 ROOM,229,ANG MO KIO AVE 3,04 TO 06,91.0,New Generation,1978,52 years 03 months,490000.0
2024-11-01,ANG MO KIO,4 ROOM,173,ANG MO KIO AVE 4,07 TO 09,92.0,New Generation,1982,56 years 04 months,561000.0
2024-11-01,ANG MO KIO,4 ROOM,177,ANG MO KIO AVE 4,07 TO 09,91.0,New Generation,1981,55 years 07 months,529800.0
2024-11-01,ANG MO KIO,4 ROOM,611,ANG MO KIO AVE 5,04 TO 06,91.0,New Generation,1980,54 years 08 months,530000.0
2024-11-01,ANG MO KIO,4 ROOM,153,ANG MO KIO AVE 5,07 TO 09,93.0,New Generation,1981,55 years 03 months,555000.0
2024-11-01,ANG MO KIO,4 ROOM,636,ANG MO KIO AVE 6,01 TO 03,91.0,New Generation,1980,54 years 09 months,570000.0
2024-11-01,ANG MO KIO,4 ROOM,260A,ANG MO KIO ST 21,13 TO 15,93.0,Model A,2018,92 years 09 months,960000.0
2024-11-01,ANG MO KIO,4 ROOM,260A,ANG MO KIO ST 21,13 TO 15,93.0,Model A,2018,92 years 08 months,960000.0
2024-11-01,ANG MO KIO,4 ROOM,353,ANG MO KIO ST 32,19 TO 21,90.0,Model A,2001,76 years,800000.0
2024-11-01,ANG MO KIO,4 ROOM,590A,ANG MO KIO ST 51,16 TO 18,93.0,Model A,2019,93 years 05 months,1025000.0
2024-11-01,ANG MO KIO,4 ROOM,588D,ANG MO KIO ST 52,04 TO 06,91.0,DBSS,2011,85 years 10 months,868000.0
2024-11-01,ANG MO KIO,5 ROOM,222,ANG MO KIO AVE 1,07 TO 09,126.0,Improved,1993,67 years 06 months,825000.0
2024-11-01,ANG MO KIO,5 ROOM,431,ANG MO KIO AVE 10,13 TO 15,119.0,Improved,1979,53 years 03 months,868000.0
2024-11-01,ANG MO KIO,5 ROOM,256,ANG MO KIO AVE 4,01 TO 03,146.0,Adjoined flat,1977,51 years 09 months,1068000.0
2024-11-01,ANG MO KIO,5 ROOM,521,ANG MO KIO AVE 5,07 TO 09,118.0,Improved,1980,54 years 10 months,788000.0
2024-11-01,ANG MO KIO,5 ROOM,260A,ANG MO KIO ST 21,04 TO 06,113.0,Improved,2018,92 years 08 months,1068000.0
2024-11-01,BEDOK,3 ROOM,416,BEDOK NTH AVE 2,01 TO 03,82.0,New Generation,1978,53 years 01 month,520000.0
2024-11-01,BEDOK,3 ROOM,102,BEDOK NTH AVE 4,07 TO 09,81.0,New Generation,1977,51 years 09 months,508000.0
2024-11-01,BEDOK,3 ROOM,75,BEDOK NTH RD,07 TO 09,59.0,Improved,1978,52 years 03 months,350000.0
2024-11-01,BEDOK,3 ROOM,138,BEDOK NTH ST 2,07 TO 09,67.0,New Generation,1978,52 years 06 months,418000.0
2024-11-01,BEDOK,3 ROOM,135,BEDOK NTH ST 2,01 TO 03,67.0,New Generation,1978,52 years 07 months,415000.0
2024-11-01,BEDOK,3 ROOM,539,BEDOK NTH ST 3,04 TO 06,68.0,New Generation,1980,54 years 04 months,433000.0
2024-11-01,BEDOK,3 ROOM,533,BEDOK NTH ST 3,10 TO 12,68.0,New Generation,1980,54 years 03 months,410000.0
2024-11-01,BEDOK,3 ROOM,502,BEDOK NTH ST 3,13 TO 15,59.0,Improved,1978,52 years 06 months,352000.0
2024-11-01,BEDOK,3 ROOM,530,BEDOK NTH ST 3,13 TO 15,68.0,New Generation,1979,53 years 10 months,448000.0
2024-11-01,BEDOK,3 ROOM,188D,BEDOK NTH ST 4,01 TO 03,68.0,Model A,2020,94 years 03 months,540000.0
2024-11-01,BEDOK,3 ROOM,709,BEDOK RESERVOIR RD,10 TO 12,68.0,New Generation,1981,55 years 10 months,428000.0
2024-11-01,BEDOK,3 ROOM,701,BEDOK RESERVOIR RD,04 TO 06,68.0,New Generation,1980,55 years 01 month,415000.0
2024-11-01,BEDOK,3 ROOM,2,BEDOK STH AVE 1,07 TO 09,65.0,Improved,1976,50 years 03 months,389889.0
2024-11-01,BEDOK,3 ROOM,69,BEDOK STH AVE 3,07 TO 09,67.0,New Generation,1978,52 years 04 months,420000.0
2024-11-01,BEDOK,3 ROOM,158,BEDOK STH AVE 3,01 TO 03,64.0,Simplified,1985,60 years,372000.0
2024-11-01,BEDOK,3 ROOM,40,CHAI CHEE AVE,07 TO 09,65.0,Improved,1974,48 years 03 months,420000.0
2024-11-01,BEDOK,3 ROOM,45,CHAI CHEE ST,07 TO 09,68.0,New Generation,1980,54 years 07 months,415000.0
2024-11-01,BEDOK,3 ROOM,27,NEW UPP CHANGI RD,10 TO 12,65.0,Improved,1982,56 years 11 months,428888.0
2024-11-01,BEDOK,4 ROOM,221A,BEDOK CTRL,10 TO 12,87.0,Model A,2010,84 years 08 months,891000.0
2024-11-01,BEDOK,4 ROOM,221A,BEDOK CTRL,04 TO 06,87.0,Model A,2010,84 years 07 months,860000.0
2024-11-01,BEDOK,4 ROOM,221A,BEDOK CTRL,10 TO 12,87.0,Model A,2010,84 years 07 months,910000.0
2024-11-01,BEDOK,4 ROOM,121,BEDOK NTH RD,07 TO 09,92.0,New Generation,1978,52 years 06 months,520000.0
2024-11-01,BEDOK,4 ROOM,125,BEDOK NTH RD,07 TO 09,92.0,New Generation,1978,52 years 07 months,525000.0
2024-11-01,BEDOK,4 ROOM,132,BEDOK NTH ST 2,07 TO 09,92.0,New Generation,1978,52 years 06 months,555000.0
2024-11-01,BEDOK,4 ROOM,188A,BEDOK NTH ST 4,13 TO 15,93.0,Model A,2018,93 years 03 months,850000.0
2024-11-01,BEDOK,4 ROOM,720,BEDOK RESERVOIR RD,07 TO 09,104.0,Model A,1984,58 years 04 months,565000.0
2024-11-01,BEDOK,4 ROOM,133,BEDOK RESERVOIR RD,07 TO 09,103.0,Model A,1987,61 years 04 months,635000.0
2024-11-01,BEDOK,4 ROOM,621,BEDOK RESERVOIR RD,04 TO 06,98.0,New Generation,1983,57 years 03 months,571000.0
2024-11-01,BEDOK,4 ROOM,141,BEDOK RESERVOIR RD,10 TO 12,84.0,Simplified,1986,61 years 01 month,560000.0
2024-11-01,BEDOK,4 ROOM,613B,BEDOK RESERVOIR RD,04 TO 06,102.0,Model A,1998,72 years 04 months,630000.0
2024-11-01,BEDOK,4 ROOM,120,BEDOK RESERVOIR RD,10 TO 12,93.0,New Generation,1985,59 years 11 months,590000.0
2024-11-01,BEDOK,4 ROOM,623,BEDOK RESERVOIR RD,04 TO 06,91.0,New Generation,1981,55 years 05 months,528000.0
2024-11-01,BEDOK,4 ROOM,109,BEDOK RESERVOIR RD,01 TO 03,96.0,New Generation,1985,59 years 10 months,540000.0
2024-11-01,BEDOK,4 ROOM,23,BEDOK STH AVE 1,10 TO 12,98.0,New Generation,1977,51 years 07 months,625000.0
2024-11-01,BEDOK,4 ROOM,35,BEDOK STH AVE 2,04 TO 06,90.0,Improved,1977,52 years 01 month,470000.0
2024-11-01,BEDOK,4 ROOM,157,BEDOK STH AVE 3,07 TO 09,83.0,Simplified,1985,59 years 06 months,572000.0
2024-11-01,BEDOK,4 ROOM,15,BEDOK STH RD,01 TO 03,88.0,Improved,1976,50 years 03 months,480000.0
2024-11-01,BEDOK,4 ROOM,39,BEDOK STH RD,04 TO 06,92.0,New Generation,1978,52 years 11 months,500000.0
2024-11-01,BEDOK,4 ROOM,807A,CHAI CHEE RD,01 TO 03,93.0,Model A,2016,91 years 01 month,740000.0
2024-11-01,BEDOK,4 ROOM,43,CHAI CHEE ST,01 TO 03,92.0,New Generation,1980,54 years 07 months,515100.0
2024-11-01,BEDOK,4 ROOM,53,NEW UPP CHANGI RD,07 TO 09,84.0,Improved,1977,51 years 11 months,520000.0
2024-11-01,BEDOK,5 ROOM,415,BEDOK NTH AVE 2,13 TO 15,119.0,Improved,1978,53 years 01 month,650000.0
2024-11-01,BEDOK,5 ROOM,417,BEDOK NTH AVE 2,13 TO 15,119.0,Improved,1978,53 years 01 month,800000.0
2024-11-01,BEDOK,5 ROOM,98,BEDOK NTH AVE 4,01 TO 03,120.0,Standard,1978,53 years 01 month,630000.0
2024-11-01,BEDOK,5 ROOM,187B,BEDOK NTH ST 4,04 TO 06,113.0,Improved,2018,93 years 02 months,950000.0
2024-11-01,BEDOK,5 ROOM,187A,BEDOK NTH ST 4,13 TO 15,113.0,Improved,2018,93 years 02 months,1009000.0
2024-11-01,BEDOK,5 ROOM,747A,BEDOK RESERVOIR CRES,13 TO 15,105.0,DBSS,2014,88 years 11 months,1180000.0
2024-11-01,BEDOK,5 ROOM,128,BEDOK RESERVOIR RD,01 TO 03,122.0,Improved,1986,61 years 01 month,708000.0
2024-11-01,BEDOK,5 ROOM,621,BEDOK RESERVOIR RD,01 TO 03,121.0,Improved,1983,57 years 03 months,700000.0
2024-11-01,BEDOK,5 ROOM,710,BEDOK RESERVOIR RD,10 TO 12,121.0,Improved,1980,55 years 01 month,745000.0
2024-11-01,BEDOK,5 ROOM,762,BEDOK RESERVOIR VIEW,04 TO 06,115.0,Premium Apartment,2000,75 years 02 months,788000.0
2024-11-01,BEDOK,5 ROOM,9,BEDOK STH AVE 2,01 TO 03,133.0,Model A,1993,67 years 07 months,845000.0
2024-11-01,BEDOK,5 ROOM,68,BEDOK STH AVE 3,13 TO 15,120.0,Standard,1977,52 years 01 month,733000.0
2024-11-01,BEDOK,5 ROOM,34,CHAI CHEE AVE,10 TO 12,117.0,Standard,1975,49 years 04 months,730000.0
2024-11-01,BEDOK,5 ROOM,803,CHAI CHEE RD,04 TO 06,126.0,Improved,1993,67 years 08 months,840000.0
2024-11-01,BEDOK,5 ROOM,63,CHAI CHEE RD,10 TO 12,133.0,Model A,1984,58 years 06 months,735000.0
2024-11-01,BEDOK,5 ROOM,53,CHAI CHEE ST,10 TO 12,121.0,Improved,1981,55 years 09 months,658000.0
2024-11-01,BEDOK,5 ROOM,670,JLN DAMAI,10 TO 12,126.0,Improved,1996,71 years,832000.0
2024-11-01,BEDOK,5 ROOM,668,JLN DAMAI,04 TO 06,132.0,Model A,1996,71 years 01 month,860000.0
2024-11-01,BEDOK,5 ROOM,660,JLN TENAGA,01 TO 03,121.0,Improved,1997,71 years 03 months,810000.0
2024-11-01,BEDOK,5 ROOM,116,LENGKONG TIGA,07 TO 09,125.0,Improved,1989,63 years 04 months,950000.0
2024-11-01,BEDOK,EXECUTIVE,634,BEDOK RESERVOIR RD,07 TO 09,142.0,Apartment,1993,67 years 07 months,990800.0
2024-11-01,BEDOK,EXECUTIVE,629,BEDOK RESERVOIR RD,01 TO 03,163.0,Apartment,1993,67 years 07 months,1000000.0
2024-11-01,BEDOK,EXECUTIVE,661,JLN DAMAI,07 TO 09,143.0,Apartment,1996,71 years 03 months,1100000.0
2024-11-01,BISHAN,4 ROOM,501,BISHAN ST 11,04 TO 06,104.0,Model A,1989,64 years,828000.0
2024-11-01,BISHAN,4 ROOM,131,BISHAN ST 12,13 TO 15,84.0,Simplified,1986,60 years 03 months,638000.0
2024-11-01,BISHAN,4 ROOM,131,BISHAN ST 12,01 TO 03,84.0,Simplified,1986,60 years 03 months,600000.0
2024-11-01,BISHAN,4 ROOM,109,BISHAN ST 12,01 TO 03,84.0,Simplified,1985,60 years 02 months,648000.0
2024-11-01,BISHAN,4 ROOM,131,BISHAN ST 12,13 TO 15,84.0,Simplified,1986,60 years 03 months,680000.0
2024-11-01,BISHAN,4 ROOM,177,BISHAN ST 13,10 TO 12,83.0,Simplified,1987,62 years,649999.0
2024-11-01,BISHAN,4 ROOM,249,BISHAN ST 22,10 TO 12,103.0,Model A,1992,66 years 10 months,780000.0
2024-11-01,BISHAN,4 ROOM,211,BISHAN ST 23,04 TO 06,103.0,Model A,1992,66 years 06 months,730888.0
2024-11-01,BISHAN,4 ROOM,268,BISHAN ST 24,07 TO 09,108.0,Model A,1992,66 years 10 months,830000.0
2024-11-01,BISHAN,4 ROOM,272,BISHAN ST 24,07 TO 09,104.0,Model A,1992,66 years 10 months,801000.0
2024-11-01,BISHAN,4 ROOM,271,BISHAN ST 24,13 TO 15,107.0,Model A,1992,66 years 10 months,905000.0
2024-11-01,BISHAN,4 ROOM,448,BRIGHT HILL DR,04 TO 06,109.0,Model A,1990,64 years 06 months,858000.0
2024-11-01,BISHAN,4 ROOM,307,SHUNFU RD,04 TO 06,92.0,New Generation,1985,59 years 07 months,715000.0
2024-11-01,BISHAN,4 ROOM,403,SIN MING AVE,07 TO 09,89.0,Simplified,1986,60 years 10 months,770000.0
2024-11-01,BISHAN,4 ROOM,441,SIN MING AVE,07 TO 09,105.0,Model A,1990,64 years 04 months,850000.0
2024-11-01,BISHAN,5 ROOM,146,BISHAN ST 11,07 TO 09,122.0,Improved,1987,61 years 11 months,870000.0
2024-11-01,BISHAN,5 ROOM,149,BISHAN ST 11,04 TO 06,122.0,Improved,1987,61 years 03 months,875000.0
2024-11-01,BISHAN,5 ROOM,173,BISHAN ST 13,10 TO 12,121.0,Improved,1987,61 years 07 months,970888.0
2024-11-01,BISHAN,5 ROOM,190,BISHAN ST 13,07 TO 09,121.0,Improved,1987,61 years 03 months,1018000.0
2024-11-01,BISHAN,5 ROOM,182,BISHAN ST 13,04 TO 06,121.0,Improved,1987,61 years 09 months,946000.0
2024-11-01,BISHAN,5 ROOM,242,BISHAN ST 22,07 TO 09,136.0,Model A,1992,66 years 10 months,1110000.0
2024-11-01,BISHAN,5 ROOM,223,BISHAN ST 23,07 TO 09,121.0,Improved,1992,66 years 10 months,1138000.0
2024-11-01,BISHAN,5 ROOM,213,BISHAN ST 23,07 TO 09,132.0,Model A,1992,66 years 06 months,1120000.0
2024-11-01,BISHAN,5 ROOM,288,BISHAN ST 24,10 TO 12,123.0,Premium Apartment,1998,72 years 08 months,1040000.0
2024-11-01,BISHAN,5 ROOM,291,BISHAN ST 24,13 TO 15,121.0,Premium Apartment,1998,72 years 08 months,1080000.0
2024-11-01,BISHAN,5 ROOM,402,SIN MING AVE,07 TO 09,120.0,Improved,1986,60 years 03 months,955000.0
2024-11-01,BUKIT BATOK,2 ROOM,450A,BT BATOK WEST AVE 6,01 TO 03,47.0,Model A,2019,93 years 05 months,350000.0
2024-11-01,BUKIT BATOK,2 ROOM,438B,BT BATOK WEST AVE 8,04 TO 06,47.0,Model A,2020,94 years 04 months,358000.0
2024-11-01,BUKIT BATOK,2 ROOM,445B,BT BATOK WEST AVE 8,07 TO 09,47.0,Model A,2019,93 years 03 months,368888.0
2024-11-01,BUKIT BATOK,2 ROOM,460D,BT BATOK WEST AVE 9,04 TO 06,48.0,2-room,2020,94 years 08 months,360000.0
2024-11-01,BUKIT BATOK,2 ROOM,448B,BT BATOK WEST AVE 9,01 TO 03,47.0,2-room,2019,93 years 05 months,330000.0
2024-11-01,BUKIT BATOK,2 ROOM,460C,BT BATOK WEST AVE 9,07 TO 09,48.0,2-room,2020,94 years 07 months,368000.0
2024-11-01,BUKIT BATOK,3 ROOM,228,BT BATOK CTRL,04 TO 06,67.0,New Generation,1985,59 years 08 months,388000.0
2024-11-01,BUKIT BATOK,3 ROOM,230,BT BATOK EAST AVE 3,04 TO 06,69.0,New Generation,1985,60 years,388000.0
2024-11-01,BUKIT BATOK,3 ROOM,269,BT BATOK EAST AVE 4,04 TO 06,64.0,Simplified,1986,61 years 01 month,380000.0
2024-11-01,BUKIT BATOK,3 ROOM,274,BT BATOK EAST AVE 4,01 TO 03,64.0,Simplified,1988,62 years 07 months,375000.0
2024-11-01,BUKIT BATOK,3 ROOM,248,BT BATOK EAST AVE 5,10 TO 12,73.0,Model A,1985,59 years 09 months,398000.0
2024-11-01,BUKIT BATOK,3 ROOM,219,BT BATOK ST 21,04 TO 06,67.0,New Generation,1985,59 years 05 months,388000.0
2024-11-01,BUKIT BATOK,3 ROOM,224,BT BATOK ST 21,01 TO 03,71.0,New Generation,1984,59 years 02 months,410000.0
2024-11-01,BUKIT BATOK,3 ROOM,293D,BT BATOK ST 21,16 TO 18,68.0,Model A,2019,93 years 03 months,548888.0
2024-11-01,BUKIT BATOK,3 ROOM,296B,BT BATOK ST 22,04 TO 06,68.0,Premium Apartment,2018,92 years 06 months,485000.0
2024-11-01,BUKIT BATOK,3 ROOM,296B,BT BATOK ST 22,19 TO 21,68.0,Premium Apartment,2018,92 years 05 months,547500.0
2024-11-01,BUKIT BATOK,3 ROOM,377,BT BATOK ST 31,22 TO 24,67.0,Model A,2019,93 years 05 months,580000.0
2024-11-01,BUKIT BATOK,3 ROOM,312,BT BATOK ST 32,10 TO 12,68.0,New Generation,1985,59 years 09 months,420888.0
2024-11-01,BUKIT BATOK,3 ROOM,534,BT BATOK ST 51,10 TO 12,60.0,Improved,1987,61 years 08 months,385000.0
2024-11-01,BUKIT BATOK,3 ROOM,523,BT BATOK ST 52,01 TO 03,60.0,Improved,1987,61 years 07 months,375000.0
2024-11-01,BUKIT BATOK,3 ROOM,424,BT BATOK WEST AVE 2,01 TO 03,64.0,Simplified,1987,62 years,395000.0
2024-11-01,BUKIT BATOK,3 ROOM,411,BT BATOK WEST AVE 4,07 TO 09,73.0,Model A,1986,60 years 05 months,388888.0
2024-11-01,BUKIT BATOK,3 ROOM,416,BT BATOK WEST AVE 4,07 TO 09,73.0,Model A,1987,62 years 01 month,405000.0
2024-11-01,BUKIT BATOK,3 ROOM,451A,BT BATOK WEST AVE 6,16 TO 18,67.0,Model A,2019,93 years 05 months,516000.0
2024-11-01,BUKIT BATOK,3 ROOM,138,BT BATOK WEST AVE 6,07 TO 09,82.0,New Generation,1984,58 years 10 months,480000.0
2024-11-01,BUKIT BATOK,3 ROOM,441A,BT BATOK WEST AVE 8,01 TO 03,67.0,Model A,2019,93 years 05 months,440000.0
2024-11-01,BUKIT BATOK,3 ROOM,169,BT BATOK WEST AVE 8,10 TO 12,73.0,Model A,1984,59 years,418000.0
2024-11-01,BUKIT BATOK,3 ROOM,438C,BT BATOK WEST AVE 8,07 TO 09,68.0,Model A,2020,94 years 04 months,510000.0
2024-11-01,BUKIT BATOK,3 ROOM,448A,BT BATOK WEST AVE 9,04 TO 06,68.0,Model A,2019,93 years 06 months,448000.0
2024-11-01,BUKIT BATOK,4 ROOM,123,BT BATOK CTRL,01 TO 03,91.0,New Generation,1985,59 years 06 months,485000.0
2024-11-01,BUKIT BATOK,4 ROOM,267,BT BATOK EAST AVE 4,01 TO 03,89.0,Simplified,1987,61 years 04 months,470000.0
2024-11-01,BUKIT BATOK,4 ROOM,242,BT BATOK EAST AVE 5,04 TO 06,96.0,New Generation,1985,60 years 03 months,480000.0
2024-11-01,BUKIT BATOK,4 ROOM,292A,BT BATOK EAST AVE 6,01 TO 03,93.0,Model A,2019,93 years 03 months,617000.0
2024-11-01,BUKIT BATOK,4 ROOM,293A,BT BATOK ST 21,01 TO 03,93.0,Model A,2019,93 years 04 months,635000.0
2024-11-01,BUKIT BATOK,4 ROOM,210,BT BATOK ST 21,07 TO 09,108.0,Model A,1985,59 years 07 months,638000.0
2024-11-01,BUKIT BATOK,4 ROOM,293A,BT BATOK ST 21,13 TO 15,93.0,Model A,2019,93 years 03 months,723000.0
2024-11-01,BUKIT BATOK,4 ROOM,296C,BT BATOK ST 22,01 TO 03,92.0,Premium Apartment,2018,92 years 05 months,605000.0
2024-11-01,BUKIT BATOK,4 ROOM,296B,BT BATOK ST 22,25 TO 27,92.0,Premium Apartment,2018,92 years 05 months,795000.0
2024-11-01,BUKIT BATOK,4 ROOM,291A,BT BATOK ST 24,01 TO 03,100.0,Model A,1997,72 years 02 months,523000.0
2024-11-01,BUKIT BATOK,4 ROOM,290A,BT BATOK ST 24,04 TO 06,103.0,Model A,1998,72 years 04 months,518000.0
2024-11-01,BUKIT BATOK,4 ROOM,288D,BT BATOK ST 25,01 TO 03,92.0,Model A2,1998,72 years 06 months,527000.0
2024-11-01,BUKIT BATOK,4 ROOM,307,BT BATOK ST 31,04 TO 06,93.0,New Generation,1985,59 years 11 months,475000.0
2024-11-01,BUKIT BATOK,4 ROOM,368,BT BATOK ST 31,07 TO 09,94.0,New Generation,1987,61 years 03 months,438000.0
2024-11-01,BUKIT BATOK,4 ROOM,312,BT BATOK ST 32,07 TO 09,93.0,New Generation,1985,59 years 10 months,538000.0
2024-11-01,BUKIT BATOK,4 ROOM,321,BT BATOK ST 33,04 TO 06,93.0,New Generation,1986,60 years 06 months,490000.0
2024-11-01,BUKIT BATOK,4 ROOM,338,BT BATOK ST 34,04 TO 06,84.0,Simplified,1986,60 years 06 months,460000.0
2024-11-01,BUKIT BATOK,4 ROOM,349,BT BATOK ST 34,04 TO 06,84.0,Simplified,1987,61 years 04 months,470000.0
2024-11-01,BUKIT BATOK,4 ROOM,510,BT BATOK ST 52,07 TO 09,84.0,Simplified,1986,61 years 01 month,496000.0
2024-11-01,BUKIT BATOK,4 ROOM,420,BT BATOK WEST AVE 2,10 TO 12,94.0,New Generation,1988,62 years 08 months,528000.0
2024-11-01,BUKIT BATOK,4 ROOM,386,BT BATOK WEST AVE 5,22 TO 24,92.0,Model A,2004,79 years 03 months,602000.0
2024-11-01,BUKIT BATOK,4 ROOM,395,BT BATOK WEST AVE 5,07 TO 09,92.0,Model A,2004,78 years 11 months,560000.0
2024-11-01,BUKIT BATOK,4 ROOM,113,BT BATOK WEST AVE 6,10 TO 12,104.0,Model A,1984,58 years 09 months,565888.0
2024-11-01,BUKIT BATOK,4 ROOM,453A,BT BATOK WEST AVE 6,22 TO 24,93.0,Model A,2019,93 years 05 months,678888.0
2024-11-01,BUKIT BATOK,4 ROOM,113,BT BATOK WEST AVE 6,01 TO 03,104.0,Model A,1984,58 years 10 months,550000.0
2024-11-01,BUKIT BATOK,4 ROOM,450C,BT BATOK WEST AVE 6,16 TO 18,93.0,Model A,2019,93 years 05 months,650000.0
2024-11-01,BUKIT BATOK,4 ROOM,113,BT BATOK WEST AVE 6,01 TO 03,104.0,Model A,1984,58 years 09 months,530000.0
2024-11-01,BUKIT BATOK,4 ROOM,450C,BT BATOK WEST AVE 6,01 TO 03,93.0,Model A,2019,93 years 05 months,584000.0
2024-11-01,BUKIT BATOK,4 ROOM,136,BT BATOK WEST AVE 6,04 TO 06,93.0,New Generation,1984,59 years,495000.0
2024-11-01,BUKIT BATOK,4 ROOM,450C,BT BATOK WEST AVE 6,16 TO 18,93.0,Model A,2019,93 years 05 months,700000.0
2024-11-01,BUKIT BATOK,4 ROOM,450B,BT BATOK WEST AVE 6,10 TO 12,93.0,Model A,2019,93 years 05 months,620000.0
2024-11-01,BUKIT BATOK,4 ROOM,187,BT BATOK WEST AVE 6,13 TO 15,113.0,Model A,1989,63 years 04 months,668000.0
2024-11-01,BUKIT BATOK,4 ROOM,130,BT BATOK WEST AVE 6,04 TO 06,103.0,Model A,1984,59 years 01 month,580000.0
2024-11-01,BUKIT BATOK,4 ROOM,450B,BT BATOK WEST AVE 6,04 TO 06,93.0,Model A,2019,93 years 05 months,647000.0
2024-11-01,BUKIT BATOK,4 ROOM,116,BT BATOK WEST AVE 6,04 TO 06,103.0,Model A,1984,59 years 02 months,575000.0
2024-11-01,BUKIT BATOK,4 ROOM,450C,BT BATOK WEST AVE 6,01 TO 03,93.0,Model A,2019,93 years 05 months,615000.0
2024-11-01,BUKIT BATOK,4 ROOM,194A,BT BATOK WEST AVE 6,13 TO 15,92.0,Premium Apartment,2017,91 years 09 months,730000.0
2024-11-01,BUKIT BATOK,4 ROOM,461B,BT BATOK WEST AVE 8,04 TO 06,93.0,Model A,2019,94 years,650000.0
2024-11-01,BUKIT BATOK,4 ROOM,439C,BT BATOK WEST AVE 8,10 TO 12,93.0,Model A,2020,94 years 04 months,663000.0
2024-11-01,BUKIT BATOK,4 ROOM,440C,BT BATOK WEST AVE 8,07 TO 09,92.0,Model A,2019,93 years 05 months,638888.0
2024-11-01,BUKIT BATOK,4 ROOM,461A,BT BATOK WEST AVE 8,04 TO 06,93.0,Model A,2019,93 years 11 months,610000.0
2024-11-01,BUKIT BATOK,4 ROOM,441A,BT BATOK WEST AVE 8,07 TO 09,92.0,Model A,2019,93 years 05 months,645000.0
2024-11-01,BUKIT BATOK,4 ROOM,439A,BT BATOK WEST AVE 8,13 TO 15,93.0,Model A,2020,94 years 04 months,700000.0
2024-11-01,BUKIT BATOK,4 ROOM,439A,BT BATOK WEST AVE 8,13 TO 15,93.0,Model A,2020,94 years 04 months,710000.0
2024-11-01,BUKIT BATOK,4 ROOM,460A,BT BATOK WEST AVE 9,10 TO 12,93.0,Model A,2020,94 years 08 months,660000.0
2024-11-01,BUKIT BATOK,4 ROOM,460A,BT BATOK WEST AVE 9,07 TO 09,93.0,Model A,2020,94 years 07 months,630000.0
2024-11-01,BUKIT BATOK,4 ROOM,460C,BT BATOK WEST AVE 9,13 TO 15,93.0,Model A,2020,94 years 07 months,690888.0
2024-11-01,BUKIT BATOK,4 ROOM,448C,BT BATOK WEST AVE 9,01 TO 03,93.0,Model A,2019,93 years 05 months,600000.0
2024-11-01,BUKIT BATOK,4 ROOM,449B,BT BATOK WEST AVE 9,07 TO 09,93.0,Model A,2019,93 years 05 months,630000.0
2024-11-01,BUKIT BATOK,5 ROOM,293B,BT BATOK ST 21,19 TO 21,113.0,Improved,2019,93 years 03 months,946800.0
2024-11-01,BUKIT BATOK,5 ROOM,293A,BT BATOK ST 21,01 TO 03,113.0,Improved,2019,93 years 03 months,800000.0
2024-11-01,BUKIT BATOK,5 ROOM,291A,BT BATOK ST 24,19 TO 21,121.0,Improved,1997,72 years 02 months,760000.0
2024-11-01,BUKIT BATOK,5 ROOM,334,BT BATOK ST 32,04 TO 06,122.0,Improved,1986,60 years 04 months,600000.0
2024-11-01,BUKIT BATOK,5 ROOM,435C,BT BATOK WEST AVE 5,07 TO 09,113.0,Improved,2020,94 years 04 months,783888.0
2024-11-01,BUKIT BATOK,5 ROOM,383,BT BATOK WEST AVE 5,16 TO 18,115.0,Improved,2005,79 years 04 months,718000.0
2024-11-01,BUKIT BATOK,5 ROOM,435C,BT BATOK WEST AVE 5,10 TO 12,113.0,Improved,2020,94 years 04 months,820000.0
2024-11-01,BUKIT BATOK,5 ROOM,189,BT BATOK WEST AVE 6,10 TO 12,120.0,Improved,1997,71 years 05 months,760000.0
2024-11-01,BUKIT BATOK,5 ROOM,194A,BT BATOK WEST AVE 6,19 TO 21,112.0,Premium Apartment,2017,91 years 09 months,940000.0
2024-11-01,BUKIT BATOK,5 ROOM,190,BT BATOK WEST AVE 6,16 TO 18,118.0,Improved,1997,71 years 08 months,778000.0
2024-11-01,BUKIT BATOK,5 ROOM,190,BT BATOK WEST AVE 6,16 TO 18,116.0,Improved,1997,71 years 08 months,786786.0
2024-11-01,BUKIT BATOK,5 ROOM,450B,BT BATOK WEST AVE 6,01 TO 03,115.0,Improved,2019,93 years 05 months,730000.0
2024-11-01,BUKIT BATOK,5 ROOM,190,BT BATOK WEST AVE 6,19 TO 21,118.0,Improved,1997,71 years 08 months,800000.0
2024-11-01,BUKIT BATOK,5 ROOM,442A,BT BATOK WEST AVE 8,13 TO 15,112.0,Improved,2019,93 years 06 months,785000.0
2024-11-01,BUKIT BATOK,5 ROOM,440C,BT BATOK WEST AVE 8,01 TO 03,112.0,Improved,2019,93 years 06 months,720000.0
2024-11-01,BUKIT BATOK,5 ROOM,446A,BT BATOK WEST AVE 8,16 TO 18,112.0,Improved,2019,93 years 03 months,840000.0
2024-11-01,BUKIT BATOK,5 ROOM,442B,BT BATOK WEST AVE 8,10 TO 12,112.0,Improved,2019,93 years 05 months,808000.0
2024-11-01,BUKIT BATOK,5 ROOM,439C,BT BATOK WEST AVE 8,01 TO 03,113.0,Improved,2020,94 years 04 months,700000.0
2024-11-01,BUKIT BATOK,5 ROOM,446A,BT BATOK WEST AVE 8,13 TO 15,112.0,Improved,2019,93 years 03 months,818000.0
2024-11-01,BUKIT BATOK,5 ROOM,461C,BT BATOK WEST AVE 8,10 TO 12,114.0,Improved,2019,93 years 11 months,830000.0
2024-11-01,BUKIT BATOK,5 ROOM,446A,BT BATOK WEST AVE 8,04 TO 06,112.0,Improved,2019,93 years 03 months,720000.0
2024-11-01,BUKIT BATOK,5 ROOM,442B,BT BATOK WEST AVE 8,13 TO 15,112.0,Improved,2019,93 years 05 months,850000.0
2024-11-01,BUKIT BATOK,EXECUTIVE,120,BT BATOK CTRL,04 TO 06,150.0,Maisonette,1985,59 years 07 months,888889.0
2024-11-01,BUKIT BATOK,EXECUTIVE,290C,BT BATOK EAST AVE 3,07 TO 09,142.0,Apartment,1997,72 years 02 months,868000.0
2024-11-01,BUKIT BATOK,EXECUTIVE,141,BT BATOK ST 11,01 TO 03,150.0,Maisonette,1984,59 years 02 months,838888.0
2024-11-01,BUKIT BATOK,EXECUTIVE,366,BT BATOK ST 31,10 TO 12,146.0,Maisonette,1986,60 years 05 months,900000.0
2024-11-01,BUKIT BATOK,EXECUTIVE,354,BT BATOK ST 31,04 TO 06,140.0,Apartment,1987,61 years 07 months,750000.0
2024-11-01,BUKIT MERAH,1 ROOM,7,TELOK BLANGAH CRES,04 TO 06,31.0,Improved,1975,49 years 06 months,247000.0
2024-11-01,BUKIT MERAH,1 ROOM,7,TELOK BLANGAH CRES,07 TO 09,31.0,Improved,1975,49 years 05 months,300000.0
2024-11-01,BUKIT MERAH,1 ROOM,7,TELOK BLANGAH CRES,10 TO 12,31.0,Improved,1975,49 years 05 months,268000.0
2024-11-01,BUKIT MERAH,2 ROOM,50,HAVELOCK RD,04 TO 06,43.0,Standard,1973,47 years 06 months,283000.0
2024-11-01,BUKIT MERAH,2 ROOM,28,HOY FATT RD,07 TO 09,47.0,Standard,1967,41 years 08 months,295000.0
2024-11-01,BUKIT MERAH,2 ROOM,28,JLN BT MERAH,01 TO 03,47.0,Standard,1967,41 years 08 months,300000.0
2024-11-01,BUKIT MERAH,2 ROOM,48,LOWER DELTA RD,10 TO 12,42.0,Standard,1970,44 years 06 months,280000.0
2024-11-01,BUKIT MERAH,2 ROOM,16,TAMAN HO SWEE,01 TO 03,49.0,Standard,1970,44 years 04 months,325000.0
2024-11-01,BUKIT MERAH,3 ROOM,119,BT MERAH VIEW,07 TO 09,65.0,Improved,1983,57 years 04 months,458000.0
2024-11-01,BUKIT MERAH,3 ROOM,129,BT MERAH VIEW,10 TO 12,65.0,Improved,1973,47 years 09 months,456000.0
2024-11-01,BUKIT MERAH,3 ROOM,112,BT PURMEI RD,10 TO 12,74.0,Model A,1985,59 years 05 months,568000.0
2024-11-01,BUKIT MERAH,3 ROOM,7,EVERTON PK,10 TO 12,86.0,New Generation,1980,55 years 01 month,650000.0
2024-11-01,BUKIT MERAH,3 ROOM,22,HAVELOCK RD,01 TO 03,64.0,Standard,1969,43 years 09 months,410000.0
2024-11-01,BUKIT MERAH,3 ROOM,54,HAVELOCK RD,13 TO 15,69.0,Model A,2013,87 years 07 months,768000.0
2024-11-01,BUKIT MERAH,3 ROOM,96B,HENDERSON RD,01 TO 03,68.0,Model A,2019,93 years 07 months,640888.0
2024-11-01,BUKIT MERAH,3 ROOM,96A,HENDERSON RD,25 TO 27,68.0,Model A,2019,93 years 07 months,796000.0
2024-11-01,BUKIT MERAH,3 ROOM,95B,HENDERSON RD,10 TO 12,68.0,Model A,2019,93 years 07 months,670000.0
2024-11-01,BUKIT MERAH,3 ROOM,8,JLN BT HO SWEE,01 TO 03,56.0,Standard,1971,45 years 09 months,333000.0
2024-11-01,BUKIT MERAH,3 ROOM,132,JLN BT MERAH,01 TO 03,59.0,Improved,1975,49 years 07 months,373000.0
2024-11-01,BUKIT MERAH,3 ROOM,131,JLN BT MERAH,01 TO 03,65.0,Improved,1976,50 years 03 months,330000.0
2024-11-01,BUKIT MERAH,3 ROOM,144,JLN BT MERAH,01 TO 03,67.0,New Generation,1981,55 years 11 months,395000.0
2024-11-01,BUKIT MERAH,3 ROOM,30,JLN KLINIK,07 TO 09,67.0,Standard,1969,43 years 09 months,395000.0
2024-11-01,BUKIT MERAH,3 ROOM,26A,JLN MEMBINA,25 TO 27,60.0,Model A,2008,83 years 02 months,708888.0
2024-11-01,BUKIT MERAH,3 ROOM,26B,JLN MEMBINA,10 TO 12,60.0,Model A,2009,83 years 03 months,690000.0
2024-11-01,BUKIT MERAH,3 ROOM,130,KIM TIAN RD,01 TO 03,76.0,Improved,1976,50 years 03 months,495000.0
2024-11-01,BUKIT MERAH,3 ROOM,21,LIM LIAK ST,01 TO 03,88.0,Standard,1973,47 years 03 months,778000.0
2024-11-01,BUKIT MERAH,3 ROOM,35,LIM LIAK ST,01 TO 03,88.0,Standard,1973,47 years 03 months,850000.0
2024-11-01,BUKIT MERAH,3 ROOM,44,MOH GUAN TER,01 TO 03,60.0,Standard,1973,47 years 03 months,618888.0
2024-11-01,BUKIT MERAH,3 ROOM,36,MOH GUAN TER,04 TO 06,88.0,Standard,1973,47 years 03 months,760000.0
2024-11-01,BUKIT MERAH,3 ROOM,86,REDHILL CL,04 TO 06,59.0,Improved,1973,47 years 03 months,378888.0
2024-11-01,BUKIT MERAH,3 ROOM,148,SILAT AVE,04 TO 06,67.0,New Generation,1982,57 years,440000.0
2024-11-01,BUKIT MERAH,3 ROOM,147,SILAT AVE,01 TO 03,67.0,New Generation,1982,56 years 09 months,416888.0
2024-11-01,BUKIT MERAH,3 ROOM,16,TAMAN HO SWEE,01 TO 03,54.0,Standard,1970,44 years 03 months,340000.0
2024-11-01,BUKIT MERAH,3 ROOM,16,TELOK BLANGAH CRES,13 TO 15,76.0,Improved,1975,49 years 06 months,405000.0
2024-11-01,BUKIT MERAH,3 ROOM,16,TELOK BLANGAH CRES,13 TO 15,65.0,Improved,1975,49 years 06 months,395000.0
2024-11-01,BUKIT MERAH,3 ROOM,18,TELOK BLANGAH CRES,04 TO 06,65.0,Improved,1975,49 years 06 months,350000.0
2024-11-01,BUKIT MERAH,3 ROOM,62,TELOK BLANGAH HTS,07 TO 09,73.0,New Generation,1976,51 years,420000.0
2024-11-01,BUKIT MERAH,3 ROOM,31,TELOK BLANGAH RISE,04 TO 06,59.0,Improved,1976,50 years 07 months,363000.0
2024-11-01,BUKIT MERAH,4 ROOM,6B,BOON TIONG RD,13 TO 15,100.0,Model A,2005,80 years 01 month,928000.0
2024-11-01,BUKIT MERAH,4 ROOM,10B,BOON TIONG RD,19 TO 21,87.0,Model A,2016,90 years 03 months,1188888.0
2024-11-01,BUKIT MERAH,4 ROOM,120,BT MERAH VIEW,01 TO 03,88.0,Improved,1973,47 years 03 months,508000.0
2024-11-01,BUKIT MERAH,4 ROOM,104,BT PURMEI RD,10 TO 12,105.0,Model A,1984,58 years 06 months,738000.0
2024-11-01,BUKIT MERAH,4 ROOM,16,CANTONMENT CL,16 TO 18,90.0,Model A,2003,77 years 03 months,1030000.0
2024-11-01,BUKIT MERAH,4 ROOM,110A,DEPOT RD,22 TO 24,92.0,Model A,2017,92 years 01 month,880888.0
2024-11-01,BUKIT MERAH,4 ROOM,54,HAVELOCK RD,19 TO 21,94.0,Model A,2013,87 years 08 months,945000.0
2024-11-01,BUKIT MERAH,4 ROOM,54,HAVELOCK RD,07 TO 09,94.0,Model A,2013,87 years 07 months,1000000.0
2024-11-01,BUKIT MERAH,4 ROOM,55,HAVELOCK RD,01 TO 03,94.0,Model A,2013,87 years 07 months,920000.0
2024-11-01,BUKIT MERAH,4 ROOM,53,HAVELOCK RD,10 TO 12,94.0,Model A,2013,87 years 07 months,960000.0
2024-11-01,BUKIT MERAH,4 ROOM,106,HENDERSON CRES,07 TO 09,81.0,Improved,1975,49 years 03 months,539000.0
2024-11-01,BUKIT MERAH,4 ROOM,102,HENDERSON CRES,07 TO 09,80.0,Standard,1970,44 years 09 months,450000.0
2024-11-01,BUKIT MERAH,4 ROOM,106,HENDERSON CRES,07 TO 09,81.0,Improved,1975,49 years 03 months,530000.0
2024-11-01,BUKIT MERAH,4 ROOM,96A,HENDERSON RD,04 TO 06,93.0,Model A,2019,93 years 07 months,1060000.0
2024-11-01,BUKIT MERAH,4 ROOM,13,JLN BT MERAH,10 TO 12,106.0,Model A,1996,71 years 01 month,830000.0
2024-11-01,BUKIT MERAH,4 ROOM,118B,JLN MEMBINA,10 TO 12,85.0,Model A,2003,77 years 03 months,915000.0
2024-11-01,BUKIT MERAH,4 ROOM,118A,JLN MEMBINA,16 TO 18,92.0,Model A,2003,77 years 03 months,968000.0
2024-11-01,BUKIT MERAH,4 ROOM,22,JLN MEMBINA,22 TO 24,90.0,Model A,2003,77 years 10 months,1000000.0
2024-11-01,BUKIT MERAH,4 ROOM,25B,JLN MEMBINA,13 TO 15,90.0,Model A,2009,83 years 03 months,900888.0
2024-11-01,BUKIT MERAH,4 ROOM,119C,KIM TIAN RD,10 TO 12,87.0,Model A,2003,77 years 08 months,889000.0
2024-11-01,BUKIT MERAH,4 ROOM,119B,KIM TIAN RD,07 TO 09,92.0,Model A,2002,77 years 02 months,858000.0
2024-11-01,BUKIT MERAH,4 ROOM,90A,TELOK BLANGAH ST 31,01 TO 03,93.0,Model A,2018,93 years 03 months,878000.0
2024-11-01,BUKIT MERAH,4 ROOM,90A,TELOK BLANGAH ST 31,04 TO 06,93.0,Model A,2018,93 years 02 months,910000.0
2024-11-01,BUKIT MERAH,4 ROOM,93A,TELOK BLANGAH ST 31,25 TO 27,93.0,Model A,2018,93 years 02 months,1038000.0
2024-11-01,BUKIT MERAH,4 ROOM,80A,TELOK BLANGAH ST 31,25 TO 27,95.0,Premium Apartment,2013,87 years 10 months,1040000.0
2024-11-01,BUKIT MERAH,4 ROOM,93B,TELOK BLANGAH ST 31,28 TO 30,93.0,Model A,2018,93 years 02 months,1080000.0
2024-11-01,BUKIT MERAH,4 ROOM,80A,TELOK BLANGAH ST 31,04 TO 06,95.0,Premium Apartment,2013,87 years 10 months,900000.0
2024-11-01,BUKIT MERAH,5 ROOM,117,BT MERAH CTRL,13 TO 15,117.0,Improved,1977,52 years 01 month,718000.0
2024-11-01,BUKIT MERAH,5 ROOM,114,BT PURMEI RD,04 TO 06,132.0,Model A,1985,59 years 05 months,930000.0
2024-11-01,BUKIT MERAH,5 ROOM,9,JLN RUMAH TINGGI,10 TO 12,136.0,Model A,1984,58 years 07 months,888000.0
2024-11-01,BUKIT MERAH,5 ROOM,8,KIM TIAN PL,10 TO 12,131.0,Model A,1984,58 years 09 months,1180000.0
2024-11-01,BUKIT MERAH,5 ROOM,75A,REDHILL RD,04 TO 06,115.0,Improved,2005,80 years 02 months,1080000.0
2024-11-01,BUKIT MERAH,5 ROOM,88,TELOK BLANGAH HTS,13 TO 15,110.0,Improved,2003,77 years 05 months,940000.0
2024-11-01,BUKIT MERAH,5 ROOM,37,TELOK BLANGAH RISE,19 TO 21,114.0,Standard,1976,50 years 11 months,840000.0
2024-11-01,BUKIT PANJANG,2 ROOM,547C,SEGAR RD,04 TO 06,47.0,Model A,2015,89 years 09 months,338000.0
2024-11-01,BUKIT PANJANG,3 ROOM,109,GANGSA RD,04 TO 06,64.0,Simplified,1988,62 years 05 months,405000.0
2024-11-01,BUKIT PANJANG,3 ROOM,104,GANGSA RD,01 TO 03,73.0,Model A,1988,62 years 05 months,423000.0
2024-11-01,BUKIT PANJANG,3 ROOM,116,PENDING RD,01 TO 03,73.0,Model A,1987,62 years,420000.0
2024-11-01,BUKIT PANJANG,3 ROOM,229,PENDING RD,07 TO 09,73.0,Model A,1988,63 years 03 months,428000.0
2024-11-01,BUKIT PANJANG,3 ROOM,128,PENDING RD,07 TO 09,73.0,Model A,1988,62 years 08 months,420000.0
2024-11-01,BUKIT PANJANG,3 ROOM,114,PENDING RD,01 TO 03,70.0,Simplified,1988,63 years,378000.0
2024-11-01,BUKIT PANJANG,3 ROOM,137,PETIR RD,01 TO 03,73.0,Model A,1989,63 years 09 months,444888.0
2024-11-01,BUKIT PANJANG,3 ROOM,488,SEGAR RD,04 TO 06,67.0,Model A,2014,89 years 03 months,455000.0
2024-11-01,BUKIT PANJANG,3 ROOM,633D,SENJA RD,16 TO 18,67.0,Model A,2013,88 years 03 months,530000.0
2024-11-01,BUKIT PANJANG,4 ROOM,251,BANGKIT RD,10 TO 12,103.0,Model A,1988,63 years 02 months,530000.0
2024-11-01,BUKIT PANJANG,4 ROOM,431,BT PANJANG RING RD,04 TO 06,84.0,Simplified,1988,63 years 03 months,458000.0
2024-11-01,BUKIT PANJANG,4 ROOM,541,BT PANJANG RING RD,04 TO 06,100.0,Model A,1999,73 years 08 months,593888.0
2024-11-01,BUKIT PANJANG,4 ROOM,447,BT PANJANG RING RD,10 TO 12,101.0,Model A,1997,71 years 08 months,520000.0
2024-11-01,BUKIT PANJANG,4 ROOM,541,BT PANJANG RING RD,10 TO 12,100.0,Model A,1999,73 years 08 months,623000.0
2024-11-01,BUKIT PANJANG,4 ROOM,236,BT PANJANG RING RD,10 TO 12,84.0,Simplified,1988,62 years 04 months,495000.0
2024-11-01,BUKIT PANJANG,4 ROOM,170,GANGSA RD,07 TO 09,101.0,Model A,1997,72 years 02 months,695000.0
2024-11-01,BUKIT PANJANG,4 ROOM,106,GANGSA RD,04 TO 06,103.0,Model A,1988,62 years 04 months,530000.0
2024-11-01,BUKIT PANJANG,4 ROOM,512,JELAPANG RD,13 TO 15,100.0,Model A,1998,72 years 08 months,545000.0
2024-11-01,BUKIT PANJANG,4 ROOM,504,JELAPANG RD,01 TO 03,103.0,Model A,1998,72 years 04 months,490000.0
2024-11-01,BUKIT PANJANG,4 ROOM,518,JELAPANG RD,13 TO 15,102.0,Model A,1998,72 years 11 months,593000.0
2024-11-01,BUKIT PANJANG,4 ROOM,510,JELAPANG RD,10 TO 12,91.0,Model A2,1998,72 years 08 months,540000.0
2024-11-01,BUKIT PANJANG,4 ROOM,501,JELAPANG RD,19 TO 21,102.0,Model A,1998,72 years 06 months,610000.0
2024-11-01,BUKIT PANJANG,4 ROOM,501,JELAPANG RD,10 TO 12,101.0,Model A,1998,72 years 06 months,540000.0
2024-11-01,BUKIT PANJANG,4 ROOM,182,JELEBU RD,01 TO 03,90.0,Premium Apartment,2003,77 years 07 months,558800.0
2024-11-01,BUKIT PANJANG,4 ROOM,181,JELEBU RD,25 TO 27,94.0,Premium Apartment,2003,77 years 07 months,825000.0
2024-11-01,BUKIT PANJANG,4 ROOM,118,PENDING RD,10 TO 12,103.0,Model A,1988,62 years 07 months,558000.0
2024-11-01,BUKIT PANJANG,4 ROOM,213,PETIR RD,04 TO 06,108.0,Model A,1988,63 years 01 month,542888.0
2024-11-01,BUKIT PANJANG,4 ROOM,202,PETIR RD,04 TO 06,104.0,Model A,1988,62 years 11 months,540000.0
2024-11-01,BUKIT PANJANG,4 ROOM,204,PETIR RD,01 TO 03,106.0,Model A,1988,63 years,512000.0
2024-11-01,BUKIT PANJANG,4 ROOM,202,PETIR RD,07 TO 09,104.0,Model A,1988,62 years 11 months,508000.0
2024-11-01,BUKIT PANJANG,4 ROOM,412,SAUJANA RD,07 TO 09,84.0,Simplified,1988,63 years 02 months,478000.0
2024-11-01,BUKIT PANJANG,4 ROOM,471,SEGAR RD,10 TO 12,90.0,Premium Apartment,2002,76 years 08 months,476800.0
2024-11-01,BUKIT PANJANG,4 ROOM,460,SEGAR RD,04 TO 06,93.0,Premium Apartment,2015,89 years 10 months,575000.0
2024-11-01,BUKIT PANJANG,4 ROOM,466,SEGAR RD,01 TO 03,90.0,Premium Apartment,2002,76 years 06 months,500000.0
2024-11-01,BUKIT PANJANG,4 ROOM,548A,SEGAR RD,07 TO 09,92.0,Model A,2015,90 years 02 months,585000.0
2024-11-01,BUKIT PANJANG,4 ROOM,546B,SEGAR RD,04 TO 06,92.0,Model A,2015,89 years 09 months,568000.0
2024-11-01,BUKIT PANJANG,4 ROOM,461,SEGAR RD,04 TO 06,93.0,Premium Apartment,2015,89 years 10 months,540000.0
2024-11-01,BUKIT PANJANG,4 ROOM,486,SEGAR RD,13 TO 15,93.0,Model A,2014,89 years 02 months,593800.0
2024-11-01,BUKIT PANJANG,4 ROOM,467,SEGAR RD,07 TO 09,95.0,Premium Apartment,2002,76 years 06 months,521888.0
2024-11-01,BUKIT PANJANG,4 ROOM,550A,SEGAR RD,13 TO 15,92.0,Model A,2015,90 years 02 months,610000.0
2024-11-01,BUKIT PANJANG,4 ROOM,625,SENJA RD,04 TO 06,95.0,Premium Apartment,2004,79 years 01 month,530000.0
2024-11-01,BUKIT PANJANG,4 ROOM,626,SENJA RD,19 TO 21,90.0,Premium Apartment,2005,79 years 05 months,590000.0
2024-11-01,BUKIT PANJANG,4 ROOM,629,SENJA RD,07 TO 09,93.0,Premium Apartment,2004,79 years,575000.0
2024-11-01,BUKIT PANJANG,4 ROOM,635B,SENJA RD,16 TO 18,92.0,Model A,2015,90 years,660000.0
2024-11-01,BUKIT PANJANG,5 ROOM,619,BT PANJANG RING RD,01 TO 03,111.0,Improved,2001,76 years,605000.0
2024-11-01,BUKIT PANJANG,5 ROOM,165,GANGSA RD,01 TO 03,120.0,Improved,1998,72 years 08 months,688000.0
2024-11-01,BUKIT PANJANG,5 ROOM,165,GANGSA RD,10 TO 12,120.0,Improved,1998,72 years 08 months,798000.0
2024-11-01,BUKIT PANJANG,5 ROOM,154,GANGSA RD,16 TO 18,121.0,Improved,1998,73 years 01 month,800000.0
2024-11-01,BUKIT PANJANG,5 ROOM,538,JELAPANG RD,01 TO 03,120.0,Improved,1999,73 years 07 months,645000.0
2024-11-01,BUKIT PANJANG,5 ROOM,540,JELAPANG RD,10 TO 12,120.0,Improved,1999,73 years 07 months,769000.0
2024-11-01,BUKIT PANJANG,5 ROOM,175,LOMPANG RD,25 TO 27,121.0,Improved,1997,72 years 02 months,993888.0
2024-11-01,BUKIT PANJANG,5 ROOM,211,PETIR RD,10 TO 12,122.0,Improved,1988,62 years 09 months,640000.0
2024-11-01,BUKIT PANJANG,5 ROOM,210,PETIR RD,07 TO 09,122.0,Improved,1988,62 years 08 months,650000.0
2024-11-01,BUKIT PANJANG,5 ROOM,210,PETIR RD,07 TO 09,122.0,Improved,1988,62 years 08 months,650000.0
2024-11-01,BUKIT PANJANG,5 ROOM,410,SAUJANA RD,07 TO 09,123.0,Improved,1989,63 years 05 months,665000.0
2024-11-01,BUKIT PANJANG,5 ROOM,546B,SEGAR RD,10 TO 12,112.0,Improved,2015,89 years 09 months,710000.0
2024-11-01,BUKIT PANJANG,5 ROOM,477,SEGAR RD,10 TO 12,110.0,Premium Apartment,2003,77 years 03 months,590000.0
2024-11-01,BUKIT PANJANG,5 ROOM,481,SEGAR RD,10 TO 12,110.0,Premium Apartment,2002,76 years 11 months,588000.0
2024-11-01,BUKIT PANJANG,5 ROOM,472,SEGAR RD,07 TO 09,114.0,Premium Apartment,2002,76 years 09 months,600000.0
2024-11-01,BUKIT PANJANG,5 ROOM,604,SENJA RD,10 TO 12,121.0,Improved,1999,73 years 07 months,820000.0
2024-11-01,BUKIT PANJANG,5 ROOM,655,SENJA RD,10 TO 12,111.0,Premium Apartment,2001,76 years,640000.0
2024-11-01,BUKIT PANJANG,5 ROOM,627,SENJA RD,22 TO 24,110.0,Premium Apartment,2004,79 years,690000.0
2024-11-01,BUKIT PANJANG,5 ROOM,627,SENJA RD,10 TO 12,110.0,Premium Apartment,2004,79 years,650000.0
2024-11-01,BUKIT PANJANG,5 ROOM,603,SENJA RD,19 TO 21,121.0,Improved,1999,73 years 08 months,818000.0
2024-11-01,BUKIT PANJANG,5 ROOM,621,SENJA RD,16 TO 18,111.0,Improved,2001,76 years 02 months,672000.0
2024-11-01,BUKIT PANJANG,EXECUTIVE,422,FAJAR RD,01 TO 03,146.0,Maisonette,1988,63 years 02 months,820000.0
2024-11-01,BUKIT PANJANG,EXECUTIVE,107,GANGSA RD,01 TO 03,144.0,Apartment,1987,62 years,815000.0
2024-11-01,BUKIT PANJANG,EXECUTIVE,101,GANGSA RD,07 TO 09,144.0,Apartment,1987,62 years,850000.0
2024-11-01,BUKIT PANJANG,EXECUTIVE,542,JELAPANG RD,13 TO 15,140.0,Apartment,1999,73 years 09 months,923000.0
2024-11-01,BUKIT PANJANG,EXECUTIVE,532,JELAPANG RD,10 TO 12,142.0,Apartment,1999,73 years 05 months,960000.0
2024-11-01,BUKIT PANJANG,EXECUTIVE,180,LOMPANG RD,10 TO 12,131.0,Apartment,2002,76 years 03 months,1050000.0
2024-11-01,BUKIT PANJANG,EXECUTIVE,474,SEGAR RD,13 TO 15,128.0,Premium Apartment,2003,77 years 03 months,712888.0
2024-11-01,BUKIT TIMAH,3 ROOM,8,EMPRESS RD,10 TO 12,65.0,Improved,1976,50 years 06 months,480000.0
2024-11-01,BUKIT TIMAH,4 ROOM,3,QUEEN'S RD,04 TO 06,91.0,Improved,1974,48 years 06 months,550000.0
2024-11-01,BUKIT TIMAH,4 ROOM,5,TOH YI DR,04 TO 06,104.0,Model A,1989,63 years 08 months,860000.0
2024-11-01,BUKIT TIMAH,5 ROOM,16,TOH YI DR,07 TO 09,122.0,Improved,1988,63 years 01 month,1110000.0
2024-11-01,CENTRAL AREA,3 ROOM,28,KELANTAN RD,10 TO 12,65.0,Improved,1977,52 years 01 month,460000.0
2024-11-01,CENTRAL AREA,3 ROOM,34,UPP CROSS ST,04 TO 06,65.0,Improved,1975,49 years 08 months,448000.0
2024-11-01,CENTRAL AREA,4 ROOM,1G,CANTONMENT RD,31 TO 33,93.0,Type S1,2011,85 years 03 months,1302000.0
2024-11-01,CENTRAL AREA,4 ROOM,642,ROWELL RD,10 TO 12,109.0,Model A,1984,58 years 03 months,820000.0
2024-11-01,CENTRAL AREA,5 ROOM,1D,CANTONMENT RD,43 TO 45,105.0,Type S2,2011,85 years 03 months,1542880.0
2024-11-01,CENTRAL AREA,5 ROOM,1G,CANTONMENT RD,40 TO 42,106.0,Type S2,2011,85 years 03 months,1500000.0
2024-11-01,CENTRAL AREA,5 ROOM,642,ROWELL RD,25 TO 27,139.0,Model A,1984,58 years 04 months,1000000.0
2024-11-01,CENTRAL AREA,5 ROOM,639,ROWELL RD,25 TO 27,139.0,Model A,1983,58 years,1008000.0
2024-11-01,CHOA CHU KANG,2 ROOM,535,CHOA CHU KANG ST 51,04 TO 06,46.0,Model A,2011,85 years 11 months,340000.0
2024-11-01,CHOA CHU KANG,2 ROOM,535,CHOA CHU KANG ST 51,04 TO 06,46.0,Model A,2011,85 years 11 months,325000.0
2024-11-01,CHOA CHU KANG,2 ROOM,166B,TECK WHYE CRES,13 TO 15,47.0,2-room,2015,89 years 05 months,340000.0
2024-11-01,CHOA CHU KANG,3 ROOM,807A,CHOA CHU KANG AVE 1,04 TO 06,67.0,Model A,2017,91 years 06 months,485000.0
2024-11-01,CHOA CHU KANG,3 ROOM,818A,CHOA CHU KANG AVE 1,10 TO 12,67.0,Model A,2017,91 years 11 months,490000.0
2024-11-01,CHOA CHU KANG,3 ROOM,476B,CHOA CHU KANG AVE 5,01 TO 03,68.0,Model A,2013,87 years 10 months,462000.0
2024-11-01,CHOA CHU KANG,3 ROOM,571,CHOA CHU KANG ST 52,07 TO 09,67.0,Model A,2015,89 years 03 months,490888.0
2024-11-01,CHOA CHU KANG,3 ROOM,801B,KEAT HONG CL,07 TO 09,67.0,Model A,2018,92 years 04 months,485000.0
2024-11-01,CHOA CHU KANG,3 ROOM,4,TECK WHYE AVE,07 TO 09,74.0,Model A,1984,58 years 09 months,405888.0
2024-11-01,CHOA CHU KANG,3 ROOM,166A,TECK WHYE CRES,13 TO 15,68.0,Model A,2015,89 years 04 months,487000.0
2024-11-01,CHOA CHU KANG,3 ROOM,166B,TECK WHYE CRES,01 TO 03,68.0,Model A,2015,89 years 04 months,430888.0
2024-11-01,CHOA CHU KANG,3 ROOM,115,TECK WHYE LANE,07 TO 09,73.0,Model A,1989,63 years 08 months,410000.0
2024-11-01,CHOA CHU KANG,3 ROOM,115,TECK WHYE LANE,07 TO 09,73.0,Model A,1989,63 years 07 months,428000.0
2024-11-01,CHOA CHU KANG,3 ROOM,114,TECK WHYE LANE,04 TO 06,73.0,Model A,1989,63 years 11 months,410000.0
2024-11-01,CHOA CHU KANG,4 ROOM,808A,CHOA CHU KANG AVE 1,13 TO 15,92.0,Model A,2017,91 years 06 months,613888.0
2024-11-01,CHOA CHU KANG,4 ROOM,808A,CHOA CHU KANG AVE 1,10 TO 12,92.0,Model A,2017,91 years 06 months,590000.0
2024-11-01,CHOA CHU KANG,4 ROOM,818B,CHOA CHU KANG AVE 1,16 TO 18,92.0,Model A,2017,91 years 11 months,650000.0
2024-11-01,CHOA CHU KANG,4 ROOM,297B,CHOA CHU KANG AVE 2,10 TO 12,101.0,Premium Apartment,1999,73 years 09 months,530000.0
2024-11-01,CHOA CHU KANG,4 ROOM,296A,CHOA CHU KANG AVE 2,07 TO 09,100.0,Premium Apartment,1999,73 years 09 months,541888.0
2024-11-01,CHOA CHU KANG,4 ROOM,296D,CHOA CHU KANG AVE 2,01 TO 03,102.0,Premium Apartment,1999,73 years 09 months,495000.0
2024-11-01,CHOA CHU KANG,4 ROOM,288,CHOA CHU KANG AVE 3,01 TO 03,105.0,Model A,1990,64 years 09 months,535000.0
2024-11-01,CHOA CHU KANG,4 ROOM,410,CHOA CHU KANG AVE 3,04 TO 06,104.0,Model A,1992,66 years 09 months,551888.0
2024-11-01,CHOA CHU KANG,4 ROOM,405,CHOA CHU KANG AVE 3,04 TO 06,104.0,Model A,1993,67 years 08 months,550000.0
2024-11-01,CHOA CHU KANG,4 ROOM,280,CHOA CHU KANG AVE 3,01 TO 03,104.0,Model A,1992,66 years 09 months,540000.0
2024-11-01,CHOA CHU KANG,4 ROOM,290,CHOA CHU KANG AVE 3,10 TO 12,106.0,Model A,1993,67 years 08 months,568888.0
2024-11-01,CHOA CHU KANG,4 ROOM,474,CHOA CHU KANG AVE 3,04 TO 06,101.0,Model A,1999,73 years 06 months,556000.0
2024-11-01,CHOA CHU KANG,4 ROOM,283,CHOA CHU KANG AVE 3,01 TO 03,104.0,Model A,1992,66 years 09 months,540000.0
2024-11-01,CHOA CHU KANG,4 ROOM,442,CHOA CHU KANG AVE 4,04 TO 06,90.0,Model A2,1997,71 years 06 months,485000.0
2024-11-01,CHOA CHU KANG,4 ROOM,442,CHOA CHU KANG AVE 4,10 TO 12,91.0,Model A2,1997,71 years 06 months,515888.0
2024-11-01,CHOA CHU KANG,4 ROOM,465,CHOA CHU KANG AVE 4,04 TO 06,104.0,Premium Apartment,2000,74 years 05 months,530000.0
2024-11-01,CHOA CHU KANG,4 ROOM,451,CHOA CHU KANG AVE 4,13 TO 15,104.0,Premium Apartment,2000,74 years 04 months,530000.0
2024-11-01,CHOA CHU KANG,4 ROOM,456,CHOA CHU KANG AVE 4,01 TO 03,104.0,Premium Apartment,2000,74 years 06 months,505000.0
2024-11-01,CHOA CHU KANG,4 ROOM,416,CHOA CHU KANG AVE 4,13 TO 15,104.0,Model A,1993,67 years 08 months,565000.0
2024-11-01,CHOA CHU KANG,4 ROOM,442,CHOA CHU KANG AVE 4,13 TO 15,101.0,Model A2,1997,71 years 05 months,538888.0
2024-11-01,CHOA CHU KANG,4 ROOM,306,CHOA CHU KANG AVE 4,10 TO 12,109.0,Model A,1993,67 years 08 months,598888.0
2024-11-01,CHOA CHU KANG,4 ROOM,485,CHOA CHU KANG AVE 5,07 TO 09,101.0,Model A,1999,73 years 09 months,515000.0
2024-11-01,CHOA CHU KANG,4 ROOM,485,CHOA CHU KANG AVE 5,07 TO 09,102.0,Model A,1999,73 years 08 months,522000.0
2024-11-01,CHOA CHU KANG,4 ROOM,484C,CHOA CHU KANG AVE 5,04 TO 06,101.0,Model A,1999,73 years 07 months,495000.0
2024-11-01,CHOA CHU KANG,4 ROOM,484A,CHOA CHU KANG AVE 5,07 TO 09,92.0,Model A2,1999,73 years 06 months,530000.0
2024-11-01,CHOA CHU KANG,4 ROOM,486,CHOA CHU KANG AVE 5,13 TO 15,101.0,Model A,1999,73 years 08 months,530000.0
2024-11-01,CHOA CHU KANG,4 ROOM,489B,CHOA CHU KANG AVE 5,07 TO 09,93.0,Model A,2016,90 years 08 months,565000.0
2024-11-01,CHOA CHU KANG,4 ROOM,484,CHOA CHU KANG AVE 5,13 TO 15,102.0,Model A,1999,73 years 07 months,540000.0
2024-11-01,CHOA CHU KANG,4 ROOM,812C,CHOA CHU KANG AVE 7,01 TO 03,93.0,Model A,2017,92 years 01 month,580000.0
2024-11-01,CHOA CHU KANG,4 ROOM,811B,CHOA CHU KANG AVE 7,01 TO 03,93.0,Model A,2017,92 years 01 month,560000.0
2024-11-01,CHOA CHU KANG,4 ROOM,685A,CHOA CHU KANG CRES,07 TO 09,90.0,Model A,2002,77 years,505000.0
2024-11-01,CHOA CHU KANG,4 ROOM,659,CHOA CHU KANG CRES,04 TO 06,103.0,Premium Apartment,1999,73 years 06 months,505000.0
2024-11-01,CHOA CHU KANG,4 ROOM,692B,CHOA CHU KANG CRES,16 TO 18,90.0,Model A,2003,77 years 04 months,530000.0
2024-11-01,CHOA CHU KANG,4 ROOM,683B,CHOA CHU KANG CRES,01 TO 03,91.0,Model A,2002,76 years 10 months,470000.0
2024-11-01,CHOA CHU KANG,4 ROOM,683C,CHOA CHU KANG CRES,01 TO 03,91.0,Model A,2002,76 years 10 months,505000.0
2024-11-01,CHOA CHU KANG,4 ROOM,230,CHOA CHU KANG CTRL,04 TO 06,110.0,Model A,1990,64 years 09 months,582000.0
2024-11-01,CHOA CHU KANG,4 ROOM,236,CHOA CHU KANG CTRL,01 TO 03,104.0,Model A,1989,63 years 06 months,530000.0
2024-11-01,CHOA CHU KANG,4 ROOM,688A,CHOA CHU KANG DR,16 TO 18,90.0,Model A,2002,76 years 05 months,528000.0
2024-11-01,CHOA CHU KANG,4 ROOM,635,CHOA CHU KANG NTH 6,01 TO 03,113.0,Premium Apartment,1998,72 years 04 months,578000.0
2024-11-01,CHOA CHU KANG,4 ROOM,635,CHOA CHU KANG NTH 6,04 TO 06,113.0,Premium Apartment,1998,72 years 03 months,620000.0
2024-11-01,CHOA CHU KANG,4 ROOM,636,CHOA CHU KANG NTH 6,04 TO 06,113.0,Premium Apartment,1998,72 years 03 months,610000.0
2024-11-01,CHOA CHU KANG,4 ROOM,704,CHOA CHU KANG ST 53,04 TO 06,109.0,Model A,1995,69 years 08 months,531000.0
2024-11-01,CHOA CHU KANG,4 ROOM,152,JLN TECK WHYE,04 TO 06,101.0,Model A,1998,72 years 04 months,530000.0
2024-11-01,CHOA CHU KANG,4 ROOM,157,JLN TECK WHYE,07 TO 09,91.0,Model A2,1998,72 years 03 months,528888.0
2024-11-01,CHOA CHU KANG,4 ROOM,803B,KEAT HONG CL,07 TO 09,93.0,Model A,2017,91 years 08 months,570000.0
2024-11-01,CHOA CHU KANG,4 ROOM,801B,KEAT HONG CL,01 TO 03,92.0,Model A,2018,92 years 04 months,553000.0
2024-11-01,CHOA CHU KANG,4 ROOM,801B,KEAT HONG CL,01 TO 03,92.0,Model A,2018,92 years 04 months,545000.0
2024-11-01,CHOA CHU KANG,4 ROOM,805A,KEAT HONG CL,04 TO 06,93.0,Model A,2017,91 years 07 months,558000.0
2024-11-01,CHOA CHU KANG,4 ROOM,804A,KEAT HONG CL,01 TO 03,93.0,Model A,2017,91 years 07 months,570000.0
2024-11-01,CHOA CHU KANG,4 ROOM,805A,KEAT HONG CL,16 TO 18,93.0,Model A,2017,91 years 07 months,599999.0
2024-11-01,CHOA CHU KANG,4 ROOM,8,TECK WHYE AVE,13 TO 15,92.0,New Generation,1978,52 years 07 months,450000.0
2024-11-01,CHOA CHU KANG,4 ROOM,105,TECK WHYE LANE,04 TO 06,107.0,Model A,1989,63 years 11 months,530000.0
2024-11-01,CHOA CHU KANG,4 ROOM,116,TECK WHYE LANE,04 TO 06,106.0,Model A,1988,63 years 02 months,540000.0
2024-11-01,CHOA CHU KANG,5 ROOM,809A,CHOA CHU KANG AVE 1,04 TO 06,112.0,Improved,2017,91 years 07 months,628000.0
2024-11-01,CHOA CHU KANG,5 ROOM,277,CHOA CHU KANG AVE 2,07 TO 09,122.0,Improved,1993,67 years 08 months,711000.0
2024-11-01,CHOA CHU KANG,5 ROOM,417,CHOA CHU KANG AVE 4,10 TO 12,127.0,Improved,1993,67 years 09 months,695000.0
2024-11-01,CHOA CHU KANG,5 ROOM,418,CHOA CHU KANG AVE 4,01 TO 03,122.0,Improved,1993,67 years 07 months,600000.0
2024-11-01,CHOA CHU KANG,5 ROOM,446,CHOA CHU KANG AVE 4,07 TO 09,120.0,Improved,1997,71 years 06 months,625000.0
2024-11-01,CHOA CHU KANG,5 ROOM,458,CHOA CHU KANG AVE 4,04 TO 06,123.0,Premium Apartment,2000,74 years 05 months,590000.0
2024-11-01,CHOA CHU KANG,5 ROOM,490D,CHOA CHU KANG AVE 5,04 TO 06,113.0,Improved,2016,90 years 08 months,653888.0
2024-11-01,CHOA CHU KANG,5 ROOM,487A,CHOA CHU KANG AVE 5,04 TO 06,113.0,Improved,2016,90 years 08 months,662000.0
2024-11-01,CHOA CHU KANG,5 ROOM,487C,CHOA CHU KANG AVE 5,13 TO 15,113.0,Improved,2016,90 years 08 months,700000.0
2024-11-01,CHOA CHU KANG,5 ROOM,810B,CHOA CHU KANG AVE 7,16 TO 18,113.0,Improved,2017,92 years 01 month,755000.0
2024-11-01,CHOA CHU KANG,5 ROOM,815B,CHOA CHU KANG AVE 7,10 TO 12,113.0,Improved,2017,91 years 05 months,743000.0
2024-11-01,CHOA CHU KANG,5 ROOM,812C,CHOA CHU KANG AVE 7,01 TO 03,113.0,Improved,2017,92 years 01 month,660000.0
2024-11-01,CHOA CHU KANG,5 ROOM,678,CHOA CHU KANG CRES,07 TO 09,123.0,Premium Apartment,1999,74 years 02 months,618000.0
2024-11-01,CHOA CHU KANG,5 ROOM,690A,CHOA CHU KANG CRES,13 TO 15,110.0,Improved,2003,77 years 08 months,610000.0
2024-11-01,CHOA CHU KANG,5 ROOM,686D,CHOA CHU KANG CRES,16 TO 18,110.0,Improved,2002,77 years,568888.0
2024-11-01,CHOA CHU KANG,5 ROOM,683B,CHOA CHU KANG CRES,07 TO 09,110.0,Improved,2002,76 years 10 months,580000.0
2024-11-01,CHOA CHU KANG,5 ROOM,684B,CHOA CHU KANG CRES,01 TO 03,110.0,Improved,2002,77 years,530000.0
2024-11-01,CHOA CHU KANG,5 ROOM,692B,CHOA CHU KANG CRES,19 TO 21,110.0,Improved,2003,77 years 04 months,598000.0
2024-11-01,CHOA CHU KANG,5 ROOM,688B,CHOA CHU KANG DR,01 TO 03,110.0,Improved,2002,76 years 05 months,500000.0
2024-11-01,CHOA CHU KANG,5 ROOM,689B,CHOA CHU KANG DR,16 TO 18,110.0,Improved,2002,76 years 06 months,600000.0
2024-11-01,CHOA CHU KANG,5 ROOM,788,CHOA CHU KANG NTH 6,01 TO 03,129.0,Improved,1997,71 years 03 months,600000.0
2024-11-01,CHOA CHU KANG,5 ROOM,562,CHOA CHU KANG ST 52,04 TO 06,129.0,Improved,1995,69 years 08 months,675000.0
2024-11-01,CHOA CHU KANG,5 ROOM,703,CHOA CHU KANG ST 53,01 TO 03,121.0,Improved,1995,69 years 07 months,640000.0
2024-11-01,CHOA CHU KANG,5 ROOM,625,CHOA CHU KANG ST 62,10 TO 12,121.0,Improved,1997,71 years 08 months,735000.0
2024-11-01,CHOA CHU KANG,5 ROOM,642,CHOA CHU KANG ST 64,07 TO 09,123.0,Premium Apartment,1998,72 years 03 months,720000.0
2024-11-01,CHOA CHU KANG,5 ROOM,802B,KEAT HONG CL,07 TO 09,113.0,Improved,2018,92 years 05 months,665000.0
2024-11-01,CHOA CHU KANG,5 ROOM,805D,KEAT HONG CL,01 TO 03,113.0,Improved,2017,91 years 08 months,635000.0
2024-11-01,CHOA CHU KANG,5 ROOM,802A,KEAT HONG CL,07 TO 09,113.0,Improved,2018,92 years 04 months,660000.0
2024-11-01,CHOA CHU KANG,5 ROOM,801A,KEAT HONG CL,01 TO 03,113.0,Improved,2018,92 years 04 months,658000.0
2024-11-01,CHOA CHU KANG,5 ROOM,817A,KEAT HONG LINK,04 TO 06,112.0,Improved,2017,91 years 11 months,705000.0
2024-11-01,CHOA CHU KANG,5 ROOM,13,TECK WHYE LANE,07 TO 09,119.0,Improved,1979,53 years 03 months,535000.0
2024-11-01,CHOA CHU KANG,EXECUTIVE,296B,CHOA CHU KANG AVE 2,07 TO 09,141.0,Premium Apartment,1999,73 years 10 months,780000.0
2024-11-01,CHOA CHU KANG,EXECUTIVE,461,CHOA CHU KANG AVE 4,07 TO 09,142.0,Premium Apartment,2000,74 years 06 months,765000.0
2024-11-01,CHOA CHU KANG,EXECUTIVE,436,CHOA CHU KANG AVE 4,01 TO 03,148.0,Apartment,1993,67 years 08 months,735000.0
2024-11-01,CHOA CHU KANG,EXECUTIVE,674,CHOA CHU KANG CRES,07 TO 09,141.0,Premium Apartment,1999,74 years,745000.0
2024-11-01,CHOA CHU KANG,EXECUTIVE,208,CHOA CHU KANG CTRL,01 TO 03,146.0,Maisonette,1989,63 years 11 months,780000.0
2024-11-01,CHOA CHU KANG,EXECUTIVE,214,CHOA CHU KANG CTRL,13 TO 15,142.0,Apartment,1990,64 years 05 months,835000.0
2024-11-01,CHOA CHU KANG,EXECUTIVE,755,CHOA CHU KANG NTH 5,07 TO 09,151.0,Apartment,1995,69 years 10 months,888000.0
2024-11-01,CHOA CHU KANG,EXECUTIVE,759,CHOA CHU KANG NTH 5,04 TO 06,146.0,Maisonette,1995,69 years 10 months,898000.0
2024-11-01,CHOA CHU KANG,EXECUTIVE,755,CHOA CHU KANG NTH 5,07 TO 09,152.0,Apartment,1995,69 years 10 months,850000.0
2024-11-01,CHOA CHU KANG,EXECUTIVE,108,TECK WHYE LANE,10 TO 12,154.0,Maisonette,1989,63 years 06 months,895000.0
2024-11-01,CLEMENTI,3 ROOM,421,CLEMENTI AVE 1,01 TO 03,73.0,Model A,2013,87 years 11 months,616888.0
2024-11-01,CLEMENTI,3 ROOM,334,CLEMENTI AVE 2,07 TO 09,67.0,New Generation,1978,52 years 09 months,443000.0
2024-11-01,CLEMENTI,3 ROOM,426,CLEMENTI AVE 3,01 TO 03,67.0,New Generation,1978,52 years 08 months,385000.0
2024-11-01,CLEMENTI,3 ROOM,435,CLEMENTI AVE 3,04 TO 06,67.0,New Generation,1978,53 years 02 months,480000.0
2024-11-01,CLEMENTI,3 ROOM,429,CLEMENTI AVE 3,04 TO 06,82.0,New Generation,1978,52 years 07 months,510000.0
2024-11-01,CLEMENTI,3 ROOM,434,CLEMENTI AVE 3,01 TO 03,67.0,New Generation,1978,53 years 02 months,395000.0
2024-11-01,CLEMENTI,3 ROOM,440B,CLEMENTI AVE 3,16 TO 18,69.0,Model A,2018,92 years 10 months,775000.0
2024-11-01,CLEMENTI,3 ROOM,309,CLEMENTI AVE 4,04 TO 06,67.0,New Generation,1980,54 years 03 months,438000.0
2024-11-01,CLEMENTI,3 ROOM,371,CLEMENTI AVE 4,10 TO 12,68.0,New Generation,1981,55 years 11 months,450000.0
2024-11-01,CLEMENTI,3 ROOM,343,CLEMENTI AVE 5,10 TO 12,67.0,New Generation,1979,54 years 01 month,408000.0
2024-11-01,CLEMENTI,3 ROOM,208B,CLEMENTI AVE 6,22 TO 24,68.0,Model A,2017,92 years,650000.0
2024-11-01,CLEMENTI,3 ROOM,602,CLEMENTI WEST ST 1,01 TO 03,67.0,New Generation,1979,54 years 02 months,392000.0
2024-11-01,CLEMENTI,3 ROOM,602,CLEMENTI WEST ST 1,01 TO 03,67.0,New Generation,1979,54 years 01 month,360000.0
2024-11-01,CLEMENTI,3 ROOM,612,CLEMENTI WEST ST 1,10 TO 12,74.0,Model A,1983,58 years 02 months,448000.0
2024-11-01,CLEMENTI,3 ROOM,715,CLEMENTI WEST ST 2,04 TO 06,68.0,New Generation,1981,56 years,373000.0
2024-11-01,CLEMENTI,3 ROOM,510,WEST COAST DR,07 TO 09,82.0,New Generation,1978,52 years 03 months,450000.0
2024-11-01,CLEMENTI,4 ROOM,420,CLEMENTI AVE 1,34 TO 36,96.0,Model A,2013,87 years 11 months,1000000.0
2024-11-01,CLEMENTI,4 ROOM,335,CLEMENTI AVE 2,10 TO 12,92.0,New Generation,1978,53 years 01 month,615000.0
2024-11-01,CLEMENTI,4 ROOM,441B,CLEMENTI AVE 3,10 TO 12,87.0,Model A,2012,86 years 10 months,990000.0
2024-11-01,CLEMENTI,4 ROOM,441B,CLEMENTI AVE 3,25 TO 27,87.0,Model A,2012,86 years 09 months,1118000.0
2024-11-01,CLEMENTI,4 ROOM,310,CLEMENTI AVE 4,10 TO 12,92.0,New Generation,1980,54 years 04 months,590000.0
2024-11-01,CLEMENTI,4 ROOM,311C,CLEMENTI AVE 4,28 TO 30,82.0,DBSS,2014,89 years 02 months,976666.0
2024-11-01,CLEMENTI,4 ROOM,311A,CLEMENTI AVE 4,28 TO 30,80.0,DBSS,2014,89 years 02 months,954000.0
2024-11-01,CLEMENTI,4 ROOM,312A,CLEMENTI AVE 4,25 TO 27,93.0,Model A,2017,91 years 10 months,1128000.0
2024-11-01,CLEMENTI,4 ROOM,117,CLEMENTI ST 13,13 TO 15,108.0,Model A,1984,59 years 01 month,800000.0
2024-11-01,CLEMENTI,4 ROOM,113,CLEMENTI ST 13,01 TO 03,104.0,Model A,1984,59 years,720000.0
2024-11-01,CLEMENTI,4 ROOM,609,CLEMENTI WEST ST 1,04 TO 06,92.0,New Generation,1979,54 years 01 month,482000.0
2024-11-01,CLEMENTI,5 ROOM,416,CLEMENTI AVE 1,19 TO 21,118.0,Improved,2013,88 years,1155000.0
2024-11-01,CLEMENTI,5 ROOM,425,CLEMENTI AVE 1,13 TO 15,118.0,Improved,2013,87 years 11 months,1120000.0
2024-11-01,CLEMENTI,5 ROOM,357,CLEMENTI AVE 2,10 TO 12,117.0,Standard,1978,52 years 05 months,860000.0
2024-11-01,CLEMENTI,5 ROOM,355,CLEMENTI AVE 2,01 TO 03,117.0,Standard,1978,52 years 05 months,715000.0
2024-11-01,CLEMENTI,5 ROOM,356,CLEMENTI AVE 2,22 TO 24,117.0,Standard,1978,52 years 05 months,820000.0
2024-11-01,CLEMENTI,5 ROOM,459,CLEMENTI AVE 3,04 TO 06,110.0,Improved,2002,77 years 02 months,920000.0
2024-11-01,GEYLANG,2 ROOM,66,CIRCUIT RD,01 TO 03,44.0,Standard,1967,41 years 04 months,270000.0
2024-11-01,GEYLANG,2 ROOM,72,CIRCUIT RD,04 TO 06,42.0,Standard,1969,43 years 03 months,268000.0
2024-11-01,GEYLANG,3 ROOM,97,ALJUNIED CRES,07 TO 09,65.0,Improved,1975,49 years 10 months,400000.0
2024-11-01,GEYLANG,3 ROOM,106,ALJUNIED CRES,01 TO 03,67.0,New Generation,1979,53 years 03 months,380000.0
2024-11-01,GEYLANG,3 ROOM,21,BALAM RD,04 TO 06,60.3,Standard,1967,41 years 03 months,350000.0
2024-11-01,GEYLANG,3 ROOM,49,CIRCUIT RD,04 TO 06,56.0,Standard,1969,43 years 04 months,357000.0
2024-11-01,GEYLANG,3 ROOM,83A,CIRCUIT RD,04 TO 06,68.0,Model A,2020,94 years 08 months,685000.0
2024-11-01,GEYLANG,3 ROOM,67,CIRCUIT RD,04 TO 06,61.0,Standard,1969,43 years 04 months,350000.0
2024-11-01,GEYLANG,3 ROOM,18D,CIRCUIT RD,16 TO 18,67.0,Model A,2016,91 years 01 month,725000.0
2024-11-01,GEYLANG,3 ROOM,82B,CIRCUIT RD,16 TO 18,68.0,Model A,2020,94 years 07 months,738000.0
2024-11-01,GEYLANG,3 ROOM,83B,CIRCUIT RD,10 TO 12,68.0,Model A,2020,94 years 07 months,728888.0
2024-11-01,GEYLANG,3 ROOM,37,CIRCUIT RD,07 TO 09,58.0,Standard,1972,47 years 01 month,327000.0
2024-11-01,GEYLANG,3 ROOM,57,CIRCUIT RD,01 TO 03,56.0,Standard,1969,43 years 03 months,323000.0
2024-11-01,GEYLANG,3 ROOM,82A,CIRCUIT RD,04 TO 06,68.0,Model A,2020,94 years 07 months,725000.0
2024-11-01,GEYLANG,3 ROOM,59,CIRCUIT RD,04 TO 06,60.0,Standard,1969,43 years 03 months,360000.0
2024-11-01,GEYLANG,3 ROOM,44,CIRCUIT RD,04 TO 06,52.0,Standard,1971,45 years 03 months,340000.0
2024-11-01,GEYLANG,3 ROOM,40,CIRCUIT RD,01 TO 03,57.0,Standard,1971,45 years 03 months,330000.0
2024-11-01,GEYLANG,3 ROOM,82B,CIRCUIT RD,10 TO 12,68.0,Model A,2020,94 years 07 months,790000.0
2024-11-01,GEYLANG,3 ROOM,18C,CIRCUIT RD,04 TO 06,67.0,Model A,2016,91 years 01 month,720000.0
2024-11-01,GEYLANG,3 ROOM,19,EUNOS CRES,07 TO 09,65.0,Improved,1977,51 years 08 months,385000.0
2024-11-01,GEYLANG,3 ROOM,21,EUNOS CRES,07 TO 09,66.0,Improved,1982,56 years 03 months,430000.0
2024-11-01,GEYLANG,3 ROOM,21,EUNOS CRES,04 TO 06,66.0,Improved,1982,56 years 04 months,370000.0
2024-11-01,GEYLANG,3 ROOM,33,EUNOS CRES,10 TO 12,60.0,Model A,2007,81 years 03 months,650000.0
2024-11-01,GEYLANG,3 ROOM,1,HAIG RD,07 TO 09,59.0,Improved,1982,57 years 01 month,428000.0
2024-11-01,GEYLANG,3 ROOM,99,OLD AIRPORT RD,04 TO 06,56.0,Standard,1969,43 years 03 months,342000.0
2024-11-01,GEYLANG,3 ROOM,95,OLD AIRPORT RD,01 TO 03,56.0,Standard,1969,43 years 03 months,325000.0
2024-11-01,GEYLANG,3 ROOM,301,UBI AVE 1,01 TO 03,63.0,Simplified,2000,74 years 07 months,425888.0
2024-11-01,GEYLANG,3 ROOM,301,UBI AVE 1,04 TO 06,64.0,Simplified,2000,74 years 07 months,465000.0
2024-11-01,GEYLANG,4 ROOM,31,BALAM RD,13 TO 15,97.0,New Generation,1985,59 years 07 months,700000.0
2024-11-01,GEYLANG,4 ROOM,56,CASSIA CRES,16 TO 18,102.0,Model A,1998,72 years 04 months,925000.0
2024-11-01,GEYLANG,4 ROOM,18A,CIRCUIT RD,13 TO 15,93.0,Model A,2016,91 years 01 month,995000.0
2024-11-01,GEYLANG,4 ROOM,17B,CIRCUIT RD,16 TO 18,93.0,Model A,2016,91 years 01 month,1000000.0
2024-11-01,GEYLANG,4 ROOM,82B,CIRCUIT RD,16 TO 18,93.0,Model A,2020,94 years 07 months,1020000.0
2024-11-01,GEYLANG,4 ROOM,82A,CIRCUIT RD,04 TO 06,93.0,Model A,2020,94 years 07 months,963000.0
2024-11-01,GEYLANG,4 ROOM,82A,CIRCUIT RD,10 TO 12,93.0,Model A,2020,94 years 07 months,998000.0
2024-11-01,GEYLANG,4 ROOM,82A,CIRCUIT RD,10 TO 12,93.0,Model A,2020,94 years 07 months,1002888.0
2024-11-01,GEYLANG,4 ROOM,82B,CIRCUIT RD,07 TO 09,93.0,Model A,2020,94 years 07 months,995000.0
2024-11-01,GEYLANG,4 ROOM,18C,CIRCUIT RD,07 TO 09,93.0,Model A,2016,91 years 01 month,961000.0
2024-11-01,GEYLANG,4 ROOM,32,EUNOS CRES,13 TO 15,90.0,Model A,2007,81 years 04 months,920888.0
2024-11-01,GEYLANG,4 ROOM,412,EUNOS RD 5,01 TO 03,104.0,Model A,1992,66 years 10 months,760000.0
2024-11-01,GEYLANG,4 ROOM,126,GEYLANG EAST AVE 1,10 TO 12,104.0,Model A,1983,58 years 02 months,808000.0
2024-11-01,GEYLANG,4 ROOM,11,HAIG RD,10 TO 12,92.0,New Generation,1976,50 years 09 months,635000.0
2024-11-01,GEYLANG,4 ROOM,45,JLN TIGA,13 TO 15,93.0,Model A,2005,79 years 07 months,955000.0
2024-11-01,GEYLANG,4 ROOM,121,PAYA LEBAR WAY,07 TO 09,92.0,New Generation,1980,54 years 10 months,530000.0
2024-11-01,GEYLANG,4 ROOM,55,PIPIT RD,07 TO 09,102.0,Model A,1997,72 years 02 months,800000.0
2024-11-01,GEYLANG,4 ROOM,54,PIPIT RD,04 TO 06,91.0,New Generation,1985,59 years 05 months,640000.0
2024-11-01,GEYLANG,4 ROOM,349,UBI AVE 1,10 TO 12,104.0,Model A,1986,60 years 04 months,645000.0
2024-11-01,GEYLANG,4 ROOM,323,UBI AVE 1,04 TO 06,90.0,Simplified,1985,59 years 08 months,550000.0
2024-11-01,GEYLANG,4 ROOM,320,UBI AVE 1,07 TO 09,84.0,Simplified,1985,59 years 08 months,545000.0
2024-11-01,GEYLANG,4 ROOM,316,UBI AVE 1,04 TO 06,89.0,Simplified,1985,59 years 11 months,598000.0
2024-11-01,GEYLANG,4 ROOM,319,UBI AVE 1,01 TO 03,84.0,Simplified,1985,59 years 08 months,540000.0
2024-11-01,GEYLANG,5 ROOM,110,ALJUNIED CRES,07 TO 09,121.0,Improved,1980,54 years 10 months,839800.0
2024-11-01,GEYLANG,5 ROOM,105,ALJUNIED CRES,04 TO 06,123.0,Improved,1979,53 years 03 months,775000.0
2024-11-01,GEYLANG,5 ROOM,22,EUNOS CRES,07 TO 09,123.0,Standard,1977,51 years 07 months,610000.0
2024-11-01,GEYLANG,5 ROOM,417,EUNOS RD 5,01 TO 03,140.0,Model A-Maisonette,1984,59 years 01 month,950000.0
2024-11-01,GEYLANG,EXECUTIVE,326,UBI AVE 1,10 TO 12,146.0,Maisonette,1986,60 years 06 months,970000.0
2024-11-01,GEYLANG,EXECUTIVE,333,UBI AVE 1,13 TO 15,146.0,Maisonette,1986,60 years 07 months,1060000.0
2024-11-01,HOUGANG,2 ROOM,998A,BUANGKOK CRES,13 TO 15,38.0,Model A,2019,94 years 03 months,345000.0
2024-11-01,HOUGANG,2 ROOM,995B,BUANGKOK CRES,07 TO 09,47.0,Model A,2019,93 years 11 months,355000.0
2024-11-01,HOUGANG,2 ROOM,986B,BUANGKOK CRES,13 TO 15,47.0,Model A,2012,86 years 07 months,365000.0
2024-11-01,HOUGANG,2 ROOM,998A,BUANGKOK CRES,07 TO 09,47.0,Model A,2019,94 years 02 months,375888.0
2024-11-01,HOUGANG,2 ROOM,991A,BUANGKOK LINK,04 TO 06,47.0,Model A,2019,93 years 08 months,371500.0
2024-11-01,HOUGANG,3 ROOM,995A,BUANGKOK CRES,16 TO 18,68.0,Model A,2019,94 years,562000.0
2024-11-01,HOUGANG,3 ROOM,114,HOUGANG AVE 1,10 TO 12,73.0,New Generation,1982,56 years 05 months,458000.0
2024-11-01,HOUGANG,3 ROOM,174A,HOUGANG AVE 1,07 TO 09,66.0,Model A,2014,88 years 03 months,493000.0
2024-11-01,HOUGANG,3 ROOM,113,HOUGANG AVE 1,04 TO 06,66.0,New Generation,1982,56 years 04 months,405000.0
2024-11-01,HOUGANG,3 ROOM,115,HOUGANG AVE 1,01 TO 03,67.0,New Generation,1981,55 years 11 months,420000.0
2024-11-01,HOUGANG,3 ROOM,6,HOUGANG AVE 3,04 TO 06,59.0,Improved,1975,49 years 10 months,345000.0
2024-11-01,HOUGANG,3 ROOM,20,HOUGANG AVE 3,04 TO 06,73.0,New Generation,1978,52 years 08 months,410000.0
2024-11-01,HOUGANG,3 ROOM,22,HOUGANG AVE 3,07 TO 09,73.0,New Generation,1978,52 years 08 months,418000.0
2024-11-01,HOUGANG,3 ROOM,22,HOUGANG AVE 3,10 TO 12,73.0,New Generation,1978,52 years 07 months,430000.0
2024-11-01,HOUGANG,3 ROOM,2,HOUGANG AVE 3,10 TO 12,59.0,Improved,1975,49 years 09 months,300000.0
2024-11-01,HOUGANG,3 ROOM,661,HOUGANG AVE 4,01 TO 03,74.0,Model A,1987,61 years 06 months,450000.0
2024-11-01,HOUGANG,3 ROOM,313,HOUGANG AVE 5,01 TO 03,71.0,Improved,1993,67 years 06 months,418000.0
2024-11-01,HOUGANG,3 ROOM,528,HOUGANG AVE 6,04 TO 06,74.0,Model A,1987,62 years 01 month,448000.0
2024-11-01,HOUGANG,3 ROOM,619,HOUGANG AVE 8,07 TO 09,60.0,Improved,1985,59 years 11 months,390000.0
2024-11-01,HOUGANG,3 ROOM,632,HOUGANG AVE 8,04 TO 06,64.0,Simplified,1986,60 years 08 months,405000.0
2024-11-01,HOUGANG,3 ROOM,620,HOUGANG AVE 8,10 TO 12,60.0,Improved,1985,59 years 10 months,395000.0
2024-11-01,HOUGANG,3 ROOM,241,HOUGANG ST 22,04 TO 06,74.0,Model A,1985,59 years 06 months,440000.0
2024-11-01,HOUGANG,3 ROOM,240,HOUGANG ST 22,13 TO 15,74.0,Model A,1984,59 years,465000.0
2024-11-01,HOUGANG,3 ROOM,475A,UPP SERANGOON CRES,07 TO 09,67.0,DBSS,2014,89 years 01 month,575000.0
2024-11-01,HOUGANG,3 ROOM,364A,UPP SERANGOON RD,04 TO 06,67.0,Model A,2018,92 years 05 months,553700.0
2024-11-01,HOUGANG,4 ROOM,996B,BUANGKOK CRES,04 TO 06,92.0,Model A,2019,94 years,626000.0
2024-11-01,HOUGANG,4 ROOM,998B,BUANGKOK CRES,13 TO 15,94.0,Model A,2019,94 years 03 months,665000.0
2024-11-01,HOUGANG,4 ROOM,996A,BUANGKOK CRES,01 TO 03,93.0,Model A,2019,93 years 11 months,600000.0
2024-11-01,HOUGANG,4 ROOM,996A,BUANGKOK CRES,04 TO 06,93.0,Model A,2019,93 years 11 months,618000.0
2024-11-01,HOUGANG,4 ROOM,996B,BUANGKOK CRES,01 TO 03,93.0,Model A,2019,93 years 11 months,590000.0
2024-11-01,HOUGANG,4 ROOM,999B,BUANGKOK CRES,10 TO 12,93.0,Model A,2019,94 years 02 months,680000.0
2024-11-01,HOUGANG,4 ROOM,978C,BUANGKOK CRES,10 TO 12,90.0,Model A,2003,77 years 09 months,572000.0
2024-11-01,HOUGANG,4 ROOM,987A,BUANGKOK GREEN,13 TO 15,93.0,Model A,2015,89 years 04 months,680800.0
2024-11-01,HOUGANG,4 ROOM,988B,BUANGKOK GREEN,01 TO 03,93.0,Model A,2015,89 years 04 months,580000.0
2024-11-01,HOUGANG,4 ROOM,984C,BUANGKOK LINK,01 TO 03,90.0,Model A,2004,78 years 06 months,530000.0
2024-11-01,HOUGANG,4 ROOM,516,HOUGANG AVE 10,04 TO 06,84.0,Simplified,1986,60 years 10 months,508000.0
2024-11-01,HOUGANG,4 ROOM,416,HOUGANG AVE 10,07 TO 09,97.0,New Generation,1985,60 years,610000.0
2024-11-01,HOUGANG,4 ROOM,515,HOUGANG AVE 10,01 TO 03,84.0,Simplified,1986,60 years 11 months,510000.0
2024-11-01,HOUGANG,4 ROOM,18,HOUGANG AVE 3,04 TO 06,92.0,New Generation,1978,52 years 07 months,548000.0
2024-11-01,HOUGANG,4 ROOM,15,HOUGANG AVE 3,04 TO 06,82.0,Improved,1975,50 years 01 month,450000.0
2024-11-01,HOUGANG,4 ROOM,665,HOUGANG AVE 4,10 TO 12,104.0,Model A,1988,63 years 02 months,630000.0
2024-11-01,HOUGANG,4 ROOM,667,HOUGANG AVE 4,10 TO 12,103.0,Model A,1987,61 years 08 months,610000.0
2024-11-01,HOUGANG,4 ROOM,605,HOUGANG AVE 4,04 TO 06,84.0,Simplified,1985,60 years,518000.0
2024-11-01,HOUGANG,4 ROOM,334,HOUGANG AVE 5,07 TO 09,104.0,Model A,1983,57 years 05 months,580000.0
2024-11-01,HOUGANG,4 ROOM,324,HOUGANG AVE 5,04 TO 06,104.0,Model A,1983,57 years 06 months,628888.0
2024-11-01,HOUGANG,4 ROOM,532,HOUGANG AVE 6,10 TO 12,84.0,Simplified,1987,62 years 02 months,545000.0
2024-11-01,HOUGANG,4 ROOM,526,HOUGANG AVE 6,07 TO 09,84.0,Simplified,1988,62 years 05 months,588000.0
2024-11-01,HOUGANG,4 ROOM,521,HOUGANG AVE 6,10 TO 12,103.0,Model A,1987,61 years 11 months,698000.0
2024-11-01,HOUGANG,4 ROOM,326,HOUGANG AVE 7,10 TO 12,104.0,Model A,1983,57 years 07 months,570000.0
2024-11-01,HOUGANG,4 ROOM,544,HOUGANG AVE 8,16 TO 18,104.0,Model A,1992,67 years,750000.0
2024-11-01,HOUGANG,4 ROOM,613,HOUGANG AVE 8,10 TO 12,104.0,Model A,1986,60 years 08 months,595000.0
2024-11-01,HOUGANG,4 ROOM,541,HOUGANG AVE 8,10 TO 12,104.0,Model A,1989,64 years 01 month,620000.0
2024-11-01,HOUGANG,4 ROOM,503,HOUGANG AVE 8,04 TO 06,84.0,Simplified,1987,61 years 08 months,528888.0
2024-11-01,HOUGANG,4 ROOM,635,HOUGANG AVE 8,07 TO 09,84.0,Simplified,1987,61 years 10 months,530000.0
2024-11-01,HOUGANG,4 ROOM,503,HOUGANG AVE 8,07 TO 09,84.0,Simplified,1987,61 years 08 months,535000.0
2024-11-01,HOUGANG,4 ROOM,611,HOUGANG AVE 8,07 TO 09,84.0,Simplified,1986,60 years 03 months,532000.0
2024-11-01,HOUGANG,4 ROOM,660,HOUGANG AVE 8,04 TO 06,107.0,Model A,1987,61 years 08 months,680000.0
2024-11-01,HOUGANG,4 ROOM,437,HOUGANG AVE 8,13 TO 15,113.0,Model A,1991,65 years 06 months,680000.0
2024-11-01,HOUGANG,4 ROOM,506,HOUGANG AVE 8,07 TO 09,84.0,Simplified,1987,61 years 05 months,520000.0
2024-11-01,HOUGANG,4 ROOM,932B,HOUGANG AVE 9,10 TO 12,92.0,Model A,2017,92 years 01 month,755000.0
2024-11-01,HOUGANG,4 ROOM,835,HOUGANG CTRL,19 TO 21,104.0,Model A,1992,66 years 11 months,770000.0
2024-11-01,HOUGANG,4 ROOM,161,HOUGANG ST 11,07 TO 09,103.0,Model A,1997,72 years 03 months,700888.0
2024-11-01,HOUGANG,4 ROOM,373,HOUGANG ST 31,01 TO 03,102.0,Model A,2000,74 years 03 months,655000.0
2024-11-01,HOUGANG,4 ROOM,547,HOUGANG ST 51,01 TO 03,103.0,Model A,1992,67 years,585000.0
2024-11-01,HOUGANG,4 ROOM,572,HOUGANG ST 51,01 TO 03,101.0,Model A,1997,71 years 04 months,555000.0
2024-11-01,HOUGANG,4 ROOM,574,HOUGANG ST 51,07 TO 09,98.0,Model A,1997,71 years 07 months,615000.0
2024-11-01,HOUGANG,4 ROOM,697,HOUGANG ST 61,01 TO 03,84.0,Simplified,1987,61 years 08 months,505000.0
2024-11-01,HOUGANG,4 ROOM,693,HOUGANG ST 61,07 TO 09,84.0,Simplified,1987,61 years 08 months,500000.0
2024-11-01,HOUGANG,4 ROOM,910,HOUGANG ST 91,04 TO 06,94.0,Model A2,1997,72 years 02 months,530000.0
2024-11-01,HOUGANG,4 ROOM,910,HOUGANG ST 91,04 TO 06,90.0,Model A2,1997,72 years 01 month,540000.0
2024-11-01,HOUGANG,4 ROOM,130,LOR AH SOO,07 TO 09,103.0,Model A,1984,58 years 04 months,615000.0
2024-11-01,HOUGANG,4 ROOM,137,LOR AH SOO,10 TO 12,113.0,Model A,1985,59 years 06 months,638000.0
2024-11-01,HOUGANG,4 ROOM,137,LOR AH SOO,10 TO 12,104.0,Model A,1985,59 years 06 months,600000.0
2024-11-01,HOUGANG,4 ROOM,470B,UPP SERANGOON CRES,13 TO 15,93.0,Model A,2015,89 years 07 months,710000.0
2024-11-01,HOUGANG,4 ROOM,475D,UPP SERANGOON CRES,07 TO 09,92.0,DBSS,2014,88 years 11 months,790000.0
2024-11-01,HOUGANG,4 ROOM,476C,UPP SERANGOON VIEW,04 TO 06,92.0,Premium Apartment,2016,90 years 05 months,728000.0
2024-11-01,HOUGANG,4 ROOM,476A,UPP SERANGOON VIEW,10 TO 12,95.0,Premium Apartment,2016,90 years 05 months,800000.0
2024-11-01,HOUGANG,5 ROOM,997C,BUANGKOK CRES,04 TO 06,113.0,Improved,2018,93 years 02 months,720000.0
2024-11-01,HOUGANG,5 ROOM,997C,BUANGKOK CRES,13 TO 15,113.0,Improved,2018,93 years 01 month,808000.0
2024-11-01,HOUGANG,5 ROOM,238,HOUGANG AVE 1,07 TO 09,138.0,Model A-Maisonette,1984,58 years 10 months,975000.0
2024-11-01,HOUGANG,5 ROOM,167,HOUGANG AVE 1,04 TO 06,123.0,Improved,1997,72 years,763888.0
2024-11-01,HOUGANG,5 ROOM,421,HOUGANG AVE 10,13 TO 15,122.0,Improved,1989,63 years 09 months,780000.0
2024-11-01,HOUGANG,5 ROOM,512,HOUGANG AVE 10,01 TO 03,121.0,Improved,1987,61 years 07 months,698000.0
2024-11-01,HOUGANG,5 ROOM,463,HOUGANG AVE 10,16 TO 18,122.0,Improved,1992,67 years,888888.0
2024-11-01,HOUGANG,5 ROOM,16,HOUGANG AVE 3,13 TO 15,123.0,Standard,1975,50 years 01 month,648000.0
2024-11-01,HOUGANG,5 ROOM,525,HOUGANG AVE 6,01 TO 03,122.0,Improved,1987,62 years 02 months,722500.0
2024-11-01,HOUGANG,5 ROOM,467,HOUGANG AVE 8,07 TO 09,122.0,Improved,1992,67 years,820000.0
2024-11-01,HOUGANG,5 ROOM,541,HOUGANG AVE 8,10 TO 12,121.0,Improved,1989,64 years,748000.0
2024-11-01,HOUGANG,5 ROOM,918,HOUGANG AVE 9,13 TO 15,120.0,Improved,1998,72 years 06 months,808888.0
2024-11-01,HOUGANG,5 ROOM,924,HOUGANG AVE 9,01 TO 03,120.0,Improved,1998,72 years 11 months,680888.0
2024-11-01,HOUGANG,5 ROOM,971,HOUGANG ST 91,01 TO 03,115.0,Improved,1999,74 years 01 month,630000.0
2024-11-01,HOUGANG,5 ROOM,922,HOUGANG ST 91,07 TO 09,120.0,Improved,1998,72 years 04 months,755000.0
2024-11-01,HOUGANG,5 ROOM,936,HOUGANG ST 92,04 TO 06,121.0,Improved,1998,72 years 04 months,728000.0
2024-11-01,HOUGANG,5 ROOM,945,HOUGANG ST 92,10 TO 12,121.0,Improved,1998,73 years,788888.0
2024-11-01,HOUGANG,5 ROOM,475A,UPP SERANGOON CRES,10 TO 12,112.0,DBSS,2014,89 years 02 months,950000.0
2024-11-01,HOUGANG,5 ROOM,470B,UPP SERANGOON CRES,07 TO 09,112.0,Improved,2015,89 years 07 months,833000.0
2024-11-01,HOUGANG,5 ROOM,477B,UPP SERANGOON VIEW,01 TO 03,112.0,Premium Apartment,2016,90 years 07 months,765000.0
2024-11-01,HOUGANG,EXECUTIVE,705,HOUGANG AVE 2,10 TO 12,148.0,Maisonette,1986,60 years 08 months,1020000.0
2024-11-01,HOUGANG,EXECUTIVE,579,HOUGANG AVE 4,01 TO 03,140.0,Maisonette,1997,72 years 01 month,910000.0
2024-11-01,HOUGANG,EXECUTIVE,577,HOUGANG AVE 4,13 TO 15,140.0,Apartment,1997,72 years,890000.0
2024-11-01,HOUGANG,EXECUTIVE,522,HOUGANG AVE 6,04 TO 06,145.0,Maisonette,1987,61 years 11 months,988000.0
2024-11-01,HOUGANG,EXECUTIVE,638,HOUGANG AVE 8,01 TO 03,153.0,Maisonette,1987,62 years,958000.0
2024-11-01,HOUGANG,EXECUTIVE,634,HOUGANG AVE 8,07 TO 09,148.0,Maisonette,1987,62 years 01 month,923888.0
2024-11-01,HOUGANG,EXECUTIVE,446,HOUGANG AVE 8,10 TO 12,148.0,Maisonette,1991,65 years 09 months,1040000.0
2024-11-01,HOUGANG,EXECUTIVE,628,HOUGANG AVE 8,04 TO 06,144.0,Apartment,1986,60 years 10 months,958888.0
2024-11-01,HOUGANG,EXECUTIVE,960,HOUGANG AVE 9,01 TO 03,137.0,Apartment,1999,73 years 10 months,825000.0
2024-11-01,HOUGANG,EXECUTIVE,967,HOUGANG AVE 9,01 TO 03,137.0,Apartment,1999,73 years 10 months,835000.0
2024-11-01,HOUGANG,EXECUTIVE,562,HOUGANG ST 51,01 TO 03,148.0,Maisonette,1992,67 years,985000.0
2024-11-01,HOUGANG,EXECUTIVE,128,LOR AH SOO,07 TO 09,149.0,Maisonette,1984,58 years 09 months,980000.0
2024-11-01,HOUGANG,EXECUTIVE,145,LOR AH SOO,07 TO 09,146.0,Maisonette,1984,58 years 11 months,928888.0
2024-11-01,JURONG EAST,3 ROOM,240A,JURONG EAST AVE 1,13 TO 15,68.0,Model A,2020,94 years 07 months,565000.0
2024-11-01,JURONG EAST,3 ROOM,240A,JURONG EAST AVE 1,19 TO 21,68.0,Model A,2020,94 years 07 months,565000.0
2024-11-01,JURONG EAST,3 ROOM,102,JURONG EAST ST 13,10 TO 12,68.0,New Generation,1982,56 years 07 months,435000.0
2024-11-01,JURONG EAST,3 ROOM,205,JURONG EAST ST 21,10 TO 12,67.0,New Generation,1983,57 years 07 months,410888.0
2024-11-01,JURONG EAST,3 ROOM,210,JURONG EAST ST 21,01 TO 03,67.0,New Generation,1983,57 years 08 months,390000.0
2024-11-01,JURONG EAST,3 ROOM,233,JURONG EAST ST 21,01 TO 03,67.0,New Generation,1982,56 years 05 months,410000.0
2024-11-01,JURONG EAST,3 ROOM,264,JURONG EAST ST 24,01 TO 03,68.0,New Generation,1983,57 years 07 months,380000.0
2024-11-01,JURONG EAST,3 ROOM,245,JURONG EAST ST 24,07 TO 09,67.0,New Generation,1982,56 years 10 months,425000.0
2024-11-01,JURONG EAST,3 ROOM,304,JURONG EAST ST 32,10 TO 12,67.0,New Generation,1983,58 years,400000.0
2024-11-01,JURONG EAST,3 ROOM,302,JURONG EAST ST 32,04 TO 06,84.0,New Generation,1983,58 years 02 months,445000.0
2024-11-01,JURONG EAST,3 ROOM,306,JURONG EAST ST 32,07 TO 09,68.0,New Generation,1983,57 years 11 months,383000.0
2024-11-01,JURONG EAST,3 ROOM,411,PANDAN GDNS,07 TO 09,72.0,Improved,1979,53 years 07 months,360000.0
2024-11-01,JURONG EAST,3 ROOM,47,TEBAN GDNS RD,10 TO 12,68.0,New Generation,1985,59 years 10 months,384880.0
2024-11-01,JURONG EAST,3 ROOM,43,TEBAN GDNS RD,04 TO 06,68.0,New Generation,1985,59 years 11 months,370000.0
2024-11-01,JURONG EAST,3 ROOM,57,TEBAN GDNS RD,28 TO 30,67.0,Model A,2016,91 years,490000.0
2024-11-01,JURONG EAST,4 ROOM,329,JURONG EAST AVE 1,10 TO 12,104.0,Model A,1983,57 years 08 months,530000.0
2024-11-01,JURONG EAST,4 ROOM,105,JURONG EAST ST 13,07 TO 09,91.0,New Generation,1993,67 years 10 months,590000.0
2024-11-01,JURONG EAST,4 ROOM,113,JURONG EAST ST 13,04 TO 06,90.0,New Generation,1981,55 years 08 months,488888.0
2024-11-01,JURONG EAST,4 ROOM,210,JURONG EAST ST 21,07 TO 09,99.0,New Generation,1983,57 years 09 months,530000.0
2024-11-01,JURONG EAST,4 ROOM,206,JURONG EAST ST 21,04 TO 06,94.0,New Generation,1982,57 years 01 month,530000.0
2024-11-01,JURONG EAST,4 ROOM,312,JURONG EAST ST 32,04 TO 06,106.0,Model A,1984,58 years 11 months,520000.0
2024-11-01,JURONG EAST,4 ROOM,304,JURONG EAST ST 32,10 TO 12,94.0,New Generation,1983,57 years 11 months,495000.0
2024-11-01,JURONG EAST,4 ROOM,309,JURONG EAST ST 32,04 TO 06,105.0,Model A,1983,57 years 09 months,499000.0
2024-11-01,JURONG EAST,4 ROOM,22,TEBAN GDNS RD,13 TO 15,92.0,Model A,2013,87 years 11 months,577500.0
2024-11-01,JURONG EAST,4 ROOM,31,TEBAN GDNS RD,01 TO 03,99.0,New Generation,1981,55 years 10 months,465000.0
2024-11-01,JURONG EAST,4 ROOM,22,TEBAN GDNS RD,40 TO 42,92.0,Model A,2013,88 years,690000.0
2024-11-01,JURONG EAST,4 ROOM,20,TEBAN GDNS RD,01 TO 03,92.0,Model A,2013,88 years,550000.0
2024-11-01,JURONG EAST,4 ROOM,20,TEBAN GDNS RD,28 TO 30,92.0,Model A,2013,87 years 11 months,650000.0
2024-11-01,JURONG EAST,4 ROOM,41,TEBAN GDNS RD,10 TO 12,99.0,New Generation,1981,55 years 09 months,470000.0
2024-11-01,JURONG EAST,4 ROOM,286D,TOH GUAN RD,13 TO 15,104.0,Model A,1999,73 years 03 months,635000.0
2024-11-01,JURONG EAST,5 ROOM,111,JURONG EAST ST 13,04 TO 06,120.0,Improved,1981,56 years,620000.0
2024-11-01,JURONG EAST,5 ROOM,106,JURONG EAST ST 13,10 TO 12,120.0,Improved,1982,57 years,688000.0
2024-11-01,JURONG EAST,5 ROOM,246,JURONG EAST ST 24,04 TO 06,121.0,Improved,1983,57 years 03 months,660000.0
2024-11-01,JURONG EAST,5 ROOM,316,JURONG EAST ST 32,01 TO 03,135.0,Model A,1984,58 years 10 months,640000.0
2024-11-01,JURONG EAST,5 ROOM,22,TEBAN GDNS RD,19 TO 21,118.0,Improved,2013,88 years,858000.0
2024-11-01,JURONG EAST,5 ROOM,21,TEBAN GDNS RD,25 TO 27,118.0,Improved,2013,87 years 11 months,780000.0
2024-11-01,JURONG EAST,5 ROOM,278,TOH GUAN RD,07 TO 09,120.0,Improved,1998,73 years 01 month,760000.0
2024-11-01,JURONG EAST,EXECUTIVE,337,JURONG EAST AVE 1,10 TO 12,148.0,Maisonette,1985,59 years 10 months,830000.0
2024-11-01,JURONG EAST,EXECUTIVE,333,JURONG EAST AVE 1,01 TO 03,149.0,Maisonette,1984,58 years 09 months,730000.0
2024-11-01,JURONG EAST,EXECUTIVE,336,JURONG EAST AVE 1,07 TO 09,149.0,Maisonette,1985,59 years 10 months,850000.0
2024-11-01,JURONG EAST,EXECUTIVE,216,JURONG EAST ST 21,13 TO 15,142.0,Apartment,1985,59 years 08 months,850000.0
2024-11-01,JURONG WEST,2 ROOM,180B,BOON LAY DR,01 TO 03,47.0,Model A,2014,88 years 07 months,305000.0
2024-11-01,JURONG WEST,2 ROOM,150A,CORPORATION DR,07 TO 09,47.0,Model A,2019,93 years 06 months,340000.0
2024-11-01,JURONG WEST,2 ROOM,990B,JURONG WEST ST 93,07 TO 09,60.0,Premium Apartment,2008,82 years 11 months,318888.0
2024-11-01,JURONG WEST,3 ROOM,217B,BOON LAY AVE,04 TO 06,68.0,Model A,2018,92 years 10 months,470000.0
2024-11-01,JURONG WEST,3 ROOM,187,BOON LAY AVE,04 TO 06,59.0,Improved,1978,52 years 09 months,362000.0
2024-11-01,JURONG WEST,3 ROOM,216B,BOON LAY AVE,07 TO 09,68.0,Model A,2018,92 years 09 months,500000.0
2024-11-01,JURONG WEST,3 ROOM,217B,BOON LAY AVE,01 TO 03,68.0,Model A,2018,92 years 09 months,460000.0
2024-11-01,JURONG WEST,3 ROOM,176,BOON LAY DR,07 TO 09,59.0,Improved,1978,52 years 10 months,340000.0
2024-11-01,JURONG WEST,3 ROOM,176,BOON LAY DR,07 TO 09,59.0,Improved,1978,52 years 09 months,340000.0
2024-11-01,JURONG WEST,3 ROOM,181B,BOON LAY DR,13 TO 15,68.0,Model A,2014,88 years 07 months,485000.0
2024-11-01,JURONG WEST,3 ROOM,211,BOON LAY PL,16 TO 18,65.0,Improved,1976,51 years 02 months,348000.0
2024-11-01,JURONG WEST,3 ROOM,211,BOON LAY PL,22 TO 24,65.0,Improved,1976,51 years 01 month,348888.0
2024-11-01,JURONG WEST,3 ROOM,212,BOON LAY PL,01 TO 03,65.0,Improved,1974,49 years,310000.0
2024-11-01,JURONG WEST,3 ROOM,111,HO CHING RD,07 TO 09,68.0,Improved,1970,44 years 06 months,350000.0
2024-11-01,JURONG WEST,3 ROOM,114,HO CHING RD,04 TO 06,67.0,Improved,1971,45 years 07 months,311000.0
2024-11-01,JURONG WEST,3 ROOM,698A,JURONG WEST CTRL 3,13 TO 15,68.0,Model A,2017,92 years 01 month,560000.0
2024-11-01,JURONG WEST,3 ROOM,697B,JURONG WEST CTRL 3,07 TO 09,68.0,Model A,2017,92 years 01 month,535000.0
2024-11-01,JURONG WEST,3 ROOM,492,JURONG WEST ST 41,04 TO 06,64.0,Simplified,1986,60 years 10 months,395000.0
2024-11-01,JURONG WEST,3 ROOM,481,JURONG WEST ST 41,10 TO 12,67.0,New Generation,1985,59 years 07 months,400000.0
2024-11-01,JURONG WEST,3 ROOM,456,JURONG WEST ST 41,07 TO 09,67.0,New Generation,1985,59 years 05 months,408000.0
2024-11-01,JURONG WEST,3 ROOM,481,JURONG WEST ST 41,04 TO 06,67.0,New Generation,1985,59 years 06 months,405000.0
2024-11-01,JURONG WEST,3 ROOM,457,JURONG WEST ST 41,07 TO 09,73.0,Model A,1984,58 years 07 months,406000.0
2024-11-01,JURONG WEST,3 ROOM,459,JURONG WEST ST 41,10 TO 12,73.0,Model A,1984,58 years 09 months,407000.0
2024-11-01,PUNGGOL,2 ROOM,221B,SUMANG LANE,13 TO 15,48.0,2-room,2018,93 years 02 months,375000.0
2024-11-01,JURONG WEST,3 ROOM,534,JURONG WEST ST 52,07 TO 09,82.0,New Generation,1982,56 years 07 months,455000.0
2024-11-01,JURONG WEST,3 ROOM,524,JURONG WEST ST 52,13 TO 15,67.0,New Generation,1982,56 years 06 months,380000.0
2024-11-01,JURONG WEST,3 ROOM,518,JURONG WEST ST 52,07 TO 09,79.0,Model A,1984,59 years 01 month,465000.0
2024-11-01,JURONG WEST,3 ROOM,936,JURONG WEST ST 91,10 TO 12,73.0,Model A,1989,63 years 07 months,395000.0
2024-11-01,JURONG WEST,3 ROOM,915,JURONG WEST ST 91,04 TO 06,73.0,Model A,1988,62 years 09 months,411000.0
2024-11-01,JURONG WEST,3 ROOM,113,TAO CHING RD,07 TO 09,67.0,Improved,1971,45 years 08 months,320000.0
2024-11-01,JURONG WEST,4 ROOM,183A,BOON LAY AVE,04 TO 06,92.0,Model A,2015,89 years 04 months,568000.0
2024-11-01,JURONG WEST,4 ROOM,265,BOON LAY DR,04 TO 06,115.0,Model A,1995,69 years 09 months,550000.0
2024-11-01,JURONG WEST,4 ROOM,196B,BOON LAY DR,01 TO 03,93.0,Model A,2015,89 years 06 months,590000.0
2024-11-01,JURONG WEST,4 ROOM,140D,CORPORATION DR,10 TO 12,93.0,Model A,2019,93 years 08 months,688000.0
2024-11-01,JURONG WEST,4 ROOM,140D,CORPORATION DR,10 TO 12,93.0,Model A,2019,93 years 08 months,658888.0
2024-11-01,JURONG WEST,4 ROOM,365,CORPORATION DR,07 TO 09,102.0,Model A,1997,71 years 10 months,560000.0
2024-11-01,JURONG WEST,4 ROOM,484,JURONG WEST AVE 1,07 TO 09,93.0,New Generation,1985,59 years 09 months,494000.0
2024-11-01,JURONG WEST,4 ROOM,442,JURONG WEST AVE 1,04 TO 06,107.0,Model A,1984,59 years,478000.0
2024-11-01,JURONG WEST,4 ROOM,488,JURONG WEST AVE 1,07 TO 09,92.0,New Generation,1985,59 years 04 months,485888.0
2024-11-01,JURONG WEST,4 ROOM,274D,JURONG WEST AVE 3,04 TO 06,90.0,Model A,2001,76 years 02 months,502000.0
2024-11-01,JURONG WEST,4 ROOM,727,JURONG WEST AVE 5,07 TO 09,104.0,Model A,1989,64 years,506000.0
2024-11-01,JURONG WEST,4 ROOM,695,JURONG WEST CTRL 1,01 TO 03,100.0,Premium Apartment,1998,72 years 06 months,580000.0
2024-11-01,JURONG WEST,4 ROOM,693,JURONG WEST CTRL 1,01 TO 03,102.0,Premium Apartment,1998,72 years 05 months,560000.0
2024-11-01,JURONG WEST,4 ROOM,271B,JURONG WEST ST 24,01 TO 03,95.0,Premium Apartment,2003,78 years,460000.0
2024-11-01,JURONG WEST,4 ROOM,275B,JURONG WEST ST 25,07 TO 09,90.0,Model A,2002,76 years 03 months,500000.0
2024-11-01,JURONG WEST,4 ROOM,466,JURONG WEST ST 41,04 TO 06,91.0,New Generation,1985,59 years 03 months,502000.0
2024-11-01,JURONG WEST,4 ROOM,448,JURONG WEST ST 42,01 TO 03,109.0,Model A,1984,59 years,475000.0
2024-11-01,JURONG WEST,4 ROOM,446,JURONG WEST ST 42,01 TO 03,103.0,Model A,1985,59 years 06 months,485000.0
2024-11-01,JURONG WEST,4 ROOM,420,JURONG WEST ST 42,01 TO 03,84.0,Simplified,1985,59 years 07 months,450000.0
2024-11-01,JURONG WEST,4 ROOM,448,JURONG WEST ST 42,10 TO 12,104.0,Model A,1984,58 years 11 months,540000.0
2024-11-01,JURONG WEST,4 ROOM,411,JURONG WEST ST 42,10 TO 12,103.0,Model A,1984,58 years 08 months,495000.0
2024-11-01,JURONG WEST,4 ROOM,411,JURONG WEST ST 42,07 TO 09,104.0,Model A,1984,58 years 08 months,480000.0
2024-11-01,JURONG WEST,4 ROOM,433,JURONG WEST ST 42,01 TO 03,110.0,Model A,1985,59 years 04 months,500000.0
2024-11-01,JURONG WEST,4 ROOM,668B,JURONG WEST ST 64,10 TO 12,90.0,Model A2,2000,74 years 08 months,580000.0
2024-11-01,JURONG WEST,4 ROOM,684A,JURONG WEST ST 64,10 TO 12,93.0,Premium Apartment,2000,74 years 10 months,585000.0
2024-11-01,JURONG WEST,4 ROOM,668B,JURONG WEST ST 64,13 TO 15,90.0,Model A2,2000,74 years 08 months,578888.0
2024-11-01,JURONG WEST,4 ROOM,684A,JURONG WEST ST 64,13 TO 15,94.0,Premium Apartment,2000,74 years 10 months,595000.0
2024-11-01,JURONG WEST,4 ROOM,617,JURONG WEST ST 65,10 TO 12,85.0,Model A2,2000,75 years 01 month,545000.0
2024-11-01,JURONG WEST,4 ROOM,610,JURONG WEST ST 65,07 TO 09,95.0,Premium Apartment,2001,75 years 06 months,568000.0
2024-11-01,JURONG WEST,4 ROOM,663C,JURONG WEST ST 65,10 TO 12,91.0,Model A,2000,74 years 10 months,558000.0
2024-11-01,JURONG WEST,4 ROOM,636,JURONG WEST ST 65,01 TO 03,91.0,Model A,2001,76 years 01 month,510000.0
2024-11-01,JURONG WEST,4 ROOM,667D,JURONG WEST ST 65,10 TO 12,90.0,Model A,2000,74 years 08 months,558000.0
2024-11-01,JURONG WEST,4 ROOM,707,JURONG WEST ST 71,04 TO 06,109.0,Model A,1995,69 years 09 months,528888.0
2024-11-01,JURONG WEST,4 ROOM,705,JURONG WEST ST 71,01 TO 03,114.0,Model A,1995,69 years 09 months,500000.0
2024-11-01,JURONG WEST,4 ROOM,758,JURONG WEST ST 74,01 TO 03,109.0,Model A,1996,71 years,500000.0
2024-11-01,JURONG WEST,4 ROOM,823,JURONG WEST ST 81,10 TO 12,104.0,Model A,1990,64 years 06 months,543000.0
2024-11-01,JURONG WEST,4 ROOM,821,JURONG WEST ST 81,01 TO 03,104.0,Model A,1990,64 years 06 months,490000.0
2024-11-01,JURONG WEST,4 ROOM,854,JURONG WEST ST 81,07 TO 09,102.0,Model A,1996,70 years 10 months,503000.0
2024-11-01,JURONG WEST,4 ROOM,903,JURONG WEST ST 91,07 TO 09,104.0,Model A,1988,62 years 11 months,477000.0
2024-11-01,JURONG WEST,4 ROOM,916,JURONG WEST ST 91,01 TO 03,103.0,Model A,1988,62 years 09 months,523000.0
2024-11-01,JURONG WEST,4 ROOM,953,JURONG WEST ST 91,07 TO 09,111.0,Model A,1989,63 years 08 months,520000.0
2024-11-01,JURONG WEST,4 ROOM,949,JURONG WEST ST 91,01 TO 03,111.0,Model A,1988,63 years,505000.0
2024-11-01,JURONG WEST,4 ROOM,942,JURONG WEST ST 91,10 TO 12,105.0,Model A,1989,63 years 10 months,520000.0
2024-11-01,JURONG WEST,4 ROOM,922,JURONG WEST ST 92,01 TO 03,108.0,Model A,1988,63 years,485000.0
2024-11-01,JURONG WEST,4 ROOM,923,JURONG WEST ST 92,01 TO 03,104.0,Model A,1989,63 years 03 months,465000.0
2024-11-01,JURONG WEST,4 ROOM,345,KANG CHING RD,07 TO 09,102.0,Model A,1997,71 years 09 months,542000.0
2024-11-01,JURONG WEST,4 ROOM,337D,TAH CHING RD,07 TO 09,94.0,Model A,2010,84 years 06 months,631000.88
2024-11-01,JURONG WEST,4 ROOM,138D,YUAN CHING RD,16 TO 18,89.0,DBSS,2014,89 years,742000.0
2024-11-01,JURONG WEST,4 ROOM,138A,YUAN CHING RD,07 TO 09,91.0,DBSS,2014,88 years 11 months,690000.0
2024-11-01,JURONG WEST,4 ROOM,138A,YUAN CHING RD,04 TO 06,91.0,DBSS,2014,88 years 11 months,675000.0
2024-11-01,JURONG WEST,4 ROOM,175B,YUNG KUANG RD,04 TO 06,93.0,Premium Apartment,2015,89 years 08 months,580000.0
2024-11-01,JURONG WEST,5 ROOM,183D,BOON LAY AVE,13 TO 15,112.0,Improved,2015,89 years 04 months,739800.0
2024-11-01,JURONG WEST,5 ROOM,268A,BOON LAY DR,10 TO 12,111.0,Improved,2002,76 years 04 months,623000.0
2024-11-01,JURONG WEST,5 ROOM,201,BOON LAY DR,07 TO 09,122.0,Standard,1976,50 years 08 months,562000.0
2024-11-01,JURONG WEST,5 ROOM,437,JURONG WEST AVE 1,01 TO 03,135.0,Model A,1985,59 years 06 months,613000.0
2024-11-01,JURONG WEST,5 ROOM,729,JURONG WEST AVE 5,07 TO 09,121.0,Improved,1989,64 years 02 months,600000.0
2024-11-01,JURONG WEST,5 ROOM,547,JURONG WEST ST 42,07 TO 09,140.0,Model A-Maisonette,1984,58 years 10 months,660000.0
2024-11-01,JURONG WEST,5 ROOM,559,JURONG WEST ST 42,04 TO 06,137.0,Model A-Maisonette,1985,59 years 08 months,658888.0
2024-11-01,JURONG WEST,5 ROOM,408,JURONG WEST ST 42,04 TO 06,139.0,Model A-Maisonette,1984,58 years 05 months,665000.0
2024-11-01,JURONG WEST,5 ROOM,408,JURONG WEST ST 42,07 TO 09,139.0,Model A-Maisonette,1984,58 years 05 months,690888.0
2024-11-01,JURONG WEST,5 ROOM,551,JURONG WEST ST 42,07 TO 09,136.0,Model A,1985,59 years 04 months,660000.0
2024-11-01,JURONG WEST,5 ROOM,522,JURONG WEST ST 52,19 TO 21,118.0,Improved,1982,56 years 09 months,728000.0
2024-11-01,JURONG WEST,5 ROOM,523,JURONG WEST ST 52,22 TO 24,118.0,Improved,1982,56 years 07 months,613000.0
2024-11-01,JURONG WEST,5 ROOM,650C,JURONG WEST ST 61,13 TO 15,110.0,Improved,2000,75 years,660000.0
2024-11-01,JURONG WEST,5 ROOM,645,JURONG WEST ST 61,10 TO 12,121.0,Improved,1998,72 years 11 months,624000.0
2024-11-01,JURONG WEST,5 ROOM,637,JURONG WEST ST 61,10 TO 12,110.0,Improved,2004,78 years 06 months,616888.0
2024-11-01,JURONG WEST,5 ROOM,654B,JURONG WEST ST 61,10 TO 12,110.0,Improved,2002,76 years 11 months,657000.0
2024-11-01,JURONG WEST,5 ROOM,601,JURONG WEST ST 62,04 TO 06,115.0,Premium Apartment,2001,75 years 03 months,610000.0
2024-11-01,JURONG WEST,5 ROOM,676B,JURONG WEST ST 64,01 TO 03,110.0,Premium Apartment,2008,82 years 09 months,540000.0
2024-11-01,JURONG WEST,5 ROOM,662B,JURONG WEST ST 64,01 TO 03,110.0,Improved,2001,75 years 09 months,595888.0
2024-11-01,JURONG WEST,5 ROOM,661C,JURONG WEST ST 64,13 TO 15,110.0,Improved,2001,75 years 10 months,663000.0
2024-11-01,JURONG WEST,5 ROOM,661D,JURONG WEST ST 64,10 TO 12,110.0,Improved,2001,75 years 10 months,683888.0
2024-11-01,JURONG WEST,5 ROOM,678D,JURONG WEST ST 64,01 TO 03,111.0,Premium Apartment,2008,82 years 08 months,580000.0
2024-11-01,JURONG WEST,5 ROOM,684C,JURONG WEST ST 64,13 TO 15,111.0,Premium Apartment,2000,74 years 10 months,680000.0
2024-11-01,JURONG WEST,5 ROOM,662D,JURONG WEST ST 64,13 TO 15,110.0,Improved,2001,75 years 11 months,735000.0
2024-11-01,JURONG WEST,5 ROOM,676B,JURONG WEST ST 64,10 TO 12,110.0,Premium Apartment,2008,82 years 08 months,590000.0
2024-11-01,JURONG WEST,5 ROOM,658D,JURONG WEST ST 65,10 TO 12,112.0,Improved,2001,75 years 09 months,661000.0
2024-11-01,JURONG WEST,5 ROOM,739,JURONG WEST ST 73,07 TO 09,124.0,Improved,1995,69 years 08 months,625000.0
2024-11-01,JURONG WEST,5 ROOM,816,JURONG WEST ST 81,10 TO 12,124.0,Improved,1993,68 years,595000.0
2024-11-01,JURONG WEST,5 ROOM,834,JURONG WEST ST 81,07 TO 09,127.0,Improved,1993,67 years 08 months,590000.0
2024-11-01,JURONG WEST,5 ROOM,865,JURONG WEST ST 81,01 TO 03,126.0,Improved,1996,71 years,526000.0
2024-11-01,JURONG WEST,5 ROOM,833,JURONG WEST ST 81,10 TO 12,127.0,Improved,1993,67 years 08 months,602000.0
2024-11-01,JURONG WEST,5 ROOM,832,JURONG WEST ST 81,01 TO 03,127.0,Improved,1993,67 years 11 months,580000.0
2024-11-01,JURONG WEST,5 ROOM,933,JURONG WEST ST 91,07 TO 09,122.0,Improved,1988,62 years 03 months,558000.0
2024-11-01,JURONG WEST,5 ROOM,923,JURONG WEST ST 92,01 TO 03,122.0,Improved,1989,63 years 04 months,560000.0
2024-11-01,JURONG WEST,5 ROOM,932,JURONG WEST ST 92,01 TO 03,127.0,Improved,1988,62 years 07 months,580000.0
2024-11-01,JURONG WEST,5 ROOM,987A,JURONG WEST ST 93,10 TO 12,114.0,Premium Apartment,2008,82 years 11 months,636000.0
2024-11-01,JURONG WEST,5 ROOM,988A,JURONG WEST ST 93,10 TO 12,114.0,Premium Apartment,2008,82 years 11 months,645000.0
2024-11-01,JURONG WEST,5 ROOM,987D,JURONG WEST ST 93,07 TO 09,112.0,Premium Apartment,2006,80 years 07 months,620000.0
2024-11-01,JURONG WEST,5 ROOM,339B,KANG CHING RD,04 TO 06,115.0,Improved,2012,86 years 05 months,718000.0
2024-11-01,JURONG WEST,5 ROOM,138D,YUAN CHING RD,13 TO 15,108.0,DBSS,2014,89 years,952888.0
2024-11-01,JURONG WEST,5 ROOM,358,YUNG AN RD,10 TO 12,127.0,Improved,1995,70 years 01 month,650000.0
2024-11-01,JURONG WEST,5 ROOM,165B,YUNG KUANG RD,10 TO 12,113.0,Improved,2018,93 years 01 month,800000.0
2024-11-01,JURONG WEST,5 ROOM,175A,YUNG KUANG RD,16 TO 18,116.0,Premium Apartment,2015,89 years 07 months,780000.0
2024-11-01,JURONG WEST,5 ROOM,177,YUNG SHENG RD,10 TO 12,116.0,Improved,2001,75 years 07 months,590000.0
2024-11-01,JURONG WEST,EXECUTIVE,469,JURONG WEST ST 41,04 TO 06,151.0,Maisonette,1985,59 years 08 months,868000.0
2024-11-01,JURONG WEST,EXECUTIVE,470,JURONG WEST ST 41,10 TO 12,151.0,Maisonette,1985,59 years 10 months,920000.0
2024-11-01,JURONG WEST,EXECUTIVE,407,JURONG WEST ST 42,10 TO 12,150.0,Maisonette,1985,59 years 10 months,770000.0
2024-11-01,JURONG WEST,EXECUTIVE,410,JURONG WEST ST 42,04 TO 06,150.0,Maisonette,1985,59 years 09 months,728000.0
2024-11-01,JURONG WEST,EXECUTIVE,656B,JURONG WEST ST 61,10 TO 12,133.0,Apartment,2001,75 years 09 months,750000.0
2024-11-01,JURONG WEST,EXECUTIVE,669C,JURONG WEST ST 64,07 TO 09,130.0,Apartment,2000,74 years 09 months,735000.0
2024-11-01,JURONG WEST,EXECUTIVE,666A,JURONG WEST ST 65,07 TO 09,130.0,Apartment,2000,74 years 06 months,858000.0
2024-11-01,JURONG WEST,EXECUTIVE,628,JURONG WEST ST 65,01 TO 03,130.0,Apartment,2001,75 years 10 months,763000.0
2024-11-01,JURONG WEST,EXECUTIVE,714,JURONG WEST ST 71,04 TO 06,148.0,Maisonette,1991,65 years 04 months,800000.0
2024-11-01,JURONG WEST,EXECUTIVE,714,JURONG WEST ST 71,01 TO 03,146.0,Maisonette,1991,65 years 03 months,725000.0
2024-11-01,JURONG WEST,EXECUTIVE,862,JURONG WEST ST 81,01 TO 03,144.0,Apartment,1996,71 years 01 month,651000.0
2024-11-01,KALLANG/WHAMPOA,2 ROOM,805,KING GEORGE'S AVE,04 TO 06,44.0,Improved,1981,55 years 10 months,333000.0
2024-11-01,KALLANG/WHAMPOA,3 ROOM,2,BEACH RD,04 TO 06,68.0,Improved,1979,53 years 11 months,430000.0
2024-11-01,KALLANG/WHAMPOA,3 ROOM,45,BENDEMEER RD,07 TO 09,66.0,Improved,1972,46 years 04 months,405000.0
2024-11-01,KALLANG/WHAMPOA,3 ROOM,26,BENDEMEER RD,22 TO 24,71.0,Improved,1972,46 years 04 months,535000.0
2024-11-01,KALLANG/WHAMPOA,3 ROOM,30,BENDEMEER RD,04 TO 06,68.0,Improved,1972,46 years 03 months,402000.0
2024-11-01,KALLANG/WHAMPOA,3 ROOM,462,CRAWFORD LANE,07 TO 09,60.0,Improved,1981,56 years 01 month,482888.0
2024-11-01,KALLANG/WHAMPOA,3 ROOM,50,DORSET RD,10 TO 12,68.0,New Generation,1979,53 years 08 months,500000.0
2024-11-01,KALLANG/WHAMPOA,3 ROOM,68,GEYLANG BAHRU,07 TO 09,65.0,Improved,1974,48 years 09 months,418000.0
2024-11-01,KALLANG/WHAMPOA,3 ROOM,68,GEYLANG BAHRU,04 TO 06,65.0,Improved,1974,48 years 09 months,408000.0
2024-11-01,KALLANG/WHAMPOA,3 ROOM,68,GEYLANG BAHRU,01 TO 03,65.0,Improved,1974,48 years 09 months,380000.0
2024-11-01,KALLANG/WHAMPOA,3 ROOM,72,GEYLANG BAHRU,07 TO 09,59.0,Improved,1974,48 years 05 months,370000.0
2024-11-01,KALLANG/WHAMPOA,3 ROOM,96,GEYLANG BAHRU,01 TO 03,68.0,New Generation,1979,53 years 03 months,395000.0
2024-11-01,KALLANG/WHAMPOA,3 ROOM,39,JLN BAHAGIA,01 TO 03,83.3,Terrace,1972,46 years 09 months,870000.0
2024-11-01,KALLANG/WHAMPOA,3 ROOM,55,JLN BAHAGIA,01 TO 03,103.6,Terrace,1972,46 years 09 months,990000.0
2024-11-01,KALLANG/WHAMPOA,3 ROOM,116B,JLN TENTERAM,22 TO 24,67.0,Model A,2017,92 years 01 month,680000.0
2024-11-01,KALLANG/WHAMPOA,3 ROOM,64,KALLANG BAHRU,01 TO 03,65.0,Improved,1974,48 years 03 months,380000.0
2024-11-01,KALLANG/WHAMPOA,3 ROOM,468,NTH BRIDGE RD,10 TO 12,60.0,Improved,1979,53 years 09 months,450000.0
2024-11-01,KALLANG/WHAMPOA,3 ROOM,44,OWEN RD,04 TO 06,67.0,New Generation,1979,53 years 08 months,438000.0
2024-11-01,KALLANG/WHAMPOA,3 ROOM,25A,ST. GEORGE'S LANE,04 TO 06,68.0,Model A,2020,94 years 07 months,760000.0
2024-11-01,KALLANG/WHAMPOA,3 ROOM,26A,ST. GEORGE'S LANE,31 TO 33,68.0,Model A,2020,94 years 07 months,830000.0
2024-11-01,KALLANG/WHAMPOA,3 ROOM,34,WHAMPOA WEST,04 TO 06,68.0,Improved,1972,46 years 04 months,385000.0
2024-11-01,KALLANG/WHAMPOA,3 ROOM,34,WHAMPOA WEST,10 TO 12,68.0,Improved,1972,46 years 03 months,425000.0
2024-11-01,KALLANG/WHAMPOA,3 ROOM,34,WHAMPOA WEST,01 TO 03,68.0,Improved,1972,46 years 03 months,380000.0
2024-11-01,KALLANG/WHAMPOA,3 ROOM,34,WHAMPOA WEST,04 TO 06,68.0,Improved,1972,46 years 03 months,400000.0
2024-11-01,KALLANG/WHAMPOA,3 ROOM,34,WHAMPOA WEST,01 TO 03,68.0,Improved,1972,46 years 03 months,388000.0
2024-11-01,KALLANG/WHAMPOA,4 ROOM,96,GEYLANG BAHRU,04 TO 06,92.0,New Generation,1979,53 years 03 months,620000.0
2024-11-01,KALLANG/WHAMPOA,4 ROOM,813,JELLICOE RD,01 TO 03,90.0,Model A,2003,77 years 05 months,870000.0
2024-11-01,KALLANG/WHAMPOA,4 ROOM,101,JLN RAJAH,10 TO 12,94.0,New Generation,1980,55 years 02 months,608000.0
2024-11-01,KALLANG/WHAMPOA,4 ROOM,117A,JLN TENTERAM,04 TO 06,93.0,Model A,2017,92 years 01 month,808288.0
2024-11-01,KALLANG/WHAMPOA,4 ROOM,19,JLN TENTERAM,07 TO 09,85.0,Model A,2004,78 years 09 months,680000.0
2024-11-01,KALLANG/WHAMPOA,4 ROOM,18,JLN TENTERAM,01 TO 03,85.0,Model A,2004,78 years 09 months,638000.0
2024-11-01,KALLANG/WHAMPOA,4 ROOM,113B,MCNAIR RD,07 TO 09,93.0,Premium Apartment,2017,92 years 03 months,1010000.0
2024-11-01,KALLANG/WHAMPOA,4 ROOM,113B,MCNAIR RD,25 TO 27,93.0,Premium Apartment,2017,92 years 03 months,1125000.0
2024-11-01,KALLANG/WHAMPOA,4 ROOM,113B,MCNAIR RD,31 TO 33,93.0,Premium Apartment,2017,92 years 02 months,1190000.0
2024-11-01,KALLANG/WHAMPOA,4 ROOM,122,MCNAIR RD,04 TO 06,83.0,Simplified,1987,61 years 06 months,625000.0
2024-11-01,KALLANG/WHAMPOA,4 ROOM,26B,ST. GEORGE'S LANE,07 TO 09,92.0,Model A,2020,94 years 08 months,996600.0
2024-11-01,KALLANG/WHAMPOA,4 ROOM,4B,ST. GEORGE'S LANE,07 TO 09,105.0,Model A,1996,71 years 02 months,825288.0
2024-11-01,KALLANG/WHAMPOA,4 ROOM,26A,ST. GEORGE'S LANE,25 TO 27,92.0,Model A,2020,94 years 07 months,1180000.0
2024-11-01,KALLANG/WHAMPOA,4 ROOM,25A,ST. GEORGE'S LANE,25 TO 27,92.0,Model A,2020,94 years 07 months,1100888.0
2024-11-01,KALLANG/WHAMPOA,4 ROOM,26B,ST. GEORGE'S LANE,07 TO 09,92.0,Model A,2020,94 years 07 months,1010000.0
2024-11-01,KALLANG/WHAMPOA,4 ROOM,19,ST. GEORGE'S RD,01 TO 03,91.0,New Generation,1984,59 years 01 month,590000.0
2024-11-01,KALLANG/WHAMPOA,4 ROOM,106,TOWNER RD,01 TO 03,109.0,Model A,1983,57 years 08 months,788000.0
2024-11-01,KALLANG/WHAMPOA,4 ROOM,2D,UPP BOON KENG RD,10 TO 12,90.0,Model A,2006,80 years 10 months,878000.0
2024-11-01,KALLANG/WHAMPOA,4 ROOM,2B,UPP BOON KENG RD,16 TO 18,90.0,Model A,2006,81 years,880000.0
2024-11-01,KALLANG/WHAMPOA,4 ROOM,15,UPP BOON KENG RD,01 TO 03,88.0,Improved,1975,49 years 04 months,545000.0
2024-11-01,KALLANG/WHAMPOA,4 ROOM,113,WHAMPOA RD,10 TO 12,106.0,Model A,1994,69 years 01 month,720000.0
2024-11-01,KALLANG/WHAMPOA,5 ROOM,103,AH HOOD RD,13 TO 15,118.0,Improved,1981,55 years 11 months,810888.0
2024-11-01,KALLANG/WHAMPOA,5 ROOM,7,BOON KENG RD,31 TO 33,117.0,DBSS,2011,85 years 03 months,1450000.0
2024-11-01,KALLANG/WHAMPOA,5 ROOM,7,BOON KENG RD,16 TO 18,107.0,DBSS,2011,85 years 03 months,1140000.0
2024-11-01,KALLANG/WHAMPOA,5 ROOM,37,CAMBRIDGE RD,10 TO 12,120.0,Improved,1997,72 years 01 month,930000.0
2024-11-01,KALLANG/WHAMPOA,5 ROOM,102,JLN DUSUN,13 TO 15,118.0,Improved,1981,56 years 02 months,822000.0
2024-11-01,KALLANG/WHAMPOA,5 ROOM,108B,MCNAIR RD,04 TO 06,110.0,Improved,2004,79 years 01 month,1000000.0
2024-11-01,KALLANG/WHAMPOA,5 ROOM,2A,UPP BOON KENG RD,13 TO 15,110.0,Improved,2006,81 years 02 months,1128000.0
2024-11-01,KALLANG/WHAMPOA,5 ROOM,112,WHAMPOA RD,07 TO 09,131.0,Model A,1994,69 years 01 month,900000.0
2024-11-01,MARINE PARADE,3 ROOM,30,MARINE CRES,01 TO 03,65.0,Improved,1975,49 years 07 months,428000.0
2024-11-01,MARINE PARADE,3 ROOM,30,MARINE CRES,13 TO 15,65.0,Improved,1975,49 years 07 months,488000.0
2024-11-01,MARINE PARADE,3 ROOM,66,MARINE DR,04 TO 06,65.0,Improved,1976,50 years 06 months,450000.0
2024-11-01,MARINE PARADE,3 ROOM,6,MARINE TER,01 TO 03,65.0,Improved,1975,49 years 03 months,438000.0
2024-11-01,MARINE PARADE,3 ROOM,59,MARINE TER,07 TO 09,65.0,Improved,1975,49 years 08 months,456800.0
2024-11-01,MARINE PARADE,4 ROOM,54,MARINE TER,10 TO 12,88.0,Improved,1975,49 years 03 months,580000.0
2024-11-01,MARINE PARADE,5 ROOM,28,MARINE CRES,04 TO 06,126.0,Standard,1975,49 years 05 months,850000.0
2024-11-01,MARINE PARADE,5 ROOM,29,MARINE CRES,07 TO 09,122.0,Standard,1975,49 years 05 months,928000.0
2024-11-01,MARINE PARADE,5 ROOM,1,MARINE TER,13 TO 15,120.0,Standard,1975,49 years 03 months,925000.0
2024-11-01,MARINE PARADE,5 ROOM,1,MARINE TER,22 TO 24,122.0,Standard,1975,49 years 03 months,970000.0
2024-11-01,PASIR RIS,3 ROOM,530C,PASIR RIS DR 1,01 TO 03,65.0,DBSS,2015,89 years 09 months,615000.0
2024-11-01,PASIR RIS,3 ROOM,530C,PASIR RIS DR 1,01 TO 03,65.0,DBSS,2015,89 years 07 months,590000.0
2024-11-01,PASIR RIS,4 ROOM,637,PASIR RIS DR 1,07 TO 09,104.0,Model A,1995,69 years 06 months,613888.0
2024-11-01,PASIR RIS,4 ROOM,641,PASIR RIS DR 1,13 TO 15,104.0,Model A,1995,69 years 09 months,638000.0
2024-11-01,PASIR RIS,4 ROOM,701,PASIR RIS DR 10,07 TO 09,112.0,Model A,1996,70 years 03 months,665000.0
2024-11-01,PASIR RIS,4 ROOM,700,PASIR RIS DR 10,04 TO 06,114.0,Model A,1996,70 years 03 months,653888.0
2024-11-01,PASIR RIS,4 ROOM,479,PASIR RIS DR 4,01 TO 03,105.0,Model A,1992,67 years 02 months,570000.0
2024-11-01,PASIR RIS,4 ROOM,487,PASIR RIS DR 4,01 TO 03,104.0,Model A,1992,67 years 02 months,560000.0
2024-11-01,PASIR RIS,4 ROOM,409,PASIR RIS DR 6,07 TO 09,105.0,Model A,1989,64 years 02 months,658000.0
2024-11-01,PASIR RIS,4 ROOM,470,PASIR RIS DR 6,01 TO 03,105.0,Model A,1989,63 years 11 months,628000.0
2024-11-01,PASIR RIS,4 ROOM,446,PASIR RIS DR 6,01 TO 03,113.0,Model A,1989,64 years,620000.0
2024-11-01,PASIR RIS,4 ROOM,411,PASIR RIS DR 6,04 TO 06,103.0,Model A,1990,64 years 03 months,572000.0
2024-11-01,PASIR RIS,4 ROOM,121,PASIR RIS ST 11,01 TO 03,105.0,Model A,1989,63 years 06 months,585000.0
2024-11-01,PASIR RIS,4 ROOM,103,PASIR RIS ST 12,01 TO 03,103.0,Model A,1989,63 years 06 months,580000.0
2024-11-01,PASIR RIS,4 ROOM,215,PASIR RIS ST 21,04 TO 06,108.0,Model A,1993,67 years 09 months,630888.0
2024-11-01,PASIR RIS,4 ROOM,559,PASIR RIS ST 51,01 TO 03,104.0,Model A,1993,67 years 10 months,545000.0
2024-11-01,PASIR RIS,4 ROOM,528B,PASIR RIS ST 51,10 TO 12,93.0,Model A,2015,89 years 09 months,808000.0
2024-11-01,PASIR RIS,4 ROOM,525B,PASIR RIS ST 51,07 TO 09,93.0,Model A,2015,89 years 09 months,750000.0
2024-11-01,PASIR RIS,4 ROOM,577,PASIR RIS ST 53,04 TO 06,103.0,Model A,1995,70 years,640000.0
2024-11-01,PASIR RIS,4 ROOM,760,PASIR RIS ST 71,07 TO 09,105.0,Model A,1996,70 years 11 months,628000.0
2024-11-01,PASIR RIS,4 ROOM,776,PASIR RIS ST 71,07 TO 09,106.0,Model A,1996,71 years,630000.0
2024-11-01,PASIR RIS,4 ROOM,743,PASIR RIS ST 71,07 TO 09,103.0,Model A,1996,70 years 11 months,615000.0
2024-11-01,PASIR RIS,4 ROOM,750,PASIR RIS ST 71,04 TO 06,105.0,Model A,1996,71 years 01 month,610000.0
2024-11-01,PASIR RIS,4 ROOM,719,PASIR RIS ST 72,04 TO 06,104.0,Model A,1996,70 years 09 months,600000.0
2024-11-01,PASIR RIS,5 ROOM,613,ELIAS RD,10 TO 12,128.0,Improved,1996,70 years 09 months,770000.0
2024-11-01,PASIR RIS,5 ROOM,626,PASIR RIS DR 3,07 TO 09,121.0,Improved,1995,69 years 09 months,709888.0
2024-11-01,PASIR RIS,5 ROOM,626,PASIR RIS DR 3,04 TO 06,121.0,Improved,1995,69 years 09 months,700000.0
2024-11-01,PASIR RIS,5 ROOM,140,PASIR RIS ST 11,04 TO 06,127.0,Improved,1994,68 years 06 months,640000.0
2024-11-01,PASIR RIS,5 ROOM,199,PASIR RIS ST 12,07 TO 09,125.0,Improved,1993,68 years,690000.0
2024-11-01,PASIR RIS,5 ROOM,196,PASIR RIS ST 12,10 TO 12,124.0,Improved,1993,67 years 11 months,710000.0
2024-11-01,PASIR RIS,5 ROOM,274,PASIR RIS ST 21,04 TO 06,123.0,Improved,1994,68 years 07 months,650000.0
2024-11-01,PASIR RIS,5 ROOM,212,PASIR RIS ST 21,07 TO 09,132.0,Model A,1993,67 years 10 months,700000.0
2024-11-01,PASIR RIS,5 ROOM,212,PASIR RIS ST 21,04 TO 06,127.0,Improved,1993,67 years 10 months,723888.0
2024-11-01,PASIR RIS,5 ROOM,230,PASIR RIS ST 21,10 TO 12,130.0,Model A,1993,67 years 09 months,705000.0
2024-11-01,PASIR RIS,5 ROOM,214,PASIR RIS ST 21,01 TO 03,128.0,Improved,1993,67 years 09 months,680000.0
2024-11-01,PASIR RIS,5 ROOM,555,PASIR RIS ST 51,04 TO 06,123.0,Improved,1992,67 years 02 months,710000.0
2024-11-01,PASIR RIS,5 ROOM,512,PASIR RIS ST 52,04 TO 06,129.0,Improved,1993,68 years 02 months,788000.0
2024-11-01,PASIR RIS,5 ROOM,767,PASIR RIS ST 71,16 TO 18,125.0,Improved,1996,71 years,743888.0
2024-11-01,PASIR RIS,5 ROOM,776,PASIR RIS ST 71,04 TO 06,128.0,Improved,1996,71 years,755000.0
2024-11-01,PASIR RIS,5 ROOM,773,PASIR RIS ST 71,01 TO 03,128.0,Improved,1996,70 years 10 months,740000.0
2024-11-01,PASIR RIS,EXECUTIVE,607,ELIAS RD,04 TO 06,155.0,Apartment,1995,69 years 09 months,928000.0
2024-11-01,PASIR RIS,EXECUTIVE,536,PASIR RIS DR 1,13 TO 15,147.0,Apartment,1992,67 years 03 months,999000.0
2024-11-01,PASIR RIS,EXECUTIVE,647,PASIR RIS DR 10,04 TO 06,149.0,Apartment,1995,69 years 10 months,855000.0
2024-11-01,PASIR RIS,EXECUTIVE,420,PASIR RIS DR 6,01 TO 03,146.0,Maisonette,1989,63 years 03 months,910000.0
2024-11-01,PASIR RIS,EXECUTIVE,210,PASIR RIS ST 21,07 TO 09,147.0,Apartment,1993,67 years 11 months,818000.0
2024-11-01,PASIR RIS,EXECUTIVE,217,PASIR RIS ST 21,01 TO 03,151.0,Apartment,1993,67 years 10 months,827000.0
2024-11-01,PASIR RIS,EXECUTIVE,466,PASIR RIS ST 41,01 TO 03,148.0,Maisonette,1992,67 years 03 months,895000.0
2024-11-01,PASIR RIS,EXECUTIVE,537,PASIR RIS ST 51,13 TO 15,141.0,Apartment,1992,67 years 02 months,984000.0
2024-11-01,PASIR RIS,EXECUTIVE,547,PASIR RIS ST 51,10 TO 12,154.0,Maisonette,1992,67 years 02 months,992000.0
2024-11-01,PASIR RIS,EXECUTIVE,541,PASIR RIS ST 51,01 TO 03,143.0,Apartment,1992,67 years 02 months,920000.0
2024-11-01,PASIR RIS,EXECUTIVE,510,PASIR RIS ST 52,01 TO 03,146.0,Apartment,1993,67 years 11 months,840000.0
2024-11-01,PASIR RIS,EXECUTIVE,500,PASIR RIS ST 52,13 TO 15,146.0,Apartment,1993,68 years 02 months,930000.0
2024-11-01,PASIR RIS,EXECUTIVE,585,PASIR RIS ST 53,01 TO 03,146.0,Maisonette,1995,70 years,955000.0
2024-11-01,PASIR RIS,EXECUTIVE,580,PASIR RIS ST 53,01 TO 03,147.0,Apartment,1995,70 years,833000.0
2024-11-01,PASIR RIS,EXECUTIVE,780,PASIR RIS ST 71,07 TO 09,143.0,Apartment,1996,70 years 10 months,940000.0
2024-11-01,PUNGGOL,2 ROOM,622B,PUNGGOL CTRL,04 TO 06,46.0,Model A,2014,88 years 06 months,370000.0
2024-11-01,PUNGGOL,2 ROOM,624C,PUNGGOL CTRL,04 TO 06,46.0,Model A,2014,88 years 06 months,365000.0
2024-11-01,PUNGGOL,2 ROOM,233A,SUMANG LANE,13 TO 15,47.0,Model A,2018,93 years 01 month,383888.0
2024-11-01,PUNGGOL,2 ROOM,327B,SUMANG WALK,07 TO 09,47.0,Model A,2018,93 years 02 months,390000.0
2024-11-01,PUNGGOL,2 ROOM,256B,SUMANG WALK,01 TO 03,47.0,2-room,2016,91 years 02 months,355000.0
2024-11-01,PUNGGOL,3 ROOM,661A,EDGEDALE PLAINS,01 TO 03,68.0,Premium Apartment,2017,91 years 08 months,485000.0
2024-11-01,PUNGGOL,3 ROOM,672B,EDGEFIELD PLAINS,07 TO 09,65.0,Model A,2015,90 years 02 months,485000.0
2024-11-01,PUNGGOL,3 ROOM,670C,EDGEFIELD PLAINS,13 TO 15,68.0,Premium Apartment,2016,90 years 08 months,558000.0
2024-11-01,PUNGGOL,3 ROOM,622A,PUNGGOL CTRL,10 TO 12,69.0,Model A,2014,88 years 06 months,540000.0
2024-11-01,PUNGGOL,3 ROOM,601D,PUNGGOL CTRL,10 TO 12,70.0,Model A,2012,86 years 09 months,528000.0
2024-11-01,PUNGGOL,3 ROOM,659B,PUNGGOL EAST,10 TO 12,68.0,Model A,2018,93 years 01 month,533000.0
2024-11-01,PUNGGOL,3 ROOM,209A,PUNGGOL PL,10 TO 12,67.0,Model A,2014,89 years 03 months,553000.0
2024-11-01,PUNGGOL,3 ROOM,210A,PUNGGOL PL,10 TO 12,67.0,Model A,2014,89 years 02 months,520000.0
2024-11-01,PUNGGOL,3 ROOM,209B,PUNGGOL PL,13 TO 15,67.0,Model A,2014,89 years 02 months,545000.0
2024-11-01,PUNGGOL,3 ROOM,209C,PUNGGOL PL,13 TO 15,67.0,Model A,2014,89 years 02 months,527000.0
2024-11-01,PUNGGOL,3 ROOM,308A,PUNGGOL WALK,04 TO 06,67.0,Premium Apartment,2016,90 years 05 months,538888.0
2024-11-01,PUNGGOL,3 ROOM,310A,PUNGGOL WALK,10 TO 12,67.0,Premium Apartment,2016,90 years 08 months,546000.0
2024-11-01,PUNGGOL,3 ROOM,221A,SUMANG LANE,10 TO 12,68.0,Model A,2018,93 years 02 months,538888.0
2024-11-01,PUNGGOL,3 ROOM,221A,SUMANG LANE,01 TO 03,68.0,Model A,2018,93 years 02 months,490000.0
2024-11-01,PUNGGOL,3 ROOM,220C,SUMANG LANE,13 TO 15,68.0,Model A,2018,93 years 02 months,530000.0
2024-11-01,PUNGGOL,3 ROOM,221B,SUMANG LANE,16 TO 18,68.0,Model A,2018,93 years 02 months,560000.0
2024-11-01,PUNGGOL,3 ROOM,327A,SUMANG WALK,13 TO 15,68.0,Model A,2018,93 years 02 months,550000.0
2024-11-01,PUNGGOL,3 ROOM,322C,SUMANG WALK,16 TO 18,68.0,Premium Apartment,2019,93 years 06 months,578000.0
2024-11-01,PUNGGOL,3 ROOM,327B,SUMANG WALK,10 TO 12,68.0,Model A,2018,93 years 02 months,515000.0
2024-11-01,PUNGGOL,3 ROOM,326C,SUMANG WALK,13 TO 15,68.0,Model A,2018,93 years 02 months,540000.0
2024-11-01,PUNGGOL,4 ROOM,134,EDGEDALE PLAINS,16 TO 18,91.0,Premium Apartment,2003,78 years 02 months,550000.0
2024-11-01,PUNGGOL,4 ROOM,683C,EDGEDALE PLAINS,01 TO 03,93.0,Premium Apartment,2018,92 years 10 months,620000.0
2024-11-01,PUNGGOL,4 ROOM,684A,EDGEDALE PLAINS,01 TO 03,93.0,Premium Apartment,2018,92 years 10 months,642000.0
2024-11-01,PUNGGOL,4 ROOM,134,EDGEDALE PLAINS,01 TO 03,91.0,Premium Apartment,2003,78 years 01 month,585000.0
2024-11-01,PUNGGOL,4 ROOM,671B,EDGEFIELD PLAINS,04 TO 06,90.0,Model A,2015,90 years 02 months,640000.0
2024-11-01,PUNGGOL,4 ROOM,615A,EDGEFIELD PLAINS,10 TO 12,92.0,Model A,2012,87 years 02 months,660000.0
2024-11-01,PUNGGOL,4 ROOM,673C,EDGEFIELD PLAINS,10 TO 12,90.0,Model A,2015,90 years 02 months,640000.0
2024-11-01,PUNGGOL,4 ROOM,118,EDGEFIELD PLAINS,01 TO 03,95.0,Premium Apartment,2003,77 years 08 months,550000.0
2024-11-01,PUNGGOL,4 ROOM,615C,EDGEFIELD PLAINS,13 TO 15,92.0,Model A,2012,87 years 02 months,680000.0
2024-11-01,PUNGGOL,4 ROOM,670B,EDGEFIELD PLAINS,07 TO 09,93.0,Premium Apartment,2016,90 years 08 months,660000.0
2024-11-01,PUNGGOL,4 ROOM,670B,EDGEFIELD PLAINS,16 TO 18,93.0,Premium Apartment,2016,90 years 08 months,712000.0
2024-11-01,PUNGGOL,4 ROOM,176B,EDGEFIELD PLAINS,07 TO 09,90.0,Model A,2003,77 years 11 months,568888.0
2024-11-01,PUNGGOL,4 ROOM,615A,EDGEFIELD PLAINS,13 TO 15,92.0,Model A,2012,87 years 02 months,671000.0
2024-11-01,PUNGGOL,4 ROOM,602C,PUNGGOL CTRL,13 TO 15,94.0,Model A,2012,86 years 09 months,653888.0
2024-11-01,PUNGGOL,4 ROOM,301B,PUNGGOL CTRL,07 TO 09,93.0,Premium Apartment,2010,84 years 09 months,672000.0
2024-11-01,PUNGGOL,4 ROOM,301A,PUNGGOL CTRL,13 TO 15,93.0,Premium Apartment,2010,84 years 10 months,736888.0
2024-11-01,PUNGGOL,4 ROOM,623C,PUNGGOL CTRL,13 TO 15,94.0,Model A,2014,88 years 06 months,670000.0
2024-11-01,PUNGGOL,4 ROOM,678C,PUNGGOL DR,04 TO 06,93.0,Premium Apartment,2016,91 years,670000.0
2024-11-01,PUNGGOL,4 ROOM,676B,PUNGGOL DR,01 TO 03,93.0,Premium Apartment,2016,90 years 11 months,630000.0
2024-11-01,PUNGGOL,4 ROOM,676A,PUNGGOL DR,16 TO 18,93.0,Premium Apartment,2016,90 years 11 months,720000.0
2024-11-01,PUNGGOL,4 ROOM,678C,PUNGGOL DR,07 TO 09,93.0,Premium Apartment,2016,90 years 11 months,745000.0
2024-11-01,PUNGGOL,4 ROOM,617A,PUNGGOL DR,10 TO 12,93.0,Premium Apartment,2013,87 years 11 months,683888.0
2024-11-01,PUNGGOL,4 ROOM,659B,PUNGGOL EAST,04 TO 06,93.0,Model A,2018,93 years 01 month,620000.0
2024-11-01,PUNGGOL,4 ROOM,659C,PUNGGOL EAST,01 TO 03,93.0,Model A,2018,93 years 02 months,608000.0
2024-11-01,PUNGGOL,4 ROOM,170C,PUNGGOL FIELD,07 TO 09,92.0,Model A,2014,88 years 06 months,680000.0
2024-11-01,PUNGGOL,4 ROOM,170A,PUNGGOL FIELD,04 TO 06,92.0,Model A,2014,88 years 06 months,620000.0
2024-11-01,PUNGGOL,4 ROOM,175A,PUNGGOL FIELD,01 TO 03,90.0,Model A,2003,77 years 11 months,575000.0
2024-11-01,PUNGGOL,4 ROOM,201D,PUNGGOL FIELD,16 TO 18,90.0,Model A,2004,78 years 09 months,620000.0
2024-11-01,PUNGGOL,4 ROOM,173A,PUNGGOL FIELD,16 TO 18,85.0,Model A,2003,78 years 02 months,575000.0
2024-11-01,PUNGGOL,4 ROOM,259A,PUNGGOL FIELD,04 TO 06,93.0,Model A,2016,90 years 08 months,610888.0
2024-11-01,PUNGGOL,4 ROOM,269C,PUNGGOL FIELD,07 TO 09,97.0,Premium Apartment,2013,87 years 03 months,760000.0
2024-11-01,PUNGGOL,4 ROOM,289B,PUNGGOL PL,13 TO 15,98.0,Premium Apartment,2013,87 years 05 months,725000.0
2024-11-01,PUNGGOL,4 ROOM,302C,PUNGGOL PL,01 TO 03,94.0,Premium Apartment,2011,85 years 05 months,668888.0
2024-11-01,PUNGGOL,4 ROOM,306C,PUNGGOL PL,04 TO 06,96.0,Premium Apartment,2012,86 years 09 months,708000.0
2024-11-01,PUNGGOL,4 ROOM,273A,PUNGGOL PL,07 TO 09,93.0,Premium Apartment,2013,87 years 09 months,745000.0
2024-11-01,PUNGGOL,4 ROOM,273B,PUNGGOL PL,13 TO 15,94.0,Premium Apartment,2013,87 years 09 months,785888.0
2024-11-01,PUNGGOL,5 ROOM,207A,PUNGGOL PL,13 TO 15,112.0,Improved,2014,88 years 08 months,828000.0
2024-11-01,PUNGGOL,4 ROOM,273A,PUNGGOL PL,01 TO 03,93.0,Premium Apartment,2013,87 years 09 months,662000.0
2024-11-01,PUNGGOL,4 ROOM,603A,PUNGGOL RD,13 TO 15,93.0,Model A,2012,87 years,695000.0
2024-11-01,PUNGGOL,4 ROOM,603A,PUNGGOL RD,01 TO 03,93.0,Model A,2012,87 years,578000.0
2024-11-01,PUNGGOL,4 ROOM,603A,PUNGGOL RD,10 TO 12,92.0,Model A,2012,86 years 11 months,675388.0
2024-11-01,PUNGGOL,4 ROOM,603A,PUNGGOL RD,13 TO 15,92.0,Model A,2012,86 years 11 months,670000.0
2024-11-01,PUNGGOL,4 ROOM,310B,PUNGGOL WALK,10 TO 12,92.0,Premium Apartment,2016,90 years 08 months,720888.0
2024-11-01,PUNGGOL,4 ROOM,271B,PUNGGOL WALK,10 TO 12,94.0,Premium Apartment,2014,88 years 06 months,760000.0
2024-11-01,PUNGGOL,4 ROOM,310A,PUNGGOL WALK,01 TO 03,92.0,Premium Apartment,2016,90 years 08 months,690000.0
2024-11-01,PUNGGOL,4 ROOM,272D,PUNGGOL WALK,10 TO 12,92.0,Premium Apartment,2014,88 years 06 months,783000.0
2024-11-01,PUNGGOL,4 ROOM,211C,PUNGGOL WALK,13 TO 15,92.0,Model A,2014,88 years 06 months,665000.0
2024-11-01,PUNGGOL,4 ROOM,272D,PUNGGOL WALK,07 TO 09,92.0,Premium Apartment,2014,88 years 05 months,793888.0
2024-11-01,PUNGGOL,4 ROOM,261C,PUNGGOL WAY,16 TO 18,93.0,Model A,2016,90 years 09 months,710000.0
2024-11-01,PUNGGOL,4 ROOM,315B,PUNGGOL WAY,07 TO 09,93.0,Premium Apartment,2017,91 years 11 months,708000.0
2024-11-01,PUNGGOL,4 ROOM,227B,SUMANG LANE,07 TO 09,93.0,Premium Apartment,2018,92 years 06 months,650000.0
2024-11-01,PUNGGOL,4 ROOM,220A,SUMANG LANE,13 TO 15,93.0,Model A,2018,93 years 02 months,660888.0
2024-11-01,PUNGGOL,4 ROOM,220C,SUMANG LANE,04 TO 06,93.0,Model A,2018,93 years 02 months,645000.0
2024-11-01,PUNGGOL,4 ROOM,224A,SUMANG LANE,13 TO 15,93.0,Model A,2018,93 years 02 months,655000.0
2024-11-01,PUNGGOL,4 ROOM,220C,SUMANG LANE,01 TO 03,93.0,Model A,2018,93 years 02 months,600000.0
2024-11-01,PUNGGOL,4 ROOM,226A,SUMANG LANE,13 TO 15,92.0,Premium Apartment,2018,92 years 05 months,650000.0
2024-11-01,PUNGGOL,4 ROOM,323C,SUMANG WALK,07 TO 09,93.0,Premium Apartment,2020,94 years 04 months,660000.0
2024-11-01,PUNGGOL,4 ROOM,256A,SUMANG WALK,01 TO 03,93.0,Model A,2016,91 years 02 months,605000.0
2024-11-01,PUNGGOL,4 ROOM,325B,SUMANG WALK,13 TO 15,96.0,Premium Apartment,2020,94 years 03 months,735000.0
2024-11-01,PUNGGOL,4 ROOM,325B,SUMANG WALK,13 TO 15,93.0,Premium Apartment,2020,94 years 03 months,700000.0
2024-11-01,PUNGGOL,4 ROOM,217C,SUMANG WALK,13 TO 15,92.0,Model A,2017,91 years 09 months,628000.0
2024-11-01,PUNGGOL,4 ROOM,322B,SUMANG WALK,16 TO 18,93.0,Premium Apartment,2019,93 years 05 months,740000.0
2024-11-01,PUNGGOL,5 ROOM,109D,EDGEDALE PLAINS,16 TO 18,110.0,Improved,2003,77 years 07 months,643888.0
2024-11-01,PUNGGOL,5 ROOM,130,EDGEDALE PLAINS,04 TO 06,112.0,Premium Apartment,2003,78 years 01 month,578000.0
2024-11-01,PUNGGOL,5 ROOM,133,EDGEDALE PLAINS,16 TO 18,111.0,Premium Apartment,2003,78 years 01 month,626888.0
2024-11-01,PUNGGOL,5 ROOM,134,EDGEDALE PLAINS,01 TO 03,111.0,Premium Apartment,2003,78 years 01 month,590000.0
2024-11-01,PUNGGOL,5 ROOM,174B,EDGEDALE PLAINS,07 TO 09,110.0,Improved,2003,78 years 02 months,694000.0
2024-11-01,PUNGGOL,5 ROOM,135,EDGEDALE PLAINS,10 TO 12,111.0,Premium Apartment,2003,78 years 01 month,640000.0
2024-11-01,PUNGGOL,5 ROOM,126C,EDGEDALE PLAINS,07 TO 09,110.0,Improved,2003,77 years 04 months,653000.0
2024-11-01,PUNGGOL,5 ROOM,107D,EDGEFIELD PLAINS,13 TO 15,110.0,Improved,2003,77 years 06 months,658888.0
2024-11-01,PUNGGOL,5 ROOM,104B,EDGEFIELD PLAINS,07 TO 09,110.0,Improved,2003,77 years 08 months,601000.0
2024-11-01,PUNGGOL,5 ROOM,118,EDGEFIELD PLAINS,10 TO 12,113.0,Premium Apartment,2003,77 years 08 months,650000.0
2024-11-01,PUNGGOL,5 ROOM,176C,EDGEFIELD PLAINS,04 TO 06,110.0,Improved,2003,77 years 10 months,606800.0
2024-11-01,PUNGGOL,5 ROOM,118,EDGEFIELD PLAINS,04 TO 06,113.0,Premium Apartment,2003,77 years 08 months,590000.0
2024-11-01,PUNGGOL,5 ROOM,107B,EDGEFIELD PLAINS,10 TO 12,110.0,Improved,2003,77 years 05 months,650000.0
2024-11-01,PUNGGOL,5 ROOM,162B,PUNGGOL CTRL,01 TO 03,114.0,Premium Apartment,2004,78 years 07 months,685000.0
2024-11-01,PUNGGOL,5 ROOM,299,PUNGGOL CTRL,01 TO 03,110.0,Premium Apartment,2003,78 years,647000.0
2024-11-01,PUNGGOL,5 ROOM,651,PUNGGOL CTRL,13 TO 15,110.0,Premium Apartment,2005,79 years 03 months,720000.0
2024-11-01,PUNGGOL,5 ROOM,191,PUNGGOL CTRL,07 TO 09,112.0,Premium Apartment,2004,78 years 06 months,658000.0
2024-11-01,PUNGGOL,5 ROOM,645,PUNGGOL CTRL,16 TO 18,110.0,Premium Apartment,2005,79 years 03 months,800000.0
2024-11-01,PUNGGOL,5 ROOM,161B,PUNGGOL CTRL,07 TO 09,114.0,Premium Apartment,2004,78 years 07 months,755800.0
2024-11-01,PUNGGOL,5 ROOM,665A,PUNGGOL DR,04 TO 06,113.0,Premium Apartment,2016,90 years 05 months,770000.0
2024-11-01,PUNGGOL,5 ROOM,663C,PUNGGOL DR,13 TO 15,110.0,Improved,2016,90 years 08 months,800000.0
2024-11-01,PUNGGOL,5 ROOM,663B,PUNGGOL DR,10 TO 12,110.0,Improved,2016,90 years 08 months,828888.0
2024-11-01,PUNGGOL,5 ROOM,663B,PUNGGOL DR,07 TO 09,110.0,Improved,2016,90 years 08 months,800000.0
2024-11-01,PUNGGOL,5 ROOM,663C,PUNGGOL DR,10 TO 12,110.0,Improved,2016,90 years 08 months,785000.0
2024-11-01,PUNGGOL,5 ROOM,658A,PUNGGOL EAST,10 TO 12,113.0,Improved,2018,93 years 01 month,805000.0
2024-11-01,PUNGGOL,5 ROOM,658B,PUNGGOL EAST,07 TO 09,113.0,Improved,2018,93 years 01 month,825000.0
2024-11-01,PUNGGOL,5 ROOM,197B,PUNGGOL FIELD,10 TO 12,110.0,Improved,2003,77 years 08 months,623000.0
2024-11-01,PUNGGOL,5 ROOM,102B,PUNGGOL FIELD,13 TO 15,110.0,Improved,2002,77 years 01 month,645000.0
2024-11-01,PUNGGOL,5 ROOM,175B,PUNGGOL FIELD,10 TO 12,111.0,Improved,2003,77 years 10 months,671000.0
2024-11-01,PUNGGOL,5 ROOM,102C,PUNGGOL FIELD,07 TO 09,110.0,Improved,2002,77 years 01 month,630000.0
2024-11-01,PUNGGOL,5 ROOM,258C,PUNGGOL FIELD,16 TO 18,113.0,Improved,2016,90 years 08 months,835000.0
2024-11-01,PUNGGOL,5 ROOM,196D,PUNGGOL FIELD,07 TO 09,110.0,Improved,2003,77 years 09 months,650000.0
2024-11-01,PUNGGOL,5 ROOM,173C,PUNGGOL FIELD,07 TO 09,110.0,Improved,2003,78 years 02 months,668888.0
2024-11-01,PUNGGOL,5 ROOM,259C,PUNGGOL FIELD,13 TO 15,113.0,Improved,2016,90 years 08 months,788888.0
2024-11-01,PUNGGOL,5 ROOM,128D,PUNGGOL FIELD WALK,10 TO 12,110.0,Improved,2003,77 years 09 months,650000.0
2024-11-01,PUNGGOL,5 ROOM,273B,PUNGGOL PL,10 TO 12,113.0,Premium Apartment,2013,87 years 09 months,888000.0
2024-11-01,PUNGGOL,5 ROOM,272C,PUNGGOL WALK,04 TO 06,116.0,Premium Apartment,2014,88 years 06 months,888000.0
2024-11-01,PUNGGOL,5 ROOM,213B,PUNGGOL WALK,07 TO 09,113.0,Improved,2015,89 years 06 months,802000.0
2024-11-01,PUNGGOL,5 ROOM,213B,PUNGGOL WALK,01 TO 03,113.0,Improved,2015,89 years 06 months,680000.0
2024-11-01,PUNGGOL,5 ROOM,310C,PUNGGOL WALK,16 TO 18,112.0,Premium Apartment,2016,90 years 08 months,880000.0
2024-11-01,PUNGGOL,5 ROOM,213A,PUNGGOL WALK,10 TO 12,113.0,Improved,2015,89 years 06 months,775000.0
2024-11-01,PUNGGOL,5 ROOM,314B,PUNGGOL WAY,01 TO 03,113.0,Premium Apartment,2017,91 years 11 months,760000.0
2024-11-01,PUNGGOL,5 ROOM,265D,PUNGGOL WAY,10 TO 12,112.0,Improved,2015,89 years 08 months,890888.0
2024-11-01,PUNGGOL,5 ROOM,231A,SUMANG LANE,04 TO 06,113.0,Improved,2018,93 years 01 month,710000.0
2024-11-01,PUNGGOL,5 ROOM,234B,SUMANG LANE,01 TO 03,113.0,Improved,2018,93 years 01 month,688000.0
2024-11-01,PUNGGOL,5 ROOM,226A,SUMANG LANE,13 TO 15,114.0,Premium Apartment,2018,92 years 05 months,795000.0
2024-11-01,PUNGGOL,5 ROOM,226C,SUMANG LANE,10 TO 12,114.0,Premium Apartment,2018,92 years 05 months,800000.0
2024-11-01,PUNGGOL,5 ROOM,234B,SUMANG LANE,10 TO 12,113.0,Improved,2018,93 years 01 month,770000.0
2024-11-01,PUNGGOL,5 ROOM,313C,SUMANG LINK,07 TO 09,112.0,Improved,2015,89 years 08 months,860000.0
2024-11-01,PUNGGOL,5 ROOM,312C,SUMANG LINK,10 TO 12,112.0,Improved,2015,89 years 08 months,909888.0
2024-11-01,PUNGGOL,5 ROOM,323B,SUMANG WALK,07 TO 09,113.0,Premium Apartment,2020,94 years 04 months,825000.0
2024-11-01,PUNGGOL,5 ROOM,322C,SUMANG WALK,10 TO 12,116.0,Premium Apartment,2019,93 years 05 months,925000.0
2024-11-01,PUNGGOL,EXECUTIVE,191,PUNGGOL CTRL,10 TO 12,128.0,Premium Apartment,2004,78 years 06 months,820000.0
2024-11-01,QUEENSTOWN,3 ROOM,81,C'WEALTH CL,10 TO 12,60.0,Standard,1967,41 years 03 months,355000.0
2024-11-01,QUEENSTOWN,3 ROOM,85,C'WEALTH CL,01 TO 03,66.0,Standard,1967,41 years 03 months,326000.0
2024-11-01,QUEENSTOWN,3 ROOM,87,C'WEALTH CL,01 TO 03,58.0,Standard,1967,41 years 03 months,368000.0
2024-11-01,QUEENSTOWN,3 ROOM,81,C'WEALTH CL,13 TO 15,71.0,Standard,1967,41 years 03 months,435000.0
2024-11-01,QUEENSTOWN,3 ROOM,98,C'WEALTH CRES,01 TO 03,59.0,Standard,1970,44 years 09 months,330000.0
2024-11-01,QUEENSTOWN,3 ROOM,96,C'WEALTH CRES,01 TO 03,67.0,Standard,1970,44 years 08 months,345888.0
2024-11-01,QUEENSTOWN,3 ROOM,99,C'WEALTH CRES,04 TO 06,55.0,Standard,1970,44 years 08 months,315000.0
2024-11-01,QUEENSTOWN,3 ROOM,51,C'WEALTH DR,04 TO 06,63.0,Model A,2015,89 years 05 months,670000.0
2024-11-01,QUEENSTOWN,3 ROOM,52,C'WEALTH DR,13 TO 15,63.0,Model A,2015,89 years 04 months,712888.0
2024-11-01,QUEENSTOWN,3 ROOM,87,DAWSON RD,31 TO 33,65.0,Premium Apartment,2016,90 years 11 months,800000.0
2024-11-01,QUEENSTOWN,3 ROOM,87,DAWSON RD,28 TO 30,65.0,Premium Apartment,2016,90 years 10 months,795688.0
2024-11-01,QUEENSTOWN,3 ROOM,3,DOVER RD,04 TO 06,65.0,Improved,1975,49 years 09 months,360000.0
2024-11-01,QUEENSTOWN,3 ROOM,3,DOVER RD,10 TO 12,65.0,Improved,1975,49 years 09 months,430000.0
2024-11-01,QUEENSTOWN,3 ROOM,5,GHIM MOH RD,10 TO 12,65.0,Improved,1976,50 years 10 months,465000.0
2024-11-01,QUEENSTOWN,3 ROOM,19,GHIM MOH RD,07 TO 09,65.0,Improved,1977,51 years 08 months,440000.0
2024-11-01,QUEENSTOWN,3 ROOM,5,GHIM MOH RD,13 TO 15,65.0,Improved,1976,50 years 10 months,400000.0
2024-11-01,QUEENSTOWN,3 ROOM,2,GHIM MOH RD,01 TO 03,65.0,Improved,1976,50 years 09 months,360000.0
2024-11-01,QUEENSTOWN,3 ROOM,4,GHIM MOH RD,07 TO 09,65.0,Improved,1976,50 years 09 months,395000.0
2024-11-01,QUEENSTOWN,3 ROOM,8,HOLLAND AVE,16 TO 18,59.0,Improved,1974,48 years 08 months,440000.0
2024-11-01,QUEENSTOWN,3 ROOM,9,HOLLAND AVE,10 TO 12,65.0,Improved,1974,48 years 08 months,460000.0
2024-11-01,QUEENSTOWN,3 ROOM,2,HOLLAND AVE,16 TO 18,65.0,Improved,1974,48 years 07 months,525000.0
2024-11-01,QUEENSTOWN,3 ROOM,12,HOLLAND AVE,07 TO 09,65.0,Improved,1975,49 years 03 months,480000.0
2024-11-01,QUEENSTOWN,3 ROOM,2,HOLLAND AVE,07 TO 09,65.0,Improved,1974,48 years 07 months,500000.0
2024-11-01,QUEENSTOWN,3 ROOM,8,HOLLAND AVE,04 TO 06,67.0,Improved,1974,48 years 07 months,438000.0
2024-11-01,QUEENSTOWN,3 ROOM,32,HOLLAND CL,04 TO 06,59.0,Improved,1974,48 years 08 months,355000.0
2024-11-01,QUEENSTOWN,3 ROOM,6,HOLLAND CL,07 TO 09,65.0,Improved,1974,48 years 07 months,500000.0
2024-11-01,QUEENSTOWN,3 ROOM,6,HOLLAND CL,10 TO 12,65.0,Improved,1974,48 years 07 months,470000.0
2024-11-01,QUEENSTOWN,3 ROOM,4,HOLLAND CL,19 TO 21,65.0,Improved,1974,48 years 07 months,510000.0
2024-11-01,QUEENSTOWN,3 ROOM,11,HOLLAND DR,16 TO 18,65.0,Improved,1975,49 years 03 months,488000.0
2024-11-01,QUEENSTOWN,3 ROOM,40,HOLLAND DR,04 TO 06,59.0,Improved,1975,49 years 08 months,425000.0
2024-11-01,QUEENSTOWN,3 ROOM,171,STIRLING RD,13 TO 15,60.0,Improved,1970,44 years 09 months,400000.0
2024-11-01,QUEENSTOWN,3 ROOM,61B,STRATHMORE AVE,01 TO 03,70.0,Model A,2011,85 years 10 months,688000.0
2024-11-01,QUEENSTOWN,3 ROOM,53,STRATHMORE AVE,25 TO 27,62.0,Premium Apartment,2020,95 years 02 months,800000.0
2024-11-01,QUEENSTOWN,4 ROOM,89,DAWSON RD,37 TO 39,83.0,Premium Apartment,2016,90 years 06 months,1000000.0
2024-11-01,QUEENSTOWN,4 ROOM,17,DOVER CRES,13 TO 15,92.0,Model A,2003,77 years 11 months,795000.0
2024-11-01,QUEENSTOWN,4 ROOM,28A,DOVER CRES,07 TO 09,95.0,Model A,2012,86 years 05 months,840000.0
2024-11-01,QUEENSTOWN,4 ROOM,32,GHIM MOH LINK,10 TO 12,93.0,Model A,2018,92 years 09 months,1030000.0
2024-11-01,QUEENSTOWN,4 ROOM,30,GHIM MOH LINK,10 TO 12,93.0,Model A,2018,92 years 09 months,1000000.0
2024-11-01,QUEENSTOWN,4 ROOM,27,GHIM MOH LINK,19 TO 21,92.0,Model A,2013,87 years 06 months,958000.0
2024-11-01,QUEENSTOWN,4 ROOM,23,GHIM MOH LINK,01 TO 03,92.0,Model A,2013,87 years 06 months,868888.0
2024-11-01,QUEENSTOWN,4 ROOM,8,HOLLAND AVE,16 TO 18,82.0,Improved,1974,48 years 07 months,638000.0
2024-11-01,QUEENSTOWN,4 ROOM,18A,HOLLAND DR,01 TO 03,92.0,Model A,2012,87 years,938000.0
2024-11-01,QUEENSTOWN,4 ROOM,143,MEI LING ST,01 TO 03,108.0,Model A,1995,69 years 10 months,818888.0
2024-11-01,QUEENSTOWN,4 ROOM,21,QUEEN'S CL,16 TO 18,107.0,Model A,1996,71 years 01 month,838000.0
2024-11-01,QUEENSTOWN,4 ROOM,184,STIRLING RD,16 TO 18,94.0,Model A,2000,75 years 02 months,890000.0
2024-11-01,QUEENSTOWN,4 ROOM,49,STRATHMORE AVE,01 TO 03,90.0,Model A,2006,80 years 10 months,838000.0
2024-11-01,QUEENSTOWN,4 ROOM,55,STRATHMORE AVE,10 TO 12,95.0,Model A,2002,76 years 07 months,920000.0
2024-11-01,QUEENSTOWN,4 ROOM,56,STRATHMORE AVE,07 TO 09,85.0,Model A,2002,76 years 07 months,860000.0
2024-11-01,QUEENSTOWN,4 ROOM,56,STRATHMORE AVE,04 TO 06,95.0,Model A,2002,76 years 07 months,830000.0
2024-11-01,QUEENSTOWN,4 ROOM,61C,STRATHMORE AVE,07 TO 09,94.0,Model A,2011,85 years 10 months,930000.0
2024-11-01,QUEENSTOWN,5 ROOM,13,DOVER CL EAST,07 TO 09,117.0,Standard,1978,52 years 03 months,882000.0
2024-11-01,QUEENSTOWN,5 ROOM,28A,DOVER CRES,37 TO 39,124.0,Improved,2012,86 years 05 months,1550000.0
2024-11-01,QUEENSTOWN,5 ROOM,1,GHIM MOH RD,04 TO 06,130.0,Adjoined flat,1976,50 years 09 months,720000.0
2024-11-01,QUEENSTOWN,5 ROOM,5,HOLLAND CL,07 TO 09,124.0,Improved,1998,73 years 02 months,1042000.0
2024-11-01,QUEENSTOWN,5 ROOM,184,STIRLING RD,04 TO 06,115.0,Improved,2000,75 years 02 months,1000000.0
2024-11-01,QUEENSTOWN,5 ROOM,55,STRATHMORE AVE,04 TO 06,110.0,Improved,2002,76 years 08 months,945000.0
2024-11-01,QUEENSTOWN,5 ROOM,56,STRATHMORE AVE,19 TO 21,110.0,Improved,2002,76 years 07 months,1000000.0
2024-11-01,QUEENSTOWN,EXECUTIVE,148,MEI LING ST,19 TO 21,149.0,Apartment,1995,70 years 01 month,1350000.0
2024-11-01,SEMBAWANG,2 ROOM,130A,CANBERRA CRES,13 TO 15,38.0,Model A,2018,93 years,380000.0
2024-11-01,SEMBAWANG,2 ROOM,132A,CANBERRA CRES,01 TO 03,38.0,Model A,2020,94 years 11 months,385000.0
2024-11-01,SEMBAWANG,2 ROOM,132C,CANBERRA VIEW,04 TO 06,38.0,Model A,2020,94 years 11 months,380000.0
2024-11-01,SEMBAWANG,2 ROOM,115B,CANBERRA WALK,10 TO 12,47.0,Model A,2018,92 years 09 months,372000.0
2024-11-01,SEMBAWANG,3 ROOM,117A,CANBERRA CRES,01 TO 03,68.0,Model A,2020,94 years 08 months,520000.0
2024-11-01,SEMBAWANG,3 ROOM,132A,CANBERRA CRES,07 TO 09,68.0,Model A,2020,94 years 11 months,589000.0
2024-11-01,SEMBAWANG,3 ROOM,128B,CANBERRA ST,04 TO 06,68.0,Model A,2018,93 years 02 months,501000.0
2024-11-01,SEMBAWANG,3 ROOM,104C,CANBERRA ST,13 TO 15,67.0,Model A,2018,92 years 10 months,530888.0
2024-11-01,SEMBAWANG,3 ROOM,107A,CANBERRA ST,07 TO 09,67.0,Model A,2018,92 years 09 months,520000.0
2024-11-01,SEMBAWANG,3 ROOM,115D,CANBERRA WALK,04 TO 06,68.0,Model A,2018,92 years 09 months,510000.0
2024-11-01,SEMBAWANG,3 ROOM,590C,MONTREAL LINK,10 TO 12,68.0,Model A,2015,89 years 07 months,490000.0
2024-11-01,SEMBAWANG,3 ROOM,366B,SEMBAWANG CRES,16 TO 18,68.0,Model A,2019,93 years 06 months,503000.0
2024-11-01,SEMBAWANG,4 ROOM,357A,ADMIRALTY DR,01 TO 03,95.0,Premium Apartment,2001,75 years 09 months,543000.0
2024-11-01,SEMBAWANG,4 ROOM,359B,ADMIRALTY DR,07 TO 09,95.0,Premium Apartment,2001,75 years 11 months,565888.0
2024-11-01,SEMBAWANG,4 ROOM,360A,ADMIRALTY DR,07 TO 09,95.0,Premium Apartment,2001,75 years 11 months,620888.0
2024-11-01,SEMBAWANG,4 ROOM,353A,ADMIRALTY DR,10 TO 12,93.0,Model A,2002,76 years 03 months,605000.0
2024-11-01,SEMBAWANG,4 ROOM,467B,ADMIRALTY DR,04 TO 06,102.0,Premium Apartment,2001,75 years 09 months,550000.0
2024-11-01,SEMBAWANG,4 ROOM,486,ADMIRALTY LINK,01 TO 03,90.0,Model A,2004,78 years 07 months,485000.0
2024-11-01,SEMBAWANG,4 ROOM,487,ADMIRALTY LINK,16 TO 18,96.0,Model A,2010,84 years 10 months,560000.0
2024-11-01,SEMBAWANG,4 ROOM,489,ADMIRALTY LINK,07 TO 09,96.0,Model A,2010,84 years 10 months,568000.0
2024-11-01,SEMBAWANG,4 ROOM,131A,CANBERRA CRES,01 TO 03,92.0,Model A,2020,95 years,680000.0
2024-11-01,SEMBAWANG,4 ROOM,119B,CANBERRA CRES,04 TO 06,93.0,Model A,2018,92 years 04 months,662000.0
2024-11-01,SEMBAWANG,4 ROOM,120A,CANBERRA CRES,10 TO 12,93.0,Model A,2018,92 years 04 months,690000.0
2024-11-01,SEMBAWANG,4 ROOM,131C,CANBERRA CRES,04 TO 06,92.0,Model A,2020,94 years 11 months,730000.0
2024-11-01,SEMBAWANG,4 ROOM,118A,CANBERRA CRES,07 TO 09,92.0,Model A,2020,94 years 07 months,762000.0
2024-11-01,SEMBAWANG,4 ROOM,131B,CANBERRA CRES,04 TO 06,92.0,Model A,2020,94 years 11 months,700000.0
2024-11-01,SEMBAWANG,4 ROOM,303,CANBERRA RD,07 TO 09,100.0,Model A,1998,73 years 02 months,560000.0
2024-11-01,SEMBAWANG,4 ROOM,309,CANBERRA RD,07 TO 09,100.0,Model A,1998,73 years 02 months,560000.0
2024-11-01,SEMBAWANG,4 ROOM,121B,CANBERRA ST,13 TO 15,93.0,Model A,2018,92 years 04 months,680000.0
2024-11-01,SEMBAWANG,4 ROOM,121A,CANBERRA ST,07 TO 09,93.0,Model A,2018,92 years 03 months,630000.0
2024-11-01,SEMBAWANG,4 ROOM,101B,CANBERRA ST,13 TO 15,93.0,Model A,2020,95 years 02 months,646000.0
2024-11-01,SEMBAWANG,4 ROOM,107A,CANBERRA ST,13 TO 15,93.0,Model A,2018,92 years 09 months,660000.0
2024-11-01,SEMBAWANG,4 ROOM,101A,CANBERRA ST,13 TO 15,93.0,Model A,2020,95 years 02 months,668000.0
2024-11-01,SEMBAWANG,4 ROOM,107B,CANBERRA ST,13 TO 15,93.0,Model A,2018,92 years 09 months,650000.0
2024-11-01,SEMBAWANG,4 ROOM,101A,CANBERRA ST,10 TO 12,93.0,Model A,2020,95 years 02 months,626888.0
2024-11-01,SEMBAWANG,4 ROOM,101A,CANBERRA ST,01 TO 03,93.0,Model A,2020,95 years 02 months,540000.0
2024-11-01,SEMBAWANG,4 ROOM,132B,CANBERRA VIEW,07 TO 09,95.0,Model A,2020,94 years 11 months,793888.0
2024-11-01,SEMBAWANG,4 ROOM,108A,CANBERRA WALK,07 TO 09,93.0,Model A,2018,92 years 07 months,680000.0
2024-11-01,SEMBAWANG,4 ROOM,115D,CANBERRA WALK,04 TO 06,93.0,Model A,2018,92 years 09 months,660000.0
2024-11-01,SEMBAWANG,4 ROOM,592A,MONTREAL LINK,07 TO 09,93.0,Model A,2015,89 years 06 months,620000.0
2024-11-01,SEMBAWANG,4 ROOM,592C,MONTREAL LINK,04 TO 06,93.0,Model A,2015,89 years 06 months,585500.0
2024-11-01,SEMBAWANG,4 ROOM,592C,MONTREAL LINK,04 TO 06,93.0,Model A,2015,89 years 06 months,550000.0
2024-11-01,SEMBAWANG,4 ROOM,341B,SEMBAWANG CL,01 TO 03,95.0,Premium Apartment,2001,75 years 08 months,535000.0
2024-11-01,SEMBAWANG,4 ROOM,334,SEMBAWANG CL,04 TO 06,101.0,Model A,1999,74 years 01 month,550000.0
2024-11-01,SEMBAWANG,4 ROOM,363A,SEMBAWANG CRES,13 TO 15,93.0,Model A,2019,93 years 07 months,650000.0
2024-11-01,SEMBAWANG,4 ROOM,363B,SEMBAWANG CRES,04 TO 06,93.0,Model A,2019,93 years 07 months,575000.0
2024-11-01,SEMBAWANG,4 ROOM,362A,SEMBAWANG CRES,01 TO 03,93.0,Model A,2019,93 years 07 months,577000.0
2024-11-01,SEMBAWANG,4 ROOM,362A,SEMBAWANG CRES,07 TO 09,93.0,Model A,2019,93 years 07 months,615000.0
2024-11-01,SEMBAWANG,4 ROOM,362A,SEMBAWANG CRES,07 TO 09,93.0,Model A,2019,93 years 07 months,640000.0
2024-11-01,SEMBAWANG,4 ROOM,362C,SEMBAWANG CRES,07 TO 09,93.0,Model A,2019,93 years 07 months,620000.0
2024-11-01,SEMBAWANG,4 ROOM,362C,SEMBAWANG CRES,01 TO 03,93.0,Model A,2019,93 years 07 months,580000.0
2024-11-01,SEMBAWANG,4 ROOM,362A,SEMBAWANG CRES,07 TO 09,93.0,Model A,2019,93 years 07 months,618000.0
2024-11-01,SEMBAWANG,4 ROOM,362C,SEMBAWANG CRES,13 TO 15,93.0,Model A,2019,93 years 07 months,655888.0
2024-11-01,SEMBAWANG,4 ROOM,466A,SEMBAWANG DR,04 TO 06,90.0,Premium Apartment,2006,80 years 04 months,538000.0
2024-11-01,SEMBAWANG,4 ROOM,463C,SEMBAWANG DR,04 TO 06,92.0,Model A,2015,89 years 07 months,565000.0
2024-11-01,SEMBAWANG,4 ROOM,508B,WELLINGTON CIRCLE,10 TO 12,90.0,Model A,2004,78 years 10 months,541688.0
2024-11-01,SEMBAWANG,4 ROOM,508A,WELLINGTON CIRCLE,07 TO 09,90.0,Model A,2004,78 years 10 months,545000.0
2024-11-01,SEMBAWANG,5 ROOM,359A,ADMIRALTY DR,07 TO 09,110.0,Premium Apartment,2001,75 years 11 months,608000.0
2024-11-01,SEMBAWANG,5 ROOM,404,ADMIRALTY LINK,10 TO 12,110.0,Improved,2001,75 years 05 months,618000.0
2024-11-01,SEMBAWANG,5 ROOM,120A,CANBERRA CRES,04 TO 06,113.0,Improved,2018,92 years 04 months,763000.0
2024-11-01,SEMBAWANG,5 ROOM,119A,CANBERRA CRES,07 TO 09,113.0,Improved,2018,92 years 04 months,810000.0
2024-11-01,SEMBAWANG,5 ROOM,418,CANBERRA RD,07 TO 09,110.0,Improved,2001,75 years 05 months,622000.0
2024-11-01,SEMBAWANG,5 ROOM,421,CANBERRA RD,01 TO 03,110.0,Improved,2001,75 years 05 months,570000.0
2024-11-01,SEMBAWANG,5 ROOM,352B,CANBERRA RD,01 TO 03,110.0,Improved,2001,76 years 01 month,630000.0
2024-11-01,SEMBAWANG,5 ROOM,421,CANBERRA RD,04 TO 06,110.0,Improved,2001,75 years 05 months,580000.0
2024-11-01,SEMBAWANG,5 ROOM,101A,CANBERRA ST,04 TO 06,116.0,Improved,2020,95 years 02 months,750000.0
2024-11-01,SEMBAWANG,5 ROOM,101A,CANBERRA ST,13 TO 15,113.0,Improved,2020,95 years 02 months,780000.0
2024-11-01,SEMBAWANG,5 ROOM,101A,CANBERRA ST,04 TO 06,113.0,Improved,2020,95 years 02 months,730000.0
2024-11-01,SEMBAWANG,5 ROOM,504B,MONTREAL DR,01 TO 03,110.0,Improved,2001,75 years 09 months,547000.0
2024-11-01,SEMBAWANG,5 ROOM,341A,SEMBAWANG CL,07 TO 09,111.0,Premium Apartment,2001,75 years 08 months,616000.0
2024-11-01,SEMBAWANG,5 ROOM,333,SEMBAWANG CL,04 TO 06,115.0,Improved,1999,73 years 09 months,625000.0
2024-11-01,SEMBAWANG,5 ROOM,409,SEMBAWANG DR,04 TO 06,110.0,Improved,2001,75 years 06 months,615000.0
2024-11-01,SEMBAWANG,5 ROOM,507A,WELLINGTON CIRCLE,01 TO 03,111.0,Improved,2001,76 years 02 months,580000.0
2024-11-01,SEMBAWANG,5 ROOM,507B,WELLINGTON CIRCLE,07 TO 09,111.0,Improved,2001,76 years 02 months,616000.0
2024-11-01,SEMBAWANG,EXECUTIVE,360B,ADMIRALTY DR,10 TO 12,131.0,Premium Apartment,2001,76 years,730000.0
2024-11-01,SEMBAWANG,EXECUTIVE,468D,ADMIRALTY DR,07 TO 09,137.0,Premium Apartment,2001,75 years 07 months,700000.0
2024-11-01,SEMBAWANG,EXECUTIVE,357A,ADMIRALTY DR,01 TO 03,131.0,Premium Apartment,2001,75 years 08 months,720000.0
2024-11-01,SEMBAWANG,EXECUTIVE,359A,ADMIRALTY DR,10 TO 12,131.0,Premium Apartment,2001,75 years 11 months,780000.0
2024-11-01,SEMBAWANG,EXECUTIVE,467A,ADMIRALTY DR,13 TO 15,137.0,Premium Apartment,2001,75 years 09 months,685000.0
2024-11-01,SEMBAWANG,EXECUTIVE,468D,ADMIRALTY DR,04 TO 06,137.0,Premium Apartment,2001,75 years 07 months,700000.0
2024-11-01,SEMBAWANG,EXECUTIVE,308,CANBERRA RD,07 TO 09,141.0,Apartment,1998,73 years 02 months,815000.0
2024-11-01,SEMBAWANG,EXECUTIVE,504A,MONTREAL DR,13 TO 15,130.0,Apartment,2001,75 years 07 months,818000.0
2024-11-01,SEMBAWANG,EXECUTIVE,507D,WELLINGTON CIRCLE,10 TO 12,130.0,Apartment,2001,75 years 10 months,755000.0
2024-11-01,SENGKANG,2 ROOM,353A,ANCHORVALE LANE,13 TO 15,38.0,2-room,2021,95 years 04 months,371000.0
2024-11-01,SENGKANG,2 ROOM,353A,ANCHORVALE LANE,13 TO 15,47.0,2-room,2021,95 years 04 months,385000.0
2024-11-01,SENGKANG,2 ROOM,180D,RIVERVALE CRES,04 TO 06,47.0,Model A,2015,89 years 05 months,356888.0
2024-11-01,SENGKANG,2 ROOM,456A,SENGKANG WEST RD,10 TO 12,48.0,2-room,2020,94 years 11 months,388000.0
2024-11-01,SENGKANG,2 ROOM,458C,SENGKANG WEST RD,07 TO 09,48.0,2-room,2020,94 years 11 months,368000.0
2024-11-01,SENGKANG,2 ROOM,457B,SENGKANG WEST RD,04 TO 06,48.0,2-room,2020,94 years 11 months,382000.0
2024-11-01,SENGKANG,2 ROOM,458C,SENGKANG WEST RD,01 TO 03,48.0,2-room,2020,94 years 11 months,375000.0
2024-11-01,SENGKANG,2 ROOM,458C,SENGKANG WEST RD,10 TO 12,48.0,2-room,2020,94 years 11 months,400000.0
2024-11-01,SENGKANG,3 ROOM,334B,ANCHORVALE CRES,01 TO 03,67.0,Premium Apartment,2015,90 years 03 months,520000.0
2024-11-01,SENGKANG,3 ROOM,353A,ANCHORVALE LANE,07 TO 09,68.0,Model A,2021,95 years 04 months,531788.0
2024-11-01,SENGKANG,3 ROOM,302B,ANCHORVALE LINK,07 TO 09,83.0,Model A,2007,81 years 10 months,500000.0
2024-11-01,SENGKANG,3 ROOM,418A,FERNVALE LINK,01 TO 03,68.0,Model A,2018,92 years 10 months,465000.0
2024-11-01,SENGKANG,3 ROOM,414A,FERNVALE LINK,19 TO 21,68.0,Model A,2016,90 years 03 months,555000.0
2024-11-01,SENGKANG,3 ROOM,443B,FERNVALE RD,04 TO 06,67.0,Model A,2012,87 years 02 months,480888.0
2024-11-01,SENGKANG,3 ROOM,441C,FERNVALE RD,07 TO 09,69.0,Model A,2012,86 years 05 months,528000.0
2024-11-01,SENGKANG,3 ROOM,445A,FERNVALE RD,04 TO 06,68.0,Model A,2012,87 years 01 month,500000.0
2024-11-01,SENGKANG,3 ROOM,180A,RIVERVALE CRES,01 TO 03,67.0,Model A,2015,89 years 05 months,453000.0
2024-11-01,SENGKANG,4 ROOM,334B,ANCHORVALE CRES,01 TO 03,92.0,Premium Apartment,2015,90 years 03 months,575000.0
2024-11-01,SENGKANG,4 ROOM,338C,ANCHORVALE CRES,07 TO 09,93.0,Model A,2018,92 years 07 months,645000.0
2024-11-01,SENGKANG,4 ROOM,321C,ANCHORVALE DR,10 TO 12,90.0,Model A,2002,76 years 11 months,585888.0
2024-11-01,SENGKANG,4 ROOM,319A,ANCHORVALE DR,10 TO 12,90.0,Model A,2002,77 years,568000.0
2024-11-01,SENGKANG,4 ROOM,311A,ANCHORVALE LANE,07 TO 09,90.0,Premium Apartment,2002,76 years 11 months,565000.0
2024-11-01,SENGKANG,4 ROOM,353A,ANCHORVALE LANE,07 TO 09,93.0,Model A,2021,95 years 04 months,705000.0
2024-11-01,SENGKANG,4 ROOM,303A,ANCHORVALE LINK,13 TO 15,90.0,Model A,2001,75 years 10 months,565000.0
2024-11-01,SENGKANG,4 ROOM,306C,ANCHORVALE LINK,10 TO 12,90.0,Model A,2002,76 years 03 months,538000.0
2024-11-01,SENGKANG,4 ROOM,332C,ANCHORVALE LINK,01 TO 03,92.0,Model A,2015,89 years 08 months,628000.0
2024-11-01,SENGKANG,4 ROOM,327C,ANCHORVALE RD,16 TO 18,92.0,Premium Apartment,2015,89 years 06 months,695000.0
2024-11-01,SENGKANG,4 ROOM,326B,ANCHORVALE RD,10 TO 12,92.0,Premium Apartment,2015,89 years 06 months,668000.0
2024-11-01,SENGKANG,4 ROOM,351A,ANCHORVALE RD,10 TO 12,92.0,Model A,2019,93 years 07 months,690000.0
2024-11-01,SENGKANG,4 ROOM,329A,ANCHORVALE ST,07 TO 09,93.0,Model A,2015,89 years 11 months,630000.0
2024-11-01,SENGKANG,4 ROOM,264A,COMPASSVALE BOW,13 TO 15,92.0,Premium Apartment,2007,81 years 10 months,725000.0
2024-11-01,SENGKANG,4 ROOM,265E,COMPASSVALE BOW,04 TO 06,92.0,Premium Apartment,2007,81 years 10 months,638000.0
2024-11-01,SENGKANG,4 ROOM,288C,COMPASSVALE CRES,07 TO 09,93.0,Premium Apartment,2017,92 years 01 month,645000.0
2024-11-01,SENGKANG,4 ROOM,287B,COMPASSVALE CRES,10 TO 12,96.0,Premium Apartment,2017,92 years 01 month,716888.0
2024-11-01,SENGKANG,4 ROOM,293D,COMPASSVALE CRES,01 TO 03,93.0,Model A,2016,91 years 01 month,650000.0
2024-11-01,SENGKANG,4 ROOM,215A,COMPASSVALE DR,07 TO 09,92.0,Premium Apartment,2017,91 years 07 months,816888.0
2024-11-01,SENGKANG,4 ROOM,212B,COMPASSVALE DR,04 TO 06,95.0,Premium Apartment,2012,87 years,640000.0
2024-11-01,SENGKANG,4 ROOM,215B,COMPASSVALE DR,10 TO 12,92.0,Premium Apartment,2017,91 years 07 months,818000.0
2024-11-01,SENGKANG,4 ROOM,210B,COMPASSVALE LANE,04 TO 06,93.0,Model A,2013,87 years 05 months,630000.0
2024-11-01,SENGKANG,4 ROOM,207A,COMPASSVALE LANE,07 TO 09,92.0,Model A,2005,79 years 04 months,550000.0
2024-11-01,SENGKANG,4 ROOM,206C,COMPASSVALE LANE,16 TO 18,102.0,Model A,1999,73 years 11 months,605000.0
2024-11-01,SENGKANG,4 ROOM,213B,COMPASSVALE LANE,04 TO 06,95.0,Premium Apartment,2012,87 years,618000.0
2024-11-01,SENGKANG,4 ROOM,213B,COMPASSVALE LANE,13 TO 15,99.0,Premium Apartment,2012,87 years,670000.0
2024-11-01,SENGKANG,4 ROOM,273D,COMPASSVALE LINK,13 TO 15,90.0,Premium Apartment,2009,83 years 10 months,818000.0
2024-11-01,SENGKANG,4 ROOM,275C,COMPASSVALE LINK,13 TO 15,90.0,Premium Apartment,2009,83 years 08 months,800888.0
2024-11-01,SENGKANG,4 ROOM,269D,COMPASSVALE LINK,07 TO 09,90.0,Premium Apartment,2006,80 years 04 months,663888.0
2024-11-01,SENGKANG,4 ROOM,268C,COMPASSVALE LINK,16 TO 18,90.0,Premium Apartment,2006,80 years 04 months,710000.0
2024-11-01,SENGKANG,4 ROOM,299B,COMPASSVALE ST,01 TO 03,94.0,Premium Apartment,2001,75 years 11 months,540000.0
2024-11-01,SENGKANG,4 ROOM,292B,COMPASSVALE ST,13 TO 15,90.0,Model A,2002,76 years 03 months,560000.0
2024-11-01,SENGKANG,4 ROOM,298C,COMPASSVALE ST,04 TO 06,94.0,Premium Apartment,2001,75 years 10 months,538000.0
2024-11-01,SENGKANG,4 ROOM,252,COMPASSVALE ST,04 TO 06,96.0,Model A,2000,75 years,588000.0
2024-11-01,SENGKANG,4 ROOM,231,COMPASSVALE WALK,07 TO 09,101.0,Model A,1999,73 years 11 months,566000.0
2024-11-01,SENGKANG,4 ROOM,224D,COMPASSVALE WALK,07 TO 09,102.0,Model A,1999,73 years 03 months,600000.0
2024-11-01,SENGKANG,4 ROOM,231,COMPASSVALE WALK,04 TO 06,101.0,Model A,1999,73 years 11 months,560000.0
2024-11-01,SENGKANG,4 ROOM,223A,COMPASSVALE WALK,01 TO 03,102.0,Model A,1999,73 years 07 months,590000.0
2024-11-01,SENGKANG,4 ROOM,404B,FERNVALE LANE,10 TO 12,92.0,Premium Apartment,2004,78 years 07 months,590000.0
2024-11-01,SENGKANG,4 ROOM,417A,FERNVALE LINK,19 TO 21,94.0,Model A,2018,92 years 09 months,680888.0
2024-11-01,SENGKANG,4 ROOM,470B,FERNVALE LINK,16 TO 18,93.0,Model A,2016,91 years,668000.0
2024-11-01,SENGKANG,4 ROOM,430A,FERNVALE LINK,16 TO 18,92.0,Model A,2015,89 years 07 months,650000.0
2024-11-01,SENGKANG,4 ROOM,470C,FERNVALE LINK,01 TO 03,93.0,Model A,2016,90 years 11 months,585000.0
2024-11-01,SENGKANG,4 ROOM,418C,FERNVALE LINK,04 TO 06,94.0,Model A,2018,92 years 09 months,625000.0
2024-11-01,SENGKANG,4 ROOM,415A,FERNVALE LINK,19 TO 21,93.0,Model A,2016,90 years 03 months,685000.0
2024-11-01,SENGKANG,4 ROOM,418C,FERNVALE LINK,07 TO 09,94.0,Model A,2018,92 years 09 months,670000.0
2024-11-01,SENGKANG,4 ROOM,409A,FERNVALE RD,13 TO 15,95.0,Premium Apartment,2004,79 years 03 months,619888.0
2024-11-01,SENGKANG,4 ROOM,443A,FERNVALE RD,07 TO 09,94.0,Model A,2012,87 years 01 month,640000.0
2024-11-01,SENGKANG,4 ROOM,453D,FERNVALE RD,01 TO 03,92.0,Model A,2015,89 years 10 months,565000.0
2024-11-01,SENGKANG,4 ROOM,408C,FERNVALE RD,07 TO 09,95.0,Premium Apartment,2005,79 years 04 months,620000.0
2024-11-01,SENGKANG,4 ROOM,410B,FERNVALE RD,19 TO 21,96.0,Premium Apartment,2012,87 years 01 month,660000.0
2024-11-01,SENGKANG,4 ROOM,411B,FERNVALE RD,04 TO 06,95.0,Premium Apartment,2012,87 years 01 month,626666.0
2024-11-01,SENGKANG,4 ROOM,443B,FERNVALE RD,04 TO 06,94.0,Model A,2012,87 years 01 month,633888.0
2024-11-01,SENGKANG,4 ROOM,411B,FERNVALE RD,10 TO 12,95.0,Premium Apartment,2012,87 years 01 month,650888.0
2024-11-01,SENGKANG,4 ROOM,453B,FERNVALE RD,19 TO 21,92.0,Model A,2015,89 years 09 months,680000.0
2024-11-01,SENGKANG,4 ROOM,471B,FERNVALE ST,16 TO 18,93.0,Model A,2016,90 years 11 months,665000.0
2024-11-01,SENGKANG,4 ROOM,471B,FERNVALE ST,01 TO 03,93.0,Model A,2016,90 years 11 months,605008.0
2024-11-01,SENGKANG,4 ROOM,471A,FERNVALE ST,13 TO 15,93.0,Model A,2016,90 years 11 months,655000.0
2024-11-01,SENGKANG,4 ROOM,446B,JLN KAYU,10 TO 12,93.0,Model A,2013,88 years 02 months,621888.0
2024-11-01,SENGKANG,4 ROOM,447B,JLN KAYU,16 TO 18,94.0,Model A,2013,88 years 01 month,652000.0
2024-11-01,SENGKANG,4 ROOM,164B,RIVERVALE CRES,01 TO 03,93.0,Model A,2017,91 years 07 months,565000.0
2024-11-01,SENGKANG,4 ROOM,178A,RIVERVALE CRES,10 TO 12,93.0,Model A,2015,89 years 05 months,600000.0
2024-11-01,SENGKANG,4 ROOM,153,RIVERVALE CRES,04 TO 06,90.0,Model A,2005,80 years 02 months,568000.0
2024-11-01,SENGKANG,4 ROOM,180C,RIVERVALE CRES,16 TO 18,93.0,Model A,2015,89 years 05 months,610000.0
2024-11-01,SENGKANG,4 ROOM,158D,RIVERVALE CRES,04 TO 06,90.0,Premium Apartment,2003,77 years 11 months,535000.0
2024-11-01,SENGKANG,4 ROOM,178B,RIVERVALE CRES,01 TO 03,93.0,Model A,2015,89 years 05 months,560000.0
2024-11-01,SENGKANG,4 ROOM,162A,RIVERVALE CRES,01 TO 03,93.0,Model A,2017,91 years 07 months,590000.0
2024-11-01,SENGKANG,4 ROOM,163C,RIVERVALE CRES,13 TO 15,93.0,Model A,2017,91 years 07 months,671000.0
2024-11-01,SENGKANG,4 ROOM,158C,RIVERVALE CRES,04 TO 06,94.0,Premium Apartment,2003,77 years 10 months,548000.0
2024-11-01,SENGKANG,4 ROOM,188C,RIVERVALE DR,13 TO 15,96.0,Model A,2000,74 years 10 months,580000.0
2024-11-01,SENGKANG,4 ROOM,105,RIVERVALE WALK,13 TO 15,104.0,Model A,1999,73 years 05 months,610000.0
2024-11-01,SENGKANG,4 ROOM,272C,SENGKANG CTRL,13 TO 15,90.0,Premium Apartment,2009,84 years 02 months,800000.0
2024-11-01,SENGKANG,4 ROOM,271C,SENGKANG CTRL,13 TO 15,93.0,Premium Apartment,2010,84 years 07 months,815000.0
2024-11-01,SENGKANG,4 ROOM,200A,SENGKANG EAST RD,04 TO 06,90.0,Model A,2001,75 years 10 months,550000.0
2024-11-01,SENGKANG,4 ROOM,325B,SENGKANG EAST WAY,10 TO 12,90.0,Model A,2003,77 years 06 months,605000.0
2024-11-01,SENGKANG,4 ROOM,455B,SENGKANG WEST AVE,04 TO 06,93.0,Model A,2020,94 years 11 months,640000.0
2024-11-01,SENGKANG,4 ROOM,439B,SENGKANG WEST AVE,07 TO 09,94.0,Model A,2011,85 years 04 months,620000.0
2024-11-01,SENGKANG,4 ROOM,439A,SENGKANG WEST AVE,19 TO 21,94.0,Model A,2011,85 years 04 months,703888.0
2024-11-01,SENGKANG,4 ROOM,458A,SENGKANG WEST RD,13 TO 15,93.0,Model A,2020,94 years 11 months,681000.0
2024-11-01,SENGKANG,4 ROOM,452A,SENGKANG WEST WAY,13 TO 15,92.0,Model A,2015,89 years 07 months,667000.0
2024-11-01,SENGKANG,5 ROOM,319B,ANCHORVALE DR,04 TO 06,110.0,Improved,2002,76 years 11 months,673000.0
2024-11-01,SENGKANG,5 ROOM,319A,ANCHORVALE DR,07 TO 09,110.0,Improved,2002,77 years 01 month,700000.0
2024-11-01,SENGKANG,5 ROOM,319C,ANCHORVALE DR,01 TO 03,110.0,Improved,2002,76 years 10 months,620000.0
2024-11-01,SENGKANG,5 ROOM,301D,ANCHORVALE DR,04 TO 06,110.0,Improved,2001,75 years 10 months,620000.0
2024-11-01,SENGKANG,5 ROOM,301D,ANCHORVALE DR,07 TO 09,110.0,Improved,2001,75 years 10 months,670000.0
2024-11-01,SENGKANG,5 ROOM,311C,ANCHORVALE LANE,04 TO 06,111.0,Premium Apartment,2002,77 years 02 months,600888.0
2024-11-01,SENGKANG,5 ROOM,333B,ANCHORVALE LINK,01 TO 03,112.0,Improved,2015,89 years 09 months,765000.0
2024-11-01,SENGKANG,5 ROOM,332C,ANCHORVALE LINK,04 TO 06,112.0,Improved,2015,89 years 08 months,808000.0
2024-11-01,SENGKANG,5 ROOM,305C,ANCHORVALE LINK,01 TO 03,110.0,Improved,2001,76 years,580000.0
2024-11-01,SENGKANG,5 ROOM,332C,ANCHORVALE LINK,13 TO 15,112.0,Improved,2015,89 years 08 months,840888.0
2024-11-01,SENGKANG,5 ROOM,318C,ANCHORVALE LINK,04 TO 06,110.0,Premium Apartment,2003,77 years 05 months,635800.0
2024-11-01,SENGKANG,5 ROOM,309C,ANCHORVALE RD,04 TO 06,112.0,Premium Apartment,2002,77 years 01 month,620000.0
2024-11-01,SENGKANG,5 ROOM,331B,ANCHORVALE ST,13 TO 15,112.0,Improved,2015,89 years 10 months,825000.0
2024-11-01,SENGKANG,5 ROOM,286B,COMPASSVALE CRES,07 TO 09,113.0,Premium Apartment,2017,92 years 01 month,808000.0
2024-11-01,SENGKANG,5 ROOM,227D,COMPASSVALE DR,10 TO 12,121.0,Improved,2000,74 years 05 months,715000.0
2024-11-01,SENGKANG,5 ROOM,216C,COMPASSVALE DR,10 TO 12,112.0,Premium Apartment,2017,91 years 08 months,999999.0
2024-11-01,SENGKANG,5 ROOM,216B,COMPASSVALE DR,13 TO 15,112.0,Premium Apartment,2017,91 years 07 months,1050000.0
2024-11-01,SENGKANG,5 ROOM,212A,COMPASSVALE DR,10 TO 12,118.0,Premium Apartment,2012,87 years,766888.0
2024-11-01,SENGKANG,5 ROOM,258D,COMPASSVALE RD,13 TO 15,110.0,Improved,2001,75 years 06 months,715000.0
2024-11-01,SENGKANG,5 ROOM,259A,COMPASSVALE RD,13 TO 15,110.0,Improved,2001,75 years 05 months,708888.0
2024-11-01,SENGKANG,5 ROOM,259C,COMPASSVALE RD,01 TO 03,110.0,Improved,2000,75 years 02 months,635000.0
2024-11-01,SENGKANG,5 ROOM,256,COMPASSVALE RD,01 TO 03,115.0,Improved,2000,74 years 10 months,665000.0
2024-11-01,SENGKANG,5 ROOM,291B,COMPASSVALE ST,04 TO 06,110.0,Improved,2002,76 years 04 months,642000.0
2024-11-01,SENGKANG,5 ROOM,251,COMPASSVALE ST,07 TO 09,116.0,Improved,2000,75 years,645000.0
2024-11-01,SENGKANG,5 ROOM,229,COMPASSVALE WALK,07 TO 09,123.0,Improved,1999,73 years 11 months,665000.0
2024-11-01,SENGKANG,5 ROOM,403D,FERNVALE LANE,13 TO 15,112.0,Premium Apartment,2004,78 years 08 months,630000.0
2024-11-01,SENGKANG,5 ROOM,416C,FERNVALE LINK,10 TO 12,113.0,Improved,2016,90 years 04 months,785000.0
2024-11-01,SENGKANG,5 ROOM,409B,FERNVALE RD,22 TO 24,115.0,Premium Apartment,2004,79 years 02 months,701000.0
2024-11-01,SENGKANG,5 ROOM,163B,RIVERVALE CRES,10 TO 12,113.0,Improved,2017,91 years 07 months,755000.0
2024-11-01,SENGKANG,5 ROOM,151,RIVERVALE CRES,16 TO 18,110.0,Improved,2005,80 years 02 months,678000.0
2024-11-01,SENGKANG,5 ROOM,183C,RIVERVALE CRES,16 TO 18,110.0,Improved,2003,77 years 07 months,640000.0
2024-11-01,SENGKANG,5 ROOM,164A,RIVERVALE CRES,10 TO 12,113.0,Improved,2017,91 years 07 months,715000.0
2024-11-01,SENGKANG,5 ROOM,188C,RIVERVALE DR,04 TO 06,115.0,Improved,2000,74 years 11 months,628000.0
2024-11-01,SENGKANG,5 ROOM,186A,RIVERVALE DR,01 TO 03,110.0,Improved,2001,75 years 04 months,580000.0
2024-11-01,SENGKANG,5 ROOM,190B,RIVERVALE DR,07 TO 09,115.0,Improved,2000,74 years 07 months,660000.0
2024-11-01,SENGKANG,5 ROOM,132,RIVERVALE ST,04 TO 06,120.0,Improved,1999,73 years 06 months,620000.0
2024-11-01,SENGKANG,5 ROOM,261B,SENGKANG EAST WAY,13 TO 15,110.0,Improved,2000,75 years,755000.0
2024-11-01,SENGKANG,5 ROOM,324D,SENGKANG EAST WAY,01 TO 03,110.0,Improved,2003,77 years 05 months,635000.0
2024-11-01,SENGKANG,5 ROOM,260A,SENGKANG EAST WAY,10 TO 12,110.0,Improved,2001,75 years 03 months,725000.0
2024-11-01,SENGKANG,5 ROOM,260C,SENGKANG EAST WAY,01 TO 03,110.0,Improved,2001,75 years 03 months,675000.0
2024-11-01,SENGKANG,5 ROOM,458B,SENGKANG WEST RD,10 TO 12,113.0,Improved,2020,94 years 11 months,850000.0
2024-11-01,SENGKANG,5 ROOM,469B,SENGKANG WEST WAY,16 TO 18,113.0,Improved,2016,90 years 10 months,818000.0
2024-11-01,SENGKANG,5 ROOM,469A,SENGKANG WEST WAY,04 TO 06,113.0,Improved,2016,90 years 10 months,680000.0
2024-11-01,SENGKANG,5 ROOM,433B,SENGKANG WEST WAY,22 TO 24,113.0,Improved,2014,89 years,800000.0
2024-11-01,SENGKANG,5 ROOM,451B,SENGKANG WEST WAY,13 TO 15,111.0,Improved,2015,89 years 07 months,765000.0
2024-11-01,SENGKANG,EXECUTIVE,312A,ANCHORVALE LANE,10 TO 12,126.0,Premium Apartment,2002,77 years 01 month,773000.0
2024-11-01,SENGKANG,EXECUTIVE,316A,ANCHORVALE LINK,13 TO 15,125.0,Premium Apartment,2003,77 years 07 months,830000.0
2024-11-01,SENGKANG,EXECUTIVE,189C,RIVERVALE DR,10 TO 12,131.0,Apartment,2000,74 years 09 months,755000.0
2024-11-01,SENGKANG,EXECUTIVE,143,RIVERVALE DR,04 TO 06,135.0,Apartment,1999,74 years 02 months,850000.0
2024-11-01,SENGKANG,EXECUTIVE,189C,RIVERVALE DR,01 TO 03,130.0,Apartment,2000,74 years 09 months,770000.0
2024-11-01,SENGKANG,EXECUTIVE,202B,SENGKANG EAST RD,10 TO 12,130.0,Apartment,2001,75 years 08 months,838888.0
2024-11-01,SERANGOON,3 ROOM,306,SERANGOON AVE 2,04 TO 06,69.0,Improved,1985,59 years 06 months,501000.0
2024-11-01,SERANGOON,3 ROOM,302,SERANGOON AVE 2,01 TO 03,60.0,Improved,1985,59 years 05 months,400000.0
2024-11-01,SERANGOON,3 ROOM,219,SERANGOON AVE 4,01 TO 03,67.0,New Generation,1984,59 years 02 months,428000.0
2024-11-01,SERANGOON,4 ROOM,407,SERANGOON AVE 1,07 TO 09,106.0,Model A,1989,63 years 05 months,890000.0
2024-11-01,SERANGOON,4 ROOM,245,SERANGOON AVE 2,01 TO 03,89.0,Simplified,1985,60 years 01 month,628000.0
2024-11-01,SERANGOON,4 ROOM,238,SERANGOON AVE 2,04 TO 06,105.0,Model A,1985,59 years 08 months,745000.0
2024-11-01,SERANGOON,4 ROOM,314,SERANGOON AVE 2,01 TO 03,93.0,New Generation,1985,59 years 04 months,645000.0
2024-11-01,SERANGOON,4 ROOM,236,SERANGOON AVE 3,04 TO 06,84.0,Simplified,1985,59 years 08 months,572000.0
2024-11-01,SERANGOON,4 ROOM,226,SERANGOON AVE 4,13 TO 15,91.0,New Generation,1984,58 years 10 months,658000.0
2024-11-01,SERANGOON,4 ROOM,220,SERANGOON AVE 4,10 TO 12,91.0,New Generation,1984,59 years 02 months,630000.0
2024-11-01,SERANGOON,4 ROOM,211,SERANGOON AVE 4,07 TO 09,93.0,New Generation,1985,59 years 11 months,668888.0
2024-11-01,SERANGOON,4 ROOM,207,SERANGOON CTRL,07 TO 09,83.0,Simplified,1986,60 years 06 months,720888.0
2024-11-01,SERANGOON,4 ROOM,103,SERANGOON NTH AVE 1,13 TO 15,91.0,New Generation,1985,59 years 11 months,580000.0
2024-11-01,SERANGOON,4 ROOM,144,SERANGOON NTH AVE 1,10 TO 12,83.0,Simplified,1987,62 years,518000.0
2024-11-01,SERANGOON,4 ROOM,533,SERANGOON NTH AVE 4,10 TO 12,104.0,Model A,1992,66 years 11 months,653888.0
2024-11-01,SERANGOON,5 ROOM,422,SERANGOON CTRL,01 TO 03,121.0,Improved,1989,63 years 05 months,810800.0
2024-11-01,SERANGOON,5 ROOM,145,SERANGOON NTH AVE 1,01 TO 03,122.0,Improved,1986,60 years 10 months,680000.0
2024-11-01,SERANGOON,5 ROOM,549,SERANGOON NTH AVE 3,04 TO 06,120.0,Improved,1997,72 years 01 month,780888.0
2024-11-01,SERANGOON,5 ROOM,538,SERANGOON NTH AVE 4,01 TO 03,122.0,Improved,1992,66 years 11 months,650000.0
2024-11-01,SERANGOON,5 ROOM,502,SERANGOON NTH AVE 4,10 TO 12,124.0,Improved,1992,66 years 11 months,760000.0
2024-11-01,SERANGOON,5 ROOM,518,SERANGOON NTH AVE 4,04 TO 06,122.0,Improved,1992,66 years 11 months,780000.0
2024-11-01,SERANGOON,EXECUTIVE,123,SERANGOON NTH AVE 1,04 TO 06,150.0,Maisonette,1985,59 years 11 months,970000.0
2024-11-01,SERANGOON,EXECUTIVE,537,SERANGOON NTH AVE 4,01 TO 03,147.0,Maisonette,1992,67 years 01 month,970000.0
2024-11-01,TAMPINES,3 ROOM,868A,TAMPINES AVE 8,10 TO 12,67.0,Model A,2015,89 years 08 months,540000.0
2024-11-01,TAMPINES,3 ROOM,522A,TAMPINES CTRL 7,04 TO 06,67.0,Model A,2015,89 years 10 months,543888.0
2024-11-01,TAMPINES,3 ROOM,609D,TAMPINES NTH DR 1,07 TO 09,68.0,Model A,2020,95 years,600000.0
2024-11-01,TAMPINES,3 ROOM,612A,TAMPINES NTH DR 1,10 TO 12,69.0,Model A,2020,95 years,580000.0
2024-11-01,TAMPINES,3 ROOM,609C,TAMPINES NTH DR 1,07 TO 09,68.0,Model A,2020,95 years,636000.0
2024-11-01,TAMPINES,3 ROOM,104,TAMPINES ST 11,10 TO 12,75.0,Model A,1982,57 years,460000.0
2024-11-01,TAMPINES,3 ROOM,266,TAMPINES ST 21,10 TO 12,74.0,Model A,1984,58 years 09 months,480000.0
2024-11-01,TAMPINES,3 ROOM,267,TAMPINES ST 21,10 TO 12,75.0,Model A,1983,57 years 10 months,485000.0
2024-11-01,TAMPINES,3 ROOM,269,TAMPINES ST 21,04 TO 06,75.0,Model A,1984,58 years 05 months,470000.0
2024-11-01,TAMPINES,3 ROOM,297,TAMPINES ST 22,10 TO 12,73.0,Model A,1984,58 years 07 months,480000.0
2024-11-01,TAMPINES,3 ROOM,201E,TAMPINES ST 23,01 TO 03,68.0,New Generation,1987,62 years 01 month,410000.0
2024-11-01,TAMPINES,3 ROOM,218,TAMPINES ST 24,01 TO 03,73.0,Model A,1985,59 years 04 months,458000.0
2024-11-01,TAMPINES,3 ROOM,424,TAMPINES ST 41,07 TO 09,74.0,Model A,1985,59 years 06 months,465000.0
2024-11-01,TAMPINES,3 ROOM,434,TAMPINES ST 43,01 TO 03,74.0,Model A,1986,60 years 10 months,468000.0
2024-11-01,TAMPINES,3 ROOM,899A,TAMPINES ST 81,04 TO 06,74.0,Model A,1988,62 years 11 months,455000.0
2024-11-01,TAMPINES,3 ROOM,819,TAMPINES ST 81,07 TO 09,82.0,New Generation,1984,59 years 03 months,468888.0
2024-11-01,TAMPINES,3 ROOM,825,TAMPINES ST 81,01 TO 03,67.0,New Generation,1987,62 years 01 month,420000.0
2024-11-01,TAMPINES,3 ROOM,847,TAMPINES ST 83,07 TO 09,74.0,Model A,1987,62 years,460000.0
2024-11-01,TAMPINES,3 ROOM,831,TAMPINES ST 83,01 TO 03,64.0,Simplified,1986,60 years 07 months,415888.0
2024-11-01,TAMPINES,3 ROOM,883,TAMPINES ST 84,01 TO 03,74.0,Model A,1988,62 years 07 months,438000.0
2024-11-01,TAMPINES,4 ROOM,157,SIMEI RD,10 TO 12,104.0,Model A,1989,63 years 05 months,650000.0
2024-11-01,TAMPINES,4 ROOM,150,SIMEI ST 1,04 TO 06,84.0,Simplified,1987,62 years 02 months,555688.0
2024-11-01,TAMPINES,4 ROOM,148,SIMEI ST 1,10 TO 12,84.0,Simplified,1988,62 years 06 months,571888.0
2024-11-01,TAMPINES,4 ROOM,122,SIMEI ST 1,01 TO 03,84.0,Simplified,1988,62 years 05 months,520000.0
2024-11-01,TAMPINES,4 ROOM,133,SIMEI ST 1,10 TO 12,88.0,Simplified,1988,62 years 10 months,585000.0
2024-11-01,TAMPINES,4 ROOM,146,SIMEI ST 2,04 TO 06,104.0,Model A,1988,63 years,668000.0
2024-11-01,TAMPINES,4 ROOM,142,SIMEI ST 2,01 TO 03,84.0,Simplified,1988,62 years 05 months,550000.0
2024-11-01,TAMPINES,4 ROOM,227,SIMEI ST 4,10 TO 12,104.0,Model A,1988,62 years 09 months,666000.0
2024-11-01,TAMPINES,4 ROOM,890A,TAMPINES AVE 1,04 TO 06,93.0,Model A,2015,89 years 11 months,738000.0
2024-11-01,TAMPINES,4 ROOM,879A,TAMPINES AVE 8,01 TO 03,93.0,Model A,2017,91 years 08 months,680000.0
2024-11-01,TAMPINES,4 ROOM,604B,TAMPINES AVE 9,13 TO 15,92.0,Model A,2020,94 years 05 months,780000.0
2024-11-01,TAMPINES,4 ROOM,604A,TAMPINES AVE 9,01 TO 03,92.0,Model A,2020,94 years 04 months,700000.0
2024-11-01,TAMPINES,4 ROOM,604B,TAMPINES AVE 9,04 TO 06,92.0,Model A,2020,94 years 04 months,739888.0
2024-11-01,TAMPINES,4 ROOM,601C,TAMPINES AVE 9,13 TO 15,92.0,Model A,2020,94 years 04 months,785000.0
2024-11-01,TAMPINES,4 ROOM,519A,TAMPINES CTRL 8,07 TO 09,83.0,DBSS,2014,88 years 08 months,850000.0
2024-11-01,TAMPINES,4 ROOM,520A,TAMPINES CTRL 8,07 TO 09,84.0,DBSS,2014,88 years 08 months,839000.0
2024-11-01,TAMPINES,4 ROOM,610A,TAMPINES NTH DR 1,01 TO 03,93.0,Model A,2020,95 years 01 month,695000.0
2024-11-01,TAMPINES,4 ROOM,612A,TAMPINES NTH DR 1,13 TO 15,93.0,Model A,2020,95 years,805000.0
2024-11-01,TAMPINES,4 ROOM,610B,TAMPINES NTH DR 1,13 TO 15,93.0,Model A,2020,95 years,765000.0
2024-11-01,TAMPINES,4 ROOM,609C,TAMPINES NTH DR 1,10 TO 12,93.0,Model A,2020,95 years,750000.0
2024-11-01,TAMPINES,4 ROOM,608C,TAMPINES NTH DR 1,04 TO 06,93.0,Model A,2020,95 years,710000.0
2024-11-01,TAMPINES,4 ROOM,608A,TAMPINES NTH DR 1,13 TO 15,93.0,Model A,2020,95 years,785000.0
2024-11-01,TAMPINES,4 ROOM,609A,TAMPINES NTH DR 1,13 TO 15,93.0,Model A,2020,95 years,810000.0
2024-11-01,TAMPINES,4 ROOM,610C,TAMPINES NTH DR 1,04 TO 06,93.0,Model A,2020,95 years,738500.0
2024-11-01,TAMPINES,4 ROOM,166,TAMPINES ST 12,01 TO 03,103.0,Model A,1984,58 years 08 months,610000.0
2024-11-01,TAMPINES,4 ROOM,261,TAMPINES ST 21,07 TO 09,103.0,Model A,1984,59 years,600000.0
2024-11-01,TAMPINES,4 ROOM,265,TAMPINES ST 21,07 TO 09,105.0,Model A,1984,58 years 11 months,633000.0
2024-11-01,TAMPINES,4 ROOM,287,TAMPINES ST 22,01 TO 03,103.0,Model A,1984,58 years 09 months,575000.0
2024-11-01,TAMPINES,4 ROOM,291,TAMPINES ST 22,10 TO 12,108.0,Model A,1984,58 years 10 months,630000.0
2024-11-01,TAMPINES,4 ROOM,222,TAMPINES ST 24,07 TO 09,104.0,Model A,1985,59 years 03 months,638000.0
2024-11-01,TAMPINES,4 ROOM,338,TAMPINES ST 33,01 TO 03,106.0,Model A,1995,70 years 03 months,580000.0
2024-11-01,TAMPINES,4 ROOM,368,TAMPINES ST 34,10 TO 12,102.0,Model A,1997,71 years 07 months,618000.0
2024-11-01,TAMPINES,4 ROOM,448,TAMPINES ST 42,10 TO 12,104.0,Model A,1985,59 years 04 months,618000.0
2024-11-01,TAMPINES,4 ROOM,458,TAMPINES ST 42,07 TO 09,84.0,Simplified,1988,62 years 03 months,555000.0
2024-11-01,TAMPINES,4 ROOM,498B,TAMPINES ST 45,07 TO 09,106.0,Premium Apartment,1997,71 years 09 months,625000.0
2024-11-01,TAMPINES,4 ROOM,494H,TAMPINES ST 45,04 TO 06,93.0,Model A,2018,93 years 01 month,698000.0
2024-11-01,TAMPINES,4 ROOM,605A,TAMPINES ST 61,04 TO 06,92.0,Model A,2020,94 years 04 months,720000.0
2024-11-01,TAMPINES,4 ROOM,606B,TAMPINES ST 61,07 TO 09,92.0,Model A,2020,94 years 04 months,739000.0
2024-11-01,TAMPINES,4 ROOM,725,TAMPINES ST 71,10 TO 12,103.0,Model A,1997,71 years 11 months,640000.0
2024-11-01,TAMPINES,4 ROOM,735,TAMPINES ST 72,07 TO 09,100.0,Model A,1997,72 years 02 months,645000.0
2024-11-01,TAMPINES,4 ROOM,813,TAMPINES ST 81,04 TO 06,105.0,Model A,1984,58 years 10 months,652000.0
2024-11-01,TAMPINES,4 ROOM,851,TAMPINES ST 83,04 TO 06,105.0,Model A,1987,62 years 01 month,605000.0
2024-11-01,TAMPINES,4 ROOM,871B,TAMPINES ST 86,13 TO 15,94.0,Model A,2017,91 years 04 months,718888.0
2024-11-01,TAMPINES,5 ROOM,165,SIMEI RD,01 TO 03,128.0,Improved,1989,63 years 07 months,700000.0
2024-11-01,TAMPINES,5 ROOM,130,SIMEI ST 1,07 TO 09,121.0,Improved,1987,62 years 01 month,810000.0
2024-11-01,TAMPINES,5 ROOM,117,SIMEI ST 1,04 TO 06,123.0,Improved,1988,62 years 06 months,765000.0
2024-11-01,TAMPINES,5 ROOM,154,SIMEI ST 1,10 TO 12,122.0,Improved,1988,62 years 05 months,765000.0
2024-11-01,TAMPINES,5 ROOM,134,SIMEI ST 1,01 TO 03,121.0,Improved,1988,62 years 10 months,665000.0
2024-11-01,TAMPINES,5 ROOM,117,SIMEI ST 1,01 TO 03,123.0,Improved,1988,62 years 06 months,700000.0
2024-11-01,TAMPINES,5 ROOM,234,SIMEI ST 4,07 TO 09,122.0,Improved,1988,62 years 09 months,762000.0
2024-11-01,TAMPINES,5 ROOM,246,SIMEI ST 5,01 TO 03,121.0,Improved,1997,71 years 03 months,818000.0
2024-11-01,TAMPINES,5 ROOM,496D,TAMPINES AVE 9,10 TO 12,126.0,Improved,1993,67 years 10 months,760000.0
2024-11-01,TAMPINES,5 ROOM,601A,TAMPINES AVE 9,07 TO 09,112.0,Improved,2020,94 years 04 months,885000.0
2024-11-01,TAMPINES,5 ROOM,486A,TAMPINES AVE 9,04 TO 06,126.0,Improved,1993,67 years 11 months,730000.0
2024-11-01,TAMPINES,5 ROOM,496G,TAMPINES AVE 9,07 TO 09,121.0,Improved,1993,67 years 09 months,720000.0
2024-11-01,TAMPINES,5 ROOM,601D,TAMPINES AVE 9,10 TO 12,112.0,Improved,2020,94 years 04 months,960000.0
2024-11-01,TAMPINES,5 ROOM,515D,TAMPINES CTRL 7,07 TO 09,110.0,DBSS,2008,83 years 03 months,930000.0
2024-11-01,TAMPINES,5 ROOM,522C,TAMPINES CTRL 7,13 TO 15,113.0,Improved,2015,89 years 10 months,940000.0
2024-11-01,TAMPINES,5 ROOM,515B,TAMPINES CTRL 7,10 TO 12,108.0,DBSS,2008,83 years 03 months,907000.0
2024-11-01,TAMPINES,5 ROOM,515A,TAMPINES CTRL 7,10 TO 12,109.0,DBSS,2008,83 years 03 months,955000.0
2024-11-01,TAMPINES,5 ROOM,518B,TAMPINES CTRL 7,04 TO 06,109.0,DBSS,2008,83 years 02 months,920000.0
2024-11-01,TAMPINES,5 ROOM,610A,TAMPINES NTH DR 1,04 TO 06,113.0,Improved,2020,95 years,860000.0
2024-11-01,TAMPINES,5 ROOM,610B,TAMPINES NTH DR 1,07 TO 09,113.0,Improved,2020,95 years,910000.0
2024-11-01,TAMPINES,5 ROOM,610C,TAMPINES NTH DR 1,04 TO 06,113.0,Improved,2020,95 years,880000.0
2024-11-01,TAMPINES,5 ROOM,609B,TAMPINES NTH DR 1,07 TO 09,113.0,Improved,2020,95 years,910000.0
2024-11-01,TAMPINES,5 ROOM,610B,TAMPINES NTH DR 1,07 TO 09,113.0,Improved,2020,95 years,910888.0
2024-11-01,TAMPINES,5 ROOM,610B,TAMPINES NTH DR 1,04 TO 06,113.0,Improved,2020,95 years,877000.0
2024-11-01,TAMPINES,5 ROOM,610B,TAMPINES NTH DR 1,04 TO 06,113.0,Improved,2020,95 years,915000.0
2024-11-01,TAMPINES,5 ROOM,608A,TAMPINES NTH DR 1,13 TO 15,113.0,Improved,2020,95 years,935000.0
2024-11-01,TAMPINES,5 ROOM,319,TAMPINES ST 33,01 TO 03,129.0,Improved,1995,70 years 01 month,680000.0
2024-11-01,TAMPINES,5 ROOM,317,TAMPINES ST 33,01 TO 03,128.0,Improved,1995,69 years 10 months,720000.0
2024-11-01,TAMPINES,5 ROOM,364,TAMPINES ST 34,04 TO 06,119.0,Improved,1997,71 years 06 months,705000.0
2024-11-01,TAMPINES,5 ROOM,423,TAMPINES ST 41,10 TO 12,122.0,Improved,1985,59 years 09 months,700000.0
2024-11-01,TAMPINES,5 ROOM,453,TAMPINES ST 42,01 TO 03,122.0,Improved,1987,62 years 02 months,680000.0
2024-11-01,TAMPINES,5 ROOM,450D,TAMPINES ST 42,07 TO 09,123.0,Improved,1996,70 years 11 months,788000.0
2024-11-01,TAMPINES,5 ROOM,457,TAMPINES ST 42,04 TO 06,122.0,Improved,1986,61 years,700000.0
2024-11-01,TAMPINES,5 ROOM,453,TAMPINES ST 42,10 TO 12,122.0,Improved,1987,62 years 01 month,745000.0
2024-11-01,TAMPINES,5 ROOM,443,TAMPINES ST 43,10 TO 12,122.0,Improved,1985,60 years 02 months,735000.0
2024-11-01,TAMPINES,5 ROOM,490A,TAMPINES ST 45,04 TO 06,127.0,Improved,1993,67 years 11 months,695000.0
2024-11-01,TAMPINES,5 ROOM,497B,TAMPINES ST 45,07 TO 09,131.0,Premium Apartment,1996,70 years 08 months,755000.0
2024-11-01,TAMPINES,5 ROOM,715,TAMPINES ST 71,01 TO 03,120.0,Improved,1997,71 years 06 months,715000.0
2024-11-01,TAMPINES,5 ROOM,726,TAMPINES ST 71,10 TO 12,120.0,Improved,1997,71 years 10 months,788888.0
2024-11-01,TAMPINES,5 ROOM,718,TAMPINES ST 72,13 TO 15,120.0,Improved,1997,71 years 06 months,816000.0
2024-11-01,TAMPINES,5 ROOM,898A,TAMPINES ST 81,10 TO 12,129.0,Improved,1988,63 years 02 months,810000.0
2024-11-01,TAMPINES,5 ROOM,872,TAMPINES ST 84,07 TO 09,121.0,Improved,1988,63 years 02 months,720000.0
2024-11-01,TAMPINES,5 ROOM,912,TAMPINES ST 91,07 TO 09,133.0,Model A,1984,59 years,800000.0
2024-11-01,TAMPINES,5 ROOM,926,TAMPINES ST 91,01 TO 03,133.0,Model A,1983,58 years 02 months,750000.0
2024-11-01,TAMPINES,EXECUTIVE,111,SIMEI ST 1,01 TO 03,146.0,Maisonette,1987,62 years 03 months,940888.0
2024-11-01,TAMPINES,EXECUTIVE,860,TAMPINES AVE 5,07 TO 09,146.0,Maisonette,1987,62 years 01 month,1068000.0
2024-11-01,TAMPINES,EXECUTIVE,860,TAMPINES AVE 5,01 TO 03,146.0,Maisonette,1987,62 years 01 month,938000.0
2024-11-01,TAMPINES,EXECUTIVE,125,TAMPINES ST 11,01 TO 03,146.0,Maisonette,1985,60 years 01 month,838000.0
2024-11-01,TAMPINES,EXECUTIVE,337,TAMPINES ST 32,07 TO 09,147.0,Apartment,1996,70 years 03 months,915000.0
2024-11-01,TAMPINES,EXECUTIVE,327,TAMPINES ST 32,07 TO 09,148.0,Apartment,1995,70 years 02 months,920000.0
2024-11-01,TAMPINES,EXECUTIVE,429,TAMPINES ST 41,01 TO 03,148.0,Maisonette,1985,60 years 01 month,805000.0
2024-11-01,TAMPINES,EXECUTIVE,427,TAMPINES ST 41,04 TO 06,148.0,Maisonette,1986,60 years 07 months,855000.0
2024-11-01,TAMPINES,EXECUTIVE,495F,TAMPINES ST 43,07 TO 09,146.0,Apartment,1994,68 years 04 months,838000.0
2024-11-01,TAMPINES,EXECUTIVE,498G,TAMPINES ST 45,07 TO 09,143.0,Premium Apartment,1997,71 years 10 months,887000.0
2024-11-01,TAMPINES,EXECUTIVE,498D,TAMPINES ST 45,07 TO 09,147.0,Premium Maisonette,1997,71 years 05 months,1100000.0
2024-11-01,TAMPINES,EXECUTIVE,895,TAMPINES ST 81,04 TO 06,146.0,Maisonette,1988,62 years 11 months,1000000.0
2024-11-01,TAMPINES,MULTI-GENERATION,454,TAMPINES ST 42,10 TO 12,150.0,Multi Generation,1987,61 years 10 months,1028000.0
2024-11-01,TOA PAYOH,2 ROOM,52,LOR 6 TOA PAYOH,04 TO 06,43.0,Standard,1983,57 years 09 months,285000.0
2024-11-01,TOA PAYOH,3 ROOM,195,KIM KEAT AVE,04 TO 06,66.0,Improved,1973,47 years 10 months,326000.0
2024-11-01,TOA PAYOH,3 ROOM,131A,LOR 1 TOA PAYOH,28 TO 30,68.0,Model A,2018,92 years 11 months,795000.0
2024-11-01,TOA PAYOH,3 ROOM,159,LOR 1 TOA PAYOH,07 TO 09,65.0,Improved,1972,46 years 04 months,375000.0
2024-11-01,TOA PAYOH,3 ROOM,119,LOR 1 TOA PAYOH,01 TO 03,65.0,Improved,1968,42 years 08 months,360000.0
2024-11-01,TOA PAYOH,3 ROOM,169,LOR 1 TOA PAYOH,10 TO 12,65.0,Improved,1972,46 years 09 months,388000.0
2024-11-01,TOA PAYOH,3 ROOM,130B,LOR 1 TOA PAYOH,28 TO 30,68.0,Model A,2018,92 years 10 months,788000.0
2024-11-01,TOA PAYOH,3 ROOM,168,LOR 1 TOA PAYOH,04 TO 06,76.0,Improved,1972,46 years 09 months,380000.0
2024-11-01,TOA PAYOH,3 ROOM,124,LOR 1 TOA PAYOH,04 TO 06,67.0,Improved,1970,44 years 03 months,375000.0
2024-11-01,TOA PAYOH,3 ROOM,123,LOR 1 TOA PAYOH,07 TO 09,67.0,Improved,1970,44 years 03 months,410000.0
2024-11-01,TOA PAYOH,3 ROOM,83,LOR 2 TOA PAYOH,01 TO 03,67.0,Improved,1971,45 years 03 months,380000.0
2024-11-01,TOA PAYOH,3 ROOM,70,LOR 4 TOA PAYOH,04 TO 06,64.0,Standard,1969,43 years 04 months,365000.0
2024-11-01,TOA PAYOH,3 ROOM,53,LOR 5 TOA PAYOH,10 TO 12,68.0,Improved,1968,42 years 09 months,361000.0
2024-11-01,TOA PAYOH,3 ROOM,61,LOR 5 TOA PAYOH,01 TO 03,65.0,Improved,1967,41 years 09 months,390000.0
2024-11-01,TOA PAYOH,3 ROOM,47,LOR 6 TOA PAYOH,04 TO 06,58.0,Standard,1969,43 years 03 months,342000.0
2024-11-01,TOA PAYOH,3 ROOM,3,LOR 7 TOA PAYOH,01 TO 03,68.0,Improved,1969,43 years 08 months,360000.0
2024-11-01,TOA PAYOH,3 ROOM,232,LOR 8 TOA PAYOH,10 TO 12,65.0,Improved,1976,51 years 02 months,382000.0
2024-11-01,TOA PAYOH,3 ROOM,235,LOR 8 TOA PAYOH,01 TO 03,65.0,Improved,1976,50 years 08 months,380000.0
2024-11-01,TOA PAYOH,3 ROOM,117,POTONG PASIR AVE 1,07 TO 09,67.0,New Generation,1984,59 years,425000.0
2024-11-01,TOA PAYOH,3 ROOM,142,POTONG PASIR AVE 3,04 TO 06,74.0,Model A,1984,58 years 10 months,583000.0
2024-11-01,TOA PAYOH,3 ROOM,134,POTONG PASIR AVE 3,07 TO 09,74.0,Model A,1984,58 years 09 months,510000.0
2024-11-01,TOA PAYOH,3 ROOM,205,TOA PAYOH NTH,01 TO 03,65.0,Improved,1973,47 years 09 months,420000.0
2024-11-01,TOA PAYOH,3 ROOM,199,TOA PAYOH NTH,07 TO 09,65.0,Improved,1982,56 years 03 months,380000.0
2024-11-01,TOA PAYOH,3 ROOM,207,TOA PAYOH NTH,04 TO 06,65.0,Improved,1973,47 years 09 months,380000.0
2024-11-01,TOA PAYOH,3 ROOM,205,TOA PAYOH NTH,04 TO 06,65.0,Improved,1973,47 years 09 months,380000.0
2024-11-01,TOA PAYOH,3 ROOM,7,UPP ALJUNIED LANE,01 TO 03,68.0,Model A,2017,91 years 05 months,628000.0
2024-11-01,TOA PAYOH,4 ROOM,106A,BIDADARI PK DR,13 TO 15,94.0,Model A,2020,94 years 11 months,1110000.0
2024-11-01,TOA PAYOH,4 ROOM,106A,BIDADARI PK DR,07 TO 09,94.0,Model A,2020,94 years 11 months,1100000.0
2024-11-01,TOA PAYOH,4 ROOM,106B,BIDADARI PK DR,13 TO 15,94.0,Model A,2020,94 years 10 months,1075168.0
2024-11-01,TOA PAYOH,4 ROOM,106A,BIDADARI PK DR,01 TO 03,94.0,Model A,2020,94 years 10 months,980000.0
2024-11-01,TOA PAYOH,4 ROOM,106A,BIDADARI PK DR,16 TO 18,94.0,Model A,2020,94 years 10 months,1130000.0
2024-11-01,TOA PAYOH,4 ROOM,105B,BIDADARI PK DR,13 TO 15,94.0,Model A,2020,94 years 10 months,1080000.0
2024-11-01,TOA PAYOH,4 ROOM,106A,BIDADARI PK DR,10 TO 12,94.0,Model A,2020,94 years 10 months,1072000.0
2024-11-01,TOA PAYOH,4 ROOM,9,JOO SENG RD,07 TO 09,93.0,Model A,2017,91 years 04 months,848888.0
2024-11-01,TOA PAYOH,4 ROOM,130A,LOR 1 TOA PAYOH,16 TO 18,93.0,Model A,2018,92 years 11 months,1120000.0
2024-11-01,TOA PAYOH,4 ROOM,238,LOR 1 TOA PAYOH,19 TO 21,103.0,Model A,1986,60 years 09 months,768000.0
2024-11-01,TOA PAYOH,4 ROOM,138B,LOR 1A TOA PAYOH,34 TO 36,91.0,DBSS,2012,86 years 07 months,1050000.0
2024-11-01,TOA PAYOH,4 ROOM,147,LOR 2 TOA PAYOH,25 TO 27,91.0,Model A,2006,80 years 03 months,1036888.0
2024-11-01,TOA PAYOH,4 ROOM,14,LOR 7 TOA PAYOH,04 TO 06,104.0,Model A,1998,72 years 09 months,760000.0
2024-11-01,TOA PAYOH,4 ROOM,120,POTONG PASIR AVE 1,07 TO 09,93.0,New Generation,1984,59 years 01 month,610000.0
2024-11-01,TOA PAYOH,4 ROOM,143,POTONG PASIR AVE 2,01 TO 03,104.0,Model A,1984,58 years 09 months,695000.0
2024-11-01,TOA PAYOH,4 ROOM,79E,TOA PAYOH CTRL,13 TO 15,76.0,Model A,2009,83 years 06 months,825000.0
2024-11-01,TOA PAYOH,4 ROOM,79D,TOA PAYOH CTRL,25 TO 27,91.0,Model A,2009,83 years 06 months,980000.0
2024-11-01,TOA PAYOH,4 ROOM,261,TOA PAYOH EAST,01 TO 03,93.0,Model A,2019,94 years 02 months,848000.0
2024-11-01,TOA PAYOH,4 ROOM,261,TOA PAYOH EAST,13 TO 15,93.0,Model A,2019,94 years 02 months,950000.0
2024-11-01,TOA PAYOH,4 ROOM,201,TOA PAYOH NTH,01 TO 03,87.0,Improved,1973,47 years 10 months,470000.0
2024-11-01,TOA PAYOH,4 ROOM,202,TOA PAYOH NTH,10 TO 12,87.0,Improved,1973,47 years 09 months,535000.0
2024-11-01,TOA PAYOH,4 ROOM,202,TOA PAYOH NTH,16 TO 18,87.0,Improved,1973,47 years 09 months,470000.0
2024-11-01,TOA PAYOH,4 ROOM,7,UPP ALJUNIED LANE,01 TO 03,93.0,Model A,2017,91 years 05 months,800000.0
2024-11-01,TOA PAYOH,5 ROOM,106B,BIDADARI PK DR,04 TO 06,113.0,Improved,2020,94 years 10 months,1188888.0
2024-11-01,TOA PAYOH,5 ROOM,105A,BIDADARI PK DR,04 TO 06,114.0,Improved,2020,94 years 10 months,1195000.0
2024-11-01,TOA PAYOH,5 ROOM,106A,BIDADARI PK DR,07 TO 09,114.0,Improved,2020,94 years 10 months,1310000.0
2024-11-01,TOA PAYOH,5 ROOM,153A,LOR 1 TOA PAYOH,10 TO 12,121.0,Improved,1999,73 years 03 months,1165000.0
2024-11-01,TOA PAYOH,5 ROOM,138C,LOR 1A TOA PAYOH,16 TO 18,110.0,DBSS,2012,86 years 07 months,1300000.0
2024-11-01,TOA PAYOH,5 ROOM,138B,LOR 1A TOA PAYOH,13 TO 15,110.0,DBSS,2012,86 years 07 months,1068888.0
2024-11-01,TOA PAYOH,5 ROOM,139A,LOR 1A TOA PAYOH,22 TO 24,114.0,DBSS,2012,86 years 07 months,1460000.0
2024-11-01,TOA PAYOH,5 ROOM,152,LOR 2 TOA PAYOH,13 TO 15,110.0,Improved,2006,80 years 04 months,1200000.0
2024-11-01,TOA PAYOH,5 ROOM,153,LOR 2 TOA PAYOH,04 TO 06,123.0,Improved,1999,73 years 09 months,1035000.0
2024-11-01,TOA PAYOH,5 ROOM,82B,LOR 4 TOA PAYOH,22 TO 24,122.0,Improved,1996,70 years 11 months,1168000.0
2024-11-01,TOA PAYOH,5 ROOM,215,LOR 8 TOA PAYOH,10 TO 12,114.0,Standard,1975,49 years 10 months,738000.0
2024-11-01,TOA PAYOH,EXECUTIVE,21,JOO SENG RD,07 TO 09,152.0,Maisonette,1988,62 years 11 months,1200000.0
2024-11-01,WOODLANDS,2 ROOM,780B,WOODLANDS CRES,07 TO 09,47.0,Model A,2015,89 years 09 months,348000.0
2024-11-01,WOODLANDS,2 ROOM,182A,WOODLANDS ST 13,10 TO 12,47.0,Model A,2019,94 years,370000.0
2024-11-01,WOODLANDS,3 ROOM,2,MARSILING DR,07 TO 09,65.0,Improved,1974,48 years 10 months,335000.0
2024-11-01,WOODLANDS,3 ROOM,30,MARSILING DR,07 TO 09,73.0,New Generation,1977,51 years 07 months,380000.0
2024-11-01,WOODLANDS,3 ROOM,6,MARSILING DR,10 TO 12,65.0,Improved,1976,50 years 04 months,345000.0
2024-11-01,WOODLANDS,3 ROOM,202,MARSILING DR,04 TO 06,68.0,New Generation,1981,55 years 08 months,336000.0
2024-11-01,WOODLANDS,3 ROOM,32,MARSILING DR,10 TO 12,73.0,New Generation,1980,54 years 04 months,370000.0
2024-11-01,WOODLANDS,3 ROOM,2,MARSILING DR,10 TO 12,76.0,Improved,1974,48 years 09 months,368000.0
2024-11-01,WOODLANDS,3 ROOM,23,MARSILING DR,01 TO 03,67.0,New Generation,1977,52 years 01 month,345000.0
2024-11-01,WOODLANDS,3 ROOM,6,MARSILING DR,04 TO 06,65.0,Improved,1976,50 years 03 months,340000.0
2024-11-01,WOODLANDS,3 ROOM,202,MARSILING DR,10 TO 12,68.0,New Generation,1981,55 years 08 months,390000.0
2024-11-01,WOODLANDS,3 ROOM,206,MARSILING DR,01 TO 03,68.0,New Generation,1981,55 years 06 months,385000.0
2024-11-01,WOODLANDS,3 ROOM,19,MARSILING LANE,04 TO 06,60.0,Improved,1987,61 years 07 months,358000.0
2024-11-01,WOODLANDS,3 ROOM,12,MARSILING LANE,10 TO 12,65.0,Improved,1976,50 years 05 months,348000.0
2024-11-01,WOODLANDS,3 ROOM,12,MARSILING LANE,10 TO 12,76.0,Improved,1976,50 years 05 months,365000.0
2024-11-01,WOODLANDS,3 ROOM,13,MARSILING LANE,01 TO 03,78.0,Improved,1976,50 years 05 months,375000.0
2024-11-01,WOODLANDS,3 ROOM,180A,MARSILING RD,01 TO 03,66.0,Model A,2015,89 years 09 months,435000.0
2024-11-01,WOODLANDS,3 ROOM,130,MARSILING RISE,04 TO 06,60.0,Improved,1985,59 years 03 months,355000.0
2024-11-01,WOODLANDS,3 ROOM,694D,WOODLANDS DR 62,04 TO 06,68.0,Model A,2018,92 years 11 months,485000.0
2024-11-01,WOODLANDS,3 ROOM,694C,WOODLANDS DR 62,04 TO 06,68.0,Model A,2018,93 years,475000.0
2024-11-01,WOODLANDS,3 ROOM,185C,WOODLANDS ST 13,04 TO 06,68.0,Model A,2019,94 years,500000.0
2024-11-01,WOODLANDS,3 ROOM,185B,WOODLANDS ST 13,16 TO 18,68.0,Model A,2019,94 years,500000.0
2024-11-01,WOODLANDS,4 ROOM,8,MARSILING DR,07 TO 09,88.0,Improved,1976,50 years 04 months,392888.0
2024-11-01,WOODLANDS,4 ROOM,29,MARSILING DR,13 TO 15,98.0,New Generation,1979,54 years,440000.0
2024-11-01,WOODLANDS,4 ROOM,34,MARSILING DR,07 TO 09,98.0,New Generation,1978,53 years 02 months,440000.0
2024-11-01,WOODLANDS,4 ROOM,25,MARSILING DR,07 TO 09,91.0,New Generation,1977,51 years 08 months,422000.0
2024-11-01,WOODLANDS,4 ROOM,27,MARSILING DR,01 TO 03,91.0,New Generation,1977,52 years 01 month,420000.0
2024-11-01,WOODLANDS,4 ROOM,12C,MARSILING LANE,04 TO 06,93.0,Model A,2013,87 years 08 months,558888.0
2024-11-01,WOODLANDS,4 ROOM,120,MARSILING RISE,07 TO 09,98.0,New Generation,1985,60 years 03 months,500000.0
2024-11-01,WOODLANDS,4 ROOM,309,WOODLANDS AVE 1,01 TO 03,88.0,Simplified,1989,63 years 11 months,500000.0
2024-11-01,WOODLANDS,4 ROOM,337,WOODLANDS AVE 1,04 TO 06,83.0,Simplified,1985,60 years 02 months,465000.0
2024-11-01,WOODLANDS,4 ROOM,336,WOODLANDS AVE 1,04 TO 06,83.0,Simplified,1985,60 years 01 month,453000.0
2024-11-01,WOODLANDS,4 ROOM,571A,WOODLANDS AVE 1,10 TO 12,92.0,Model A,2013,88 years 01 month,607000.0
2024-11-01,WOODLANDS,4 ROOM,347,WOODLANDS AVE 3,10 TO 12,84.0,Simplified,1988,62 years 07 months,522500.0
2024-11-01,WOODLANDS,4 ROOM,618,WOODLANDS AVE 4,04 TO 06,95.0,Model A2,1998,72 years 08 months,530000.0
2024-11-01,WOODLANDS,4 ROOM,616,WOODLANDS AVE 4,07 TO 09,102.0,Model A,1998,72 years 07 months,548000.0
2024-11-01,WOODLANDS,4 ROOM,693C,WOODLANDS AVE 6,01 TO 03,93.0,Model A,2018,92 years 11 months,582000.0
2024-11-01,WOODLANDS,4 ROOM,693C,WOODLANDS AVE 6,01 TO 03,92.0,Model A,2018,92 years 11 months,618888.0
2024-11-01,WOODLANDS,4 ROOM,761,WOODLANDS AVE 6,01 TO 03,102.0,Model A,1998,72 years 04 months,520000.0
2024-11-01,WOODLANDS,4 ROOM,734,WOODLANDS CIRCLE,04 TO 06,102.0,Model A,1998,72 years 05 months,532000.0
2024-11-01,WOODLANDS,4 ROOM,748,WOODLANDS CIRCLE,07 TO 09,103.0,Model A,1998,72 years 03 months,555000.0
2024-11-01,WOODLANDS,4 ROOM,754,WOODLANDS CIRCLE,01 TO 03,101.0,Model A,1997,72 years 02 months,530000.0
2024-11-01,WOODLANDS,4 ROOM,730,WOODLANDS CIRCLE,10 TO 12,100.0,Model A2,1997,71 years 11 months,560000.0
2024-11-01,WOODLANDS,4 ROOM,726,WOODLANDS CIRCLE,10 TO 12,103.0,Model A,1997,71 years 09 months,570000.0
2024-11-01,WOODLANDS,4 ROOM,782D,WOODLANDS CRES,07 TO 09,92.0,Model A,2015,89 years 08 months,560000.0
2024-11-01,WOODLANDS,4 ROOM,782D,WOODLANDS CRES,04 TO 06,92.0,Model A,2015,89 years 08 months,560000.0
2024-11-01,WOODLANDS,4 ROOM,776,WOODLANDS CRES,10 TO 12,101.0,Model A,1998,72 years 03 months,545000.0
2024-11-01,WOODLANDS,4 ROOM,780E,WOODLANDS CRES,10 TO 12,92.0,Model A,2015,89 years 09 months,590000.0
2024-11-01,WOODLANDS,4 ROOM,524,WOODLANDS DR 14,10 TO 12,104.0,Premium Apartment,2000,74 years 06 months,575888.0
2024-11-01,WOODLANDS,4 ROOM,517,WOODLANDS DR 14,07 TO 09,105.0,Premium Apartment,2000,75 years,600000.0
2024-11-01,WOODLANDS,4 ROOM,533,WOODLANDS DR 14,01 TO 03,104.0,Premium Apartment,1999,73 years 11 months,578000.0
2024-11-01,WOODLANDS,4 ROOM,510,WOODLANDS DR 14,10 TO 12,107.0,Premium Apartment,1999,73 years 05 months,615000.0
2024-11-01,WOODLANDS,4 ROOM,574B,WOODLANDS DR 16,10 TO 12,93.0,Model A,2018,92 years 09 months,712888.0
2024-11-01,WOODLANDS,4 ROOM,574B,WOODLANDS DR 16,10 TO 12,93.0,Model A,2018,92 years 08 months,650888.0
2024-11-01,WOODLANDS,4 ROOM,588,WOODLANDS DR 16,07 TO 09,91.0,Model A,2001,75 years 06 months,525000.0
2024-11-01,WOODLANDS,4 ROOM,575,WOODLANDS DR 16,10 TO 12,86.0,Model A2,2000,75 years 02 months,520000.0
2024-11-01,WOODLANDS,4 ROOM,706,WOODLANDS DR 40,04 TO 06,102.0,Model A,1996,71 years,550000.0
2024-11-01,WOODLANDS,4 ROOM,706,WOODLANDS DR 40,01 TO 03,102.0,Model A,1996,71 years,538000.0
2024-11-01,WOODLANDS,4 ROOM,601,WOODLANDS DR 42,04 TO 06,91.0,Model A2,1997,71 years 05 months,518888.0
2024-11-01,WOODLANDS,4 ROOM,602,WOODLANDS DR 42,04 TO 06,102.0,Model A,1997,71 years 07 months,530000.0
2024-11-01,WOODLANDS,4 ROOM,887A,WOODLANDS DR 50,13 TO 15,95.0,Premium Apartment,2015,89 years 05 months,692888.0
2024-11-01,WOODLANDS,4 ROOM,891B,WOODLANDS DR 50,04 TO 06,100.0,Model A,1996,71 years,560000.0
2024-11-01,WOODLANDS,4 ROOM,898B,WOODLANDS DR 50,10 TO 12,99.0,Model A,1997,71 years 09 months,560000.0
2024-11-01,WOODLANDS,4 ROOM,889A,WOODLANDS DR 50,10 TO 12,93.0,Model A,2017,91 years 09 months,660888.0
2024-11-01,WOODLANDS,4 ROOM,897A,WOODLANDS DR 50,04 TO 06,97.0,Model A,1997,71 years 11 months,540000.0
2024-11-01,WOODLANDS,4 ROOM,899B,WOODLANDS DR 50,04 TO 06,99.0,Model A,1997,71 years 09 months,530000.0
2024-11-01,WOODLANDS,4 ROOM,554,WOODLANDS DR 53,04 TO 06,95.0,Model A2,1999,74 years 02 months,545000.0
2024-11-01,WOODLANDS,4 ROOM,770,WOODLANDS DR 60,04 TO 06,100.0,Model A,1997,72 years 02 months,520000.0
2024-11-01,WOODLANDS,4 ROOM,778,WOODLANDS DR 60,01 TO 03,102.0,Model A,1997,72 years 03 months,520000.0
2024-11-01,WOODLANDS,4 ROOM,770,WOODLANDS DR 60,07 TO 09,100.0,Model A,1997,72 years 01 month,570000.0
2024-11-01,WOODLANDS,4 ROOM,778,WOODLANDS DR 60,13 TO 15,101.0,Model A,1997,72 years 02 months,535000.0
2024-11-01,WOODLANDS,4 ROOM,682A,WOODLANDS DR 62,01 TO 03,101.0,Premium Apartment,2000,74 years 05 months,560000.0
2024-11-01,WOODLANDS,4 ROOM,683A,WOODLANDS DR 62,04 TO 06,105.0,Premium Apartment,2000,74 years 04 months,585000.0
2024-11-01,WOODLANDS,4 ROOM,683B,WOODLANDS DR 62,04 TO 06,101.0,Premium Apartment,2000,74 years 04 months,585000.0
2024-11-01,WOODLANDS,4 ROOM,712,WOODLANDS DR 70,10 TO 12,99.0,Model A,1996,71 years 02 months,600000.0
2024-11-01,WOODLANDS,4 ROOM,687B,WOODLANDS DR 75,13 TO 15,93.0,Premium Apartment,2003,77 years 04 months,570000.0
2024-11-01,WOODLANDS,4 ROOM,687B,WOODLANDS DR 75,10 TO 12,94.0,Premium Apartment,2003,77 years 04 months,563800.0
2024-11-01,WOODLANDS,4 ROOM,606,WOODLANDS RING RD,04 TO 06,102.0,Model A,1998,72 years 04 months,535000.0
2024-11-01,WOODLANDS,4 ROOM,667,WOODLANDS RING RD,01 TO 03,90.0,Model A,2001,75 years 03 months,505000.0
2024-11-01,WOODLANDS,4 ROOM,667,WOODLANDS RING RD,10 TO 12,90.0,Model A,2001,75 years 03 months,555000.0
2024-11-01,WOODLANDS,4 ROOM,784A,WOODLANDS RISE,10 TO 12,93.0,Model A,2018,92 years 09 months,598888.0
2024-11-01,WOODLANDS,4 ROOM,784B,WOODLANDS RISE,13 TO 15,93.0,Model A,2018,92 years 10 months,615000.0
2024-11-01,WOODLANDS,4 ROOM,785D,WOODLANDS RISE,07 TO 09,93.0,Model A,2018,92 years 09 months,600000.0
2024-11-01,WOODLANDS,4 ROOM,149,WOODLANDS ST 13,07 TO 09,93.0,New Generation,1985,59 years 06 months,528888.0
2024-11-01,WOODLANDS,4 ROOM,183C,WOODLANDS ST 13,19 TO 21,93.0,Model A,2019,94 years,700000.0
2024-11-01,WOODLANDS,4 ROOM,183C,WOODLANDS ST 13,25 TO 27,93.0,Model A,2019,94 years,728888.0
2024-11-01,WOODLANDS,4 ROOM,172,WOODLANDS ST 13,07 TO 09,91.0,New Generation,1985,60 years,500000.0
2024-11-01,WOODLANDS,4 ROOM,310,WOODLANDS ST 31,01 TO 03,103.0,Model A,1993,67 years 11 months,520000.0
2024-11-01,WOODLANDS,4 ROOM,345,WOODLANDS ST 32,04 TO 06,86.0,Simplified,1995,69 years 03 months,525000.0
2024-11-01,WOODLANDS,4 ROOM,871,WOODLANDS ST 81,01 TO 03,111.0,Model A,1996,70 years 06 months,535000.0
2024-11-01,WOODLANDS,4 ROOM,842,WOODLANDS ST 82,10 TO 12,84.0,Simplified,1994,68 years 08 months,500000.0
2024-11-01,WOODLANDS,5 ROOM,10,MARSILING DR,04 TO 06,126.0,Standard,1976,50 years 05 months,550000.0
2024-11-01,WOODLANDS,5 ROOM,134,MARSILING RD,07 TO 09,134.0,Model A,1995,69 years 07 months,695000.0
2024-11-01,WOODLANDS,5 ROOM,351,WOODLANDS AVE 1,01 TO 03,121.0,Improved,1996,70 years 11 months,660000.0
2024-11-01,WOODLANDS,5 ROOM,722,WOODLANDS AVE 6,01 TO 03,121.0,Improved,1997,71 years 10 months,645000.0
2024-11-01,WOODLANDS,5 ROOM,758,WOODLANDS AVE 6,01 TO 03,123.0,Improved,1998,72 years 05 months,630000.0
2024-11-01,WOODLANDS,5 ROOM,733,WOODLANDS CIRCLE,01 TO 03,121.0,Improved,1997,71 years 11 months,625000.0
2024-11-01,WOODLANDS,5 ROOM,733,WOODLANDS CIRCLE,07 TO 09,122.0,Improved,1997,71 years 11 months,658000.0
2024-11-01,WOODLANDS,5 ROOM,748,WOODLANDS CIRCLE,04 TO 06,122.0,Improved,1998,72 years 03 months,610000.0
2024-11-01,WOODLANDS,5 ROOM,782B,WOODLANDS CRES,16 TO 18,112.0,Improved,2015,89 years 08 months,700000.0
2024-11-01,WOODLANDS,5 ROOM,776,WOODLANDS CRES,07 TO 09,121.0,Improved,1998,72 years 03 months,650000.0
2024-11-01,WOODLANDS,5 ROOM,511,WOODLANDS DR 14,04 TO 06,128.0,Premium Apartment,1999,73 years 06 months,703000.0
2024-11-01,WOODLANDS,5 ROOM,521,WOODLANDS DR 14,04 TO 06,126.0,Premium Apartment,2000,74 years 08 months,670000.0
2024-11-01,WOODLANDS,5 ROOM,547,WOODLANDS DR 16,10 TO 12,121.0,Improved,2000,74 years 11 months,675000.0
2024-11-01,WOODLANDS,5 ROOM,895A,WOODLANDS DR 50,01 TO 03,117.0,Improved,1997,71 years 03 months,640000.0
2024-11-01,WOODLANDS,5 ROOM,892B,WOODLANDS DR 50,01 TO 03,121.0,Improved,1996,71 years,652000.0
2024-11-01,WOODLANDS,5 ROOM,895A,WOODLANDS DR 50,07 TO 09,117.0,Improved,1997,71 years 03 months,700000.0
2024-11-01,WOODLANDS,5 ROOM,889D,WOODLANDS DR 50,10 TO 12,113.0,Improved,2017,91 years 09 months,768000.0
2024-11-01,WOODLANDS,5 ROOM,623,WOODLANDS DR 52,07 TO 09,121.0,Improved,1998,72 years 11 months,645000.0
2024-11-01,WOODLANDS,5 ROOM,624A,WOODLANDS DR 52,10 TO 12,122.0,Improved,1998,73 years,608000.0
2024-11-01,WOODLANDS,5 ROOM,625A,WOODLANDS DR 52,04 TO 06,122.0,Improved,1998,73 years,618888.0
2024-11-01,WOODLANDS,5 ROOM,624A,WOODLANDS DR 52,07 TO 09,122.0,Improved,1998,73 years,635000.0
2024-11-01,WOODLANDS,5 ROOM,622,WOODLANDS DR 52,10 TO 12,121.0,Improved,1998,72 years 10 months,656000.0
2024-11-01,WOODLANDS,5 ROOM,555,WOODLANDS DR 53,04 TO 06,120.0,Improved,1999,74 years 02 months,640000.0
2024-11-01,WOODLANDS,5 ROOM,786D,WOODLANDS DR 60,13 TO 15,120.0,Improved,1997,71 years 11 months,648000.0
2024-11-01,WOODLANDS,5 ROOM,794,WOODLANDS DR 72,04 TO 06,123.0,Improved,1998,72 years 03 months,640000.0
2024-11-01,WOODLANDS,5 ROOM,795,WOODLANDS DR 72,04 TO 06,123.0,Improved,1998,72 years 03 months,665000.0
2024-11-01,WOODLANDS,5 ROOM,691D,WOODLANDS DR 73,07 TO 09,113.0,Improved,2018,92 years 09 months,750000.0
2024-11-01,WOODLANDS,5 ROOM,685B,WOODLANDS DR 73,10 TO 12,114.0,Premium Apartment,2002,77 years 02 months,630000.0
2024-11-01,WOODLANDS,5 ROOM,686C,WOODLANDS DR 73,07 TO 09,114.0,Premium Apartment,2003,77 years 04 months,625000.0
2024-11-01,WOODLANDS,5 ROOM,691B,WOODLANDS DR 73,04 TO 06,113.0,Improved,2018,92 years 08 months,760000.0
2024-11-01,WOODLANDS,5 ROOM,688C,WOODLANDS DR 75,04 TO 06,111.0,Premium Apartment,2004,78 years 05 months,620000.0
2024-11-01,WOODLANDS,5 ROOM,687C,WOODLANDS DR 75,07 TO 09,114.0,Premium Apartment,2003,77 years 04 months,632888.0
2024-11-01,WOODLANDS,5 ROOM,689A,WOODLANDS DR 75,07 TO 09,110.0,Premium Apartment,2004,78 years 05 months,570000.0
2024-11-01,WOODLANDS,5 ROOM,689A,WOODLANDS DR 75,16 TO 18,110.0,Premium Apartment,2004,78 years 05 months,500000.0
2024-11-01,WOODLANDS,5 ROOM,611,WOODLANDS RING RD,07 TO 09,121.0,Improved,1998,72 years 06 months,652000.0
2024-11-01,WOODLANDS,5 ROOM,606,WOODLANDS RING RD,04 TO 06,121.0,Improved,1998,72 years 05 months,628000.0
2024-11-01,WOODLANDS,5 ROOM,608,WOODLANDS RING RD,04 TO 06,122.0,Improved,1998,72 years 09 months,660000.0
2024-11-01,WOODLANDS,5 ROOM,783C,WOODLANDS RISE,04 TO 06,113.0,Improved,2018,92 years 10 months,695000.0
2024-11-01,WOODLANDS,5 ROOM,184A,WOODLANDS ST 13,19 TO 21,113.0,Improved,2019,94 years,780000.0
2024-11-01,WOODLANDS,5 ROOM,344,WOODLANDS ST 32,04 TO 06,122.0,Improved,1993,67 years 04 months,615000.0
2024-11-01,WOODLANDS,5 ROOM,880,WOODLANDS ST 82,01 TO 03,121.0,Improved,1996,70 years 11 months,600000.0
2024-11-01,WOODLANDS,5 ROOM,864,WOODLANDS ST 83,10 TO 12,126.0,Improved,1996,70 years 06 months,710000.0
2024-11-01,WOODLANDS,EXECUTIVE,204,MARSILING DR,04 TO 06,163.0,Adjoined flat,1981,55 years 06 months,740000.0
2024-11-01,WOODLANDS,EXECUTIVE,115,MARSILING RISE,01 TO 03,184.0,Apartment,1995,69 years 06 months,900000.0
2024-11-01,WOODLANDS,EXECUTIVE,340,WOODLANDS AVE 1,10 TO 12,162.0,Apartment,1995,69 years 10 months,975000.0
2024-11-01,WOODLANDS,EXECUTIVE,308,WOODLANDS AVE 1,04 TO 06,147.0,Apartment,1994,68 years 03 months,830000.0
2024-11-01,WOODLANDS,EXECUTIVE,339,WOODLANDS AVE 1,07 TO 09,177.0,Apartment,1995,69 years 10 months,1020000.0
2024-11-01,WOODLANDS,EXECUTIVE,361,WOODLANDS AVE 5,10 TO 12,144.0,Apartment,1996,71 years,930888.0
2024-11-01,WOODLANDS,EXECUTIVE,788D,WOODLANDS CRES,04 TO 06,143.0,Maisonette,1999,73 years 08 months,825000.0
2024-11-01,WOODLANDS,EXECUTIVE,788D,WOODLANDS CRES,10 TO 12,143.0,Maisonette,1999,73 years 07 months,850000.0
2024-11-01,WOODLANDS,EXECUTIVE,536,WOODLANDS DR 14,07 TO 09,145.0,Premium Apartment,1999,73 years 11 months,800000.0
2024-11-01,WOODLANDS,EXECUTIVE,583,WOODLANDS DR 16,07 TO 09,131.0,Apartment,2001,75 years 07 months,793000.0
2024-11-01,WOODLANDS,EXECUTIVE,798,WOODLANDS DR 72,01 TO 03,140.0,Apartment,1997,72 years 01 month,790000.0
2024-11-01,WOODLANDS,EXECUTIVE,684D,WOODLANDS DR 73,01 TO 03,143.0,Premium Apartment,2000,74 years 04 months,800000.0
2024-11-01,WOODLANDS,EXECUTIVE,647,WOODLANDS RING RD,04 TO 06,144.0,Maisonette,1998,72 years 10 months,838000.0
2024-11-01,WOODLANDS,EXECUTIVE,323,WOODLANDS ST 32,07 TO 09,163.0,Apartment,1995,69 years 03 months,955000.0
2024-11-01,WOODLANDS,EXECUTIVE,345,WOODLANDS ST 32,07 TO 09,174.0,Apartment,1995,69 years 03 months,968888.0
2024-11-01,WOODLANDS,EXECUTIVE,830,WOODLANDS ST 83,07 TO 09,189.0,Apartment,1994,69 years,1030000.0
2024-11-01,YISHUN,2 ROOM,459,YISHUN AVE 11,04 TO 06,48.0,Model A,2013,87 years 10 months,340000.0
2024-11-01,YISHUN,2 ROOM,671B,YISHUN AVE 4,04 TO 06,47.0,Model A,2018,92 years 03 months,340000.0
2024-11-01,YISHUN,2 ROOM,462D,YISHUN AVE 6,13 TO 15,47.0,Model A,2019,93 years 10 months,355000.0
2024-11-01,YISHUN,2 ROOM,469B,YISHUN ST 43,07 TO 09,47.0,Model A,2019,94 years 01 month,355000.0
2024-11-01,YISHUN,3 ROOM,424A,YISHUN AVE 11,10 TO 12,67.0,Model A,2015,90 years 02 months,461888.0
2024-11-01,YISHUN,3 ROOM,506B,YISHUN AVE 4,13 TO 15,68.0,Model A,2018,92 years 07 months,490000.0
2024-11-01,YISHUN,3 ROOM,508A,YISHUN AVE 4,07 TO 09,68.0,Model A,2018,92 years 06 months,515888.0
2024-11-01,YISHUN,3 ROOM,508A,YISHUN AVE 4,04 TO 06,68.0,Model A,2018,92 years 06 months,495000.0
2024-11-01,YISHUN,3 ROOM,673B,YISHUN AVE 4,10 TO 12,68.0,Model A,2018,93 years 01 month,510000.0
2024-11-01,YISHUN,3 ROOM,675A,YISHUN AVE 4,10 TO 12,68.0,Model A,2018,93 years 01 month,558999.0
2024-11-01,YISHUN,3 ROOM,703,YISHUN AVE 5,04 TO 06,68.0,New Generation,1984,58 years 04 months,402888.0
2024-11-01,YISHUN,3 ROOM,710,YISHUN AVE 5,07 TO 09,68.0,New Generation,1984,58 years 07 months,408000.0
2024-11-01,YISHUN,3 ROOM,742,YISHUN AVE 5,01 TO 03,67.0,New Generation,1985,60 years 02 months,430000.0
2024-11-01,YISHUN,3 ROOM,710,YISHUN AVE 5,10 TO 12,68.0,New Generation,1984,58 years 06 months,426000.0
2024-11-01,YISHUN,3 ROOM,462C,YISHUN AVE 6,13 TO 15,68.0,Model A,2019,93 years 10 months,495000.0
2024-11-01,YISHUN,3 ROOM,284,YISHUN AVE 6,07 TO 09,74.0,Model A,1987,61 years 10 months,400000.0
2024-11-01,YISHUN,3 ROOM,462A,YISHUN AVE 6,13 TO 15,68.0,Model A,2019,93 years 10 months,490000.0
2024-11-01,YISHUN,3 ROOM,284,YISHUN AVE 6,10 TO 12,74.0,Model A,1987,61 years 10 months,400888.0
2024-11-01,YISHUN,3 ROOM,172,YISHUN AVE 7,04 TO 06,64.0,Simplified,1988,62 years 10 months,390000.0
2024-11-01,YISHUN,3 ROOM,321,YISHUN CTRL,10 TO 12,74.0,Model A,1988,62 years 04 months,435000.0
2024-11-01,YISHUN,3 ROOM,107,YISHUN RING RD,04 TO 06,68.0,New Generation,1982,56 years 08 months,360000.0
2024-11-01,YISHUN,3 ROOM,137,YISHUN RING RD,04 TO 06,68.0,New Generation,1985,59 years 04 months,415000.0
2024-11-01,YISHUN,3 ROOM,402,YISHUN RING RD,04 TO 06,74.0,Model A,1989,63 years 05 months,406000.0
2024-11-01,YISHUN,3 ROOM,242,YISHUN RING RD,07 TO 09,67.0,New Generation,1986,60 years 03 months,420000.0
2024-11-01,YISHUN,3 ROOM,118,YISHUN RING RD,01 TO 03,77.0,Model A,1983,57 years 08 months,400000.0
2024-11-01,YISHUN,3 ROOM,808,YISHUN RING RD,01 TO 03,74.0,Model A,1987,61 years 05 months,420000.0
2024-11-01,YISHUN,3 ROOM,243,YISHUN RING RD,07 TO 09,64.0,Simplified,1985,59 years 11 months,397000.0
2024-11-01,YISHUN,3 ROOM,129,YISHUN ST 11,04 TO 06,67.0,New Generation,1984,59 years 02 months,420000.0
2024-11-01,YISHUN,3 ROOM,150,YISHUN ST 11,10 TO 12,67.0,New Generation,1985,59 years 05 months,450000.0
2024-11-01,YISHUN,3 ROOM,151,YISHUN ST 11,01 TO 03,67.0,New Generation,1985,59 years 05 months,410000.0
2024-11-01,YISHUN,3 ROOM,222,YISHUN ST 21,04 TO 06,67.0,New Generation,1985,60 years,400000.0
2024-11-01,YISHUN,3 ROOM,217,YISHUN ST 21,01 TO 03,68.0,New Generation,1985,59 years 11 months,405000.0
2024-11-01,YISHUN,3 ROOM,220,YISHUN ST 21,04 TO 06,67.0,New Generation,1985,60 years,410000.0
2024-11-01,YISHUN,3 ROOM,264,YISHUN ST 22,07 TO 09,64.0,Simplified,1986,60 years 08 months,395000.0
2024-11-01,YISHUN,3 ROOM,264,YISHUN ST 22,01 TO 03,64.0,Simplified,1986,60 years 08 months,405000.0
2024-11-01,YISHUN,3 ROOM,455,YISHUN ST 41,04 TO 06,67.0,Model A,2013,87 years 10 months,455000.0
2024-11-01,YISHUN,3 ROOM,468A,YISHUN ST 43,04 TO 06,67.0,Model A,2019,94 years 01 month,473000.0
2024-11-01,YISHUN,3 ROOM,630,YISHUN ST 61,04 TO 06,73.0,Model A,1988,62 years 06 months,428000.0
2024-11-01,YISHUN,3 ROOM,722,YISHUN ST 71,04 TO 06,64.0,Simplified,1987,62 years,380000.0
2024-11-01,YISHUN,3 ROOM,745,YISHUN ST 72,07 TO 09,67.0,New Generation,1985,59 years 03 months,478000.0
2024-11-01,YISHUN,4 ROOM,432B,YISHUN AVE 1,10 TO 12,92.0,Model A,2015,90 years,595000.0
2024-11-01,YISHUN,4 ROOM,431D,YISHUN AVE 1,10 TO 12,92.0,Model A,2015,89 years 11 months,600000.0
2024-11-01,YISHUN,4 ROOM,430A,YISHUN AVE 11,10 TO 12,92.0,Model A,2015,90 years 03 months,582500.0
2024-11-01,YISHUN,4 ROOM,348B,YISHUN AVE 11,04 TO 06,92.0,DBSS,2013,88 years,720000.0
2024-11-01,YISHUN,4 ROOM,429A,YISHUN AVE 11,01 TO 03,92.0,Model A,2015,90 years 02 months,550000.0
2024-11-01,YISHUN,4 ROOM,347B,YISHUN AVE 11,04 TO 06,92.0,DBSS,2013,87 years 11 months,683000.0
2024-11-01,YISHUN,4 ROOM,430B,YISHUN AVE 11,07 TO 09,92.0,Model A,2015,90 years 02 months,588888.0
2024-11-01,YISHUN,4 ROOM,347B,YISHUN AVE 11,01 TO 03,92.0,DBSS,2013,88 years,680000.0
2024-11-01,YISHUN,4 ROOM,416,YISHUN AVE 11,01 TO 03,108.0,Model A,1993,67 years 04 months,538000.0
2024-11-01,YISHUN,4 ROOM,771,YISHUN AVE 3,01 TO 03,104.0,Model A,1985,60 years,535000.0
2024-11-01,YISHUN,4 ROOM,673A,YISHUN AVE 4,04 TO 06,93.0,Model A,2018,93 years 02 months,610888.0
2024-11-01,YISHUN,4 ROOM,862,YISHUN AVE 4,10 TO 12,105.0,Model A,1988,62 years 10 months,600000.0
2024-11-01,YISHUN,4 ROOM,675B,YISHUN AVE 4,04 TO 06,93.0,Model A,2018,93 years 01 month,660000.0
2024-11-01,YISHUN,4 ROOM,671A,YISHUN AVE 4,13 TO 15,93.0,Model A,2018,92 years 03 months,648088.0
2024-11-01,YISHUN,4 ROOM,661,YISHUN AVE 4,04 TO 06,106.0,Model A,1992,66 years 08 months,542000.0
2024-11-01,YISHUN,4 ROOM,658,YISHUN AVE 4,10 TO 12,83.0,Simplified,1987,61 years 10 months,500000.0
2024-11-01,YISHUN,4 ROOM,703,YISHUN AVE 5,04 TO 06,93.0,New Generation,1984,58 years 03 months,510888.0
2024-11-01,YISHUN,4 ROOM,407,YISHUN AVE 6,07 TO 09,84.0,Simplified,1988,62 years 08 months,470000.0
2024-11-01,YISHUN,4 ROOM,389,YISHUN AVE 6,01 TO 03,104.0,Model A,1988,62 years 08 months,528000.0
2024-11-01,YISHUN,4 ROOM,283,YISHUN AVE 6,01 TO 03,105.0,Model A,1985,60 years 01 month,500000.0
2024-11-01,YISHUN,4 ROOM,389,YISHUN AVE 6,10 TO 12,84.0,Simplified,1988,62 years 07 months,500000.0
2024-11-01,YISHUN,4 ROOM,435,YISHUN AVE 6,07 TO 09,84.0,Simplified,1988,62 years 11 months,470000.0
2024-11-01,YISHUN,4 ROOM,408,YISHUN AVE 6,10 TO 12,104.0,Model A,1988,62 years 09 months,570000.0
2024-11-01,YISHUN,4 ROOM,462B,YISHUN AVE 6,10 TO 12,93.0,Model A,2019,93 years 10 months,625000.0
2024-11-01,YISHUN,4 ROOM,403,YISHUN AVE 6,10 TO 12,84.0,Simplified,1988,63 years 01 month,450000.0
2024-11-01,YISHUN,4 ROOM,407,YISHUN AVE 6,07 TO 09,104.0,Model A,1988,62 years 07 months,545000.0
2024-11-01,YISHUN,4 ROOM,462D,YISHUN AVE 6,13 TO 15,93.0,Model A,2019,93 years 10 months,618000.0
2024-11-01,YISHUN,4 ROOM,437,YISHUN AVE 6,07 TO 09,104.0,Model A,1988,62 years 11 months,530000.0
2024-11-01,YISHUN,4 ROOM,462B,YISHUN AVE 6,10 TO 12,93.0,Model A,2019,93 years 10 months,620000.0
2024-11-01,YISHUN,4 ROOM,173,YISHUN AVE 7,04 TO 06,83.0,Simplified,1987,62 years,467000.0
2024-11-01,YISHUN,4 ROOM,316B,YISHUN AVE 9,10 TO 12,92.0,Model A,2015,90 years 01 month,636000.0
2024-11-01,YISHUN,4 ROOM,246,YISHUN AVE 9,07 TO 09,103.0,Model A,1985,59 years 06 months,520000.0
2024-11-01,YISHUN,4 ROOM,318A,YISHUN AVE 9,04 TO 06,92.0,Model A,2015,90 years,575000.0
2024-11-01,YISHUN,4 ROOM,118,YISHUN RING RD,01 TO 03,104.0,Model A,1983,57 years 08 months,470000.0
2024-11-01,YISHUN,4 ROOM,238,YISHUN RING RD,04 TO 06,97.0,New Generation,1985,59 years 09 months,540000.0
2024-11-01,YISHUN,4 ROOM,677C,YISHUN RING RD,07 TO 09,93.0,Model A,2018,93 years,670000.0
2024-11-01,YISHUN,4 ROOM,451,YISHUN RING RD,01 TO 03,92.0,Model A,2012,86 years 10 months,545000.0
2024-11-01,YISHUN,4 ROOM,676A,YISHUN RING RD,07 TO 09,93.0,Model A,2018,93 years,645000.0
2024-11-01,YISHUN,4 ROOM,118,YISHUN RING RD,07 TO 09,104.0,Model A,1983,57 years 08 months,500000.0
2024-11-01,YISHUN,4 ROOM,166,YISHUN RING RD,04 TO 06,83.0,Simplified,1987,62 years 02 months,502000.0
2024-11-01,YISHUN,4 ROOM,353,YISHUN RING RD,01 TO 03,105.0,Model A,1989,63 years 03 months,552000.0
2024-11-01,YISHUN,4 ROOM,146,YISHUN ST 11,07 TO 09,95.0,New Generation,1985,59 years 06 months,560000.0
2024-11-01,YISHUN,4 ROOM,122,YISHUN ST 11,04 TO 06,91.0,New Generation,1984,59 years 01 month,505000.0
2024-11-01,YISHUN,4 ROOM,224,YISHUN ST 21,07 TO 09,93.0,New Generation,1985,59 years 11 months,510000.0
2024-11-01,YISHUN,4 ROOM,211,YISHUN ST 21,04 TO 06,93.0,New Generation,1985,60 years,529888.0
2024-11-01,YISHUN,4 ROOM,222,YISHUN ST 21,01 TO 03,93.0,New Generation,1985,59 years 11 months,538000.0
2024-11-01,YISHUN,4 ROOM,211,YISHUN ST 21,07 TO 09,96.0,New Generation,1985,59 years 11 months,590000.0
2024-11-01,YISHUN,4 ROOM,264,YISHUN ST 22,01 TO 03,104.0,Model A,1986,60 years 08 months,520000.0
2024-11-01,YISHUN,4 ROOM,260,YISHUN ST 22,01 TO 03,84.0,Simplified,1985,59 years 10 months,455000.0
2024-11-01,YISHUN,4 ROOM,275,YISHUN ST 22,07 TO 09,84.0,Simplified,1986,60 years 03 months,484168.0
2024-11-01,YISHUN,4 ROOM,334B,YISHUN ST 31,04 TO 06,92.0,Model A,2015,90 years 01 month,575000.0
2024-11-01,YISHUN,4 ROOM,454,YISHUN ST 41,10 TO 12,93.0,Model A,2013,87 years 11 months,592000.0
2024-11-01,YISHUN,4 ROOM,455,YISHUN ST 41,01 TO 03,93.0,Model A,2013,87 years 11 months,560000.0
2024-11-01,YISHUN,4 ROOM,453,YISHUN ST 41,04 TO 06,93.0,Model A,2013,87 years 10 months,550000.0
2024-11-01,YISHUN,4 ROOM,469B,YISHUN ST 43,10 TO 12,93.0,Model A,2019,94 years 01 month,590000.0
2024-11-01,YISHUN,4 ROOM,469B,YISHUN ST 43,01 TO 03,93.0,Model A,2019,94 years 01 month,588888.0
2024-11-01,YISHUN,4 ROOM,513B,YISHUN ST 51,07 TO 09,93.0,Model A,2018,92 years 05 months,600000.0
2024-11-01,YISHUN,4 ROOM,513D,YISHUN ST 51,10 TO 12,93.0,Model A,2018,92 years 04 months,608000.0
2024-11-01,YISHUN,4 ROOM,504C,YISHUN ST 51,04 TO 06,93.0,Model A,2016,90 years 05 months,605888.0
2024-11-01,YISHUN,4 ROOM,602,YISHUN ST 61,07 TO 09,83.0,Simplified,1987,61 years 07 months,498000.0
2024-11-01,YISHUN,4 ROOM,647,YISHUN ST 61,01 TO 03,85.0,Simplified,1987,61 years 06 months,470000.0
2024-11-01,YISHUN,4 ROOM,642,YISHUN ST 61,07 TO 09,84.0,Simplified,1986,61 years,488000.0
2024-11-01,YISHUN,4 ROOM,726,YISHUN ST 71,04 TO 06,84.0,Simplified,1985,60 years,480000.0
2024-11-01,YISHUN,4 ROOM,719,YISHUN ST 71,04 TO 06,84.0,Simplified,1987,61 years 11 months,490000.0
2024-11-01,YISHUN,4 ROOM,729,YISHUN ST 71,07 TO 09,84.0,Simplified,1987,61 years 07 months,500000.0
2024-11-01,YISHUN,4 ROOM,749,YISHUN ST 72,04 TO 06,91.0,New Generation,1984,58 years 09 months,590000.0
2024-11-01,YISHUN,4 ROOM,765,YISHUN ST 72,04 TO 06,84.0,Simplified,1985,60 years,465000.0
2024-11-01,YISHUN,4 ROOM,759,YISHUN ST 72,10 TO 12,84.0,Simplified,1985,59 years 11 months,498000.0
2024-11-01,YISHUN,4 ROOM,866,YISHUN ST 81,01 TO 03,104.0,Model A,1988,62 years 05 months,508888.0
2024-11-01,YISHUN,4 ROOM,865,YISHUN ST 81,01 TO 03,104.0,Model A,1988,62 years 05 months,533800.0
2024-11-01,YISHUN,4 ROOM,868,YISHUN ST 81,04 TO 06,104.0,Model A,1987,62 years 01 month,610599.0
2024-11-01,YISHUN,4 ROOM,839,YISHUN ST 81,04 TO 06,107.0,Model A,1987,61 years 11 months,592000.0
2024-11-01,YISHUN,4 ROOM,829,YISHUN ST 81,01 TO 03,103.0,Model A,1988,62 years 04 months,590000.0
2024-11-01,YISHUN,5 ROOM,432C,YISHUN AVE 1,10 TO 12,112.0,Improved,2015,90 years,688000.0
2024-11-01,YISHUN,5 ROOM,350,YISHUN AVE 11,10 TO 12,121.0,Improved,1988,62 years 11 months,710000.0
2024-11-01,YISHUN,5 ROOM,415,YISHUN AVE 11,04 TO 06,121.0,Improved,1993,67 years 04 months,700000.0
2024-11-01,YISHUN,5 ROOM,509A,YISHUN AVE 4,07 TO 09,113.0,Improved,2018,92 years 06 months,708000.0
2024-11-01,YISHUN,5 ROOM,175,YISHUN AVE 7,07 TO 09,133.0,Improved,1986,60 years 10 months,700000.0
2024-11-01,YISHUN,5 ROOM,316C,YISHUN AVE 9,07 TO 09,112.0,Improved,2015,90 years 01 month,720000.0
2024-11-01,YISHUN,5 ROOM,240,YISHUN RING RD,04 TO 06,121.0,Improved,1985,59 years 09 months,650000.0
2024-11-01,YISHUN,5 ROOM,787,YISHUN RING RD,01 TO 03,121.0,Improved,1988,62 years 05 months,685000.0
2024-11-01,YISHUN,5 ROOM,799,YISHUN RING RD,10 TO 12,121.0,Improved,1987,61 years 03 months,720000.0
2024-11-01,YISHUN,5 ROOM,167,YISHUN RING RD,07 TO 09,121.0,Improved,1987,62 years 02 months,614000.0
2024-11-01,YISHUN,5 ROOM,310,YISHUN RING RD,07 TO 09,135.0,Model A,1995,69 years 04 months,752888.0
2024-11-01,YISHUN,5 ROOM,115B,YISHUN RING RD,13 TO 15,111.0,Improved,2001,75 years 09 months,660000.0
2024-11-01,YISHUN,5 ROOM,812,YISHUN RING RD,04 TO 06,122.0,Improved,1987,61 years 05 months,718000.0
2024-11-01,YISHUN,5 ROOM,677B,YISHUN RING RD,07 TO 09,113.0,Improved,2018,93 years,790000.0
2024-11-01,YISHUN,5 ROOM,238,YISHUN RING RD,01 TO 03,121.0,Improved,1985,59 years 09 months,608000.0
2024-11-01,YISHUN,5 ROOM,398,YISHUN RING RD,01 TO 03,127.0,Improved,1988,62 years 11 months,658000.0
2024-11-01,YISHUN,5 ROOM,235,YISHUN ST 21,07 TO 09,135.0,Model A,1985,59 years 10 months,686000.0
2024-11-01,YISHUN,5 ROOM,221,YISHUN ST 21,07 TO 09,121.0,Improved,1985,59 years 09 months,651888.0
2024-11-01,YISHUN,5 ROOM,335C,YISHUN ST 31,07 TO 09,112.0,Improved,2015,90 years 01 month,700000.0
2024-11-01,YISHUN,5 ROOM,511B,YISHUN ST 51,10 TO 12,113.0,Improved,2017,91 years 10 months,720000.0
2024-11-01,YISHUN,5 ROOM,850,YISHUN ST 81,01 TO 03,122.0,Improved,1988,62 years 09 months,670000.0
2024-11-01,YISHUN,EXECUTIVE,405,YISHUN AVE 6,04 TO 06,148.0,Maisonette,1988,62 years 10 months,855500.0
2024-11-01,YISHUN,EXECUTIVE,356,YISHUN RING RD,01 TO 03,146.0,Maisonette,1988,62 years 10 months,930000.0
2024-11-01,YISHUN,EXECUTIVE,877,YISHUN ST 81,01 TO 03,142.0,Apartment,1987,62 years 03 months,865000.0
2024-12-01,ANG MO KIO,2 ROOM,406,ANG MO KIO AVE 10,04 TO 06,44.0,Improved,1979,53 years 07 months,320000.0
2024-12-01,ANG MO KIO,2 ROOM,116,ANG MO KIO AVE 4,10 TO 12,44.0,Improved,1978,52 years 07 months,310000.0
2024-12-01,ANG MO KIO,3 ROOM,225,ANG MO KIO AVE 1,10 TO 12,67.0,New Generation,1978,52 years 03 months,398000.0
2024-12-01,ANG MO KIO,3 ROOM,561,ANG MO KIO AVE 10,01 TO 03,68.0,New Generation,1980,54 years 03 months,380000.0
2024-12-01,ANG MO KIO,3 ROOM,447,ANG MO KIO AVE 10,01 TO 03,68.0,New Generation,1979,53 years 09 months,402888.0
2024-12-01,ANG MO KIO,3 ROOM,556,ANG MO KIO AVE 10,07 TO 09,68.0,New Generation,1980,54 years 03 months,405000.0
2024-12-01,ANG MO KIO,3 ROOM,466,ANG MO KIO AVE 10,01 TO 03,82.0,New Generation,1984,58 years 11 months,433888.0
2024-12-01,ANG MO KIO,3 ROOM,578,ANG MO KIO AVE 10,13 TO 15,81.0,New Generation,1980,54 years 03 months,515000.0
2024-12-01,ANG MO KIO,3 ROOM,461,ANG MO KIO AVE 10,04 TO 06,68.0,New Generation,1980,54 years 04 months,400000.0
2024-12-01,ANG MO KIO,3 ROOM,570,ANG MO KIO AVE 3,07 TO 09,67.0,New Generation,1979,53 years 07 months,405000.0
2024-12-01,ANG MO KIO,3 ROOM,586,ANG MO KIO AVE 3,10 TO 12,82.0,New Generation,1979,53 years 08 months,523000.0
2024-12-01,ANG MO KIO,3 ROOM,127,ANG MO KIO AVE 3,07 TO 09,67.0,New Generation,1978,52 years 11 months,425000.0
2024-12-01,ANG MO KIO,3 ROOM,130,ANG MO KIO AVE 3,01 TO 03,73.0,New Generation,1979,53 years 03 months,420000.0
2024-12-01,ANG MO KIO,3 ROOM,118,ANG MO KIO AVE 4,10 TO 12,74.0,New Generation,1978,52 years 07 months,456000.0
2024-12-01,ANG MO KIO,3 ROOM,109,ANG MO KIO AVE 4,01 TO 03,67.0,New Generation,1978,52 years 10 months,390000.0
2024-12-01,ANG MO KIO,3 ROOM,524,ANG MO KIO AVE 5,07 TO 09,68.0,New Generation,1980,54 years 10 months,418000.0
2024-12-01,ANG MO KIO,3 ROOM,643,ANG MO KIO AVE 5,04 TO 06,75.0,New Generation,1980,55 years 01 month,462000.0
2024-12-01,ANG MO KIO,3 ROOM,150,ANG MO KIO AVE 5,10 TO 12,68.0,New Generation,1981,55 years 03 months,400000.0
2024-12-01,ANG MO KIO,3 ROOM,124,ANG MO KIO AVE 6,10 TO 12,67.0,New Generation,1979,53 years 03 months,418000.0
2024-12-01,ANG MO KIO,3 ROOM,623,ANG MO KIO AVE 9,01 TO 03,68.0,New Generation,1980,54 years 11 months,425000.0
2024-12-01,ANG MO KIO,4 ROOM,207,ANG MO KIO AVE 1,10 TO 12,97.0,New Generation,1976,50 years 09 months,600000.0
2024-12-01,ANG MO KIO,4 ROOM,474,ANG MO KIO AVE 10,10 TO 12,91.0,New Generation,1984,58 years 03 months,556000.0
2024-12-01,ANG MO KIO,4 ROOM,229,ANG MO KIO AVE 3,04 TO 06,91.0,New Generation,1978,52 years 02 months,535000.0
2024-12-01,ANG MO KIO,4 ROOM,134,ANG MO KIO AVE 3,04 TO 06,98.0,New Generation,1978,52 years 11 months,565000.0
2024-12-01,ANG MO KIO,4 ROOM,179,ANG MO KIO AVE 5,07 TO 09,91.0,New Generation,1981,55 years 06 months,528000.0
2024-12-01,ANG MO KIO,4 ROOM,638,ANG MO KIO AVE 6,04 TO 06,91.0,New Generation,1980,54 years 08 months,590000.0
2024-12-01,ANG MO KIO,4 ROOM,638,ANG MO KIO AVE 6,10 TO 12,91.0,New Generation,1980,54 years 09 months,630000.0
2024-12-01,ANG MO KIO,5 ROOM,306,ANG MO KIO AVE 1,04 TO 06,123.0,Standard,1977,51 years 08 months,792000.0
2024-12-01,ANG MO KIO,5 ROOM,460,ANG MO KIO AVE 10,25 TO 27,120.0,Improved,1980,54 years 03 months,795000.0
2024-12-01,ANG MO KIO,5 ROOM,431,ANG MO KIO AVE 10,19 TO 21,119.0,Improved,1979,53 years 03 months,905000.0
2024-12-01,ANG MO KIO,5 ROOM,437,ANG MO KIO AVE 10,22 TO 24,119.0,Improved,1979,53 years 03 months,875000.0
2024-12-01,ANG MO KIO,5 ROOM,618,ANG MO KIO AVE 4,04 TO 06,133.0,Model A,1996,70 years 08 months,820000.0
2024-12-01,BEDOK,3 ROOM,423,BEDOK NTH AVE 1,07 TO 09,67.0,New Generation,1979,53 years 03 months,420000.0
2024-12-01,BEDOK,3 ROOM,423,BEDOK NTH AVE 1,07 TO 09,81.0,New Generation,1979,53 years 03 months,500000.0
2024-12-01,BEDOK,3 ROOM,108,BEDOK NTH RD,04 TO 06,67.0,New Generation,1977,51 years 09 months,418000.0
2024-12-01,BEDOK,3 ROOM,76,BEDOK NTH RD,13 TO 15,59.0,Improved,1978,52 years 03 months,380000.0
2024-12-01,BEDOK,3 ROOM,108,BEDOK NTH RD,10 TO 12,82.0,New Generation,1977,51 years 09 months,500000.0
2024-12-01,BEDOK,3 ROOM,138,BEDOK NTH ST 2,07 TO 09,67.0,New Generation,1978,52 years 06 months,424000.0
2024-12-01,BEDOK,3 ROOM,122,BEDOK NTH ST 2,10 TO 12,67.0,New Generation,1978,52 years 05 months,415000.0
2024-12-01,BEDOK,3 ROOM,122,BEDOK NTH ST 2,04 TO 06,82.0,New Generation,1978,52 years 05 months,465000.0
2024-12-01,BEDOK,3 ROOM,501,BEDOK NTH ST 3,01 TO 03,59.0,Improved,1978,52 years 06 months,360000.0
2024-12-01,BEDOK,3 ROOM,526,BEDOK NTH ST 3,13 TO 15,67.0,New Generation,1979,53 years 09 months,410000.0
2024-12-01,BEDOK,3 ROOM,501,BEDOK NTH ST 3,13 TO 15,70.0,Improved,1978,52 years 06 months,440000.0
2024-12-01,BEDOK,3 ROOM,84,BEDOK NTH ST 4,04 TO 06,67.0,New Generation,1978,52 years 06 months,385000.0
2024-12-01,BEDOK,3 ROOM,744,BEDOK RESERVOIR RD,01 TO 03,67.0,New Generation,1986,60 years 08 months,480000.0
2024-12-01,BEDOK,3 ROOM,18,BEDOK STH RD,10 TO 12,65.0,Improved,1976,50 years 03 months,415000.0
2024-12-01,BEDOK,3 ROOM,58,CHAI CHEE DR,04 TO 06,75.0,Model A,1983,58 years 01 month,410000.0
2024-12-01,BEDOK,3 ROOM,41,CHAI CHEE ST,07 TO 09,67.0,New Generation,1985,59 years 08 months,423000.0
2024-12-01,BEDOK,3 ROOM,50,CHAI CHEE ST,10 TO 12,68.0,New Generation,1981,55 years 09 months,410000.0
2024-12-01,BEDOK,4 ROOM,221C,BEDOK CTRL,10 TO 12,94.0,Model A,2010,84 years 07 months,930000.0
2024-12-01,BEDOK,4 ROOM,508,BEDOK NTH AVE 3,01 TO 03,92.0,New Generation,1978,53 years 01 month,519000.0
2024-12-01,BEDOK,4 ROOM,421,BEDOK NTH RD,13 TO 15,92.0,New Generation,1979,53 years 03 months,590000.0
2024-12-01,BEDOK,4 ROOM,181,BEDOK NTH RD,13 TO 15,92.0,Model A,2006,80 years 03 months,700000.0
2024-12-01,BEDOK,4 ROOM,187B,BEDOK NTH ST 4,07 TO 09,93.0,Model A,2018,93 years 02 months,875000.0
2024-12-01,BEDOK,4 ROOM,724,BEDOK RESERVOIR RD,01 TO 03,105.0,Model A,1984,58 years 09 months,570000.0
2024-12-01,BEDOK,4 ROOM,722,BEDOK RESERVOIR RD,10 TO 12,103.0,Model A,1984,58 years 09 months,638000.0
2024-12-01,BEDOK,4 ROOM,763,BEDOK RESERVOIR VIEW,07 TO 09,105.0,Premium Apartment,2000,75 years 02 months,720000.0
2024-12-01,BEDOK,4 ROOM,768,BEDOK RESERVOIR VIEW,07 TO 09,104.0,Premium Apartment,2000,75 years 02 months,800000.0
2024-12-01,BEDOK,4 ROOM,170,BEDOK STH RD,04 TO 06,84.0,Simplified,1986,60 years 03 months,552000.0
2024-12-01,BEDOK,4 ROOM,172,BEDOK STH RD,07 TO 09,84.0,Simplified,1985,60 years 01 month,562000.0
2024-12-01,BEDOK,4 ROOM,58,CHAI CHEE DR,04 TO 06,104.0,Model A,1983,58 years 01 month,540000.0
2024-12-01,BEDOK,4 ROOM,659,JLN TENAGA,10 TO 12,105.0,Model A,1996,71 years,728000.0
2024-12-01,BEDOK,5 ROOM,120,BEDOK NTH ST 2,07 TO 09,117.0,Standard,1978,52 years 05 months,700000.0
2024-12-01,BEDOK,5 ROOM,187B,BEDOK NTH ST 4,04 TO 06,113.0,Improved,2018,93 years 02 months,960000.0
2024-12-01,BEDOK,5 ROOM,722,BEDOK RESERVOIR RD,10 TO 12,139.0,Model A-Maisonette,1984,58 years 09 months,938000.0
2024-12-01,BEDOK,5 ROOM,717,BEDOK RESERVOIR RD,04 TO 06,140.0,Model A-Maisonette,1984,58 years 03 months,888000.0
2024-12-01,BEDOK,5 ROOM,774,BEDOK RESERVOIR VIEW,16 TO 18,117.0,Premium Apartment,2000,75 years 02 months,860000.0
2024-12-01,BEDOK,5 ROOM,67,BEDOK STH AVE 3,07 TO 09,123.0,Standard,1977,52 years,780000.0
2024-12-01,BEDOK,5 ROOM,2,CHAI CHEE RD,07 TO 09,133.0,Model A,1983,58 years,720000.0
2024-12-01,BEDOK,5 ROOM,10,CHAI CHEE RD,10 TO 12,120.0,Improved,2001,75 years 03 months,958888.0
2024-12-01,BISHAN,3 ROOM,105,BISHAN ST 12,01 TO 03,70.0,Simplified,1985,60 years 02 months,510000.0
2024-12-01,BISHAN,3 ROOM,176,BISHAN ST 13,10 TO 12,64.0,Simplified,1988,62 years 06 months,540000.0
2024-12-01,BISHAN,3 ROOM,407,SIN MING AVE,04 TO 06,64.0,Simplified,1986,60 years 10 months,540000.0
2024-12-01,BISHAN,3 ROOM,24,SIN MING RD,10 TO 12,65.0,Improved,1973,48 years,363000.0
2024-12-01,BISHAN,4 ROOM,145,BISHAN ST 11,07 TO 09,84.0,Simplified,1987,62 years,628000.0
2024-12-01,BISHAN,4 ROOM,506,BISHAN ST 11,10 TO 12,103.0,Model A,1989,63 years 11 months,1000000.0
2024-12-01,BISHAN,4 ROOM,206,BISHAN ST 23,07 TO 09,118.0,Model A,1992,66 years 06 months,930000.0
2024-12-01,BISHAN,4 ROOM,269,BISHAN ST 24,16 TO 18,106.0,Model A,1992,66 years 09 months,858000.0
2024-12-01,BISHAN,4 ROOM,272,BISHAN ST 24,07 TO 09,101.0,Model A,1992,66 years 09 months,828888.0
2024-12-01,BISHAN,4 ROOM,272,BISHAN ST 24,04 TO 06,103.0,Model A,1992,66 years 09 months,720000.0
2024-12-01,BISHAN,4 ROOM,443,SIN MING AVE,01 TO 03,105.0,Model A,1990,64 years 03 months,710000.0
2024-12-01,BISHAN,5 ROOM,155,BISHAN ST 13,10 TO 12,121.0,Improved,1987,62 years 01 month,925000.0
2024-12-01,BISHAN,5 ROOM,158,BISHAN ST 13,13 TO 15,121.0,Improved,1988,62 years 04 months,968000.0
2024-12-01,BISHAN,5 ROOM,196,BISHAN ST 13,07 TO 09,123.0,Improved,1987,61 years 03 months,1000888.0
2024-12-01,BISHAN,5 ROOM,275A,BISHAN ST 24,16 TO 18,120.0,DBSS,2011,85 years 10 months,1455000.0
2024-12-01,BISHAN,5 ROOM,408,SIN MING AVE,10 TO 12,120.0,Improved,1986,60 years 08 months,970000.0
2024-12-01,BISHAN,EXECUTIVE,187,BISHAN ST 13,07 TO 09,146.0,Maisonette,1987,61 years 04 months,1322000.0
2024-12-01,BUKIT BATOK,2 ROOM,438B,BT BATOK WEST AVE 8,04 TO 06,38.0,2-room,2020,94 years 04 months,352000.0
2024-12-01,BUKIT BATOK,2 ROOM,448A,BT BATOK WEST AVE 9,19 TO 21,38.0,Model A,2019,93 years 05 months,340000.0
2024-12-01,BUKIT BATOK,3 ROOM,225,BT BATOK CTRL,01 TO 03,67.0,New Generation,1985,59 years 10 months,410000.0
2024-12-01,BUKIT BATOK,3 ROOM,280,BT BATOK EAST AVE 3,04 TO 06,64.0,Simplified,1988,62 years 06 months,390000.0
2024-12-01,BUKIT BATOK,3 ROOM,240,BT BATOK EAST AVE 5,01 TO 03,67.0,New Generation,1985,60 years,390000.0
2024-12-01,BUKIT BATOK,3 ROOM,233,BT BATOK EAST AVE 5,07 TO 09,67.0,New Generation,1985,59 years 07 months,418000.0
2024-12-01,BUKIT BATOK,3 ROOM,164,BT BATOK ST 11,04 TO 06,73.0,Model A,1984,59 years 02 months,428000.0
2024-12-01,BUKIT BATOK,3 ROOM,322,BT BATOK ST 33,07 TO 09,68.0,New Generation,1985,60 years,390000.0
2024-12-01,BUKIT BATOK,3 ROOM,324,BT BATOK ST 33,04 TO 06,64.0,Simplified,1988,62 years 04 months,393000.0
2024-12-01,BUKIT BATOK,3 ROOM,345,BT BATOK ST 34,10 TO 12,73.0,Model A,1987,61 years 05 months,440000.0
2024-12-01,BUKIT BATOK,3 ROOM,109,BT BATOK WEST AVE 6,10 TO 12,59.0,Improved,1985,59 years 03 months,380000.0
2024-12-01,BUKIT BATOK,3 ROOM,451A,BT BATOK WEST AVE 6,07 TO 09,67.0,Model A,2019,93 years 05 months,480000.0
2024-12-01,BUKIT BATOK,3 ROOM,176,BT BATOK WEST AVE 8,10 TO 12,73.0,Model A,1984,59 years 02 months,420000.0
2024-12-01,BUKIT BATOK,3 ROOM,167,BT BATOK WEST AVE 8,04 TO 06,74.0,Model A,1984,59 years 02 months,420000.0
2024-12-01,BUKIT BATOK,3 ROOM,438B,BT BATOK WEST AVE 8,01 TO 03,68.0,Model A,2020,94 years 03 months,468000.0
2024-12-01,BUKIT BATOK,3 ROOM,448A,BT BATOK WEST AVE 9,13 TO 15,68.0,Model A,2019,93 years 05 months,482000.0
2024-12-01,BUKIT BATOK,4 ROOM,164,BT BATOK ST 11,04 TO 06,105.0,Model A,1984,59 years 02 months,540800.0
2024-12-01,BUKIT BATOK,4 ROOM,210,BT BATOK ST 21,10 TO 12,117.0,Model A,1985,59 years 07 months,655000.0
2024-12-01,BUKIT BATOK,4 ROOM,208,BT BATOK ST 21,01 TO 03,104.0,Model A,1983,57 years 10 months,568000.0
2024-12-01,BUKIT BATOK,4 ROOM,337,BT BATOK ST 34,04 TO 06,104.0,Model A,1986,61 years,525000.0
2024-12-01,BUKIT BATOK,4 ROOM,501,BT BATOK ST 52,04 TO 06,89.0,Simplified,1986,61 years 02 months,500000.0
2024-12-01,BUKIT BATOK,4 ROOM,395,BT BATOK WEST AVE 5,01 TO 03,92.0,Model A,2004,78 years 11 months,520000.0
2024-12-01,BUKIT BATOK,4 ROOM,394,BT BATOK WEST AVE 5,04 TO 06,92.0,Model A,2004,78 years 11 months,530000.0
2024-12-01,BUKIT BATOK,4 ROOM,394,BT BATOK WEST AVE 5,04 TO 06,92.0,Model A,2004,78 years 11 months,586000.0
2024-12-01,BUKIT BATOK,4 ROOM,107,BT BATOK WEST AVE 6,01 TO 03,104.0,Model A,1985,59 years 05 months,540000.0
2024-12-01,BUKIT BATOK,4 ROOM,193,BT BATOK WEST AVE 6,04 TO 06,101.0,Model A,1997,71 years 08 months,668000.0
2024-12-01,BUKIT BATOK,4 ROOM,450C,BT BATOK WEST AVE 6,04 TO 06,93.0,Model A,2019,93 years 05 months,603000.0
2024-12-01,BUKIT BATOK,4 ROOM,452A,BT BATOK WEST AVE 6,13 TO 15,93.0,Model A,2019,93 years 05 months,685000.0
2024-12-01,BUKIT BATOK,4 ROOM,193,BT BATOK WEST AVE 6,07 TO 09,99.0,Model A,1997,71 years 08 months,600000.0
2024-12-01,BUKIT BATOK,4 ROOM,442B,BT BATOK WEST AVE 8,07 TO 09,92.0,Model A,2019,93 years 05 months,660000.0
2024-12-01,BUKIT BATOK,4 ROOM,461C,BT BATOK WEST AVE 8,04 TO 06,93.0,Model A,2019,93 years 11 months,640000.0
2024-12-01,BUKIT BATOK,4 ROOM,439A,BT BATOK WEST AVE 8,13 TO 15,93.0,Model A,2020,94 years 04 months,680000.0
2024-12-01,BUKIT BATOK,5 ROOM,286,BT BATOK EAST AVE 3,10 TO 12,130.0,Improved,1995,70 years 02 months,748000.0
2024-12-01,BUKIT BATOK,5 ROOM,293A,BT BATOK ST 21,28 TO 30,113.0,Improved,2019,93 years 03 months,938888.0
2024-12-01,BUKIT BATOK,5 ROOM,203,BT BATOK ST 21,16 TO 18,133.0,Model A,1985,59 years 07 months,800000.0
2024-12-01,BUKIT BATOK,5 ROOM,298,BT BATOK ST 22,07 TO 09,119.0,Improved,1997,71 years 09 months,730000.0
2024-12-01,BUKIT BATOK,5 ROOM,383,BT BATOK WEST AVE 5,10 TO 12,115.0,Improved,2005,79 years 04 months,720000.0
2024-12-01,BUKIT BATOK,5 ROOM,390,BT BATOK WEST AVE 5,07 TO 09,118.0,Improved,2004,79 years 01 month,680000.0
2024-12-01,BUKIT BATOK,5 ROOM,441B,BT BATOK WEST AVE 8,07 TO 09,112.0,Improved,2019,93 years 05 months,780000.0
2024-12-01,BUKIT BATOK,5 ROOM,461C,BT BATOK WEST AVE 8,10 TO 12,114.0,Improved,2019,93 years 11 months,858000.0
2024-12-01,BUKIT BATOK,5 ROOM,439B,BT BATOK WEST AVE 8,04 TO 06,113.0,Improved,2020,94 years 03 months,755000.0
2024-12-01,BUKIT BATOK,EXECUTIVE,221,BT BATOK EAST AVE 3,10 TO 12,149.0,Maisonette,1985,59 years 08 months,925000.0
2024-12-01,BUKIT BATOK,EXECUTIVE,141,BT BATOK ST 11,01 TO 03,155.0,Maisonette,1984,59 years 02 months,865000.0
2024-12-01,BUKIT BATOK,EXECUTIVE,512,BT BATOK ST 52,07 TO 09,146.0,Maisonette,1987,61 years 06 months,800000.0
2024-12-01,BUKIT MERAH,1 ROOM,7,TELOK BLANGAH CRES,01 TO 03,31.0,Improved,1975,49 years 05 months,265000.0
2024-12-01,BUKIT MERAH,3 ROOM,34,JLN BT HO SWEE,01 TO 03,59.0,Standard,1971,45 years 03 months,350000.0
2024-12-01,BUKIT MERAH,3 ROOM,1,JLN BT MERAH,01 TO 03,64.0,Improved,1983,57 years 06 months,355000.0
2024-12-01,BUKIT MERAH,3 ROOM,2,JLN BT MERAH,01 TO 03,63.0,Improved,1975,49 years 08 months,335000.0
2024-12-01,BUKIT MERAH,3 ROOM,2,JLN BT MERAH,13 TO 15,63.0,Improved,1975,49 years 08 months,385000.0
2024-12-01,BUKIT MERAH,3 ROOM,42,KIM CHENG ST,01 TO 03,88.0,Standard,1973,47 years 03 months,750000.0
2024-12-01,BUKIT MERAH,3 ROOM,50,MOH GUAN TER,01 TO 03,88.0,Standard,1973,47 years 04 months,750000.0
2024-12-01,BUKIT MERAH,3 ROOM,15,TELOK BLANGAH CRES,16 TO 18,76.0,Improved,1975,49 years 06 months,445000.0
2024-12-01,BUKIT MERAH,3 ROOM,44,TELOK BLANGAH DR,07 TO 09,65.0,Improved,1976,50 years 03 months,470000.0
2024-12-01,BUKIT MERAH,3 ROOM,90A,TELOK BLANGAH ST 31,13 TO 15,68.0,Model A,2018,93 years 02 months,708000.0
2024-12-01,BUKIT MERAH,4 ROOM,115,BT PURMEI RD,10 TO 12,103.0,Model A,1985,59 years 05 months,680000.0
2024-12-01,BUKIT MERAH,4 ROOM,16,CANTONMENT CL,28 TO 30,90.0,Model A,2003,77 years 03 months,1000000.0
2024-12-01,BUKIT MERAH,4 ROOM,26B,JLN MEMBINA,28 TO 30,85.0,Model A,2009,83 years 03 months,990000.0
2024-12-01,BUKIT MERAH,4 ROOM,119B,KIM TIAN RD,10 TO 12,92.0,Model A,2002,77 years 02 months,905000.0
2024-12-01,BUKIT MERAH,4 ROOM,63B,LENGKOK BAHRU,07 TO 09,90.0,Model A,2001,76 years 01 month,850000.0
2024-12-01,BUKIT MERAH,4 ROOM,77A,REDHILL RD,25 TO 27,100.0,Model A,2005,80 years 01 month,1028888.0
2024-12-01,BUKIT MERAH,4 ROOM,70C,TELOK BLANGAH HTS,10 TO 12,93.0,Model A,2017,91 years 07 months,920000.0
2024-12-01,BUKIT MERAH,4 ROOM,69,TELOK BLANGAH HTS,04 TO 06,91.0,New Generation,1978,52 years 03 months,595000.0
2024-12-01,BUKIT MERAH,5 ROOM,109A,DEPOT RD,10 TO 12,116.0,Improved,2006,80 years 04 months,862000.0
2024-12-01,BUKIT MERAH,5 ROOM,96A,HENDERSON RD,07 TO 09,113.0,Improved,2019,93 years 06 months,1310000.0
2024-12-01,BUKIT MERAH,5 ROOM,8,KIM TIAN PL,16 TO 18,131.0,Model A,1984,58 years 09 months,1110111.0
2024-12-01,BUKIT PANJANG,3 ROOM,123,PENDING RD,01 TO 03,73.0,Model A,1988,63 years,380000.0
2024-12-01,BUKIT PANJANG,3 ROOM,633D,SENJA RD,04 TO 06,67.0,Model A,2013,88 years 02 months,510000.0
2024-12-01,BUKIT PANJANG,4 ROOM,443D,FAJAR RD,07 TO 09,93.0,Model A,2016,91 years 02 months,620000.0
2024-12-01,BUKIT PANJANG,4 ROOM,523,JELAPANG RD,07 TO 09,103.0,Model A,1998,73 years,560000.0
2024-12-01,BUKIT PANJANG,4 ROOM,517,JELAPANG RD,01 TO 03,102.0,Model A,1998,73 years 01 month,520000.0
2024-12-01,BUKIT PANJANG,4 ROOM,115,PENDING RD,07 TO 09,103.0,Model A,1988,62 years 04 months,525888.0
2024-12-01,BUKIT PANJANG,4 ROOM,460,SEGAR RD,13 TO 15,93.0,Premium Apartment,2015,89 years 10 months,620000.0
2024-12-01,BUKIT PANJANG,4 ROOM,549A,SEGAR RD,13 TO 15,92.0,Model A,2015,90 years 02 months,595000.0
2024-12-01,BUKIT PANJANG,4 ROOM,546A,SEGAR RD,04 TO 06,92.0,Model A,2015,89 years 09 months,600000.0
2024-12-01,BUKIT PANJANG,4 ROOM,650,SENJA LINK,13 TO 15,91.0,Premium Apartment,2001,76 years,585000.0
2024-12-01,BUKIT PANJANG,4 ROOM,627,SENJA RD,13 TO 15,90.0,Premium Apartment,2004,79 years,580000.0
2024-12-01,BUKIT PANJANG,5 ROOM,248,BANGKIT RD,01 TO 03,122.0,Improved,1988,62 years 11 months,590000.0
2024-12-01,BUKIT PANJANG,5 ROOM,450,BT PANJANG RING RD,07 TO 09,121.0,Improved,1997,71 years 09 months,625000.0
2024-12-01,BUKIT PANJANG,5 ROOM,443B,FAJAR RD,07 TO 09,113.0,Improved,2016,91 years 02 months,728999.0
2024-12-01,BUKIT PANJANG,5 ROOM,152,GANGSA RD,10 TO 12,121.0,Improved,1998,73 years 01 month,800000.0
2024-12-01,BUKIT PANJANG,5 ROOM,179,LOMPANG RD,01 TO 03,110.0,Improved,2001,76 years 02 months,730000.0
2024-12-01,BUKIT PANJANG,5 ROOM,179,LOMPANG RD,13 TO 15,110.0,Improved,2001,76 years 02 months,778000.0
2024-12-01,BUKIT PANJANG,5 ROOM,483,SEGAR RD,07 TO 09,110.0,Premium Apartment,2002,76 years 11 months,588000.0
2024-12-01,BUKIT PANJANG,EXECUTIVE,183,JELEBU RD,28 TO 30,126.0,Premium Apartment,2003,77 years 07 months,1100000.0
2024-12-01,BUKIT PANJANG,EXECUTIVE,482,SEGAR RD,04 TO 06,125.0,Premium Apartment,2002,77 years,705000.0
2024-12-01,CENTRAL AREA,2 ROOM,10,JLN KUKOH,04 TO 06,53.0,Improved,1971,45 years 08 months,320000.0
2024-12-01,CENTRAL AREA,3 ROOM,271,QUEEN ST,19 TO 21,68.0,Improved,1979,53 years 05 months,628000.0
2024-12-01,CENTRAL AREA,3 ROOM,2,TG PAGAR PLAZA,04 TO 06,59.0,Improved,1977,51 years 04 months,455000.0
2024-12-01,CENTRAL AREA,3 ROOM,264,WATERLOO ST,10 TO 12,68.0,Improved,1986,60 years 11 months,560888.0
2024-12-01,CENTRAL AREA,4 ROOM,1A,CANTONMENT RD,40 TO 42,93.0,Type S1,2011,85 years 03 months,1380000.0
2024-12-01,CENTRAL AREA,4 ROOM,1C,CANTONMENT RD,16 TO 18,95.0,Type S1,2011,85 years 03 months,1303888.0
2024-12-01,CHOA CHU KANG,3 ROOM,476B,CHOA CHU KANG AVE 5,07 TO 09,68.0,Model A,2013,87 years 09 months,475000.0
2024-12-01,CHOA CHU KANG,3 ROOM,26,TECK WHYE LANE,07 TO 09,89.0,New Generation,1979,53 years 05 months,400888.0
2024-12-01,CHOA CHU KANG,4 ROOM,412,CHOA CHU KANG AVE 3,01 TO 03,104.0,Model A,1992,66 years 08 months,560000.0
2024-12-01,CHOA CHU KANG,4 ROOM,434,CHOA CHU KANG AVE 4,10 TO 12,106.0,Model A,1993,67 years 08 months,581000.0
2024-12-01,CHOA CHU KANG,4 ROOM,668,CHOA CHU KANG CRES,01 TO 03,102.0,Model A,1999,73 years 08 months,530000.0
2024-12-01,CHOA CHU KANG,4 ROOM,660,CHOA CHU KANG CRES,16 TO 18,104.0,Premium Apartment,1999,73 years 06 months,545888.0
2024-12-01,CHOA CHU KANG,4 ROOM,631,CHOA CHU KANG NTH 6,07 TO 09,113.0,Premium Apartment,1998,72 years 03 months,628000.0
2024-12-01,CHOA CHU KANG,4 ROOM,631,CHOA CHU KANG NTH 6,07 TO 09,113.0,Premium Apartment,1998,72 years 03 months,612888.0
2024-12-01,CHOA CHU KANG,4 ROOM,769,CHOA CHU KANG ST 54,04 TO 06,104.0,Model A,1996,71 years,530000.0
2024-12-01,CHOA CHU KANG,4 ROOM,803D,KEAT HONG CL,04 TO 06,93.0,Model A,2017,91 years 07 months,590000.0
2024-12-01,CHOA CHU KANG,4 ROOM,805D,KEAT HONG CL,13 TO 15,93.0,Model A,2017,91 years 06 months,610000.0
2024-12-01,CHOA CHU KANG,4 ROOM,803D,KEAT HONG CL,01 TO 03,93.0,Model A,2017,91 years 07 months,560000.0
2024-12-01,CHOA CHU KANG,5 ROOM,252,CHOA CHU KANG AVE 2,10 TO 12,123.0,Improved,1994,69 years 02 months,670000.0
2024-12-01,CHOA CHU KANG,5 ROOM,487C,CHOA CHU KANG AVE 5,07 TO 09,113.0,Improved,2016,90 years 08 months,700000.0
2024-12-01,CHOA CHU KANG,5 ROOM,688A,CHOA CHU KANG DR,01 TO 03,110.0,Improved,2002,76 years 05 months,530000.0
2024-12-01,CHOA CHU KANG,5 ROOM,618,CHOA CHU KANG NTH 7,07 TO 09,132.0,Model A,1996,70 years 05 months,696000.0
2024-12-01,CHOA CHU KANG,5 ROOM,516,CHOA CHU KANG ST 51,13 TO 15,123.0,Improved,1995,69 years 11 months,665000.0
2024-12-01,CHOA CHU KANG,5 ROOM,805C,KEAT HONG CL,07 TO 09,113.0,Improved,2017,91 years 07 months,685000.0
2024-12-01,CHOA CHU KANG,5 ROOM,816B,KEAT HONG LINK,10 TO 12,112.0,Improved,2017,91 years 11 months,752888.0
2024-12-01,CHOA CHU KANG,EXECUTIVE,531,CHOA CHU KANG ST 51,04 TO 06,143.0,Apartment,1995,69 years 06 months,730000.0
2024-12-01,CLEMENTI,3 ROOM,424,CLEMENTI AVE 1,13 TO 15,75.0,Model A,2013,87 years 11 months,670000.0
2024-12-01,CLEMENTI,3 ROOM,435,CLEMENTI AVE 3,04 TO 06,67.0,New Generation,1978,53 years 02 months,440000.0
2024-12-01,CLEMENTI,3 ROOM,327,CLEMENTI AVE 5,10 TO 12,67.0,New Generation,1978,52 years 10 months,480000.0
2024-12-01,CLEMENTI,3 ROOM,509,WEST COAST DR,01 TO 03,67.0,New Generation,1978,52 years 03 months,360000.0
2024-12-01,CLEMENTI,4 ROOM,416,CLEMENTI AVE 1,28 TO 30,100.0,Model A,2013,87 years 11 months,988000.0
2024-12-01,CLEMENTI,4 ROOM,331,CLEMENTI AVE 2,07 TO 09,92.0,New Generation,1978,52 years 09 months,648000.0
2024-12-01,CLEMENTI,4 ROOM,457,CLEMENTI AVE 3,10 TO 12,86.0,Model A,2002,77 years 02 months,825000.0
2024-12-01,CLEMENTI,4 ROOM,512,WEST COAST DR,04 TO 06,91.0,New Generation,1978,52 years 03 months,488000.0
2024-12-01,CLEMENTI,5 ROOM,357,CLEMENTI AVE 2,25 TO 27,117.0,Standard,1978,52 years 05 months,840000.0
2024-12-01,CLEMENTI,5 ROOM,345,CLEMENTI AVE 5,04 TO 06,134.0,Adjoined flat,1979,53 years 05 months,855000.0
2024-12-01,CLEMENTI,5 ROOM,606,CLEMENTI WEST ST 1,07 TO 09,119.0,Improved,1979,54 years 01 month,670000.0
2024-12-01,GEYLANG,2 ROOM,109,ALJUNIED CRES,04 TO 06,45.0,Improved,1986,60 years 03 months,327300.0
2024-12-01,GEYLANG,3 ROOM,44,CIRCUIT RD,07 TO 09,61.0,Standard,1971,45 years 03 months,370000.0
2024-12-01,GEYLANG,3 ROOM,82A,CIRCUIT RD,16 TO 18,68.0,Model A,2020,94 years 07 months,768888.0
2024-12-01,GEYLANG,3 ROOM,57,CIRCUIT RD,04 TO 06,56.0,Standard,1969,43 years 03 months,315000.0
2024-12-01,GEYLANG,3 ROOM,34,CIRCUIT RD,04 TO 06,60.0,Standard,1967,41 years 03 months,328000.0
2024-12-01,GEYLANG,3 ROOM,59,CIRCUIT RD,07 TO 09,60.0,Standard,1969,43 years 03 months,360000.0
2024-12-01,GEYLANG,3 ROOM,66,CIRCUIT RD,04 TO 06,56.0,Standard,1967,41 years 03 months,340000.0
2024-12-01,GEYLANG,3 ROOM,9,HAIG RD,07 TO 09,59.0,Improved,1976,50 years 09 months,390000.0
2024-12-01,GEYLANG,4 ROOM,82B,CIRCUIT RD,07 TO 09,93.0,Model A,2020,94 years 07 months,995000.0
2024-12-01,GEYLANG,4 ROOM,82A,CIRCUIT RD,10 TO 12,93.0,Model A,2020,94 years 07 months,1006888.0
2024-12-01,GEYLANG,4 ROOM,83B,CIRCUIT RD,10 TO 12,96.0,Model A,2020,94 years 07 months,964000.0
2024-12-01,GEYLANG,4 ROOM,83B,CIRCUIT RD,16 TO 18,96.0,Model A,2020,94 years 07 months,1000000.0
2024-12-01,GEYLANG,4 ROOM,11,EUNOS CRES,10 TO 12,91.0,New Generation,1977,51 years 07 months,588000.0
2024-12-01,GEYLANG,4 ROOM,45,JLN TIGA,16 TO 18,93.0,Model A,2005,79 years 07 months,965000.0
2024-12-01,GEYLANG,4 ROOM,12,PINE CL,10 TO 12,93.0,New Generation,1981,55 years 09 months,695000.0
2024-12-01,GEYLANG,4 ROOM,42A,SIMS DR,04 TO 06,108.0,Model A,1989,64 years,618000.0
2024-12-01,GEYLANG,4 ROOM,311,UBI AVE 1,07 TO 09,84.0,Simplified,1985,60 years 01 month,638899.0
2024-12-01,GEYLANG,4 ROOM,319,UBI AVE 1,10 TO 12,104.0,Model A,1985,59 years 08 months,638888.0
2024-12-01,GEYLANG,5 ROOM,15,EUNOS CRES,01 TO 03,117.0,Standard,1977,51 years 07 months,750888.0
2024-12-01,GEYLANG,5 ROOM,14,EUNOS CRES,10 TO 12,117.0,Standard,1977,51 years 07 months,718000.0
2024-12-01,GEYLANG,5 ROOM,47,JLN TIGA,07 TO 09,110.0,Improved,2005,79 years 06 months,960000.0
2024-12-01,GEYLANG,5 ROOM,330,UBI AVE 1,07 TO 09,122.0,Improved,1985,60 years 02 months,670000.0
2024-12-01,GEYLANG,EXECUTIVE,334,UBI AVE 1,07 TO 09,152.0,Maisonette,1986,60 years 07 months,1050000.0
2024-12-01,HOUGANG,3 ROOM,112,HOUGANG AVE 1,04 TO 06,81.0,New Generation,1981,56 years 02 months,450000.0
2024-12-01,HOUGANG,3 ROOM,530,HOUGANG AVE 6,01 TO 03,64.0,Simplified,1986,61 years 02 months,435000.0
2024-12-01,HOUGANG,3 ROOM,632,HOUGANG AVE 8,04 TO 06,64.0,Simplified,1986,60 years 08 months,430000.0
2024-12-01,HOUGANG,3 ROOM,632,HOUGANG AVE 8,07 TO 09,64.0,Simplified,1986,60 years 08 months,431000.0
2024-12-01,HOUGANG,3 ROOM,240,HOUGANG ST 22,04 TO 06,74.0,Model A,1984,59 years,456888.0
2024-12-01,HOUGANG,4 ROOM,979A,BUANGKOK CRES,04 TO 06,90.0,Model A,2003,77 years 09 months,565000.0
2024-12-01,HOUGANG,4 ROOM,996A,BUANGKOK CRES,10 TO 12,93.0,Model A,2019,93 years 11 months,670000.0
2024-12-01,HOUGANG,4 ROOM,996A,BUANGKOK CRES,10 TO 12,93.0,Model A,2019,93 years 11 months,658888.0
2024-12-01,HOUGANG,4 ROOM,996B,BUANGKOK CRES,07 TO 09,92.0,Model A,2019,93 years 11 months,643000.0
2024-12-01,HOUGANG,4 ROOM,980D,BUANGKOK CRES,10 TO 12,90.0,Model A,2003,77 years 07 months,580000.0
2024-12-01,HOUGANG,4 ROOM,451,HOUGANG AVE 10,07 TO 09,113.0,Model A,1990,64 years 06 months,728000.0
2024-12-01,HOUGANG,4 ROOM,328,HOUGANG AVE 5,10 TO 12,96.0,New Generation,1983,57 years 09 months,560000.0
2024-12-01,HOUGANG,4 ROOM,965,HOUGANG AVE 9,13 TO 15,101.0,Model A,1999,74 years,615000.0
2024-12-01,HOUGANG,4 ROOM,831,HOUGANG CTRL,04 TO 06,104.0,Model A,1992,66 years 11 months,650000.0
2024-12-01,HOUGANG,4 ROOM,156,HOUGANG ST 11,04 TO 06,97.0,New Generation,1984,59 years 02 months,528000.0
2024-12-01,HOUGANG,4 ROOM,220,HOUGANG ST 21,04 TO 06,105.0,Model A,1992,66 years 11 months,690888.0
2024-12-01,HOUGANG,4 ROOM,241,HOUGANG ST 22,01 TO 03,104.0,Model A,1985,59 years 06 months,600000.0
2024-12-01,HOUGANG,4 ROOM,470A,UPP SERANGOON CRES,07 TO 09,92.0,Model A,2015,89 years 07 months,700000.0
2024-12-01,HOUGANG,4 ROOM,365A,UPP SERANGOON RD,01 TO 03,92.0,Model A,2018,92 years 04 months,740000.0
2024-12-01,HOUGANG,5 ROOM,408,HOUGANG AVE 10,07 TO 09,121.0,Improved,1986,60 years 06 months,765000.0
2024-12-01,HOUGANG,5 ROOM,467,HOUGANG AVE 8,10 TO 12,128.0,Improved,1992,66 years 11 months,810000.0
2024-12-01,HOUGANG,5 ROOM,922,HOUGANG ST 91,04 TO 06,120.0,Improved,1998,72 years 04 months,720000.0
2024-12-01,HOUGANG,5 ROOM,476C,UPP SERANGOON VIEW,10 TO 12,115.0,Premium Apartment,2016,90 years 05 months,940000.0
2024-12-01,JURONG EAST,3 ROOM,217A,JURONG EAST ST 21,01 TO 03,67.0,New Generation,1984,58 years 09 months,440000.0
2024-12-01,JURONG EAST,3 ROOM,210,JURONG EAST ST 21,07 TO 09,82.0,New Generation,1983,57 years 08 months,470000.0
2024-12-01,JURONG EAST,3 ROOM,248,JURONG EAST ST 24,07 TO 09,67.0,New Generation,1983,57 years 05 months,378000.0
2024-12-01,JURONG EAST,4 ROOM,210,JURONG EAST ST 21,01 TO 03,94.0,New Generation,1983,57 years 08 months,495000.0
2024-12-01,JURONG EAST,4 ROOM,316,JURONG EAST ST 32,10 TO 12,105.0,Model A,1984,58 years 10 months,568000.0
2024-12-01,JURONG EAST,4 ROOM,55,TEBAN GDNS RD,07 TO 09,92.0,Model A,2016,91 years,565000.0
2024-12-01,JURONG EAST,4 ROOM,64,TEBAN GDNS RD,19 TO 21,91.0,Model A,2003,77 years 08 months,588000.0
2024-12-01,JURONG EAST,5 ROOM,35,TEBAN GDNS RD,10 TO 12,131.0,Standard,1977,51 years 08 months,550000.0
2024-12-01,JURONG WEST,2 ROOM,150A,CORPORATION DR,16 TO 18,38.0,Model A,2019,93 years 07 months,353000.0
2024-12-01,JURONG WEST,2 ROOM,140D,CORPORATION DR,10 TO 12,38.0,Model A,2019,93 years 07 months,330000.0
2024-12-01,JURONG WEST,3 ROOM,425,JURONG WEST AVE 1,01 TO 03,81.0,Model A,1984,59 years,390000.0
2024-12-01,JURONG WEST,3 ROOM,528,JURONG WEST ST 52,01 TO 03,67.0,New Generation,1983,57 years 07 months,375000.0
2024-12-01,JURONG WEST,3 ROOM,516,JURONG WEST ST 52,07 TO 09,74.0,Model A,1984,58 years 10 months,440000.0
2024-12-01,JURONG WEST,3 ROOM,536,JURONG WEST ST 52,04 TO 06,67.0,New Generation,1983,57 years 11 months,400000.0
2024-12-01,JURONG WEST,3 ROOM,904,JURONG WEST ST 91,04 TO 06,73.0,Model A,1988,63 years 01 month,425000.0
2024-12-01,JURONG WEST,3 ROOM,928,JURONG WEST ST 92,04 TO 06,73.0,Model A,1988,63 years,380000.0
2024-12-01,JURONG WEST,4 ROOM,183A,BOON LAY AVE,10 TO 12,92.0,Model A,2015,89 years 03 months,595000.0
2024-12-01,JURONG WEST,4 ROOM,140A,CORPORATION DR,13 TO 15,93.0,Model A,2019,93 years 08 months,640000.0
2024-12-01,JURONG WEST,4 ROOM,276B,JURONG WEST AVE 3,04 TO 06,90.0,Model A,2002,76 years 05 months,480000.0
2024-12-01,JURONG WEST,4 ROOM,687,JURONG WEST CTRL 1,01 TO 03,98.0,Premium Apartment,1998,72 years 07 months,600000.0
2024-12-01,JURONG WEST,4 ROOM,465,JURONG WEST ST 41,01 TO 03,91.0,New Generation,1984,59 years 01 month,473000.0
2024-12-01,JURONG WEST,4 ROOM,518,JURONG WEST ST 52,13 TO 15,106.0,Model A,1984,59 years 01 month,650000.0
2024-12-01,JURONG WEST,4 ROOM,520,JURONG WEST ST 52,01 TO 03,105.0,Model A,1984,58 years 09 months,500000.0
2024-12-01,JURONG WEST,4 ROOM,655B,JURONG WEST ST 61,13 TO 15,85.0,Model A2,2002,77 years,528000.0
2024-12-01,JURONG WEST,4 ROOM,641,JURONG WEST ST 61,01 TO 03,101.0,Model A,1998,72 years 09 months,525000.0
2024-12-01,JURONG WEST,4 ROOM,646,JURONG WEST ST 61,13 TO 15,100.0,Model A,1998,72 years 09 months,586000.0
2024-12-01,JURONG WEST,4 ROOM,621,JURONG WEST ST 65,01 TO 03,90.0,Model A2,2000,75 years 01 month,518000.0
2024-12-01,JURONG WEST,4 ROOM,633,JURONG WEST ST 65,10 TO 12,91.0,Model A,2001,76 years 01 month,528000.0
2024-12-01,JURONG WEST,4 ROOM,617,JURONG WEST ST 65,13 TO 15,90.0,Model A2,2000,75 years,550000.0
2024-12-01,JURONG WEST,4 ROOM,852,JURONG WEST ST 81,07 TO 09,107.0,Model A,1996,70 years 06 months,509888.0
2024-12-01,JURONG WEST,4 ROOM,852,JURONG WEST ST 81,13 TO 15,107.0,Model A,1996,70 years 06 months,507000.0
2024-12-01,JURONG WEST,4 ROOM,852,JURONG WEST ST 81,04 TO 06,107.0,Model A,1996,70 years 06 months,475888.0
2024-12-01,JURONG WEST,4 ROOM,836,JURONG WEST ST 81,04 TO 06,109.0,Model A,1993,67 years 07 months,533000.0
2024-12-01,JURONG WEST,4 ROOM,936,JURONG WEST ST 91,10 TO 12,103.0,Model A,1989,63 years 06 months,520000.0
2024-12-01,JURONG WEST,4 ROOM,339B,KANG CHING RD,04 TO 06,92.0,Model A,2012,86 years 04 months,616888.0
2024-12-01,JURONG WEST,5 ROOM,218B,BOON LAY AVE,10 TO 12,114.0,Improved,2018,92 years 09 months,765000.0
2024-12-01,JURONG WEST,5 ROOM,401,JURONG WEST ST 42,04 TO 06,136.0,Model A,1984,58 years 10 months,645000.0
2024-12-01,JURONG WEST,5 ROOM,553,JURONG WEST ST 42,04 TO 06,134.0,Model A,1985,59 years 05 months,605000.0
2024-12-01,JURONG WEST,5 ROOM,624,JURONG WEST ST 61,07 TO 09,110.0,Improved,2001,75 years 04 months,610000.0
2024-12-01,JURONG WEST,5 ROOM,639,JURONG WEST ST 61,13 TO 15,120.0,Improved,1998,72 years 09 months,595000.0
2024-12-01,JURONG WEST,5 ROOM,648A,JURONG WEST ST 61,07 TO 09,110.0,Improved,2001,75 years 06 months,633000.0
2024-12-01,JURONG WEST,5 ROOM,634,JURONG WEST ST 65,01 TO 03,110.0,Improved,2001,76 years 01 month,560000.0
2024-12-01,JURONG WEST,5 ROOM,667A,JURONG WEST ST 65,10 TO 12,110.0,Improved,2000,74 years 08 months,650000.0
2024-12-01,JURONG WEST,5 ROOM,847,JURONG WEST ST 81,10 TO 12,129.0,Improved,1996,70 years 05 months,600000.0
2024-12-01,JURONG WEST,5 ROOM,932,JURONG WEST ST 92,07 TO 09,122.0,Improved,1988,62 years 07 months,580000.0
2024-12-01,JURONG WEST,5 ROOM,179,YUNG SHENG RD,01 TO 03,116.0,Improved,2001,75 years 06 months,567000.0
2024-12-01,JURONG WEST,EXECUTIVE,405,JURONG WEST ST 42,01 TO 03,150.0,Maisonette,1985,59 years 11 months,747000.0
2024-12-01,JURONG WEST,EXECUTIVE,333,KANG CHING RD,04 TO 06,139.0,Apartment,1997,71 years 03 months,810000.0
2024-12-01,KALLANG/WHAMPOA,3 ROOM,24,BENDEMEER RD,10 TO 12,68.0,Improved,1972,46 years 03 months,480000.0
2024-12-01,KALLANG/WHAMPOA,3 ROOM,38B,BENDEMEER RD,16 TO 18,69.0,Model A,2012,86 years 07 months,575000.0
2024-12-01,KALLANG/WHAMPOA,3 ROOM,12,FARRER PK RD,01 TO 03,62.0,Model A,2004,78 years 08 months,570000.0
2024-12-01,KALLANG/WHAMPOA,3 ROOM,57,GEYLANG BAHRU,04 TO 06,65.0,Improved,1974,48 years 09 months,383000.0
2024-12-01,KALLANG/WHAMPOA,3 ROOM,10,GLOUCESTER RD,01 TO 03,67.0,New Generation,1976,51 years 01 month,438000.0
2024-12-01,KALLANG/WHAMPOA,3 ROOM,116A,JLN TENTERAM,10 TO 12,67.0,Model A,2017,92 years,608000.0
2024-12-01,KALLANG/WHAMPOA,3 ROOM,12,KG ARANG RD,07 TO 09,103.0,New Generation,1982,56 years 06 months,660000.0
2024-12-01,KALLANG/WHAMPOA,3 ROOM,26A,ST. GEORGE'S LANE,22 TO 24,68.0,Model A,2020,94 years 07 months,850000.0
2024-12-01,KALLANG/WHAMPOA,3 ROOM,20,ST. GEORGE'S RD,01 TO 03,67.0,New Generation,1984,59 years,420000.0
2024-12-01,KALLANG/WHAMPOA,3 ROOM,74,WHAMPOA DR,04 TO 06,66.0,Improved,1981,55 years 08 months,355000.0
2024-12-01,KALLANG/WHAMPOA,4 ROOM,41,CAMBRIDGE RD,07 TO 09,92.0,New Generation,1982,56 years 08 months,665000.0
2024-12-01,KALLANG/WHAMPOA,4 ROOM,106,JLN DUSUN,01 TO 03,106.0,New Generation,1981,55 years 08 months,628000.0
2024-12-01,KALLANG/WHAMPOA,4 ROOM,101,JLN RAJAH,04 TO 06,94.0,New Generation,1980,55 years 02 months,555000.0
2024-12-01,KALLANG/WHAMPOA,4 ROOM,113A,MCNAIR RD,28 TO 30,93.0,Premium Apartment,2017,92 years 02 months,1098888.0
2024-12-01,KALLANG/WHAMPOA,5 ROOM,103,JLN RAJAH,19 TO 21,139.0,Model A,1984,58 years 06 months,1000000.0
2024-12-01,KALLANG/WHAMPOA,5 ROOM,104,TOWNER RD,04 TO 06,137.0,Model A-Maisonette,1983,57 years 07 months,1065000.0
2024-12-01,MARINE PARADE,3 ROOM,30,MARINE CRES,01 TO 03,76.0,Improved,1975,49 years 07 months,470000.0
2024-12-01,MARINE PARADE,3 ROOM,47,MARINE CRES,04 TO 06,65.0,Improved,1975,49 years 08 months,450000.0
2024-12-01,MARINE PARADE,3 ROOM,66,MARINE DR,04 TO 06,65.0,Improved,1976,50 years 05 months,447000.0
2024-12-01,MARINE PARADE,3 ROOM,59,MARINE TER,07 TO 09,65.0,Improved,1975,49 years 06 months,506000.0
2024-12-01,MARINE PARADE,3 ROOM,59,MARINE TER,10 TO 12,76.0,Improved,1975,49 years 06 months,513000.0
2024-12-01,MARINE PARADE,4 ROOM,75,MARINE DR,13 TO 15,82.0,Improved,1976,50 years 08 months,685000.0
2024-12-01,MARINE PARADE,4 ROOM,18,MARINE TER,13 TO 15,88.0,Improved,1975,49 years 05 months,652000.0
2024-12-01,MARINE PARADE,5 ROOM,79,MARINE DR,07 TO 09,120.0,Standard,1977,51 years 03 months,910000.0
2024-12-01,PASIR RIS,4 ROOM,639,PASIR RIS DR 1,10 TO 12,104.0,Model A,1995,69 years 08 months,615000.0
2024-12-01,PASIR RIS,4 ROOM,416,PASIR RIS DR 6,10 TO 12,105.0,Model A,1989,64 years 02 months,660000.0
2024-12-01,PASIR RIS,4 ROOM,476,PASIR RIS DR 6,01 TO 03,110.0,Model A,1989,64 years 01 month,590000.0
2024-12-01,PASIR RIS,4 ROOM,406,PASIR RIS DR 6,01 TO 03,106.0,Model A,1989,64 years 02 months,600000.0
2024-12-01,PASIR RIS,4 ROOM,115,PASIR RIS ST 11,04 TO 06,103.0,Model A,1989,63 years 05 months,575000.0
2024-12-01,PASIR RIS,4 ROOM,109,PASIR RIS ST 11,04 TO 06,94.0,New Generation,1990,64 years 11 months,580000.0
2024-12-01,PASIR RIS,4 ROOM,124,PASIR RIS ST 11,10 TO 12,103.0,Model A,1989,63 years 05 months,560000.0
2024-12-01,PASIR RIS,4 ROOM,103,PASIR RIS ST 12,01 TO 03,104.0,Model A,1989,63 years 06 months,570000.0
2024-12-01,PASIR RIS,4 ROOM,226,PASIR RIS ST 21,10 TO 12,107.0,Model A,1993,67 years 09 months,608000.0
2024-12-01,PASIR RIS,4 ROOM,216,PASIR RIS ST 21,07 TO 09,108.0,Model A,1993,67 years 08 months,610000.0
2024-12-01,PASIR RIS,4 ROOM,561,PASIR RIS ST 51,07 TO 09,104.0,Model A,1993,67 years 11 months,615000.0
2024-12-01,PASIR RIS,5 ROOM,231,PASIR RIS DR 4,04 TO 06,128.0,Improved,1993,67 years 10 months,720000.0
2024-12-01,PASIR RIS,5 ROOM,196,PASIR RIS ST 12,10 TO 12,124.0,Improved,1993,67 years 11 months,715000.0
2024-12-01,PASIR RIS,5 ROOM,255,PASIR RIS ST 21,04 TO 06,128.0,Improved,1993,68 years 02 months,700000.0
2024-12-01,PASIR RIS,5 ROOM,565,PASIR RIS ST 51,07 TO 09,123.0,Improved,1992,67 years 02 months,755000.0
2024-12-01,PASIR RIS,5 ROOM,774,PASIR RIS ST 71,07 TO 09,128.0,Improved,1996,70 years 10 months,760000.0
2024-12-01,PASIR RIS,EXECUTIVE,649,PASIR RIS DR 10,04 TO 06,145.0,Apartment,1995,69 years 11 months,858000.0
2024-12-01,PASIR RIS,EXECUTIVE,459,PASIR RIS DR 4,07 TO 09,142.0,Apartment,1992,67 years 01 month,890000.0
2024-12-01,PASIR RIS,EXECUTIVE,129,PASIR RIS ST 11,04 TO 06,151.0,Maisonette,1988,63 years 01 month,918888.0
2024-12-01,PASIR RIS,EXECUTIVE,129,PASIR RIS ST 11,04 TO 06,146.0,Maisonette,1988,63 years 01 month,850000.0
2024-12-01,PASIR RIS,EXECUTIVE,250,PASIR RIS ST 21,01 TO 03,145.0,Apartment,1993,67 years 09 months,810000.0
2024-12-01,PASIR RIS,EXECUTIVE,248,PASIR RIS ST 21,07 TO 09,150.0,Apartment,1993,67 years 09 months,860000.0
2024-12-01,PASIR RIS,EXECUTIVE,466,PASIR RIS ST 41,01 TO 03,156.0,Maisonette,1992,67 years 02 months,920088.0
2024-12-01,PASIR RIS,EXECUTIVE,500,PASIR RIS ST 52,13 TO 15,146.0,Apartment,1993,68 years 02 months,970000.0
2024-12-01,PUNGGOL,2 ROOM,326C,SUMANG WALK,04 TO 06,47.0,2-room,2018,93 years 01 month,396000.0
2024-12-01,PUNGGOL,2 ROOM,327B,SUMANG WALK,16 TO 18,47.0,Model A,2018,93 years 01 month,375000.0
2024-12-01,PUNGGOL,3 ROOM,670C,EDGEFIELD PLAINS,10 TO 12,68.0,Premium Apartment,2016,90 years 08 months,528888.0
2024-12-01,PUNGGOL,3 ROOM,211C,PUNGGOL WALK,10 TO 12,67.0,Model A,2014,88 years 06 months,530000.0
2024-12-01,PUNGGOL,3 ROOM,212B,PUNGGOL WALK,13 TO 15,67.0,Model A,2015,89 years 06 months,531000.0
2024-12-01,PUNGGOL,4 ROOM,684C,EDGEDALE PLAINS,16 TO 18,93.0,Premium Apartment,2018,92 years 10 months,739500.0
2024-12-01,PUNGGOL,4 ROOM,130,EDGEDALE PLAINS,16 TO 18,91.0,Premium Apartment,2003,78 years 01 month,545000.0
2024-12-01,PUNGGOL,4 ROOM,662C,EDGEDALE PLAINS,07 TO 09,92.0,Premium Apartment,2017,91 years 07 months,650000.0
2024-12-01,PUNGGOL,4 ROOM,122A,EDGEDALE PLAINS,04 TO 06,93.0,Model A,2017,91 years 07 months,588000.0
2024-12-01,PUNGGOL,4 ROOM,126C,EDGEDALE PLAINS,13 TO 15,85.0,Model A,2003,77 years 04 months,552000.0
2024-12-01,PUNGGOL,4 ROOM,670B,EDGEFIELD PLAINS,04 TO 06,93.0,Premium Apartment,2016,90 years 08 months,628000.0
2024-12-01,PUNGGOL,4 ROOM,165A,PUNGGOL CTRL,10 TO 12,95.0,Premium Apartment,2004,78 years 06 months,620000.0
2024-12-01,PUNGGOL,4 ROOM,622A,PUNGGOL CTRL,16 TO 18,94.0,Model A,2014,88 years 05 months,680000.0
2024-12-01,PUNGGOL,4 ROOM,641C,PUNGGOL DR,01 TO 03,90.0,Premium Apartment,2005,79 years 03 months,600000.0
2024-12-01,PUNGGOL,4 ROOM,618D,PUNGGOL DR,04 TO 06,93.0,Premium Apartment,2013,87 years 11 months,660000.0
2024-12-01,PUNGGOL,4 ROOM,305D,PUNGGOL DR,16 TO 18,93.0,Premium Apartment,2012,86 years 09 months,768000.0
2024-12-01,PUNGGOL,4 ROOM,612B,PUNGGOL DR,16 TO 18,93.0,Model A,2012,87 years 02 months,710000.0
2024-12-01,PUNGGOL,4 ROOM,679B,PUNGGOL DR,04 TO 06,93.0,Premium Apartment,2016,90 years 11 months,690000.0
2024-12-01,PUNGGOL,4 ROOM,676A,PUNGGOL DR,07 TO 09,93.0,Premium Apartment,2016,90 years 11 months,680000.0
2024-12-01,PUNGGOL,4 ROOM,632A,PUNGGOL DR,04 TO 06,92.0,Premium Apartment,2007,82 years 02 months,640000.0
2024-12-01,PUNGGOL,4 ROOM,632B,PUNGGOL DR,07 TO 09,91.0,Premium Apartment,2007,82 years 02 months,620888.0
2024-12-01,PUNGGOL,4 ROOM,258A,PUNGGOL FIELD,07 TO 09,93.0,Model A,2016,90 years 07 months,641888.0
2024-12-01,PUNGGOL,4 ROOM,128A,PUNGGOL FIELD WALK,07 TO 09,91.0,Model A,2003,77 years 09 months,581000.0
2024-12-01,PUNGGOL,4 ROOM,603A,PUNGGOL RD,13 TO 15,92.0,Model A,2012,86 years 10 months,685000.0
2024-12-01,PUNGGOL,4 ROOM,195E,PUNGGOL RD,04 TO 06,90.0,Premium Apartment,2007,81 years 10 months,598000.0
2024-12-01,PUNGGOL,4 ROOM,272D,PUNGGOL WALK,13 TO 15,93.0,Premium Apartment,2014,88 years 06 months,790088.0
2024-12-01,PUNGGOL,4 ROOM,310A,PUNGGOL WALK,04 TO 06,92.0,Premium Apartment,2016,90 years 08 months,660000.0
2024-12-01,PUNGGOL,4 ROOM,315A,PUNGGOL WAY,13 TO 15,93.0,Premium Apartment,2017,91 years 11 months,720000.0
2024-12-01,PUNGGOL,4 ROOM,232C,SUMANG LANE,10 TO 12,93.0,Model A,2018,92 years 11 months,655000.0
2024-12-01,PUNGGOL,4 ROOM,224C,SUMANG LANE,10 TO 12,93.0,Model A,2018,93 years 02 months,608000.0
2024-12-01,PUNGGOL,4 ROOM,226B,SUMANG LANE,13 TO 15,93.0,Premium Apartment,2018,92 years 05 months,700000.0
2024-12-01,PUNGGOL,4 ROOM,224A,SUMANG LANE,01 TO 03,93.0,Model A,2018,93 years 02 months,590000.0
2024-12-01,PUNGGOL,4 ROOM,224C,SUMANG LANE,04 TO 06,93.0,Model A,2018,93 years 02 months,638000.0
2024-12-01,PUNGGOL,4 ROOM,323D,SUMANG WALK,16 TO 18,93.0,Premium Apartment,2020,94 years 03 months,755000.0
2024-12-01,PUNGGOL,5 ROOM,135,EDGEDALE PLAINS,16 TO 18,111.0,Premium Apartment,2003,78 years 01 month,607000.0
2024-12-01,PUNGGOL,5 ROOM,134,EDGEDALE PLAINS,10 TO 12,111.0,Premium Apartment,2003,78 years 01 month,608000.0
2024-12-01,PUNGGOL,5 ROOM,174B,EDGEDALE PLAINS,13 TO 15,112.0,Improved,2003,78 years 02 months,706000.0
2024-12-01,PUNGGOL,5 ROOM,662D,EDGEDALE PLAINS,19 TO 21,112.0,Premium Apartment,2017,91 years 06 months,840000.0
2024-12-01,PUNGGOL,5 ROOM,185,EDGEFIELD PLAINS,16 TO 18,110.0,Premium Apartment,2003,78 years 01 month,693888.0
2024-12-01,PUNGGOL,5 ROOM,118,EDGEFIELD PLAINS,04 TO 06,112.0,Premium Apartment,2003,77 years 08 months,600000.0
2024-12-01,PUNGGOL,5 ROOM,178,EDGEFIELD PLAINS,04 TO 06,110.0,Premium Apartment,2003,78 years 01 month,605000.0
2024-12-01,PUNGGOL,5 ROOM,204A,PUNGGOL FIELD,07 TO 09,110.0,Improved,2004,78 years 11 months,655000.0
2024-12-01,PUNGGOL,5 ROOM,201D,PUNGGOL FIELD,13 TO 15,110.0,Improved,2004,78 years 09 months,701000.0
2024-12-01,PUNGGOL,5 ROOM,202B,PUNGGOL FIELD,01 TO 03,110.0,Improved,2004,78 years 11 months,608000.0
2024-12-01,PUNGGOL,5 ROOM,197A,PUNGGOL FIELD,01 TO 03,110.0,Improved,2003,77 years 09 months,600000.0
2024-12-01,PUNGGOL,5 ROOM,128D,PUNGGOL FIELD WALK,01 TO 03,110.0,Improved,2003,77 years 09 months,572000.0
2024-12-01,PUNGGOL,5 ROOM,310A,PUNGGOL WALK,04 TO 06,112.0,Premium Apartment,2016,90 years 08 months,855000.0
2024-12-01,PUNGGOL,5 ROOM,264A,PUNGGOL WAY,13 TO 15,112.0,Improved,2015,89 years 08 months,850000.0
2024-12-01,PUNGGOL,5 ROOM,316B,PUNGGOL WAY,01 TO 03,113.0,Premium Apartment,2017,91 years 11 months,825000.0
2024-12-01,PUNGGOL,5 ROOM,315B,PUNGGOL WAY,07 TO 09,113.0,Premium Apartment,2017,91 years 11 months,926000.0
2024-12-01,PUNGGOL,5 ROOM,323D,SUMANG WALK,04 TO 06,121.0,Premium Apartment,2020,94 years 03 months,980000.0
2024-12-01,PUNGGOL,EXECUTIVE,115,EDGEFIELD PLAINS,01 TO 03,130.0,Premium Apartment,2003,77 years 08 months,788000.0
2024-12-01,PUNGGOL,EXECUTIVE,191,PUNGGOL CTRL,13 TO 15,128.0,Premium Apartment,2004,78 years 06 months,838000.0
2024-12-01,QUEENSTOWN,3 ROOM,82,C'WEALTH CL,04 TO 06,71.0,Standard,1967,41 years 03 months,361000.0
2024-12-01,QUEENSTOWN,3 ROOM,100,C'WEALTH CRES,04 TO 06,59.0,Standard,1970,44 years 08 months,350000.0
2024-12-01,QUEENSTOWN,3 ROOM,3,DOVER RD,10 TO 12,65.0,Improved,1975,49 years 09 months,410000.0
2024-12-01,QUEENSTOWN,3 ROOM,32,HOLLAND CL,04 TO 06,59.0,Improved,1974,48 years 07 months,375000.0
2024-12-01,QUEENSTOWN,3 ROOM,32,HOLLAND CL,07 TO 09,59.0,Improved,1974,48 years 07 months,370000.0
2024-12-01,QUEENSTOWN,3 ROOM,171,STIRLING RD,01 TO 03,60.0,Improved,1970,44 years 09 months,356000.0
2024-12-01,QUEENSTOWN,3 ROOM,164,STIRLING RD,04 TO 06,66.0,Improved,1970,44 years 03 months,350000.0
2024-12-01,QUEENSTOWN,3 ROOM,62B,STRATHMORE AVE,13 TO 15,69.0,Model A,2011,85 years 10 months,755000.0
2024-12-01,QUEENSTOWN,3 ROOM,89,TANGLIN HALT RD,22 TO 24,60.0,Model A,2008,82 years 10 months,720000.0
2024-12-01,QUEENSTOWN,4 ROOM,30,GHIM MOH LINK,25 TO 27,93.0,Model A,2018,92 years 08 months,1000000.0
2024-12-01,QUEENSTOWN,4 ROOM,31,GHIM MOH LINK,25 TO 27,93.0,Model A,2018,92 years 07 months,1118000.0
2024-12-01,QUEENSTOWN,4 ROOM,31,GHIM MOH LINK,13 TO 15,93.0,Model A,2018,92 years 08 months,1038000.0
2024-12-01,QUEENSTOWN,4 ROOM,10,HOLLAND AVE,07 TO 09,88.0,Improved,1975,49 years 03 months,605888.0
2024-12-01,QUEENSTOWN,4 ROOM,184,STIRLING RD,16 TO 18,94.0,Model A,2000,75 years 02 months,855000.0
2024-12-01,QUEENSTOWN,4 ROOM,59,STRATHMORE AVE,04 TO 06,96.0,Model A,2000,74 years 11 months,880000.0
2024-12-01,QUEENSTOWN,4 ROOM,61B,STRATHMORE AVE,22 TO 24,93.0,Model A,2011,85 years 10 months,1080000.0
2024-12-01,QUEENSTOWN,5 ROOM,14,GHIM MOH RD,19 TO 21,117.0,Standard,1977,51 years 03 months,900000.0
2024-12-01,QUEENSTOWN,5 ROOM,31,HOLLAND CL,04 TO 06,118.0,Adjoined flat,1974,48 years 07 months,845000.0
2024-12-01,QUEENSTOWN,5 ROOM,143,MEI LING ST,04 TO 06,122.0,Improved,1995,69 years 10 months,1170000.0
2024-12-01,QUEENSTOWN,5 ROOM,80,STRATHMORE AVE,13 TO 15,130.0,Model A,1993,67 years 08 months,1220000.0
2024-12-01,SEMBAWANG,3 ROOM,118A,CANBERRA CRES,04 TO 06,68.0,Model A,2020,94 years 07 months,550000.0
2024-12-01,SEMBAWANG,3 ROOM,117A,CANBERRA CRES,10 TO 12,68.0,Model A,2020,94 years 07 months,572000.0
2024-12-01,SEMBAWANG,3 ROOM,101B,CANBERRA ST,01 TO 03,69.0,Model A,2020,95 years 02 months,478888.0
2024-12-01,SEMBAWANG,3 ROOM,104B,CANBERRA ST,07 TO 09,68.0,Model A,2018,92 years 08 months,490000.0
2024-12-01,SEMBAWANG,3 ROOM,132B,CANBERRA VIEW,07 TO 09,68.0,Model A,2020,94 years 11 months,570000.0
2024-12-01,SEMBAWANG,4 ROOM,356C,ADMIRALTY DR,07 TO 09,95.0,Premium Apartment,2001,75 years 08 months,583888.0
2024-12-01,SEMBAWANG,4 ROOM,485,ADMIRALTY LINK,13 TO 15,86.0,Model A2,2003,77 years 09 months,510000.0
2024-12-01,SEMBAWANG,4 ROOM,120B,CANBERRA CRES,10 TO 12,93.0,Model A,2018,92 years 04 months,680000.0
2024-12-01,SEMBAWANG,4 ROOM,131C,CANBERRA CRES,04 TO 06,92.0,Model A,2020,94 years 11 months,740000.0
2024-12-01,SEMBAWANG,4 ROOM,131B,CANBERRA CRES,07 TO 09,92.0,Model A,2020,94 years 11 months,750000.0
2024-12-01,SEMBAWANG,4 ROOM,118B,CANBERRA CRES,01 TO 03,92.0,Model A,2020,94 years 07 months,680000.0
2024-12-01,SEMBAWANG,4 ROOM,120B,CANBERRA CRES,10 TO 12,93.0,Model A,2018,92 years 04 months,665000.0
2024-12-01,SEMBAWANG,4 ROOM,131A,CANBERRA CRES,10 TO 12,92.0,Model A,2020,94 years 11 months,788888.0
2024-12-01,SEMBAWANG,4 ROOM,420,CANBERRA RD,07 TO 09,90.0,Model A,2001,75 years 05 months,545000.0
2024-12-01,SEMBAWANG,4 ROOM,104B,CANBERRA ST,04 TO 06,93.0,Model A,2018,92 years 09 months,580000.0
2024-12-01,SEMBAWANG,4 ROOM,126C,CANBERRA ST,07 TO 09,93.0,Model A,2020,95 years,695000.0
2024-12-01,SEMBAWANG,4 ROOM,132B,CANBERRA VIEW,10 TO 12,95.0,Model A,2020,94 years 11 months,855000.0
2024-12-01,SEMBAWANG,4 ROOM,108A,CANBERRA WALK,01 TO 03,93.0,Model A,2018,92 years 07 months,590000.0
2024-12-01,SEMBAWANG,4 ROOM,362C,SEMBAWANG CRES,13 TO 15,93.0,Model A,2019,93 years 07 months,650000.0
2024-12-01,SEMBAWANG,4 ROOM,362A,SEMBAWANG CRES,10 TO 12,93.0,Model A,2019,93 years 07 months,651888.0
2024-12-01,SEMBAWANG,4 ROOM,362C,SEMBAWANG CRES,07 TO 09,93.0,Model A,2019,93 years 07 months,630000.0
2024-12-01,SEMBAWANG,4 ROOM,478,SEMBAWANG DR,10 TO 12,90.0,Model A,2000,74 years 08 months,492000.0
2024-12-01,SEMBAWANG,4 ROOM,406,SEMBAWANG DR,07 TO 09,90.0,Model A2,2001,75 years 05 months,510000.0
2024-12-01,SEMBAWANG,4 ROOM,407,SEMBAWANG DR,04 TO 06,90.0,Model A,2001,75 years 06 months,520000.0
2024-12-01,SEMBAWANG,4 ROOM,507A,WELLINGTON CIRCLE,04 TO 06,91.0,Model A,2001,76 years 02 months,540000.0
2024-12-01,SEMBAWANG,5 ROOM,356A,ADMIRALTY DR,07 TO 09,111.0,Premium Apartment,2001,75 years 08 months,630000.0
2024-12-01,SEMBAWANG,5 ROOM,483,ADMIRALTY LINK,01 TO 03,110.0,Improved,2004,78 years 06 months,540000.0
2024-12-01,SEMBAWANG,5 ROOM,101A,CANBERRA ST,04 TO 06,116.0,Improved,2020,95 years 02 months,750000.0
2024-12-01,SEMBAWANG,5 ROOM,101A,CANBERRA ST,10 TO 12,116.0,Improved,2020,95 years 02 months,785000.0
2024-12-01,SEMBAWANG,5 ROOM,339A,SEMBAWANG CL,13 TO 15,110.0,Premium Apartment,2001,75 years 08 months,667000.0
2024-12-01,SEMBAWANG,5 ROOM,470,SEMBAWANG DR,07 TO 09,110.0,Improved,2000,74 years 11 months,588000.0
2024-12-01,SEMBAWANG,5 ROOM,413,SEMBAWANG DR,10 TO 12,110.0,Improved,2001,75 years 05 months,610000.0
2024-12-01,SENGKANG,2 ROOM,418A,FERNVALE LINK,01 TO 03,38.0,Model A,2018,92 years 09 months,350000.0
2024-12-01,SENGKANG,2 ROOM,455B,SENGKANG WEST AVE,10 TO 12,48.0,2-room,2020,94 years 11 months,388000.0
2024-12-01,SENGKANG,3 ROOM,336A,ANCHORVALE CRES,04 TO 06,67.0,Premium Apartment,2015,90 years 02 months,540000.0
2024-12-01,SENGKANG,3 ROOM,353B,ANCHORVALE LANE,16 TO 18,68.0,Model A,2021,95 years 04 months,570000.0
2024-12-01,SENGKANG,3 ROOM,353A,ANCHORVALE LANE,07 TO 09,68.0,Model A,2021,95 years 04 months,549000.0
2024-12-01,SENGKANG,3 ROOM,302B,ANCHORVALE LINK,13 TO 15,83.0,Model A,2007,81 years 09 months,520000.0
2024-12-01,SENGKANG,3 ROOM,211B,COMPASSVALE LANE,01 TO 03,68.0,Model A,2013,87 years 04 months,468000.0
2024-12-01,SENGKANG,3 ROOM,414B,FERNVALE LINK,07 TO 09,68.0,Model A,2016,90 years 03 months,510888.0
2024-12-01,SENGKANG,3 ROOM,455B,SENGKANG WEST AVE,04 TO 06,68.0,Model A,2020,94 years 11 months,535000.0
2024-12-01,SENGKANG,3 ROOM,448A,SENGKANG WEST WAY,04 TO 06,67.0,Model A,2014,88 years 09 months,495000.0
2024-12-01,SENGKANG,4 ROOM,319A,ANCHORVALE DR,13 TO 15,90.0,Model A,2002,77 years,600000.0
2024-12-01,SENGKANG,4 ROOM,353A,ANCHORVALE LANE,04 TO 06,93.0,Model A,2021,95 years 04 months,640000.0
2024-12-01,SENGKANG,4 ROOM,306A,ANCHORVALE LINK,10 TO 12,90.0,Model A,2002,76 years 06 months,563000.0
2024-12-01,SENGKANG,4 ROOM,309C,ANCHORVALE RD,01 TO 03,95.0,Premium Apartment,2002,77 years 01 month,560000.0
2024-12-01,SENGKANG,4 ROOM,293B,COMPASSVALE CRES,10 TO 12,93.0,Model A,2016,91 years 01 month,715000.0
2024-12-01,SENGKANG,4 ROOM,288A,COMPASSVALE CRES,07 TO 09,93.0,Premium Apartment,2017,92 years 01 month,652000.0
2024-12-01,SENGKANG,4 ROOM,293A,COMPASSVALE CRES,07 TO 09,93.0,Model A,2016,91 years 01 month,700000.0
2024-12-01,SENGKANG,4 ROOM,217B,COMPASSVALE DR,07 TO 09,92.0,Premium Apartment,2017,91 years 07 months,740000.0
2024-12-01,SENGKANG,4 ROOM,216A,COMPASSVALE DR,04 TO 06,92.0,Premium Apartment,2017,91 years 07 months,790000.0
2024-12-01,SENGKANG,4 ROOM,216B,COMPASSVALE DR,13 TO 15,92.0,Premium Apartment,2017,91 years 07 months,858000.0
2024-12-01,SENGKANG,4 ROOM,213B,COMPASSVALE LANE,01 TO 03,95.0,Premium Apartment,2012,87 years,610000.0
2024-12-01,SENGKANG,4 ROOM,265C,COMPASSVALE LINK,10 TO 12,92.0,Premium Apartment,2008,82 years 07 months,728000.0
2024-12-01,SENGKANG,4 ROOM,265A,COMPASSVALE LINK,07 TO 09,92.0,Premium Apartment,2008,82 years 07 months,715000.0
2024-12-01,SENGKANG,4 ROOM,268A,COMPASSVALE LINK,07 TO 09,91.0,Premium Apartment,2006,80 years 04 months,650000.0
2024-12-01,SENGKANG,4 ROOM,275B,COMPASSVALE LINK,04 TO 06,92.0,Premium Apartment,2009,83 years 08 months,800800.0
2024-12-01,SENGKANG,4 ROOM,203A,COMPASSVALE RD,07 TO 09,90.0,Model A,2000,75 years 02 months,575000.0
2024-12-01,SENGKANG,4 ROOM,224A,COMPASSVALE WALK,10 TO 12,101.0,Model A,1999,73 years 04 months,620000.0
2024-12-01,SENGKANG,4 ROOM,417A,FERNVALE LINK,19 TO 21,94.0,Model A,2018,92 years 09 months,738888.0
2024-12-01,SENGKANG,4 ROOM,415B,FERNVALE LINK,01 TO 03,93.0,Model A,2016,90 years 03 months,602000.0
2024-12-01,SENGKANG,4 ROOM,470C,FERNVALE LINK,04 TO 06,93.0,Model A,2016,90 years 11 months,630000.0
2024-12-01,SENGKANG,4 ROOM,453B,FERNVALE RD,10 TO 12,92.0,Model A,2015,89 years 09 months,640000.0
2024-12-01,SENGKANG,4 ROOM,441D,FERNVALE RD,19 TO 21,94.0,Model A,2012,86 years 04 months,656000.0
2024-12-01,SENGKANG,4 ROOM,436B,FERNVALE RD,19 TO 21,96.0,Model A,2010,84 years 05 months,658000.0
2024-12-01,SENGKANG,4 ROOM,411B,FERNVALE RD,07 TO 09,95.0,Premium Apartment,2012,87 years 01 month,640000.0
2024-12-01,SENGKANG,4 ROOM,410A,FERNVALE RD,07 TO 09,95.0,Premium Apartment,2012,87 years 01 month,640000.0
2024-12-01,SENGKANG,4 ROOM,445A,FERNVALE RD,22 TO 24,94.0,Model A,2012,87 years,685000.0
2024-12-01,SENGKANG,4 ROOM,162B,RIVERVALE CRES,10 TO 12,93.0,Model A,2017,91 years 07 months,648888.0
2024-12-01,SENGKANG,4 ROOM,178D,RIVERVALE CRES,10 TO 12,93.0,Model A,2015,89 years 05 months,610000.0
2024-12-01,SENGKANG,4 ROOM,194,RIVERVALE DR,10 TO 12,91.0,Model A,2001,75 years 06 months,555000.0
2024-12-01,SENGKANG,4 ROOM,124B,RIVERVALE DR,13 TO 15,94.0,Model A2,1999,73 years 09 months,580000.0
2024-12-01,SENGKANG,4 ROOM,188B,RIVERVALE DR,10 TO 12,96.0,Model A,2000,74 years 10 months,540000.0
2024-12-01,SENGKANG,4 ROOM,194,RIVERVALE DR,13 TO 15,91.0,Model A,2001,75 years 06 months,550000.0
2024-12-01,SENGKANG,4 ROOM,140,RIVERVALE ST,10 TO 12,90.0,Model A2,1999,73 years 03 months,546888.0
2024-12-01,SENGKANG,4 ROOM,115,RIVERVALE WALK,04 TO 06,100.0,Model A,1998,73 years 02 months,560000.0
2024-12-01,SENGKANG,4 ROOM,270A,SENGKANG CTRL,07 TO 09,93.0,Premium Apartment,2010,84 years 06 months,768000.0
2024-12-01,SENGKANG,4 ROOM,272D,SENGKANG CTRL,01 TO 03,90.0,Premium Apartment,2009,84 years 02 months,795000.0
2024-12-01,SENGKANG,4 ROOM,282A,SENGKANG EAST AVE,04 TO 06,92.0,Premium Apartment,2015,89 years 10 months,818000.0
2024-12-01,SENGKANG,4 ROOM,439B,SENGKANG WEST AVE,04 TO 06,94.0,Model A,2011,85 years 04 months,650888.0
2024-12-01,SENGKANG,5 ROOM,318B,ANCHORVALE LINK,04 TO 06,110.0,Premium Apartment,2003,77 years 08 months,635000.0
2024-12-01,SENGKANG,5 ROOM,333B,ANCHORVALE LINK,07 TO 09,112.0,Improved,2015,89 years 08 months,850000.0
2024-12-01,SENGKANG,5 ROOM,309B,ANCHORVALE RD,16 TO 18,111.0,Premium Apartment,2002,76 years 11 months,640000.0
2024-12-01,SENGKANG,5 ROOM,317B,ANCHORVALE RD,04 TO 06,110.0,Premium Apartment,2003,77 years 08 months,645000.0
2024-12-01,SENGKANG,5 ROOM,313C,ANCHORVALE RD,10 TO 12,110.0,Premium Apartment,2003,77 years 06 months,620000.0
2024-12-01,SENGKANG,5 ROOM,293D,COMPASSVALE CRES,04 TO 06,113.0,Improved,2016,91 years 01 month,760000.0
2024-12-01,SENGKANG,5 ROOM,288C,COMPASSVALE CRES,07 TO 09,113.0,Premium Apartment,2017,92 years 01 month,775000.0
2024-12-01,SENGKANG,5 ROOM,212B,COMPASSVALE DR,13 TO 15,120.0,Premium Apartment,2012,87 years,812000.0
2024-12-01,SENGKANG,5 ROOM,262D,COMPASSVALE ST,04 TO 06,110.0,Improved,2001,75 years 03 months,715000.0
2024-12-01,SENGKANG,5 ROOM,440A,FERNVALE LINK,07 TO 09,113.0,Improved,2015,89 years 09 months,766000.0
2024-12-01,SENGKANG,5 ROOM,471B,FERNVALE ST,04 TO 06,113.0,Improved,2016,90 years 11 months,788929.0
2024-12-01,SENGKANG,5 ROOM,183C,RIVERVALE CRES,04 TO 06,110.0,Improved,2003,77 years 07 months,629999.0
2024-12-01,SENGKANG,5 ROOM,152,RIVERVALE CRES,10 TO 12,110.0,Improved,2005,80 years 02 months,680000.0
2024-12-01,SENGKANG,5 ROOM,200A,SENGKANG EAST RD,13 TO 15,110.0,Improved,2001,75 years 10 months,700000.0
2024-12-01,SENGKANG,5 ROOM,458A,SENGKANG WEST RD,13 TO 15,113.0,Improved,2020,94 years 11 months,783000.0
2024-12-01,SENGKANG,EXECUTIVE,316C,ANCHORVALE LINK,04 TO 06,125.0,Premium Apartment,2003,77 years 07 months,800000.0
2024-12-01,SENGKANG,EXECUTIVE,189C,RIVERVALE DR,10 TO 12,131.0,Apartment,2000,74 years 09 months,750000.0
2024-12-01,SENGKANG,EXECUTIVE,138,RIVERVALE ST,10 TO 12,141.0,Apartment,1999,73 years 03 months,880000.0
2024-12-01,SERANGOON,3 ROOM,241,SERANGOON AVE 3,10 TO 12,64.0,Simplified,1985,60 years 02 months,520000.0
2024-12-01,SERANGOON,3 ROOM,215,SERANGOON AVE 4,04 TO 06,67.0,New Generation,1985,59 years 07 months,470000.0
2024-12-01,SERANGOON,3 ROOM,218,SERANGOON AVE 4,01 TO 03,67.0,New Generation,1985,59 years 04 months,400000.0
2024-12-01,SERANGOON,3 ROOM,211,SERANGOON AVE 4,01 TO 03,67.0,New Generation,1985,59 years 11 months,430000.0
2024-12-01,SERANGOON,3 ROOM,104,SERANGOON NTH AVE 1,04 TO 06,67.0,New Generation,1984,58 years 11 months,420000.0
2024-12-01,SERANGOON,3 ROOM,115,SERANGOON NTH AVE 1,01 TO 03,81.0,New Generation,1985,59 years 05 months,465888.0
2024-12-01,SERANGOON,4 ROOM,327,SERANGOON AVE 3,10 TO 12,84.0,Simplified,1986,60 years 07 months,685000.0
2024-12-01,SERANGOON,4 ROOM,409,SERANGOON CTRL,07 TO 09,105.0,Model A,1989,63 years 03 months,818000.0
2024-12-01,SERANGOON,4 ROOM,420,SERANGOON CTRL,01 TO 03,105.0,Model A,1989,64 years 01 month,790000.0
2024-12-01,SERANGOON,4 ROOM,153,SERANGOON NTH AVE 1,01 TO 03,86.0,Simplified,1986,60 years 09 months,515000.0
2024-12-01,SERANGOON,4 ROOM,118,SERANGOON NTH AVE 1,10 TO 12,91.0,New Generation,1986,60 years 03 months,560000.0
2024-12-01,SERANGOON,4 ROOM,109,SERANGOON NTH AVE 1,04 TO 06,91.0,New Generation,1985,59 years 07 months,562888.0
2024-12-01,SERANGOON,4 ROOM,511,SERANGOON NTH AVE 4,07 TO 09,100.0,Model A,1997,71 years 07 months,635000.0
2024-12-01,SERANGOON,5 ROOM,121,SERANGOON NTH AVE 1,10 TO 12,121.0,Improved,1985,59 years 09 months,723000.0
2024-12-01,SERANGOON,5 ROOM,121,SERANGOON NTH AVE 1,10 TO 12,123.0,Improved,1985,59 years 09 months,735000.0
2024-12-01,SERANGOON,5 ROOM,510,SERANGOON NTH AVE 4,04 TO 06,119.0,Improved,1997,71 years 08 months,808000.0
2024-12-01,SERANGOON,EXECUTIVE,537,SERANGOON NTH AVE 4,04 TO 06,149.0,Maisonette,1992,67 years,1080000.0
2024-12-01,TAMPINES,2 ROOM,499A,TAMPINES AVE 9,10 TO 12,46.0,Model A,2014,88 years 05 months,390000.0
2024-12-01,TAMPINES,3 ROOM,878,TAMPINES AVE 8,07 TO 09,74.0,Model A,1988,63 years 01 month,450000.0
2024-12-01,TAMPINES,3 ROOM,604A,TAMPINES AVE 9,04 TO 06,68.0,Model A,2020,94 years 04 months,592500.0
2024-12-01,TAMPINES,3 ROOM,608C,TAMPINES NTH DR 1,04 TO 06,68.0,Model A,2020,95 years,567000.0
2024-12-01,TAMPINES,3 ROOM,608C,TAMPINES NTH DR 1,13 TO 15,68.0,Model A,2020,95 years,605000.0
2024-12-01,TAMPINES,3 ROOM,271,TAMPINES ST 21,04 TO 06,75.0,Model A,1984,59 years,440000.0
2024-12-01,TAMPINES,3 ROOM,265,TAMPINES ST 21,07 TO 09,78.0,Model A,1984,58 years 11 months,478888.0
2024-12-01,TAMPINES,3 ROOM,269,TAMPINES ST 21,04 TO 06,75.0,Model A,1984,58 years 05 months,470000.0
2024-12-01,TAMPINES,3 ROOM,275,TAMPINES ST 22,10 TO 12,73.0,Model A,1985,59 years 03 months,450000.0
2024-12-01,TAMPINES,3 ROOM,214,TAMPINES ST 23,04 TO 06,67.0,New Generation,1985,60 years 02 months,460000.0
2024-12-01,TAMPINES,3 ROOM,606A,TAMPINES ST 61,13 TO 15,68.0,Model A,2020,94 years 04 months,615888.0
2024-12-01,TAMPINES,3 ROOM,819,TAMPINES ST 81,01 TO 03,82.0,New Generation,1984,59 years 02 months,500000.0
2024-12-01,TAMPINES,3 ROOM,894A,TAMPINES ST 81,01 TO 03,74.0,Model A,1988,62 years 11 months,480000.0
2024-12-01,TAMPINES,4 ROOM,167B,SIMEI LANE,07 TO 09,94.0,DBSS,2011,85 years 04 months,840000.0
2024-12-01,TAMPINES,4 ROOM,936,TAMPINES AVE 5,07 TO 09,104.0,Model A,1988,63 years,675000.0
2024-12-01,TAMPINES,4 ROOM,601C,TAMPINES AVE 9,13 TO 15,92.0,Model A,2020,94 years 04 months,780000.0
2024-12-01,TAMPINES,4 ROOM,487A,TAMPINES AVE 9,04 TO 06,105.0,Model A,1989,64 years 02 months,615000.0
2024-12-01,TAMPINES,4 ROOM,612A,TAMPINES NTH DR 1,07 TO 09,93.0,Model A,2020,95 years,750000.0
2024-12-01,TAMPINES,4 ROOM,612B,TAMPINES NTH DR 1,13 TO 15,93.0,Model A,2020,95 years,783888.0
2024-12-01,TAMPINES,4 ROOM,609B,TAMPINES NTH DR 1,07 TO 09,93.0,Model A,2020,95 years,722888.0
2024-12-01,TAMPINES,4 ROOM,608A,TAMPINES NTH DR 1,07 TO 09,93.0,Model A,2020,95 years,750000.0
2024-12-01,TAMPINES,4 ROOM,609B,TAMPINES NTH DR 1,01 TO 03,93.0,Model A,2020,95 years,720000.0
2024-12-01,TAMPINES,4 ROOM,610A,TAMPINES NTH DR 1,10 TO 12,93.0,Model A,2020,95 years,742000.0
2024-12-01,TAMPINES,4 ROOM,608B,TAMPINES NTH DR 1,10 TO 12,93.0,Model A,2020,95 years,775000.0
2024-12-01,TAMPINES,4 ROOM,612A,TAMPINES NTH DR 1,10 TO 12,93.0,Model A,2020,95 years,790000.0
2024-12-01,TAMPINES,4 ROOM,102,TAMPINES ST 11,04 TO 06,104.0,Model A,1983,58 years,600000.0
2024-12-01,TAMPINES,4 ROOM,164,TAMPINES ST 12,07 TO 09,103.0,Model A,1984,59 years 01 month,643000.0
2024-12-01,TAMPINES,4 ROOM,249,TAMPINES ST 21,01 TO 03,106.0,Model A,1984,58 years 11 months,660000.0
2024-12-01,TAMPINES,4 ROOM,211,TAMPINES ST 23,04 TO 06,93.0,New Generation,1985,59 years 08 months,615000.0
2024-12-01,TAMPINES,4 ROOM,210,TAMPINES ST 23,10 TO 12,98.0,New Generation,1985,59 years 07 months,611000.0
2024-12-01,TAMPINES,4 ROOM,342,TAMPINES ST 33,07 TO 09,111.0,Model A,1995,70 years 02 months,575000.0
2024-12-01,TAMPINES,4 ROOM,497B,TAMPINES ST 45,04 TO 06,102.0,Premium Apartment,1996,70 years 08 months,650000.0
2024-12-01,TAMPINES,4 ROOM,606B,TAMPINES ST 61,10 TO 12,92.0,Model A,2020,94 years 04 months,760000.0
2024-12-01,TAMPINES,4 ROOM,729,TAMPINES ST 71,04 TO 06,103.0,Model A,1997,71 years 11 months,625000.0
2024-12-01,TAMPINES,4 ROOM,870,TAMPINES ST 83,04 TO 06,104.0,Model A,1989,63 years 09 months,620000.0
2024-12-01,TAMPINES,4 ROOM,870A,TAMPINES ST 86,13 TO 15,93.0,Model A,2017,91 years 04 months,750000.0
2024-12-01,TAMPINES,4 ROOM,935,TAMPINES ST 91,07 TO 09,103.0,Model A,1984,58 years 11 months,635000.0
2024-12-01,TAMPINES,4 ROOM,910,TAMPINES ST 91,07 TO 09,104.0,Model A,1984,59 years,658000.0
2024-12-01,TAMPINES,5 ROOM,228,SIMEI ST 4,01 TO 03,122.0,Improved,1988,62 years 09 months,712000.0
2024-12-01,TAMPINES,5 ROOM,610B,TAMPINES NTH DR 1,04 TO 06,113.0,Improved,2020,95 years,890000.0
2024-12-01,TAMPINES,5 ROOM,233,TAMPINES ST 21,07 TO 09,121.0,Improved,1985,59 years 07 months,735000.0
2024-12-01,TAMPINES,5 ROOM,233,TAMPINES ST 21,04 TO 06,121.0,Improved,1985,59 years 07 months,720000.0
2024-12-01,TAMPINES,5 ROOM,606D,TAMPINES ST 61,16 TO 18,112.0,Improved,2020,94 years 04 months,945000.0
2024-12-01,TAMPINES,5 ROOM,709,TAMPINES ST 71,10 TO 12,120.0,Improved,1997,71 years 08 months,770000.0
2024-12-01,TAMPINES,5 ROOM,730,TAMPINES ST 71,10 TO 12,120.0,Improved,1997,72 years 02 months,808000.0
2024-12-01,TAMPINES,5 ROOM,862A,TAMPINES ST 83,04 TO 06,127.0,Improved,1988,62 years 06 months,777000.0
2024-12-01,TAMPINES,EXECUTIVE,937,TAMPINES AVE 5,01 TO 03,146.0,Maisonette,1988,62 years 11 months,940000.0
2024-12-01,TAMPINES,EXECUTIVE,940,TAMPINES AVE 5,04 TO 06,146.0,Maisonette,1989,63 years 07 months,1100000.0
2024-12-01,TAMPINES,EXECUTIVE,326,TAMPINES ST 32,04 TO 06,147.0,Maisonette,1995,70 years 02 months,922000.0
2024-12-01,TAMPINES,EXECUTIVE,856B,TAMPINES ST 82,01 TO 03,146.0,Apartment,1995,70 years 01 month,950000.0
2024-12-01,TOA PAYOH,3 ROOM,124,LOR 1 TOA PAYOH,04 TO 06,67.0,Improved,1970,44 years 03 months,400000.0
2024-12-01,TOA PAYOH,3 ROOM,173,LOR 1 TOA PAYOH,10 TO 12,77.0,Improved,1972,46 years 09 months,425000.0
2024-12-01,TOA PAYOH,3 ROOM,114,LOR 1 TOA PAYOH,01 TO 03,65.0,Improved,1967,41 years 08 months,360000.0
2024-12-01,TOA PAYOH,3 ROOM,98,LOR 1 TOA PAYOH,01 TO 03,68.0,Improved,1970,44 years 03 months,380000.0
2024-12-01,TOA PAYOH,3 ROOM,85C,LOR 4 TOA PAYOH,07 TO 09,68.0,Improved,1972,46 years 03 months,390000.0
2024-12-01,TOA PAYOH,3 ROOM,95,LOR 4 TOA PAYOH,01 TO 03,60.0,Standard,1967,41 years 09 months,318000.0
2024-12-01,TOA PAYOH,3 ROOM,59,LOR 5 TOA PAYOH,10 TO 12,61.0,Standard,1973,47 years 03 months,336000.0
2024-12-01,TOA PAYOH,3 ROOM,235,LOR 8 TOA PAYOH,07 TO 09,65.0,Improved,1976,50 years 07 months,380000.0
2024-12-01,TOA PAYOH,3 ROOM,105,POTONG PASIR AVE 1,07 TO 09,74.0,Model A,1984,58 years 09 months,515000.0
2024-12-01,TOA PAYOH,4 ROOM,106A,BIDADARI PK DR,01 TO 03,94.0,Model A,2020,94 years 10 months,995000.0
2024-12-01,TOA PAYOH,4 ROOM,251,KIM KEAT LINK,04 TO 06,104.0,Model A,1988,63 years 01 month,665000.0
2024-12-01,TOA PAYOH,4 ROOM,131A,LOR 1 TOA PAYOH,10 TO 12,93.0,Model A,2018,92 years 10 months,1118000.0
2024-12-01,TOA PAYOH,4 ROOM,130B,LOR 1 TOA PAYOH,04 TO 06,93.0,Model A,2018,92 years 09 months,989800.0
2024-12-01,TOA PAYOH,4 ROOM,130B,LOR 1 TOA PAYOH,10 TO 12,93.0,Model A,2018,92 years 09 months,1100000.0
2024-12-01,TOA PAYOH,4 ROOM,147,LOR 2 TOA PAYOH,22 TO 24,91.0,Model A,2006,80 years 03 months,938000.0
2024-12-01,TOA PAYOH,4 ROOM,144,LOR 2 TOA PAYOH,04 TO 06,90.0,Model A,2002,76 years 10 months,720000.0
2024-12-01,TOA PAYOH,4 ROOM,226,LOR 8 TOA PAYOH,07 TO 09,82.0,Improved,1976,50 years 07 months,480000.0
2024-12-01,TOA PAYOH,4 ROOM,228,LOR 8 TOA PAYOH,16 TO 18,82.0,Improved,1976,50 years 11 months,455000.0
2024-12-01,TOA PAYOH,4 ROOM,262,TOA PAYOH EAST,28 TO 30,93.0,Model A,2019,94 years 02 months,1035000.0
2024-12-01,TOA PAYOH,4 ROOM,264,TOA PAYOH EAST,25 TO 27,93.0,Model A,2019,94 years 01 month,1020000.0
2024-12-01,TOA PAYOH,4 ROOM,201,TOA PAYOH NTH,07 TO 09,87.0,Improved,1973,47 years 09 months,523000.0
2024-12-01,TOA PAYOH,5 ROOM,106A,BIDADARI PK DR,10 TO 12,114.0,Improved,2020,94 years 10 months,1340000.0
2024-12-01,TOA PAYOH,5 ROOM,239,LOR 1 TOA PAYOH,19 TO 21,122.0,Improved,1986,60 years 11 months,900000.0
2024-12-01,TOA PAYOH,5 ROOM,156,LOR 1 TOA PAYOH,07 TO 09,121.0,Improved,1999,73 years 04 months,1000000.0
2024-12-01,TOA PAYOH,5 ROOM,143,LOR 2 TOA PAYOH,25 TO 27,110.0,Improved,2002,76 years 11 months,1110000.0
2024-12-01,TOA PAYOH,5 ROOM,121,POTONG PASIR AVE 1,13 TO 15,135.0,Model A,1984,58 years 07 months,1039998.0
2024-12-01,TOA PAYOH,EXECUTIVE,236,LOR 1 TOA PAYOH,01 TO 03,146.0,Maisonette,1986,60 years 10 months,1100000.0
2024-12-01,WOODLANDS,3 ROOM,30,MARSILING DR,07 TO 09,73.0,New Generation,1977,51 years 06 months,380000.0
2024-12-01,WOODLANDS,3 ROOM,22,MARSILING DR,07 TO 09,67.0,New Generation,1977,51 years 08 months,360000.0
2024-12-01,WOODLANDS,3 ROOM,31,MARSILING DR,10 TO 12,73.0,New Generation,1977,51 years 07 months,395000.0
2024-12-01,WOODLANDS,3 ROOM,24,MARSILING DR,10 TO 12,67.0,New Generation,1977,51 years 08 months,360000.0
2024-12-01,WOODLANDS,3 ROOM,6,MARSILING DR,01 TO 03,65.0,Improved,1976,50 years 03 months,340000.0
2024-12-01,WOODLANDS,3 ROOM,780B,WOODLANDS CRES,04 TO 06,67.0,Model A,2015,89 years 09 months,450000.0
2024-12-01,WOODLANDS,3 ROOM,157,WOODLANDS ST 13,10 TO 12,73.0,Model A,1985,59 years 05 months,430000.0
2024-12-01,WOODLANDS,3 ROOM,146,WOODLANDS ST 13,01 TO 03,68.0,New Generation,1985,59 years 05 months,395000.0
2024-12-01,WOODLANDS,3 ROOM,155,WOODLANDS ST 13,04 TO 06,73.0,Model A,1985,59 years 05 months,415000.0
2024-12-01,WOODLANDS,3 ROOM,314,WOODLANDS ST 31,01 TO 03,73.0,Model A,1993,67 years 11 months,440000.0
2024-12-01,WOODLANDS,4 ROOM,5,MARSILING DR,04 TO 06,90.0,Improved,1974,48 years 08 months,410000.0
2024-12-01,WOODLANDS,4 ROOM,570C,WOODLANDS AVE 1,04 TO 06,92.0,Model A,2013,88 years 01 month,608000.0
2024-12-01,WOODLANDS,4 ROOM,336,WOODLANDS AVE 1,04 TO 06,83.0,Simplified,1985,60 years 01 month,485000.0
2024-12-01,WOODLANDS,4 ROOM,332,WOODLANDS AVE 1,01 TO 03,84.0,Simplified,1989,64 years,475000.0
2024-12-01,WOODLANDS,4 ROOM,336,WOODLANDS AVE 1,01 TO 03,83.0,Simplified,1985,60 years 01 month,480000.0
2024-12-01,WOODLANDS,4 ROOM,612,WOODLANDS AVE 4,04 TO 06,102.0,Model A,1998,72 years 10 months,560000.0
2024-12-01,WOODLANDS,4 ROOM,761,WOODLANDS AVE 6,04 TO 06,103.0,Model A,1998,72 years 04 months,515000.0
2024-12-01,WOODLANDS,4 ROOM,677,WOODLANDS AVE 6,13 TO 15,102.0,Model A,1998,72 years 10 months,622000.0
2024-12-01,WOODLANDS,4 ROOM,739,WOODLANDS CIRCLE,04 TO 06,91.0,Model A2,1997,71 years 10 months,515000.0
2024-12-01,WOODLANDS,4 ROOM,898B,WOODLANDS DR 50,07 TO 09,99.0,Model A,1997,71 years 09 months,572000.0
2024-12-01,WOODLANDS,4 ROOM,899B,WOODLANDS DR 50,10 TO 12,100.0,Model A,1997,71 years 09 months,565000.0
2024-12-01,WOODLANDS,4 ROOM,894B,WOODLANDS DR 50,04 TO 06,100.0,Model A,1996,71 years,590000.0
2024-12-01,WOODLANDS,4 ROOM,887A,WOODLANDS DR 50,04 TO 06,92.0,Premium Apartment,2015,89 years 04 months,623000.0
2024-12-01,WOODLANDS,4 ROOM,887A,WOODLANDS DR 50,04 TO 06,92.0,Premium Apartment,2015,89 years 04 months,640000.0
2024-12-01,WOODLANDS,4 ROOM,624A,WOODLANDS DR 52,10 TO 12,100.0,Model A,1998,73 years,560000.0
2024-12-01,WOODLANDS,4 ROOM,625A,WOODLANDS DR 52,04 TO 06,101.0,Model A,1998,73 years,538000.0
2024-12-01,WOODLANDS,4 ROOM,665,WOODLANDS RING RD,04 TO 06,86.0,Model A2,2000,75 years,542500.0
2024-12-01,WOODLANDS,4 ROOM,785B,WOODLANDS RISE,10 TO 12,93.0,Model A,2018,92 years 09 months,625000.0
2024-12-01,WOODLANDS,4 ROOM,183A,WOODLANDS ST 13,04 TO 06,93.0,Model A,2019,94 years,615000.0
2024-12-01,WOODLANDS,4 ROOM,154,WOODLANDS ST 13,07 TO 09,96.0,New Generation,1986,60 years 11 months,530000.0
2024-12-01,WOODLANDS,4 ROOM,184A,WOODLANDS ST 13,07 TO 09,93.0,Model A,2019,94 years,635000.0
2024-12-01,WOODLANDS,4 ROOM,104,WOODLANDS ST 13,04 TO 06,91.0,New Generation,1985,59 years 06 months,483000.0
2024-12-01,WOODLANDS,4 ROOM,335,WOODLANDS ST 32,01 TO 03,103.0,Model A,1985,60 years,475000.0
2024-12-01,WOODLANDS,4 ROOM,437,WOODLANDS ST 41,04 TO 06,84.0,Simplified,1996,70 years 09 months,481800.0
2024-12-01,WOODLANDS,4 ROOM,414,WOODLANDS ST 41,04 TO 06,103.0,Model A,1996,70 years 02 months,545000.0
2024-12-01,WOODLANDS,4 ROOM,843,WOODLANDS ST 82,07 TO 09,84.0,Simplified,1994,68 years 08 months,490000.0
2024-12-01,WOODLANDS,4 ROOM,854,WOODLANDS ST 83,04 TO 06,84.0,Simplified,1993,67 years 10 months,495000.0
2024-12-01,WOODLANDS,5 ROOM,10,MARSILING DR,10 TO 12,126.0,Standard,1976,50 years 05 months,545000.0
2024-12-01,WOODLANDS,5 ROOM,368,WOODLANDS AVE 1,10 TO 12,126.0,Improved,1997,71 years 04 months,800000.0
2024-12-01,WOODLANDS,5 ROOM,759,WOODLANDS AVE 6,10 TO 12,122.0,Improved,1998,72 years 06 months,650000.0
2024-12-01,WOODLANDS,5 ROOM,723,WOODLANDS AVE 6,01 TO 03,122.0,Improved,1997,71 years 09 months,640000.0
2024-12-01,WOODLANDS,5 ROOM,516,WOODLANDS DR 14,04 TO 06,125.0,Premium Apartment,1999,73 years 05 months,675000.0
2024-12-01,WOODLANDS,5 ROOM,518,WOODLANDS DR 14,07 TO 09,126.0,Premium Apartment,2000,74 years 11 months,669888.0
2024-12-01,WOODLANDS,5 ROOM,503,WOODLANDS DR 14,04 TO 06,124.0,Improved,1998,73 years 02 months,670000.0
2024-12-01,WOODLANDS,5 ROOM,516,WOODLANDS DR 14,10 TO 12,125.0,Premium Apartment,1999,73 years 05 months,728888.0
2024-12-01,WOODLANDS,5 ROOM,541,WOODLANDS DR 16,04 TO 06,121.0,Improved,2000,74 years 07 months,655000.0
2024-12-01,WOODLANDS,5 ROOM,544,WOODLANDS DR 16,01 TO 03,120.0,Improved,2000,74 years 09 months,635000.0
2024-12-01,WOODLANDS,5 ROOM,709,WOODLANDS DR 70,04 TO 06,118.0,Improved,1996,71 years 02 months,650000.0
2024-12-01,WOODLANDS,5 ROOM,672,WOODLANDS DR 71,01 TO 03,110.0,Improved,2000,75 years 01 month,660000.0
2024-12-01,WOODLANDS,5 ROOM,690C,WOODLANDS DR 75,04 TO 06,110.0,Premium Apartment,2004,78 years 03 months,600000.0
2024-12-01,WOODLANDS,5 ROOM,690F,WOODLANDS DR 75,07 TO 09,110.0,Premium Apartment,2004,78 years 02 months,605000.0
2024-12-01,WOODLANDS,5 ROOM,687A,WOODLANDS DR 75,07 TO 09,114.0,Premium Apartment,2003,77 years 03 months,615000.0
2024-12-01,WOODLANDS,5 ROOM,690A,WOODLANDS DR 75,04 TO 06,111.0,Premium Apartment,2004,78 years 03 months,600000.0
2024-12-01,WOODLANDS,5 ROOM,661,WOODLANDS RING RD,10 TO 12,122.0,Improved,1998,72 years 04 months,655000.0
2024-12-01,WOODLANDS,5 ROOM,657,WOODLANDS RING RD,07 TO 09,121.0,Improved,1998,72 years 05 months,660000.0
2024-12-01,WOODLANDS,5 ROOM,183B,WOODLANDS ST 13,07 TO 09,113.0,Improved,2019,94 years,770000.0
2024-12-01,WOODLANDS,5 ROOM,405,WOODLANDS ST 41,04 TO 06,137.0,Model A,1995,69 years 10 months,660000.0
2024-12-01,WOODLANDS,5 ROOM,870,WOODLANDS ST 81,01 TO 03,124.0,Improved,1996,70 years 06 months,637000.0
2024-12-01,WOODLANDS,5 ROOM,859,WOODLANDS ST 83,10 TO 12,124.0,Improved,1996,70 years 08 months,650000.0
2024-12-01,WOODLANDS,EXECUTIVE,587,WOODLANDS DR 16,01 TO 03,131.0,Apartment,2001,75 years 09 months,770000.0
2024-12-01,WOODLANDS,EXECUTIVE,681C,WOODLANDS DR 62,13 TO 15,144.0,Premium Apartment,2000,74 years 04 months,848000.0
2024-12-01,WOODLANDS,EXECUTIVE,670,WOODLANDS DR 71,04 TO 06,130.0,Apartment,2000,74 years 09 months,800000.0
2024-12-01,WOODLANDS,EXECUTIVE,833,WOODLANDS ST 83,01 TO 03,151.0,Maisonette,1989,63 years 09 months,800000.0
2024-12-01,YISHUN,3 ROOM,710,YISHUN AVE 5,07 TO 09,82.0,New Generation,1984,58 years 06 months,460000.0
2024-12-01,YISHUN,3 ROOM,707,YISHUN AVE 5,07 TO 09,68.0,New Generation,1984,58 years 06 months,426000.0
2024-12-01,YISHUN,3 ROOM,303,YISHUN CTRL,10 TO 12,74.0,Model A,1988,63 years 01 month,430000.0
2024-12-01,YISHUN,3 ROOM,108,YISHUN RING RD,04 TO 06,60.0,Improved,1985,59 years 03 months,365000.0
2024-12-01,YISHUN,3 ROOM,117,YISHUN RING RD,07 TO 09,77.0,Model A,1983,57 years 08 months,435000.0
2024-12-01,YISHUN,3 ROOM,203,YISHUN ST 21,07 TO 09,67.0,New Generation,1985,59 years 05 months,462800.0
2024-12-01,YISHUN,3 ROOM,269,YISHUN ST 22,07 TO 09,64.0,Simplified,1988,62 years 06 months,405800.0
2024-12-01,YISHUN,3 ROOM,335A,YISHUN ST 31,07 TO 09,67.0,Model A,2015,90 years 01 month,468000.0
2024-12-01,YISHUN,3 ROOM,627,YISHUN ST 61,04 TO 06,73.0,Model A,1988,62 years 04 months,448000.0
2024-12-01,YISHUN,3 ROOM,763,YISHUN ST 72,01 TO 03,69.0,Simplified,1987,61 years 05 months,415000.0
2024-12-01,YISHUN,4 ROOM,347B,YISHUN AVE 11,13 TO 15,92.0,DBSS,2013,87 years 11 months,752888.0
2024-12-01,YISHUN,4 ROOM,427,YISHUN AVE 11,10 TO 12,104.0,Model A,1988,62 years 11 months,565000.0
2024-12-01,YISHUN,4 ROOM,348A,YISHUN AVE 11,04 TO 06,92.0,DBSS,2013,87 years 11 months,730000.0
2024-12-01,YISHUN,4 ROOM,428B,YISHUN AVE 11,04 TO 06,92.0,Model A,2015,89 years 05 months,570000.0
2024-12-01,YISHUN,4 ROOM,439,YISHUN AVE 11,04 TO 06,104.0,Model A,1988,62 years 10 months,520000.0
2024-12-01,YISHUN,4 ROOM,655,YISHUN AVE 4,01 TO 03,104.0,Model A,1987,61 years 10 months,560000.0
2024-12-01,YISHUN,4 ROOM,675A,YISHUN AVE 4,01 TO 03,93.0,Model A,2018,93 years 01 month,560000.0
2024-12-01,YISHUN,4 ROOM,675C,YISHUN AVE 4,01 TO 03,93.0,Model A,2018,93 years 01 month,555000.0
2024-12-01,YISHUN,4 ROOM,288,YISHUN AVE 6,04 TO 06,84.0,Simplified,1987,61 years 10 months,470000.0
2024-12-01,YISHUN,4 ROOM,289,YISHUN AVE 6,10 TO 12,84.0,Simplified,1987,61 years 09 months,480000.0
2024-12-01,YISHUN,4 ROOM,433,YISHUN AVE 6,10 TO 12,84.0,Simplified,1988,62 years 10 months,473000.0
2024-12-01,YISHUN,4 ROOM,318C,YISHUN AVE 9,13 TO 15,92.0,Model A,2015,89 years 11 months,650000.0
2024-12-01,YISHUN,4 ROOM,676B,YISHUN RING RD,10 TO 12,93.0,Model A,2018,93 years,648000.0
2024-12-01,YISHUN,4 ROOM,452,YISHUN RING RD,04 TO 06,92.0,Model A,2012,86 years 10 months,560888.0
2024-12-01,YISHUN,4 ROOM,411,YISHUN RING RD,01 TO 03,105.0,Model A,1993,67 years 04 months,555000.0
2024-12-01,YISHUN,4 ROOM,342A,YISHUN RING RD,07 TO 09,93.0,Premium Apartment,2016,90 years 03 months,620000.0
2024-12-01,YISHUN,4 ROOM,160,YISHUN ST 11,07 TO 09,93.0,New Generation,1985,59 years 11 months,552000.0
2024-12-01,YISHUN,4 ROOM,204,YISHUN ST 21,07 TO 09,93.0,New Generation,1985,59 years 04 months,615000.0
2024-12-01,YISHUN,4 ROOM,269,YISHUN ST 22,01 TO 03,104.0,Model A,1988,62 years 06 months,510000.0
2024-12-01,YISHUN,4 ROOM,260,YISHUN ST 22,10 TO 12,104.0,Model A,1985,59 years 09 months,575000.0
2024-12-01,YISHUN,4 ROOM,453,YISHUN ST 41,10 TO 12,93.0,Model A,2013,87 years 10 months,580000.0
2024-12-01,YISHUN,4 ROOM,457,YISHUN ST 41,07 TO 09,93.0,Model A,2013,87 years 10 months,598000.0
2024-12-01,YISHUN,4 ROOM,502C,YISHUN ST 51,07 TO 09,92.0,Model A,2018,92 years 03 months,613888.0
2024-12-01,YISHUN,4 ROOM,639,YISHUN ST 61,07 TO 09,84.0,Simplified,1987,61 years 10 months,483000.0
2024-12-01,YISHUN,4 ROOM,637,YISHUN ST 61,04 TO 06,83.0,Simplified,1987,61 years 09 months,490000.0
2024-12-01,YISHUN,4 ROOM,756,YISHUN ST 72,10 TO 12,84.0,Simplified,1985,60 years,530000.0
2024-12-01,YISHUN,4 ROOM,738,YISHUN ST 72,04 TO 06,91.0,New Generation,1985,59 years 03 months,575000.0
2024-12-01,YISHUN,4 ROOM,756,YISHUN ST 72,04 TO 06,104.0,Model A,1985,60 years,590000.0
2024-12-01,YISHUN,5 ROOM,428B,YISHUN AVE 11,04 TO 06,112.0,Improved,2015,89 years 05 months,680000.0
2024-12-01,YISHUN,5 ROOM,733,YISHUN AVE 5,01 TO 03,121.0,Improved,1984,58 years 11 months,610000.0
2024-12-01,YISHUN,5 ROOM,505D,YISHUN ST 51,07 TO 09,113.0,Improved,2016,90 years 05 months,750000.0
2024-12-01,YISHUN,5 ROOM,820,YISHUN ST 81,10 TO 12,121.0,Improved,1988,62 years 10 months,722000.0
2024-12-01,YISHUN,EXECUTIVE,792,YISHUN RING RD,01 TO 03,142.0,Apartment,1987,61 years 10 months,830000.0
2024-12-01,YISHUN,EXECUTIVE,834,YISHUN ST 81,07 TO 09,142.0,Apartment,1988,62 years 03 months,950000.0
